# type 2 occupying energies
-5555.74132494247
-5557.19128724966
-5557.29396184658
-5556.11997467116
-5555.72980154824
-5555.85775462122
-5557.1111177761
-5555.72980154824
-5555.7587191691
-5555.72980154824
-5555.71145602563
-5555.72980154824
-5556.03264156303
-5555.96252085542
-5557.34873458508
-5557.31817714424
-5556.13439488802
-5556.36819967901
-5555.72980154824
-5555.72980154824
-5555.71710122946
-5556.35337683572
-5555.71522192697
-5555.81646457329
-5555.72980154824
-5555.72411818357
-5555.79434359359
-5555.72980154824
-5556.42100847376
-5557.22694507338
-5555.95057920583
-5557.20353560725
-5555.85388146771
-5555.81902422668
-5555.72980154824
-5557.12341663365
-5555.72980154824
-5555.9320597449
-5557.26281890181
-5556.41998073458
-5555.95659438065
-5557.40262224693
-5556.33594232145
-5556.26275856705
-5555.72980154824
-5555.96704961476
-5555.8032511997
-5555.72980154824
-5556.3666754526
-5555.72980154824
-5555.72980154824
-5555.91904609787
-5557.43587913466
-5557.29566800692
-5555.76913224969
-5556.40708221093
-5556.43448914586
-5556.36963156346
-5556.1100701688
-5555.81275618581
-5556.45022676736
-5556.05721890318
-5555.96598904609
-5557.15761948372
-5555.72980154824
-5556.11390259934
-5555.75665087372
-5555.94906339323
-5557.36114922067
-5555.83404345622
-5555.9368535287
-5555.72980154824
-5555.72980154824
-5556.40755552412
-5555.72980154824
-5555.77990469182
-5555.75392783674
-5556.32073763364
-5557.38035215752
-5557.45582047413
-5557.27867754619
-5555.72980154824
-5556.0835250962
-5557.22206669181
-5556.02860907796
-5556.41641722393
-5555.84308540559
-5557.21632916504
-5555.72980154824
-5555.74701672025
-5555.72980154824
-5557.22328055903
-5557.15875133664
-5555.81851468113
-5555.98228585951
-5555.72980154824
-5556.33940162104
-5556.28945251224
-5555.78551117153
-5555.77283439321
-5556.34283229197
-5555.97163005111
-5555.76432899368
-5555.89106159386
-5555.78307001835
-5555.72980154824
-5555.72980154824
-5555.72980154824
-5557.18941266212
-5555.72980154824
-5556.33654612986
-5555.72980154824
-5556.03447074055
-5555.99847104719
-5555.79527534249
-5555.96360298923
-5555.72980154824
-5556.35345851952
-5557.00574001572
-5556.34393485021
-5555.72980154824
-5556.40518375978
-5556.30185575722
-5555.72980154824
-5555.99986521312
-5557.25246384927
-5557.1541843105
-5556.38771858216
-5557.29542523268
-5555.72980154824
-5557.22819241588
-5555.72980154824
-5555.84384944644
-5557.23857384619
-5555.90320399503
-5555.77214566171
-5556.05498574712
-5555.81231671685
-5555.90501524585
-5555.76131821398
-5555.72980154824
-5555.72980154824
-5555.85431571204
-5556.32062931903
-5556.32175289951
-5556.3948132161
-5555.72980154824
-5555.8361815485
-5557.22826712354
-5555.72980154824
-5555.72980154824
-5557.10705036292
-5556.52538319713
-5556.14739733464
-5556.30644791038
-5555.8561709698
-5555.72980154824
-5555.72980154824
-5556.01510845027
-5555.9859785957
-5556.40255013819
-5557.14699499973
-5555.900964427
-5555.7822393648
-5557.14207581202
-5555.83055664388
-5556.01100022896
-5557.38223003078
-5556.43511887287
-5556.34044945813
-5555.97617616642
-5556.0082826244
-5555.76829221946
-5555.87012000529
-5555.90712840671
-5555.73789733943
-5555.78713773142
-5555.7599035501
-5557.17377818295
-5555.93500589267
-5555.72980154824
-5555.7662696539
-5557.15004448374
-5556.01696207199
-5555.81509079965
-5555.89999748248
-5555.72980154824
-5555.99415022148
-5556.4191517458
-5557.1690558015
-5555.80761417042
-5557.2179688201
-5555.74823820748
-5555.72980154824
-5555.9706163646
-5556.45304564992
-5557.1834490427
-5555.72980154824
-5556.05998174086
-5555.75799065595
-5556.03235661399
-5557.08504180536
-5556.38541570879
-5555.72980154824
-5555.77750485533
-5555.79765501441
-5555.78392199791
-5555.93145088868
-5555.98745844535
-5555.96356294925
-5555.78969689743
-5556.27757694622
-5555.72980154824
-5555.72980154824
-5556.38285580778
-5555.79194037117
-5555.7853549676
-5556.3665365032
-5556.30232219318
-5555.72980154824
-5557.17462955375
-5555.72980154824
-5555.94441633753
-5555.72980154824
-5556.21950837836
-5555.94984172476
-5555.97875134719
-5556.11206934502
-5555.69467205975
-5557.12110316612
-5555.78695028946
-5556.13283032104
-5556.29553553339
-5556.21811350072
-5555.72980154824
-5555.85253054213
-5555.72980154824
-5555.75645342517
-5555.9940747372
-5555.72980154824
-5556.99278819026
-5555.72980154824
-5555.72980154824
-5557.02552054778
-5555.99334970185
-5555.77180581677
-5556.04823881677
-5557.15507301212
-5556.11985611739
-5555.98953600193
-5556.43936676312
-5556.07868126254
-5556.09185588038
-5555.74989373348
-5555.72980154824
-5555.7798270437
-5555.77970413
-5555.79819766164
-5556.10976261568
-5555.72980154824
-5555.73607141227
-5555.72980154824
-5557.15481787807
-5557.31788686421
-5555.77453211093
-5556.04744426776
-5555.96121807397
-5555.78243067918
-5555.72980154824
-5555.72980154824
-5555.98534741195
-5555.72980154824
-5556.07160170701
-5555.83317728246
-5557.10974422601
-5556.37760385132
-5556.41340559249
-5556.35685134423
-5556.39206984355
-5556.35963976576
-5555.96630944369
-5557.20285863773
-5555.91858151372
-5557.22843293902
-5556.43817125086
-5556.32795530922
-5557.21537450439
-5557.24094902412
-5555.72980154824
-5556.11725897225
-5556.29594418242
-5555.85531162579
-5556.33222660013
-5556.33644950846
-5555.72980154824
-5556.07208859222
-5555.72980154824
-5555.72980154824
-5557.30225601264
-5557.30951090715
-5555.89390776688
-5556.40960285951
-5557.24187830073
-5555.83238449939
-5555.93265083201
-5557.26724330335
-5556.44483110788
-5556.00622789393
-5556.42111230921
-5555.72980154824
-5555.84164593941
-5556.01706916473
-5555.72980154824
-5555.84885597149
-5555.76218072654
-5555.91002106454
-5556.15460478109
-5557.13469591098
-5555.7954427165
-5556.02386528793
-5555.8029945631
-5555.77446248121
-5556.32913265943
-5555.72980154824
-5556.45200024079
-5556.06801165867
-5555.93384691824
-5555.72980154824
-5555.72980154824
-5555.77491783422
-5555.8473002325
-5555.72980154824
-5555.72980154824
-5555.78284640846
-5557.15298241296
-5557.15052587616
-5557.14347370222
-5556.34442438858
-5557.09447861421
-5555.97377236315
-5555.81910327787
-5556.3868571874
-5557.11678655264
-5555.86993511907
-5556.29598038384
-5556.33139343473
-5557.07040808761
-5555.79873616944
-5555.75797159661
-5556.30716115268
-5556.38219440812
-5556.04222231855
-5556.38208646542
-5556.15136676224
-5555.84967623126
-5557.18761269132
-5555.80675881998
-5555.72980154824
-5556.05043989394
-5556.30579385357
-5555.72980154824
-5557.2024840744
-5556.03689586019
-5555.79477919163
-5555.96507406576
-5557.17836049131
-5555.74695649415
-5555.95780332853
-5556.3372833727
-5556.03964045228
-5556.30670550354
-5556.28276458705
-5557.3628593311
-5556.39087331908
-5556.20709108385
-5555.72980154824
-5555.94536070362
-5555.72980154824
-5557.34241576693
-5557.23255828624
-5556.4002663399
-5555.8616131017
-5556.04061386474
-5555.77385858737
-5556.44299898271
-5555.90718178927
-5555.92679255724
-5555.7591543154
-5556.43167123493
-5555.97849557105
-5555.72980154824
-5555.98320695088
-5555.94095852708
-5555.72980154824
-5556.3861312923
-5557.1279225431
-5555.79755915298
-5555.95931669177
-5556.44778042253
-5555.72980154824
-5557.25263517224
-5555.80891379702
-5557.04391962686
-5557.16572227427
-5556.38375449759
-5557.28627570666
-5557.27674936837
-5556.32965482707
-5555.87826982892
-5556.31016431184
-5557.22915446201
-5557.27864929662
-5555.97326645532
-5555.79761750588
-5555.72980154824
-5555.7867761284
-5556.05628163647
-5557.13956919209
-5556.02802673065
-5555.96867382953
-5555.72980154824
-5555.72980154824
-5556.29180186219
-5555.72980154824
-5555.72980154824
-5557.15597889089
-5556.40041798853
-5555.72980154824
-5556.02013693226
-5556.33868599892
-5556.34121362407
-5555.79012798707
-5555.72980154824
-5555.79546005656
-5555.83970158995
-5555.78974070048
-5556.35984779613
-5555.76723011353
-5555.80028295561
-5555.72980154824
-5555.74086116163
-5557.06342860668
-5555.87872333866
-5557.27000464641
-5557.22721760294
-5555.80904224128
-5555.75396227219
-5555.93322826146
-5556.30213545115
-5557.24635874286
-5556.34743503147
-5555.72980154824
-5555.72980154824
-5556.314681586
-5555.974634084
-5555.80844852317
-5556.97023065289
-5555.86443063451
-5556.25942637903
-5557.37379448232
-5556.33781631635
-5557.13589405259
-5555.84957429092
-5556.29781906678
-5555.72980154824
-5557.01616009989
-5556.30026007443
-5555.8870787149
-5556.28822620426
-5555.72980154824
-5555.87458677831
-5556.33118156946
-5555.72980154824
-5555.80546492294
-5555.72980154824
-5555.9366629363
-5555.72980154824
-5555.82142276452
-5557.15978180272
-5557.11921273179
-5556.30759695771
-5555.86059768384
-5557.15135325972
-5555.72980154824
-5557.049092725
-5555.72980154824
-5555.916213524
-5555.72980154824
-5555.77364456753
-5555.78515278864
-5555.72980154824
-5555.73596957539
-5555.74327273573
-5555.76969085917
-5557.1215528051
-5555.72980154824
-5556.29279540767
-5557.21981553658
-5555.76342409477
-5557.0335274144
-5555.94635589769
-5555.72980154824
-5555.72980154824
-5555.72980154824
-5555.72980154824
-5555.80501571493
-5555.9618610366
-5557.18681992007
-5555.72980154824
-5557.40229814318
-5555.72980154824
-5556.08528966708
-5555.72980154824
-5556.36910177949
-5555.72980154824
-5555.72980154824
-5557.08468745777
-5556.05585268992
-5555.97845359839
-5556.30031445848
-5556.37148361802
-5555.76488107734
-5557.08798929103
-5557.32550640744
-5556.30849847678
-5556.44948830302
-5556.30685285348
-5557.30582573085
-5556.39023911275
-5556.27155720604
-5557.25929494758
-5556.31732190284
-5556.24485793772
-5556.04212861527
-5557.28374843381
-5556.16300978222
-5557.37954308357
-5556.28749387202
-5556.16170395174
-5555.72980154824
-5555.79635217406
-5555.96232482918
-5555.72980154824
-5555.77429846749
-5557.11105534475
-5556.08027872106
-5556.35189629927
-5557.1975492824
-5555.72980154824
-5556.08212432581
-5556.32578098641
-5555.72980154824
-5555.72980154824
-5555.82116424821
-5555.72038488606
-5556.53175276366
-5555.72980154824
-5555.89087353325
-5556.02791297531
-5556.00550876682
-5556.00316488705
-5555.89245554981
-5555.81153264825
-5556.34106104104
-5557.15883713029
-5556.38689510642
-5555.72980154824
-5556.36997398637
-5556.3098003599
-5556.38460891755
-5556.26673522229
-5555.77915989674
-5555.92934817698
-5555.99206338083
-5557.11734480644
-5555.72980154824
-5556.41886639071
-5555.81001512381
-5557.03746802398
-5555.90587403868
-5555.81938906015
-5555.72980154824
-5555.85428427473
-5556.3457128227
-5557.03627142154
-5555.76716434116
-5555.91075578682
-5555.93786880338
-5555.77193368569
-5555.84244838161
-5555.72980154824
-5557.13834734572
-5556.03630760332
-5555.76899129366
-5555.75773532723
-5557.13433113644
-5555.79178277634
-5555.72980154824
-5556.39984463102
-5555.75713324779
-5555.90484299148
-5556.39057331386
-5555.98478539856
-5555.95683399604
-5555.72980154824
-5556.40552518437
-5557.29556978657
-5555.72980154824
-5555.72980154824
-5555.79061813326
-5557.1028886182
-5555.82249911444
-5556.34671335701
-5557.17534597007
-5555.72980154824
-5557.22128185
-5556.14438649773
-5557.26896751376
-5557.05804348967
-5556.32461336677
-5557.20549481749
-5556.00349119163
-5555.72980154824
-5555.80212243226
-5556.26210279497
-5555.84270340113
-5555.89822224878
-5556.37134032421
-5555.82355790135
-5556.274742388
-5556.27692698843
-5557.16062728213
-5555.85874797545
-5556.37733104765
-5555.72980154824
-5556.28535791071
-5555.87231771629
-5556.4237090438
-5555.80147890998
-5557.13343829252
-5556.08137922488
-5555.72980154824
-5556.35368278033
-5556.09482891201
-5555.72980154824
-5555.72980154824
-5556.25907676837
-5557.11067066221
-5557.12302299706
-5555.90510340949
-5555.78910687599
-5556.37446382982
-5557.09030718827
-5556.29746502431
-5555.72980154824
-5556.09120350081
-5556.07958841745
-5555.72980154824
-5555.72980154824
-5556.12208353364
-5555.77578322145
-5555.72980154824
-5555.72980154824
-5555.8118005807
-5555.98006926705
-5556.32394219845
-5555.72980154824
-5557.38796998069
-5556.41961868805
-5557.1493181117
-5555.72980154824
-5556.42680039594
-5556.32291443335
-5555.94391527309
-5555.85398594382
-5555.7612861047
-5555.95169476723
-5555.73935414267
-5555.78823688206
-5557.1544029948
-5557.24181340382
-5557.30036018546
-5556.03354226282
-5555.95785091979
-5555.77970467727
-5555.98231445225
-5557.20917631336
-5555.82884703725
-5555.72980154824
-5555.72980154824
-5556.38702425098
-5555.80072937517
-5555.86048658674
-5556.34898055387
-5555.83730409399
-5557.10279244132
-5556.32365152275
-5555.72980154824
-5555.72980154824
-5556.28418507164
-5556.99144419942
-5556.43319069225
-5555.72980154824
-5555.77883491986
-5557.0182891964
-5555.72980154824
-5556.35923771817
-5555.95637480466
-5556.09800392445
-5555.72980154824
-5555.85428072577
-5557.19358669472
-5557.2829122647
-5556.43059496659
-5555.91918399461
-5555.82281884557
-5555.73245291
-5555.72980154824
-5555.72980154824
-5555.72980154824
-5555.92247582224
-5556.37908785851
-5557.29571531767
-5555.76653821902
-5555.72980154824
-5556.31638870971
-5557.36024995955
-5556.33330322115
-5555.9855371886
-5555.72980154824
-5557.1539419753
-5555.80568981241
-5556.01586516556
-5555.97293276486
-5555.72980154824
-5556.3631450967
-5555.88840892617
-5556.35337666748
-5557.23155752268
-5556.34703252698
-5555.72980154824
-5557.25801714172
-5557.26774524591
-5557.23532510094
-5556.35058509258
-5556.40640468444
-5555.72980154824
-5555.83693591311
-5555.99408805896
-5556.51784698051
-5556.02293148973
-5555.94895288297
-5557.43819790044
-5555.82580385349
-5555.81159413991
-5555.93826580371
-5555.72980154824
-5555.72980154824
-5555.90773611891
-5557.24003783864
-5555.80007506945
-5555.72980154824
-5556.04461981689
-5556.43402498985
-5555.80856346838
-5557.31530401508
-5555.817486513
-5555.81495784275
-5557.19742203971
-5555.72980154824
-5556.31000596168
-5555.79607356292
-5555.75907224307
-5555.80554321613
-5556.49956507071
-5555.81528337004
-5557.27044235373
-5555.72980154824
-5555.80526971936
-5556.44039721179
-5557.12346025483
-5555.76961878677
-5555.79366679451
-5556.31609058329
-5555.72980154824
-5556.36525964531
-5555.78450133285
-5557.22150638304
-5555.83459041356
-5556.42365165879
-5556.0138324456
-5555.77726552695
-5555.72980154824
-5557.04284382346
-5555.78857428348
-5555.78203771104
-5555.98107415956
-5555.72980154824
-5557.11911629381
-5555.72980154824
-5555.72980154824
-5556.01803189625
-5556.3780278619
-5557.31255965301
-5556.39231365671
-5557.2177173306
-5555.87319709742
-5557.30755999509
-5555.77321126652
-5555.99873978618
-5556.0829285233
-5556.38433970475
-5555.85462275707
-5556.51267630534
-5555.84047654941
-5556.33383959172
-5557.27983103981
-5555.72980154824
-5556.05420031001
-5557.00467537901
-5556.35282465309
-5556.36086391273
-5555.72980154824
-5555.72404589283
-5555.79223013912
-5555.89113747788
-5557.36280478946
-5556.13117450779
-5555.91388895367
-5557.23327776194
-5556.34449800292
-5556.14890385879
-5557.12682676384
-5555.93486333408
-5557.35310239501
-5555.9385422474
-5555.72980154824
-5555.79266944021
-5556.3226686983
-5557.13595414219
-5557.1289912167
-5557.17301358257
-5556.45305437405
-5555.98048617845
-5555.78869737605
-5555.96286117377
-5555.72980154824
-5557.35307950436
-5556.33307614205
-5555.72980154824
-5556.2232089508
-5555.72980154824
-5556.34630837342
-5557.18726268801
-5555.72980154824
-5557.12689431601
-5555.86081200844
-5556.06226857915
-5555.72980154824
-5557.12036296334
-5556.02629194192
-5555.72980154824
-5557.2470835517
-5557.10896884112
-5555.76137040349
-5555.77162000546
-5555.93828301332
-5556.27539644362
-5556.0438267875
-5555.7813758884
-5555.99017633121
-5555.74120968373
-5555.93048274563
-5555.72980154824
-5555.72980154824
-5556.32068423844
-5556.27130855137
-5555.72980154824
-5555.72980154824
-5556.29645805191
-5555.72980154824
-5555.80905397208
-5556.07233564042
-5556.00491598635
-5555.83352161702
-5556.36185035551
-5557.13425026297
-5557.16620693607
-5556.0156518123
-5556.40443093097
-5557.22459199621
-5557.18577434807
-5555.8702472495
-5555.81894493601
-5555.72980154824
-5557.10016193042
-5556.36392081581
-5556.32630484709
-5555.72980154824
-5555.8082803021
-5555.92362050494
-5555.72980154824
-5555.7662869642
-5555.72980154824
-5555.72980154824
-5555.72980154824
-5556.33617833222
-5555.72980154824
-5556.22943006472
-5556.34559792118
-5555.72980154824
-5557.23696980273
-5555.93111773875
-5556.14674245202
-5556.05414664143
-5555.83761552605
-5556.40587833349
-5557.20159876621
-5557.18385781042
-5555.72980154824
-5555.72980154824
-5555.97558799178
-5556.40626211594
-5556.37193556156
-5557.29297160402
-5556.13076793286
-5556.36949446452
-5555.72980154824
-5556.02954375426
-5557.32310568986
-5555.79585522696
-5555.79169041831
-5555.94825157251
-5555.68956209236
-5557.26830784754
-5556.41218974801
-5557.22491880739
-5556.43366062263
-5556.40433394415
-5556.24641655914
-5556.31641514896
-5555.91324191603
-5555.72980154824
-5557.24820837051
-5556.17806795717
-5557.33298394109
-5556.01985902544
-5555.72980154824
-5555.86623389069
-5555.82258014131
-5557.20271289849
-5557.27937199056
-5557.30247010237
-5555.72980154824
-5557.25403014596
-5555.81846469944
-5555.72980154824
-5556.39272110494
-5555.81309951086
-5557.06429014789
-5556.32691360902
-5557.29046161217
-5556.20024279133
-5556.35927225089
-5555.72980154824
-5556.03891874349
-5557.10633063579
-5555.72980154824
-5555.8027141366
-5557.13473437291
-5555.90993874791
-5555.84024257159
-5555.82904711701
-5556.36502476105
-5555.72980154824
-5555.75856403906
-5555.80242070299
-5555.7742905289
-5555.72980154824
-5555.92459474142
-5555.72980154824
-5557.19980394677
-5555.72980154824
-5555.82769262386
-5555.79191333527
-5557.21357025826
-5555.72980154824
-5556.34004377113
-5555.74110939871
-5556.3232135913
-5555.72980154824
-5555.87122891995
-5556.05466885818
-5557.22322899962
-5557.18511072635
-5555.72980154824
-5557.22884573609
-5555.72980154824
-5555.75761375247
-5555.84100439632
-5555.97832007384
-5555.74980967259
-5555.81134751479
-5556.03749597124
-5556.43434372569
-5555.86620048251
-5555.78600979973
-5556.4210057921
-5555.72980154824
-5555.72980154824
-5557.06831626018
-5557.2165255293
-5557.22012014681
-5556.33546213273
-5555.91341473674
-5556.4357891972
-5555.72980154824
-5555.72980154824
-5555.81104449678
-5556.06568179475
-5556.4459368711
-5557.06504915781
-5556.10202774998
-5556.05388464256
-5556.33295760489
-5555.98280459455
-5555.78511442093
-5556.37658737609
-5556.37091454412
-5556.45544518477
-5555.72980154824
-5555.95801177891
-5555.94060824964
-5555.71538208158
-5555.80608995725
-5555.9127045896
-5556.27494030865
-5555.82931004783
-5557.18746323494
-5556.32097089485
-5555.78213859459
-5556.31002967877
-5556.31215169185
-5557.24365939573
-5555.72980154824
-5555.72980154824
-5557.25066913453
-5556.40952384778
-5557.3144862155
-5556.03884671605
-5555.72980154824
-5556.2597598965
-5555.72980154824
-5555.89654916188
-5555.85725800412
-5557.25060879706
-5555.72980154824
-5555.72980154824
-5555.72980154824
-5557.20639985018
-5555.77149249388
-5555.78027772551
-5556.40142489941
-5556.38820993075
-5557.02712207207
-5555.78051933165
-5555.72980154824
-5555.81958010787
-5556.371550197
-5555.89305211318
-5555.77103755639
-5557.25873831068
-5557.28647855999
-5555.83840994554
-5555.86184056202
-5555.72980154824
-5557.35107795073
-5557.44616416276
-5555.72980154824
-5555.77321678481
-5555.72980154824
-5555.84370073459
-5557.39278333202
-5557.28628277574
-5557.1334445379
-5556.35862586176
-5557.21147386639
-5556.32339545624
-5557.3230502661
-5555.80915995765
-5557.50668344664
-5557.41778353511
-5555.75716478605
-5555.72980154824
-5557.1670935017
-5555.76492864227
-5555.96088062476
-5555.72980154824
-5555.80855595248
-5557.43197089883
-5557.4747085686
-5556.06455454093
-5556.27461445121
-5555.72980154824
-5556.42289646935
-5557.39629832035
-5555.72980154824
-5556.98557710395
-5555.81108792595
-5556.38116819649
-5556.03966597931
-5556.3592028077
-5557.16340218524
-5557.31351784299
-5555.72980154824
-5555.72980154824
-5555.86230267428
-5556.27924736645
-5556.01884878344
-5555.72980154824
-5557.12886132578
-5556.07531730297
-5557.31028503387
-5556.09222324123
-5555.72980154824
-5557.03704230613
-5555.73472754815
-5556.11948560546
-5556.9888170302
-5555.94993940453
-5556.34533081271
-5555.72980154824
-5556.02572943679
-5555.76469706953
-5555.72980154824
-5556.42669789974
-5555.94244175578
-5555.72980154824
-5557.17718262185
-5555.72980154824
-5555.97202067323
-5556.43501176796
-5555.72980154824
-5555.99182275384
-5555.8701265301
-5555.77630441014
-5555.80955405296
-5555.96710192268
-5556.34074353271
-5555.80443687748
-5557.14493347165
-5556.31239703143
-5555.83216467457
-5556.3050010391
-5555.72980154824
-5557.08750814721
-5555.84682842307
-5556.38277569452
-5555.72980154824
-5555.72957832578
-5556.43483606339
-5556.01881433707
-5556.35011230695
-5555.88420069447
-5556.35764388061
-5555.87479102005
-5557.2210632828
-5556.00634559455
-5555.76825312443
-5556.04280525222
-5557.18849006276
-5556.36244402783
-5555.72980154824
-5555.72980154824
-5555.81322517414
-5556.10553273837
-5556.39398052152
-5557.22657009275
-5556.44539383368
-5555.98124837418
-5556.1896605685
-5555.72980154824
-5557.25049179938
-5557.39375976837
-5556.35538594507
-5555.92386043864
-5556.43063528195
-5557.40725475403
-5557.27943015567
-5555.82506628974
-5556.39955123036
-5556.01927389476
-5556.02502545743
-5557.20202960473
-5556.18269913655
-5555.72980154824
-5555.72980154824
-5555.72980154824
-5557.42922964693
-5556.16919452193
-5555.72980154824
-5556.34704147496
-5555.72980154824
-5555.88661627803
-5555.72980154824
-5557.25418262532
-5557.41069352644
-5556.42944148874
-5557.33656585247
-5555.95058545917
-5555.89224624359
-5555.97370816971
-5555.72980154824
-5557.26386833324
-5555.71246551969
-5555.9240367675
-5555.97460033777
-5556.41782915539
-5556.26500987974
-5556.39365889219
-5555.72980154824
-5556.10127918547
-5556.09186857707
-5555.72980154824
-5555.72980154824
-5557.21067062597
-5555.84242287279
-5557.08389638966
-5555.82112391196
-5556.27734615443
-5557.17083037321
-5556.38148057028
-5555.72980154824
-5556.49572697385
-5555.83978548825
-5555.72980154824
-5555.72980154824
-5555.86567820824
-5556.33231772058
-5556.36886090664
-5557.14128542678
-5555.92843595998
-5556.34609072736
-5555.72980154824
-5557.23477594262
-5557.10156090083
-5555.97747573955
-5556.36500903413
-5555.99217480227
-5556.36784857074
-5557.16425565061
-5555.82061892042
-5555.87868449431
-5555.7593866467
-5555.74687164382
-5555.97044917673
-5555.79943247459
-5556.04274368069
-5555.82552163873
-5556.34814040871
-5555.82909866391
-5556.04949543096
-5555.78892498438
-5556.3892640165
-5556.12992165833
-5555.72980154824
-5557.42431642931
-5555.72980154824
-5556.33227546898
-5556.26278819561
-5556.34563189438
-5555.83382193757
-5555.72980154824
-5555.72980154824
-5557.20363201582
-5556.39043413888
-5556.30861011287
-5556.94381008355
-5555.72980154824
-5555.72980154824
-5555.72980154824
-5557.37426621037
-5556.32308697911
-5555.72980154824
-5557.1848813723
-5556.10872432351
-5555.72980154824
-5557.28264540283
-5555.96855453687
-5555.72980154824
-5555.75432432457
-5557.17470699986
-5555.94088884616
-5557.12822675683
-5556.31818521203
-5556.31451557737
-5555.80855650857
-5555.79143048712
-5556.3872703618
-5555.97872672036
-5555.72980154824
-5555.93548322506
-5555.72980154824
-5556.07892095734
-5555.84871530778
-5555.90131139411
-5557.2079438609
-5556.05254435968
-5555.73095448798
-5556.07512180586
-5557.27263618989
-5557.27005438358
-5555.74186017551
-5555.81981515498
-5556.27287655099
-5556.13755002764
-5555.72980154824
-5556.35613018668
-5555.72980154824
-5555.72980154824
-5556.01457998377
-5555.89054398418
-5556.46478619519
-5556.05100715614
-5557.24306572891
-5555.72980154824
-5556.04475993832
-5555.72980154824
-5556.30043524468
-5556.47176896106
-5555.72980154824
-5557.33589983048
-5555.72980154824
-5557.15003176168
-5556.38932384558
-5557.19626931536
-5555.72980154824
-5556.02686947495
-5557.25960978704
-5557.22943386231
-5557.24170726068
-5556.15782310397
-5556.02261698254
-5555.72980154824
-5555.81695099975
-5556.10047351924
-5556.39448850616
-5555.72980154824
-5556.393933792
-5555.72980154824
-5556.46211073122
-5557.21570063849
-5557.28042190256
-5557.27911360383
-5556.37027056115
-5555.77472221103
-5555.72980154824
-5556.00718701586
-5555.72980154824
-5555.82698272007
-5556.42084092568
-5555.84801349595
-5557.26200397618
-5556.28510182952
-5555.79380503645
-5555.72980154824
-5555.72980154824
-5557.07769558892
-5557.02395199362
-5556.03620793036
-5555.72980154824
-5557.14780813148
