# type 2 occupying energies
-5584.7153722973
-5583.43201599271
-5584.85189654848
-5583.96699440414
-5584.87241125331
-5583.58392783349
-5583.43201599271
-5583.43201599271
-5583.55905917833
-5583.45139151786
-5583.43201599271
-5583.43201599271
-5583.43201599271
-5583.58084179288
-5583.98635738057
-5584.83503698937
-5583.88187219127
-5583.93773594463
-5584.82625946159
-5583.49214445533
-5583.51227732701
-5583.43201599271
-5583.42965871419
-5583.61925037692
-5583.43201599271
-5583.49457613112
-5584.08863649333
-5583.9781768848
-5584.73128583104
-5583.99717988845
-5584.81134299161
-5583.43201599271
-5583.67355958839
-5583.60708579238
-5583.52603844551
-5583.9321180747
-5583.43201599271
-5584.69642291148
-5583.43201599271
-5583.93811612955
-5583.44082388167
-5584.78663191176
-5584.73754481532
-5583.85289905133
-5583.88012958727
-5584.76429089038
-5583.88453814208
-5584.82624147432
-5583.92248108744
-5584.77213304388
-5584.01324547664
-5583.94543969336
-5583.43201599271
-5583.43201599271
-5583.43201599271
-5583.94064573344
-5584.08709091878
-5583.97071593133
-5583.71950768503
-5584.85457182647
-5584.06553207876
-5583.973548221
-5583.70568306612
-5583.43201599271
-5584.04049397952
-5583.51429737849
-5584.91414084111
-5583.74904107495
-5583.76831759823
-5583.61133135894
-5583.43201599271
-5584.12174160356
-5584.79709623872
-5583.48627634768
-5583.94970952877
-5584.01901039309
-5584.01975195001
-5583.82885748994
-5583.97052723399
-5584.86547601066
-5583.43201599271
-5584.90035069343
-5583.43201599271
-5584.82297870181
-5583.64799287374
-5583.43201599271
-5583.41826348109
-5583.70264233653
-5585.02460868046
-5583.43201599271
-5583.43201599271
-5583.50162560641
-5583.67056914256
-5583.46948533243
-5584.03299296501
-5583.43201599271
-5584.88828678125
-5584.03678225333
-5583.48717258237
-5583.52651742246
-5583.72326501896
-5583.61562182038
-5584.74170097057
-5583.69371980908
-5583.43201599271
-5583.47706620001
-5583.58069684931
-5583.44726623523
-5584.02514529865
-5583.98828497926
-5583.51201332885
-5584.93771034028
-5583.43201599271
-5584.80609415025
-5583.43201599271
-5583.43201599271
-5584.94850176662
-5584.12593176352
-5583.57805822345
-5583.96750759499
-5583.46840222825
-5584.0456155444
-5583.49588280929
-5583.74553300521
-5583.43201599271
-5583.43201599271
-5584.0843681918
-5583.5191254204
-5584.90822847247
-5583.43201599271
-5583.43201599271
-5583.64695031232
-5584.03852760599
-5584.8551220992
-5583.43201599271
-5584.94408986719
-5583.72397716624
-5584.9349768623
-5584.00385745224
-5584.09880549929
-5584.01938351766
-5584.03142399447
-5583.95866657487
-5583.93316911242
-5584.05316774107
-5583.45817205981
-5583.43201599271
-5584.96057018567
-5583.73712665009
-5583.43201599271
-5584.02504762613
-5584.89481834855
-5583.43201599271
-5583.42989441932
-5583.5726352932
-5584.91660809492
-5583.9245581215
-5584.74758332281
-5583.64592870566
-5583.43201599271
-5584.90076093095
-5583.52835290067
-5583.43201599271
-5584.09267270287
-5584.06759577499
-5583.61641781833
-5583.80911571003
-5583.50631796819
-5583.56575441039
-5583.44818567721
-5583.616028073
-5584.08204399873
-5583.43201599271
-5584.9270680417
-5585.00824743176
-5583.77134298888
-5584.91435259845
-5583.49552492137
-5583.45900184496
-5583.47080199441
-5583.50254469387
-5584.81085795628
-5583.65267331891
-5584.86403820607
-5583.71974054349
-5583.43201599271
-5583.49237779039
-5583.63267002036
-5583.43201599271
-5583.48980336546
-5583.64254874605
-5583.43201599271
-5583.48940631544
-5584.94839909732
-5584.87225270492
-5583.64249603132
-5583.98159831477
-5583.43201599271
-5583.86259869972
-5583.9604830459
-5583.43201599271
-5584.68741458414
-5583.43201599271
-5583.89177476339
-5583.56764843277
-5584.87522862908
-5583.52385961922
-5584.07251665329
-5583.44145456838
-5583.68841109697
-5583.87167376641
-5583.95834321831
-5583.43201599271
-5583.43201599271
-5583.55175465679
-5584.19863865366
-5583.77495230994
-5583.43201599271
-5584.66653269705
-5583.43201599271
-5583.43201599271
-5583.92916777783
-5583.91618358806
-5583.43201599271
-5583.43201599271
-5584.83568688315
-5583.7572150911
-5583.43201599271
-5584.92625635471
-5584.78678499455
-5583.65691136757
-5583.43201599271
-5584.83216322211
-5583.99594036616
-5583.43201599271
-5584.96354146918
-5583.4756754289
-5583.45417916112
-5583.83542147327
-5584.85175889989
-5583.7568068286
-5583.50312056188
-5583.67212589
-5583.46722280495
-5583.43201599271
-5583.43201599271
-5584.91874547698
-5584.10150988097
-5584.08037240227
-5584.90940425453
-5583.98687105571
-5584.76439457986
-5583.4979940644
-5583.49055319259
-5583.51474294935
-5583.52645002037
-5583.63659375704
-5584.90891658372
-5583.54102702004
-5583.50632465244
-5584.74434623269
-5584.02835676118
-5583.98765192799
-5583.78834130188
-5583.90775855719
-5584.00076404648
-5583.70515371364
-5583.91103276001
-5583.94271052398
-5583.95602080437
-5583.53693039664
-5583.56197390028
-5583.58237809616
-5584.00732820204
-5583.43201599271
-5583.9713873713
-5583.93591228404
-5583.43201599271
-5584.82953002966
-5583.82183348451
-5583.43201599271
-5584.82743067482
-5584.10033312828
-5583.60427684259
-5583.43201599271
-5584.88924609686
-5583.43201599271
-5584.94129819146
-5584.95197786281
-5584.84926553295
-5583.43201599271
-5583.61575631072
-5584.93856830015
-5583.43201599271
-5583.43201599271
-5583.43201599271
-5584.02331712285
-5583.43201599271
-5583.96942114029
-5583.99238879378
-5584.85877728861
-5583.68270647697
-5584.92887265647
-5585.01674915019
-5584.79234967987
-5583.95998489609
-5583.89438838264
-5584.74260927149
-5583.47838524777
-5583.49667043935
-5583.94295581893
-5583.93478385483
-5583.47400382454
-5583.45441516212
-5583.43201599271
-5583.6431811569
-5583.93699958635
-5583.93714979614
-5583.43201599271
-5583.5229451748
-5583.43201599271
-5584.77609978654
-5583.65468545411
-5583.43201599271
-5584.80777970157
-5584.01315727866
-5583.43201599271
-5583.68701346916
-5583.43201599271
-5583.63258114391
-5584.98441968853
-5583.93666796648
-5584.96592539324
-5584.04014734273
-5583.98160241505
-5583.43201599271
-5583.43201599271
-5583.97637821132
-5583.72896514715
-5583.43201599271
-5583.43201599271
-5584.05328555462
-5583.9519432179
-5583.95319903391
-5584.783394908
-5583.4298647183
-5583.6836526178
-5583.73792410359
-5583.67679697781
-5583.48679786543
-5583.91394049526
-5584.83132704886
-5583.43201599271
-5583.43201599271
-5583.69848537909
-5584.88246397377
-5583.43201599271
-5583.52425687405
-5583.63016487822
-5583.65606745941
-5584.93904999268
-5583.50967427626
-5584.88574820091
-5584.86507052444
-5583.55770525917
-5583.64186842785
-5583.48264808632
-5584.86505713418
-5583.45601166453
-5583.43911588122
-5583.43201599271
-5583.43201599271
-5584.12287708635
-5584.92678014563
-5583.50391022529
-5583.73432763645
-5583.68406661794
-5584.7894589888
-5584.86352463371
-5584.08372716068
-5583.54346933166
-5584.94615734678
-5584.85592629549
-5584.90960035293
-5583.51194611162
-5583.62582599022
-5583.43201599271
-5583.52629970588
-5584.09923818866
-5584.9948291625
-5584.10258827849
-5583.46640450123
-5583.56167439036
-5584.94315557292
-5583.43201599271
-5583.48804184495
-5583.55712410159
-5583.71280264603
-5584.13524918003
-5583.44024787169
-5583.70539268525
-5583.64054212171
-5583.43201599271
-5583.47575043246
-5583.43201599271
-5583.43201599271
-5584.92925479693
-5583.43201599271
-5583.6962669219
-5584.04272616379
-5583.53948473888
-5583.47716007766
-5583.66281451035
-5583.47524032307
-5584.90426572108
-5583.82403567067
-5583.47879117503
-5583.76322795611
-5583.54668520237
-5584.82022091831
-5584.87352685804
-5584.86470483109
-5583.4267290893
-5583.61324924789
-5584.9448095785
-5583.98775209947
-5584.04136764632
-5583.43201599271
-5583.98019068225
-5584.82265702537
-5584.00177344285
-5583.43201599271
-5584.80628579694
-5583.43201599271
-5583.51007935864
-5583.93350004322
-5584.95643933871
-5584.7640062498
-5584.72951188
-5583.93231609625
-5583.90100667635
-5584.83685491334
-5583.9481455405
-5583.945313906
-5583.43201599271
-5584.80525825673
-5583.43201599271
-5583.43201599271
-5583.68182235756
-5583.90753057982
-5583.85266216899
-5583.93882079219
-5583.96562629804
-5583.91970695155
-5584.6928807756
-5583.93859274735
-5583.62705388383
-5584.74998635902
-5583.91960094467
-5583.43201599271
-5583.9031598763
-5584.89673949689
-5584.03039537733
-5583.43201599271
-5584.69279065322
-5583.70831992603
-5583.43201599271
-5583.43201599271
-5583.79283470969
-5583.90519473871
-5583.91465535147
-5583.88267270885
-5583.95780501455
-5583.91529239597
-5583.43201599271
-5583.89663302177
-5584.72484287504
-5584.00298799423
-5583.43201599271
-5584.78583686258
-5583.9409636554
-5583.86989679303
-5583.92964028985
-5583.51509761054
-5583.82948050309
-5583.43201599271
-5584.12814855844
-5584.01803698148
-5583.89485853506
-5583.90934953745
-5584.64049131636
-5583.91629006601
-5584.82423794806
-5583.45998442359
-5583.43201599271
-5583.92533534239
-5584.66231364784
-5583.56251749
-5583.43201599271
-5583.98416321531
-5583.93444537939
-5583.60991349214
-5583.51151624745
-5583.96167942067
-5583.43201599271
-5584.00707746353
-5583.95547341787
-5583.96231224867
-5584.6723350448
-5583.68349676308
-5583.89771321877
-5583.53320393473
-5583.83849046621
-5584.91569790685
-5584.84952178402
-5584.98796381421
-5584.92694377004
-5583.43201599271
-5584.82465544616
-5583.47760914821
-5584.09165045344
-5583.60497663355
-5583.69569313039
-5584.11798360419
-5583.52744388714
-5583.75217706071
-5584.92530591413
-5583.43201599271
-5583.5156364165
-5583.45058947787
-5584.78568618125
-5584.00122462045
-5583.50429439985
-5584.8240534756
-5583.50235522653
-5583.56447928875
-5583.43201599271
-5583.6398779138
-5583.96775326919
-5583.60940257355
-5584.10021719547
-5583.57385522347
-5583.43201599271
-5583.36510559704
-5583.44044172743
-5583.57600154865
-5584.71062888164
-5583.43201599271
-5583.43201599271
-5583.43201599271
-5583.57912069836
-5583.43311656831
-5583.66608120738
-5583.68647402411
-5583.55229825325
-5583.5550464381
-5583.43552852817
-5584.83165154342
-5583.45017817347
-5583.38419845563
-5583.69597662051
-5583.43201599271
-5583.48287971939
-5583.69292442905
-5583.43201599271
-5583.46112924072
-5583.52459902924
-5583.929839064
-5583.43201599271
-5584.10574235894
-5584.04180583948
-5584.81322534306
-5583.44595263512
-5583.70357294167
-5583.45552506745
-5583.59445568216
-5583.65989507217
-5583.43201599271
-5584.69919075219
-5583.56778599652
-5584.86645359157
-5583.77460200772
-5583.52803780731
-5583.45726465583
-5583.43201599271
-5584.96502194861
-5583.43201599271
-5583.98542832285
-5584.93478106153
-5583.84650412953
-5584.89253250312
-5583.75465761833
-5583.61681134316
-5583.43201599271
-5583.48056541821
-5583.43201599271
-5583.57915128645
-5583.43201599271
-5584.90671148785
-5583.43201599271
-5584.97487391722
-5584.96586879036
-5583.43201599271
-5583.43201599271
-5583.43201599271
-5583.43201599271
-5584.82502639992
-5584.0027763879
-5584.92421413661
-5584.04587532715
-5583.54012965119
-5583.85361519065
-5583.43201599271
-5583.88526239442
-5583.94792238922
-5584.09123771394
-5583.9381331757
-5583.43201599271
-5584.83636119374
-5583.62092654032
-5583.65459939859
-5583.55328236755
-5583.70119239192
-5583.9032361778
-5583.43201599271
-5583.89442713371
-5583.97348636576
-5584.81289724576
-5583.95289416975
-5583.98306660539
-5584.84369844508
-5584.80062467115
-5583.43201599271
-5584.05491874024
-5583.9523414826
-5584.80285142014
-5583.43201599271
-5583.43201599271
-5583.43201599271
-5583.43850397706
-5583.96999769938
-5583.43201599271
-5583.50419908925
-5583.54420188619
-5583.58881625609
-5584.93927778398
-5583.841004751
-5583.58816464255
-5584.69236616703
-5583.55296054113
-5584.76350524328
-5585.05227160159
-5584.86511178229
-5584.0168401702
-5583.43201599271
-5583.43201599271
-5584.93888062575
-5583.88067066975
-5583.43201599271
-5583.43201599271
-5585.01183761145
-5583.99056780457
-5583.98565171
-5583.43201599271
-5583.55866887505
-5583.49786074912
-5583.53297979248
-5583.47077300709
-5583.48226676709
-5583.91588397085
-5583.65294011877
-5583.7622399137
-5584.73434359901
-5583.43201599271
-5583.55525246923
-5583.45885702325
-5583.50621454988
-5584.06914872885
-5583.44022995661
-5583.5089672833
-5584.96607622637
-5584.90885179934
-5583.71862066993
-5583.49239465771
-5583.43201599271
-5583.73721162793
-5583.43201599271
-5583.42988189909
-5583.62484751155
-5583.49009176572
-5583.62282433202
-5583.47307448845
-5583.43201599271
-5583.42524560233
-5583.43201599271
-5583.43201599271
-5583.51557806849
-5583.43201599271
-5584.01529399483
-5584.69825612045
-5583.43201599271
-5584.81596919039
-5583.55029155878
-5583.66379670278
-5583.45246392938
-5583.66207392357
-5583.56112793041
-5583.46146459244
-5583.710597556
-5583.64663130586
-5583.52874389195
-5584.87824910674
-5583.54990742308
-5583.68967474162
-5583.43201599271
-5583.7105128788
-5584.88003465185
-5583.43201599271
-5583.64792062811
-5583.49319040298
-5583.65739566241
-5583.43201599271
-5583.43201599271
-5583.43482055454
-5583.96875323588
-5583.43201599271
-5583.43201599271
-5584.76228730946
-5584.07836360501
-5584.02554817357
-5584.88079041852
-5583.46818680609
-5583.65818670365
-5584.94317709579
-5584.78546460233
-5584.08185901656
-5583.48739165955
-5583.62602607875
-5584.79065045367
-5583.43201599271
-5583.43201599271
-5583.43201599271
-5584.92306948068
-5583.4782725891
-5583.41815417895
-5583.63137711401
-5583.43201599271
-5583.56391848793
-5583.45881203444
-5583.46091627371
-5583.48430598376
-5583.53219094498
-5583.55251754883
-5583.47884546921
-5583.4542254226
-5583.48181342881
-5583.43201599271
-5583.63905552936
-5583.66361162156
-5583.54052442199
-5583.42586423317
-5583.40495971699
-5583.45046258659
-5583.46250972655
-5583.43201599271
-5583.54283522427
-5583.49057648067
-5583.75973285225
-5583.60092307226
-5583.43201599271
-5583.41068874014
-5584.80613209796
-5583.43201599271
-5584.91013328294
-5583.47046483507
-5583.66434157544
-5583.49736504725
-5583.43201599271
-5583.36214387734
-5583.40671472478
-5583.58400249791
-5583.54304707276
-5584.79288523426
-5583.56633324504
-5583.64313281924
-5583.46745625635
-5583.41785685006
-5584.91805473788
-5583.6564206582
-5584.77601903273
-5583.55016795228
-5583.43201599271
-5583.54172937792
-5583.61051556939
-5583.43234507776
-5583.39033830887
-5584.12140412317
-5583.43201599271
-5584.73868443061
-5583.56055913145
-5583.43654980619
-5583.5598152291
-5583.59085743859
-5583.43201599271
-5583.52029238909
-5583.58272523296
-5583.41635033822
-5583.60312564657
-5583.43201599271
-5584.89842728988
-5584.8574469735
-5583.43201599271
-5583.48819238769
-5583.48993207192
-5583.60386228913
-5583.43717331877
-5583.39329686552
-5583.72256308804
-5583.40197374085
-5584.94804873693
-5583.43201599271
-5584.95688144252
-5584.84768474967
-5583.47789203186
-5584.00457761566
-5583.78239218847
-5583.589461244
-5583.46827663097
-5583.40307730525
-5583.43201599271
-5583.65519237604
-5584.90478390017
-5584.05595448684
-5583.68023050198
-5584.85368143989
-5583.72678216149
-5583.72013361194
-5584.93818594944
-5584.04151591767
-5584.07923900087
-5583.58157529543
-5583.43201599271
-5583.44979693753
-5583.45850951149
-5583.61535442027
-5583.50216158502
-5583.70941923236
-5583.54877253306
-5583.72226148912
-5583.52740726713
-5583.70815324661
-5583.4944216948
-5584.92339635565
-5583.43201599271
-5583.43201599271
-5584.76294002807
-5583.43201599271
-5583.47630240078
-5583.5740841589
-5583.49545553392
-5583.43201599271
-5584.95038657225
-5583.66418062478
-5583.6642660048
-5583.4394609901
-5583.44318427255
-5583.43201599271
-5583.51473841133
-5584.18934803794
-5583.53638336846
-5584.777730272
-5584.20439453979
-5583.53177538281
-5583.63793220881
-5584.92113543157
-5583.45501455106
-5583.58700878666
-5583.48041281554
-5583.49306953345
-5583.67959728788
-5583.51148469931
-5583.63311584091
-5583.58523074653
-5583.43201599271
-5583.40112243046
-5583.43201599271
-5584.81147644324
-5583.45484735014
-5583.41060670171
-5583.61799640833
-5583.69668141019
-5583.46928531241
-5583.4794852415
-5583.60965680502
-5584.93305639222
-5583.77624341647
-5584.74672185874
-5583.43201599271
-5584.69044856128
-5584.11234487923
-5583.43201599271
-5584.68551679705
-5584.02642264539
-5583.43201599271
-5583.82199764458
-5583.64305946619
-5583.60097905397
-5583.43492755187
-5583.43201599271
-5583.43201599271
-5584.89301700024
-5584.92474260791
-5583.43201599271
-5585.05820506572
-5584.93577410792
-5583.49485782865
-5583.77726094634
-5583.47865657071
-5583.48852198752
-5584.78680793979
-5583.43201599271
-5584.82948552172
-5583.43201599271
-5584.88383635969
-5584.11369933168
-5583.95471564612
-5583.67795726872
-5583.49273482444
-5583.57865049123
-5584.80794288934
-5583.60173124355
-5583.48521801553
-5583.43201599271
-5583.46171247486
-5583.71480392084
-5583.7452987379
-5583.53457068075
-5583.61433929595
-5583.56578146726
-5583.63054796862
-5583.50531297184
-5584.00665208594
-5584.82516852001
-5583.43201599271
-5583.4540386692
-5583.9940243917
-5583.43201599271
-5583.43201599271
-5583.43819236645
-5583.48903066744
-5583.43201599271
-5583.62672271112
-5583.52630020762
-5584.13253845657
-5583.58031830822
-5583.7137561638
-5583.51098542293
-5583.43201599271
-5584.92406843309
-5584.96470659935
-5583.41499337034
-5583.60616835134
-5584.88283059918
-5584.90495301727
-5583.44120114942
-5583.74888540464
-5583.43201599271
-5584.97612250739
-5583.71794500822
-5583.43557782418
-5583.72437851
-5583.71353272763
-5583.69723036116
-5583.4785581578
-5583.53472326624
-5583.43201599271
-5583.6222675625
-5583.43201599271
-5583.47458603203
-5584.95619092967
-5584.9156865298
-5584.92628002039
-5583.43201599271
-5583.50753199228
-5583.43201599271
-5583.59740283948
-5583.50514646749
-5583.47901137885
-5583.71237235187
-5583.64128977676
-5583.43201599271
-5584.86482953896
-5585.08975933579
-5584.89650389643
-5583.43201599271
-5583.68503127283
-5583.54459271981
-5583.68562469481
-5583.67927811671
-5583.43201599271
-5583.65957287939
-5583.43201599271
-5583.72228843941
-5583.43201599271
-5583.86255690879
-5584.8790566752
-5584.88244074202
-5583.46325955873
-5583.43201599271
-5583.47127273624
-5584.78781203189
-5583.49120979905
-5583.61888089974
-5583.43201599271
-5584.83184684539
-5583.43201599271
-5583.44401314056
-5583.67221871047
-5583.54802687646
-5583.47079714826
-5584.11362493129
-5583.43201599271
-5584.6645074625
-5584.02826539075
-5583.57485221202
-5583.6413817465
-5583.41240092329
-5583.57239591522
-5583.975767899
-5583.43201599271
-5583.43201599271
-5583.43201599271
-5583.546771439
-5584.84074151574
-5583.76080434311
-5583.98568895066
-5583.92986909629
-5583.43201599271
-5583.86489607762
-5584.03041251047
-5583.43201599271
-5584.80262326166
-5584.86934355093
-5583.95397172556
-5585.1137856495
-5584.90556993997
-5583.86236907583
-5584.73298476021
-5583.93290833881
-5583.88011454761
-5583.43201599271
-5583.91895792984
-5585.00276943108
-5583.69611141495
-5583.86488346836
-5583.97437108318
-5584.84432314205
-5583.63368181983
-5583.43201599271
-5584.91436034632
-5583.62175959845
-5583.92633233334
-5584.97615839757
-5584.04994713447
-5583.45766270994
-5583.46289078418
-5583.65588883969
-5584.1047628769
-5584.71771583747
-5583.74902336263
-5584.00456320705
-5583.96571490072
-5583.88642251367
-5583.43201599271
-5584.85570659802
-5583.98397352791
-5583.43201599271
-5583.92879390726
-5583.7020582032
-5583.79421767212
-5584.88687240578
-5583.97021201378
-5584.79468826494
-5583.89604662916
-5583.43201599271
-5583.47015310808
-5583.89759264684
-5583.48476365026
-5584.79465104952
-5583.97699705374
-5583.72445546931
-5583.43201599271
-5583.43201599271
-5583.43201599271
-5584.00805020185
-5583.43201599271
-5584.0047781946
-5584.7668917401
-5583.90471104751
-5583.43201599271
-5584.03467233541
-5584.78656993163
-5583.91776542115
-5584.05097060823
-5584.94706901521
-5584.91646126631
-5583.93144585644
-5584.9104847097
-5583.43201599268
-5583.43201599271
-5583.77503836853
-5584.90711418681
-5583.43201599271
-5584.85343716715
-5583.67784793353
-5583.43201599271
-5584.17741198386
-5583.99100338052
-5583.70807375252
-5583.43201599271
-5584.76653290913
-5583.52952703558
-5583.69675061771
-5584.00597512619
-5583.88073380864
-5583.50097442655
-5584.08650527287
-5583.48109462923
-5583.6659103656
-5583.43201599271
-5583.73442931675
-5583.44209801039
-5584.0023330525
-5583.43201599271
-5583.43201599271
-5583.43201599271
-5584.74586759654
-5583.91638247872
-5583.43201599271
-5583.43201599271
-5583.43201599271
-5583.43201599271
-5583.42810309111
-5583.68358700746
-5583.55493490575
-5583.46146900818
-5584.77689058248
-5583.47266340811
-5583.98285658767
-5583.94695187969
-5583.43201599271
-5584.89593336987
-5583.52333833006
-5584.88005701718
-5583.61646916154
-5584.91792527355
-5583.48135475949
-5584.99302220083
-5583.43201599271
-5583.43201599271
-5583.50544561735
-5583.4393729341
-5583.43201599271
-5584.87270509505
-5583.43201599271
-5583.59853235688
-5583.72848739847
-5583.70696828159
-5583.64933568254
-5583.99754101537
-5583.69311760051
-5584.08880422988
-5584.73720707966
-5583.92659287589
-5584.04578350446
-5584.87224909848
-5583.6495607024
-5583.44606481646
-5583.43201599271
-5583.50443262587
-5583.94228700912
-5583.43201599271
-5584.8987223712
-5584.81057882478
-5583.46887756108
-5583.70383329368
-5583.43201599271
-5583.54344643139
-5583.93142203929
-5583.43201599271
-5583.65306125125
-5584.07017197039
-5584.00010329374
-5583.92678344094
-5583.43201599271
-5583.43201599271
-5583.57585102707
-5583.96132280476
-5583.46842049278
-5583.53680097916
-5583.62595809475
-5583.60981825717
-5584.78654937556
-5583.43201599271
-5583.88875326339
-5583.92319935081
-5583.96128982653
-5584.03265063637
-5583.43201599271
-5583.83412361439
-5583.6218649622
-5583.98122264783
-5583.43201599271
-5584.00100766524
-5583.50421290315
-5583.43201599271
-5583.94140733868
-5583.43201599271
-5583.92972421506
-5584.89152702955
-5584.85660671109
-5584.03331632343
-5584.8007577549
-5583.43201599271
-5583.51833822154
-5584.0156164995
-5584.00048770045
-5584.01826533607
-5584.83912601888
-5584.89212251399
-5583.93180084735
-5583.87994501245
-5583.62086551954
-5583.43201599271
-5583.43201599271
-5583.46738080721
-5584.87845709546
-5584.91820550054
-5583.43201599271
-5584.88409541353
-5583.43201599271
-5583.6377758972
-5583.43201599271
-5583.55729479194
-5583.95710222209
-5584.7732650046
-5584.74179531242
-5584.08777204509
-5583.54194986296
-5583.88389936755
-5583.9827827718
-5584.76010199626
-5583.49207293045
-5583.58106630637
-5583.50246378378
-5583.50781499726
-5583.43201599271
-5583.68245289054
-5583.43410074551
-5583.53066721531
-5584.84555029314
-5583.4932412175
-5584.86705905785
-5583.43201599271
-5583.43201599271
-5583.65624403725
-5583.59092418484
-5584.00980055717
-5584.91851426493
-5583.43201599271
-5583.66445143889
-5584.8689635845
-5583.44793644153
-5583.65914899151
-5583.74216855358
-5584.04751264714
-5584.94576987116
-5583.67814788011
-5583.5273550562
-5584.88942776654
-5583.43201599271
-5583.58757877107
-5583.48501182758
-5583.68189935037
-5583.44964686996
-5583.43910099313
-5583.66402715324
-5583.68254266819
-5584.83247863958
-5584.0123721391
-5583.44469371283
-5584.88514184555
-5584.11489198498
-5583.43201599271
-5584.06381582891
-5583.59464164672
-5584.94945975297
-5583.55192619316
-5583.67044279755
-5584.07839686913
-5583.43201599271
-5584.85984994231
-5584.90978116248
-5583.4872871864
-5583.43201599271
-5583.50057224485
-5583.43201599271
-5584.92334658065
-5584.10100169023
-5583.83588650095
-5583.69919893739
-5583.44645840348
-5583.43201599271
-5584.81200170278
-5584.94877997579
-5583.55501659758
-5583.65685879536
-5584.8797855984
-5583.75511080464
-5584.84425057583
-5583.67657130054
-5583.5126670921
-5583.51553413357
-5583.43500507585
-5583.43201599271
-5583.44287487069
-5583.43201599271
-5583.43201599271
-5583.43201599271
-5583.4865114975
-5583.43201599271
-5583.5596454847
-5583.4717820388
-5583.42105437953
-5584.92410732258
-5583.5107127455
-5584.79876097154
-5583.49356885476
-5583.43201599271
-5583.44967173609
-5583.69882460107
-5583.43201599271
-5583.48082484615
-5583.53103060282
-5584.8259705519
-5583.48468660075
-5583.49798043639
-5583.49976481433
-5584.71360371448
-5583.46760776284
-5583.54131783605
-5584.96262127805
-5583.9827982035
-5583.97064439548
-5583.49283013141
-5584.04031566454
-5584.70856463011
-5583.43201599271
-5584.0889173643
-5584.87727005207
-5583.55502438621
-5583.52944518737
-5583.43201599271
-5583.43201599271
-5583.49483833349
-5583.45948968083
-5583.68483627558
-5584.83355699626
-5583.43201599271
-5583.59467403379
-5583.43201599271
-5584.78226259161
