# type 2 occupying energies
-5554.84255158304
-5556.29476626823
-5556.3948564924
-5555.2251014484
-5554.83159624876
-5554.96766917066
-5556.19617783073
-5554.83159624876
-5554.83159624876
-5554.83159624876
-5554.81466604903
-5554.83159624876
-5555.13669427683
-5555.06481208942
-5556.45106772619
-5556.42272463998
-5555.23738308148
-5555.46685758482
-5554.83159624876
-5554.83159624876
-5554.81912806042
-5555.45402296152
-5554.81715240429
-5554.9184028031
-5554.83159624876
-5554.82587604461
-5554.89617988861
-5554.83159624876
-5555.51878861514
-5556.33409015616
-5555.02779838262
-5556.29339827181
-5554.94869899478
-5554.94212369479
-5554.83159624876
-5556.21435877549
-5554.92297541853
-5555.04879327654
-5556.39292730665
-5555.53835544831
-5555.05547261818
-5556.50338059071
-5555.435557875
-5555.36427463356
-5554.83159624876
-5555.07056289888
-5554.90536026024
-5554.83159624876
-5555.46621008904
-5554.83159624876
-5554.83159624876
-5555.02000688299
-5556.53921047166
-5556.39687448173
-5554.87135690168
-5555.50829747689
-5555.55216058705
-5554.8768465811
-5555.14527311545
-5554.89404773848
-5555.57438224082
-5555.14011134206
-5555.02730118025
-5555.02633545884
-5554.83159624876
-5555.20227043732
-5554.85642912358
-5555.04006100288
-5556.45826057781
-5554.93407258002
-5554.99104146308
-5554.83159624876
-5554.83159624876
-5555.50873261609
-5554.83159624876
-5554.88160577159
-5554.8249079879
-5555.43336714914
-5556.42212768678
-5556.50016018633
-5555.50230506255
-5554.83159624876
-5555.17523059618
-5556.27885809839
-5555.12673270952
-5555.51294992517
-5554.91088092901
-5556.2895249282
-5554.83159624876
-5554.84932160881
-5554.83159624876
-5556.31849695767
-5556.26026927038
-5554.89085149531
-5555.08589173776
-5554.83159624876
-5555.41266060885
-5555.36228341397
-5554.88740403155
-5554.87429217304
-5555.45086294414
-5555.08071189497
-5554.88794565628
-5555.00749428086
-5554.88632134117
-5554.83159624876
-5554.83159624876
-5554.83159624876
-5556.29150464876
-5554.83159624876
-5555.43648332928
-5554.83159624876
-5555.13691924055
-5555.10120115309
-5554.89660432672
-5555.06597563987
-5554.83159624876
-5555.45265061071
-5556.16823716065
-5555.44406935271
-5554.83159624876
-5555.50411186524
-5555.40346141072
-5554.83159624876
-5555.10183555411
-5556.35451913999
-5556.25613292476
-5555.48923841265
-5556.39661206278
-5554.83159624876
-5556.32879462077
-5554.83159624876
-5554.94555984916
-5556.34051230502
-5555.00441934761
-5554.87397043835
-5555.1557121262
-5554.91411784943
-5555.00759789157
-5554.862709162
-5554.83159624876
-5554.83159624876
-5554.95509486042
-5555.42172610583
-5555.42206372714
-5555.49758824653
-5554.83159624876
-5554.93726485735
-5556.33015320037
-5554.83159624876
-5554.83159624876
-5556.20850028084
-5555.6270710645
-5555.25017464248
-5555.40827789334
-5554.95803148095
-5554.83159624876
-5554.83159624876
-5555.11699256295
-5555.09158823682
-5555.50433818987
-5556.24775457459
-5555.02385524009
-5554.88464635477
-5556.24366878297
-5554.93270658749
-5555.11284156184
-5556.48296021242
-5555.53799789584
-5555.44200594034
-5555.07643616098
-5555.110236896
-5554.87202715187
-5554.97745841158
-5555.01701551698
-5554.83634471556
-5554.90510248608
-5554.86443410194
-5556.26805708384
-5555.03961152419
-5554.83159624876
-5554.86729210433
-5556.25184163036
-5555.12024605893
-5554.91614580101
-5554.99501861891
-5554.83159624876
-5555.09561015335
-5555.52068470316
-5556.27358545117
-5554.91414670027
-5556.3194395536
-5554.85037041048
-5554.83159624876
-5555.0719189043
-5555.55386501876
-5556.26614203564
-5554.83159624876
-5555.15666379847
-5554.86169669462
-5555.13728296062
-5556.18600145501
-5555.48776160929
-5554.83159624876
-5554.87856509822
-5554.89891152318
-5554.88556462692
-5555.03324621312
-5555.08998752881
-5555.06513506112
-5554.86856907072
-5555.38006319691
-5554.83159624876
-5554.83159624876
-5555.48480903414
-5554.89348092197
-5554.88769272058
-5555.47192896973
-5555.40350162262
-5554.83159624876
-5556.27667347568
-5554.83159624876
-5555.04609088571
-5554.83159624876
-5555.32146917566
-5555.05202146449
-5555.08126985528
-5555.21402010524
-5554.79669576581
-5556.22191816777
-5554.88866072228
-5555.23389600065
-5555.39858471308
-5555.32051223371
-5554.83159624876
-5554.95462689342
-5554.83159624876
-5554.85765494813
-5555.09669042814
-5554.83159624876
-5556.09697139083
-5554.83159624876
-5554.83159624876
-5556.12772187436
-5555.09603095973
-5554.87336376579
-5555.15085762742
-5556.25616505764
-5555.22505365167
-5555.09279345379
-5555.54182842431
-5555.18077264026
-5555.19425639436
-5554.8536459445
-5554.83159624876
-5554.88173256922
-5554.88190274211
-5554.90089767274
-5555.21259563794
-5554.83159624876
-5554.8378101242
-5554.83159624876
-5556.25690163567
-5556.42051634967
-5554.87667544576
-5555.14947549821
-5555.06072009266
-5554.88394143598
-5554.83159624876
-5554.83159624876
-5555.08685891875
-5554.83159624876
-5555.17393361102
-5554.93488881637
-5556.21154037653
-5555.48025622229
-5555.51317399834
-5555.45922635466
-5555.4939289052
-5555.46024046527
-5555.06707047082
-5556.30470143004
-5555.0190596028
-5556.33204783471
-5555.539990682
-5555.42931493053
-5556.31669285817
-5556.34203321549
-5554.83159624876
-5555.21925951278
-5555.3968388952
-5554.95671669404
-5555.43359761069
-5555.43746115564
-5554.83159624876
-5555.1734386556
-5554.83159624876
-5554.83159624876
-5556.40315848319
-5556.41052350974
-5554.99542565515
-5555.51508335688
-5556.34409561693
-5554.93401301986
-5555.03465041334
-5556.36929079127
-5555.54666368436
-5555.10771023849
-5555.52430222884
-5554.83159624876
-5554.94332432516
-5555.12060354338
-5554.83159624876
-5554.97636910158
-5554.86441289255
-5555.01047271601
-5555.25615623878
-5556.23690538862
-5554.8972751556
-5555.12572758998
-5554.90617999467
-5554.87559271764
-5555.42459297373
-5554.83159624876
-5555.5622489393
-5555.13697469584
-5555.03520885761
-5554.83159624876
-5554.83159624876
-5554.85373051944
-5554.94865299712
-5554.83159624876
-5554.83159624876
-5554.88468419257
-5556.25421221576
-5556.2531750269
-5556.21747540832
-5554.83159624876
-5556.16003900653
-5555.0788205778
-5554.92131269239
-5555.48869300666
-5556.21631300073
-5554.95264676136
-5555.39825913509
-5555.43165955282
-5556.17128681286
-5554.89992828119
-5554.85922995404
-5555.40967925753
-5555.48418238603
-5555.14639163046
-5555.48210474151
-5555.2553611875
-5554.95237316763
-5556.28118352127
-5554.90948336711
-5554.83159624876
-5555.13850719902
-5555.21812827141
-5554.83159624876
-5556.31597339036
-5555.12733518287
-5554.85717396424
-5555.12456217292
-5556.29094359014
-5554.84761613334
-5555.05775916624
-5555.48203396248
-5555.13449467262
-5555.45065470731
-5555.38369955232
-5556.43335133157
-5555.49307375603
-5555.30863044442
-5554.83159624876
-5555.04849764504
-5554.83159624876
-5556.45033367073
-5556.33775720857
-5555.50833904591
-5554.90242439601
-5555.14099243787
-5554.87540285049
-5555.54596764799
-5555.00769198623
-5555.02915881179
-5554.85889182086
-5555.53325850925
-5555.07863371574
-5554.83159624876
-5555.08722020655
-5555.04489915092
-5554.83159624876
-5555.49059637951
-5556.23234591788
-5554.89931180054
-5555.06130350227
-5555.55085033031
-5554.83159624876
-5556.30335519897
-5554.91119551403
-5556.14593822432
-5556.26782917798
-5555.48631423786
-5556.39443188645
-5555.18994053974
-5555.44034769162
-5554.93985474393
-5555.42017598045
-5556.32989603312
-5556.38516227401
-5555.07301225631
-5554.89898512022
-5554.83159624876
-5554.88040433333
-5555.21004782031
-5556.31769057656
-5555.126619591
-5555.12811573654
-5554.83159624876
-5554.83159624876
-5555.39221544445
-5554.83159624876
-5554.83159624876
-5556.32220834487
-5555.51893993221
-5554.83159624876
-5555.12046799267
-5555.44100612739
-5555.44650198454
-5554.89189127549
-5554.83159624876
-5554.89784027264
-5554.9688823125
-5556.38220808335
-5555.48215572064
-5554.87058651175
-5554.90200894652
-5554.83159624876
-5554.85986521285
-5556.1682416576
-5554.98212691427
-5556.37185779098
-5556.3342712799
-5554.91095455207
-5554.85583380004
-5555.03631305346
-5555.40249026626
-5556.42131890874
-5555.46847464905
-5554.83159624876
-5554.83159624876
-5555.41636810556
-5555.13838094211
-5554.90950337408
-5556.0714376785
-5554.96549000266
-5555.36158510232
-5556.47967135755
-5555.438891559
-5556.23858962196
-5554.95136162656
-5555.39967952049
-5554.83159624876
-5556.11825389829
-5555.40297232457
-5554.98685434303
-5555.39051209496
-5554.83159624876
-5554.97629221421
-5555.43635541165
-5554.83159624876
-5554.90663986355
-5554.83159624876
-5555.03871517672
-5554.83159624876
-5554.92318161057
-5556.26385422928
-5556.22411802117
-5555.4150092473
-5554.96206871092
-5556.25547477518
-5554.83159624876
-5556.15146967521
-5554.83159624876
-5555.01798197853
-5554.83159624876
-5554.87545988565
-5554.88674836602
-5554.83159624876
-5554.83796245613
-5554.8446038964
-5554.87153682026
-5556.22328011697
-5554.83159624876
-5555.39381152428
-5556.32136706917
-5554.86621023441
-5556.13487902138
-5555.04799457689
-5554.83159624876
-5554.83159624876
-5554.83159624876
-5554.83159624876
-5554.90564908317
-5555.06631670345
-5556.29658639822
-5554.83159624876
-5556.50393442581
-5554.83159624876
-5555.15137017663
-5554.83159624876
-5555.46931624663
-5554.83159624876
-5554.83159624876
-5556.17941208545
-5555.15545567392
-5555.07767037343
-5555.40171663166
-5555.47301423532
-5554.86614557456
-5556.19008510154
-5556.42258427151
-5555.40709236569
-5555.55164226063
-5555.40542078492
-5556.41489483768
-5555.54244622138
-5555.41946242613
-5556.36176649821
-5555.46468084752
-5555.34688920331
-5555.14608097647
-5556.38423223414
-5555.26452674403
-5556.48361753421
-5555.44770475171
-5555.26265124567
-5554.83159624876
-5555.49541074221
-5555.0640001007
-5554.83159624876
-5554.87520206798
-5556.21277451568
-5555.18132947318
-5555.42608198305
-5556.30055055141
-5554.83159624876
-5555.18325807066
-5555.42709273133
-5554.83159624876
-5554.83159624876
-5554.92128494606
-5554.82972515378
-5555.62183887066
-5554.83159624876
-5554.97971066174
-5555.12927910663
-5555.1080507151
-5555.15853567697
-5554.93694716701
-5554.91337860794
-5555.44470922261
-5556.26575968531
-5555.49012727004
-5554.83159624876
-5555.46419543696
-5555.41143659055
-5555.48731244308
-5555.36464014072
-5554.87969404243
-5555.0326411606
-5555.09480642391
-5556.21311706925
-5554.83159624876
-5555.54310080361
-5554.91075053237
-5556.16315087333
-5555.00859735113
-5554.920720022
-5554.83159624876
-5554.9575723602
-5555.44912809249
-5556.13724962131
-5554.8615978932
-5555.01144258373
-5555.07269314418
-5554.87399441126
-5554.94341546066
-5554.83159624876
-5556.23442183164
-5555.14080676569
-5554.87250900215
-5554.85843263235
-5556.23562213258
-5554.89205097708
-5554.83159624876
-5555.50009903386
-5554.85939107969
-5555.05518561716
-5555.49487123597
-5555.08715893098
-5555.05896963852
-5554.83159624876
-5555.51005758457
-5556.39366552289
-5554.83159624876
-5554.83159624876
-5554.92962402873
-5556.2468654279
-5554.9230389658
-5555.44903568871
-5556.27939639558
-5554.83159624876
-5556.32446008447
-5555.24505464586
-5556.38041551317
-5556.25614419709
-5555.45931524218
-5556.34788498756
-5556.42797548956
-5554.83159624876
-5554.90366924161
-5555.36363512499
-5554.94310239044
-5554.99828832193
-5555.475626989
-5554.92584223616
-5555.37961264736
-5555.38322835116
-5556.26998510192
-5554.95985973621
-5555.48324105779
-5554.83159624876
-5556.2935198001
-5554.97826234286
-5555.55712505087
-5554.94410309429
-5556.28326890085
-5555.18541025327
-5554.83159624876
-5555.4593725833
-5555.1976575627
-5554.83159624876
-5554.83159624876
-5555.36028695203
-5556.21510543624
-5556.21959818295
-5555.00420022706
-5554.88988955627
-5555.47673757097
-5556.19089342836
-5555.39885684099
-5554.83159624876
-5555.19157245594
-5555.17997782148
-5554.83159624876
-5554.83159624876
-5555.22333853091
-5554.87763950979
-5554.83159624876
-5554.83159624876
-5554.913719495
-5555.08147179928
-5555.42488484149
-5554.83159624876
-5556.4882298485
-5555.52076189743
-5556.24774044777
-5554.83159624876
-5555.52633287457
-5555.42470567825
-5555.04682870843
-5554.95500728083
-5554.86197122463
-5555.05321906214
-5554.84113065277
-5554.89002054002
-5556.25590233041
-5556.34280667454
-5556.4021047959
-5555.13676178717
-5555.04736972454
-5554.88122175393
-5555.08485731266
-5556.31147261531
-5554.93363987282
-5554.83159624876
-5554.83159624876
-5555.48951703545
-5554.90312409783
-5554.96263621429
-5555.45167210333
-5554.93963098998
-5556.20730596498
-5555.4268874601
-5554.83159624876
-5554.83159624876
-5555.38519011427
-5556.09244874622
-5555.53476680221
-5554.83159624876
-5554.88008635356
-5556.12105739419
-5554.83159624876
-5555.46170819606
-5555.05677380193
-5555.19850382125
-5554.83159624876
-5554.95600329052
-5556.26830339904
-5556.38382256935
-5555.52849880602
-5555.02017872885
-5554.92767143287
-5554.83407252662
-5554.83159624876
-5554.83159624876
-5554.83159624876
-5555.02664224944
-5555.48254057833
-5556.398182989
-5554.86839756153
-5554.83159624876
-5555.41269106139
-5556.44893060977
-5555.4362293157
-5555.08669468091
-5554.83159624876
-5556.25571325958
-5554.90776780565
-5555.10435496236
-5555.06655172004
-5554.83159624876
-5555.45666565711
-5554.99086142894
-5555.41030951896
-5556.33051446156
-5555.44988113657
-5554.83159624876
-5556.3617088511
-5556.37242785569
-5556.33495810617
-5555.45229919335
-5555.51915695881
-5554.83159624876
-5554.93757426905
-5555.09709830884
-5555.62017737461
-5555.13976806464
-5555.05194508049
-5556.54126020878
-5554.93341956023
-5554.91350980727
-5555.04217575155
-5554.83159624876
-5554.83159624876
-5554.99856669814
-5555.55746514383
-5554.907396363
-5554.83159624876
-5555.12338990119
-5555.53291375145
-5554.91045190098
-5556.32056877083
-5554.91657831468
-5554.91670723998
-5556.29849389461
-5554.83159624876
-5555.41213211944
-5554.89814492559
-5554.86410828532
-5554.90186053316
-5555.60281370335
-5554.91338389597
-5556.37308391662
-5554.83159624876
-5554.92143762311
-5555.56481865102
-5556.24389918084
-5554.87426165498
-5554.89573907314
-5555.41654466989
-5554.83159624876
-5555.49960211183
-5554.90092852133
-5556.3055803185
-5554.95838103734
-5555.52564686315
-5555.117165392
-5554.89563443448
-5554.92776233654
-5556.17025302733
-5554.90576915929
-5554.89723334317
-5555.08198337965
-5554.83159624876
-5556.22115322062
-5554.83159624876
-5554.83159624876
-5555.10480562318
-5555.47950551772
-5556.41312401712
-5555.49553765673
-5556.32059601663
-5554.97561001229
-5556.41067661547
-5554.87521853201
-5555.09881028164
-5555.18507741771
-5555.48649390533
-5554.95593837495
-5555.61443885493
-5554.9519435337
-5555.45814265007
-5556.37805854318
-5554.83159624876
-5555.15462989362
-5556.10439965093
-5555.45528838607
-5555.46226760677
-5554.83159624876
-5554.82604105911
-5554.8939113237
-5554.99177946558
-5556.46436794545
-5555.23228342403
-5555.01595541961
-5556.3349942327
-5555.44772447155
-5555.25110834827
-5556.22975069754
-5555.03558253639
-5556.4548795367
-5555.03991444809
-5554.83159624876
-5554.89434214971
-5555.42735175947
-5556.29441055091
-5556.23028573663
-5556.27576241458
-5555.55496167853
-5555.08235712522
-5554.88957952744
-5555.06534950032
-5554.83159624876
-5556.45466262962
-5555.43563860498
-5554.83159624876
-5555.32813728996
-5554.83159624876
-5555.44985111911
-5556.3534312234
-5554.83159624876
-5556.22765862576
-5554.96294145364
-5555.164361705
-5554.83159624876
-5556.22214152408
-5555.12915501366
-5554.83159624876
-5556.35159501734
-5556.21082419287
-5554.8631361273
-5554.8747234156
-5555.0397936827
-5555.38088892338
-5555.1451027457
-5554.88276577353
-5555.09110297282
-5554.84267618168
-5555.03179942439
-5554.83159624876
-5554.83159624876
-5555.42182923603
-5555.37347380109
-5554.83159624876
-5554.83159624876
-5555.38898659962
-5554.83159624876
-5554.90850214568
-5555.17426924987
-5555.10602036736
-5554.93544299016
-5555.46203815461
-5556.23435410703
-5556.25661719911
-5555.11638292238
-5555.48627041999
-5556.31976203798
-5556.27586596894
-5554.9554842072
-5554.89464333023
-5554.83159624876
-5556.20729727315
-5555.46302384487
-5555.41338086001
-5554.83159624876
-5554.90922542905
-5555.02341257936
-5554.83159624876
-5554.86789788083
-5554.83159624876
-5554.83159624876
-5554.83159624876
-5555.43690933398
-5554.83159624876
-5555.33446260587
-5555.44127497122
-5554.83159624876
-5556.33444082429
-5555.03381005064
-5555.24703371097
-5555.15579447862
-5554.93883612713
-5555.50566912976
-5556.3042405247
-5556.28886267033
-5554.83159624876
-5554.83159624876
-5555.07743114821
-5555.50461196779
-5555.47442320182
-5556.39716733002
-5555.23295397108
-5555.4523129698
-5554.83159624876
-5555.12427272413
-5556.42758782606
-5554.88870757701
-5554.89138844678
-5555.04871474686
-5554.7922742367
-5556.37057953323
-5555.51353955052
-5556.32639027372
-5555.53496352784
-5555.50920757525
-5555.34889455893
-5555.41863059295
-5555.01207703508
-5554.83159624876
-5556.34944085
-5555.27901514156
-5556.43371428851
-5555.12153280795
-5554.83159624876
-5554.9654890637
-5554.92522315841
-5556.30384190055
-5556.38079191569
-5556.40856002897
-5554.83159624876
-5556.35608584601
-5554.9199550772
-5554.83159624876
-5555.49538570076
-5554.91599986504
-5556.16531889465
-5555.42831294006
-5556.39167172897
-5555.30417343101
-5555.46098945979
-5554.83159624876
-5555.14051798353
-5556.20793406469
-5554.83159624876
-5554.90453600244
-5556.23626913563
-5555.01117875974
-5554.94110714342
-5554.92971993436
-5555.4652853438
-5554.83159624876
-5554.86041234655
-5554.90449465545
-5554.87621796837
-5554.83159624876
-5555.02602810495
-5554.83159624876
-5556.30153467794
-5554.83159624876
-5554.93028013744
-5554.89525378719
-5556.31427492914
-5554.83159624876
-5555.4415763127
-5554.84217368346
-5555.42296986311
-5554.83159624876
-5554.97317226006
-5555.2140880009
-5556.39733469171
-5556.28920061301
-5554.83159624876
-5556.33971189813
-5554.83159624876
-5554.86027064491
-5554.98346572966
-5555.07937208759
-5554.85287903
-5556.4102730879
-5555.21077435822
-5555.53254086387
-5555.00878159554
-5554.88745677887
-5555.52117062439
-5554.83159624876
-5554.83159624876
-5556.17020204563
-5556.34600425689
-5556.32407779032
-5555.41919013295
-5555.01129293687
-5555.52994780229
-5554.83159624876
-5554.83159624876
-5554.91772217128
-5555.18375485136
-5555.48616408744
-5554.91905859623
-5555.22719955764
-5556.33663496278
-5555.41796689083
-5555.08135956813
-5554.86375369736
-5555.48411203012
-5555.46917744391
-5555.55522751697
-5554.83159624876
-5555.05445134475
-5555.04235118757
-5554.8184383397
-5554.90986304698
-5555.01372633877
-5555.3698334676
-5554.93204055858
-5556.28913284406
-5555.42918921271
-5554.91966984534
-5555.37637116809
-5555.41560679377
-5556.34545000275
-5554.83159624876
-5554.83159624876
-5556.35347943158
-5555.51244944123
-5556.41527999907
-5555.13888243653
-5554.83159624876
-5555.35961869902
-5554.83159624876
-5554.99817830916
-5554.96109234209
-5556.35470901159
-5554.83159624876
-5554.83159624876
-5554.83159624876
-5556.31512377752
-5554.87508983529
-5554.88782230349
-5555.5044443541
-5555.46477374078
-5556.13225294899
-5554.88189919915
-5554.83159624876
-5555.40086986185
-5555.48237804173
-5555.00703181019
-5554.9115804609
-5556.29417006393
-5555.53860946185
-5554.97651148286
-5554.95806009086
-5554.83159624876
-5556.4503863583
-5556.43380620823
-5554.83159624876
-5554.90869378942
-5554.83159624876
-5554.97388572054
-5556.50578753136
-5556.31489866372
-5554.86746612212
-5555.46140453044
-5556.31529873595
-5555.42539185951
-5556.3735966511
-5554.90856552797
-5556.59089933613
-5556.52111433728
-5554.8597819676
-5554.83159624876
-5556.27416572962
-5554.86787191404
-5555.06093624681
-5554.83159624876
-5554.91623192558
-5556.47846701009
-5556.57953638413
-5555.16580659315
-5555.36373964135
-5554.83159624876
-5555.53901777886
-5556.50015150043
-5554.83159624876
-5556.10460492297
-5554.91209531295
-5555.4823268684
-5555.13833286974
-5555.44988974727
-5556.26572936503
-5556.42712117179
-5554.83159624876
-5554.83159624876
-5554.96412151865
-5555.37127451584
-5555.11253091108
-5554.83159624876
-5556.23152629972
-5555.17716675288
-5556.40794438381
-5555.19315490147
-5554.83159624876
-5556.134458519
-5554.8352308086
-5555.22212945661
-5556.09053129771
-5555.05111221696
-5555.44891034349
-5554.83159624876
-5555.1246580515
-5554.86717342418
-5554.83159624876
-5555.52976851212
-5555.04396818731
-5554.83159624876
-5556.27663722576
-5554.83159624876
-5555.07383679933
-5555.53855883312
-5554.83159624876
-5555.09436193244
-5554.97280283544
-5554.88501062755
-5554.91173840254
-5555.07098708607
-5555.44213466962
-5554.90655694249
-5556.24644714631
-5555.41322611132
-5554.93430438251
-5555.40822673402
-5554.83159624876
-5556.18873544916
-5554.95001051558
-5555.4800840782
-5554.83159624876
-5554.83064983393
-5555.53690499772
-5555.11956588184
-5555.45237947101
-5554.98647566024
-5555.45914002202
-5554.97586196216
-5556.32175489413
-5555.10842090048
-5554.87024240589
-5555.14399653429
-5556.36860182639
-5555.50296151399
-5554.83159624876
-5554.83159624876
-5554.91596349629
-5555.20515079905
-5555.53084931414
-5556.32432445521
-5555.54716441252
-5555.08277129345
-5555.2916547738
-5554.83159624876
-5556.3518939446
-5556.53362657476
-5556.3333342088
-5555.02493780076
-5555.53308638908
-5556.57666680296
-5556.38221187058
-5554.92340059852
-5555.49516325641
-5555.12071733235
-5555.12794806893
-5556.30447353743
-5555.28270653187
-5554.83159624876
-5554.83159624876
-5554.83159624876
-5556.62341631025
-5555.29247773842
-5554.83159624876
-5555.44854211612
-5554.83159624876
-5554.99427287665
-5554.83159624876
-5556.33836736455
-5556.50837288128
-5555.52816651756
-5556.44017032009
-5555.05322548947
-5554.99416198662
-5555.07551944028
-5554.83159624876
-5556.3646965953
-5554.81401787774
-5555.02798228525
-5555.07763228519
-5555.51887234409
-5555.34818708449
-5555.49176959034
-5554.83159624876
-5555.20319423948
-5555.19338154538
-5554.83159624876
-5554.83159624876
-5556.30992205779
-5554.94409526177
-5556.18614037509
-5554.92356798367
-5555.38084019426
-5556.27669522931
-5555.48127458877
-5554.83159624876
-5555.59666824494
-5554.94190001334
-5554.83159624876
-5554.83159624876
-5554.96876457604
-5555.43341548776
-5555.47083700814
-5556.24090118047
-5555.03172257488
-5555.4484241449
-5554.83159624876
-5556.34245777889
-5556.20703689011
-5555.07225939741
-5555.47803687678
-5555.13244231742
-5555.46625580233
-5556.26589220505
-5554.92038701568
-5554.95471460323
-5554.8621626935
-5554.86827853974
-5555.07624573828
-5554.90129272189
-5555.14828050829
-5554.92637672404
-5555.45299199562
-5554.93150295304
-5555.15246832193
-5554.88959599863
-5555.49310271728
-5555.23461353534
-5554.83159624876
-5556.5278421087
-5555.39696507663
-5555.43904701859
-5555.35122102626
-5555.44330670732
-5554.93480125009
-5554.83159624876
-5554.83159624876
-5556.29746602777
-5555.4805483762
-5555.41337447096
-5556.05593928967
-5554.83159624876
-5554.83159624876
-5554.83159624876
-5556.48010989626
-5555.40720925178
-5554.83159624876
-5556.29217593155
-5555.21108917773
-5554.83159624876
-5556.36650756565
-5555.07035484217
-5554.83159624876
-5554.85217696852
-5556.27780520395
-5555.04654129536
-5556.29273869561
-5556.26492224981
-5555.43370295017
-5554.83159624876
-5554.88577112533
-5555.49299423974
-5555.07837096837
-5554.83159624876
-5555.03558438583
-5554.83159624876
-5555.1926471886
-5554.96465135834
-5555.01445004443
-5556.34324477535
-5555.15279258657
-5554.83403786943
-5555.18029796961
-5556.37294797363
-5556.37311102172
-5554.84232283282
-5554.92205114068
-5555.37344199895
-5555.24032211596
-5554.83159624876
-5555.45918451379
-5554.83159624876
-5554.83159624876
-5555.11640175423
-5554.98940229548
-5555.56566815256
-5555.15441348018
-5556.34436081275
-5554.83159624876
-5555.14713573198
-5554.83159624876
-5555.40436753383
-5555.57400994609
-5554.83159624876
-5556.43768753001
-5554.83159624876
-5556.25278223618
-5555.49083091057
-5556.29824812688
-5554.83159624876
-5555.12825528948
-5556.3609047828
-5556.33301829742
-5556.34555363498
-5555.25877428202
-5555.12496069874
-5554.83159624876
-5554.91912828162
-5555.2022106318
-5555.49639940205
-5554.83159624876
-5555.4960169212
-5554.83159624876
-5555.56443218765
-5556.31514415566
-5556.38019393189
-5556.37957500493
-5555.47222420846
-5554.87582278858
-5554.83159624876
-5555.11097575457
-5554.83159624876
-5554.92841324395
-5555.5219453007
-5554.95009336307
-5556.36250336753
-5555.38617124596
-5554.89592723885
-5554.83159624876
-5554.83159624876
-5556.17995401635
-5556.1270376296
-5555.13763351873
-5554.83159624876
-5556.24859707817
