# type 1 occupying energies
-5570.02322893943
-5568.78289356047
-5569.86534437612
-5569.96473214359
-5568.46880725618
-5569.92467472184
-5569.92941091023
-5568.52077528929
-5569.24179287363
-5568.76119841124
-5568.57313994599
-5568.51335659957
-5568.75016636869
-5570.10152164451
-5570.01441991556
-5569.15283642144
-5568.43479321086
-5568.39632262832
-5568.49091277795
-5570.00521128788
-5568.57313994599
-5569.85484885515
-5568.57313994599
-5568.64810090127
-5568.48416007666
-5568.78825322999
-5568.57313994599
-5568.52445153353
-5568.90332301122
-5569.00232127286
-5569.77728604322
-5568.47903237509
-5568.57313994599
-5568.6527826241
-5568.57313994599
-5569.87408434056
-5569.22568060165
-5568.64606810257
-5569.93153095215
-5569.04756480729
-5568.79288461445
-5568.54288042435
-5568.95612546775
-5569.73447669532
-5568.38994228848
-5569.01636190483
-5568.57313994599
-5568.44807038284
-5569.07448560139
-5568.94536772452
-5568.57313994599
-5568.68752320596
-5568.44085248425
-5569.96874737442
-5568.57313994599
-5569.13885068857
-5568.49930243731
-5568.98235081726
-5568.96445764922
-5568.49189599949
-5569.05060875059
-5568.57313994599
-5569.78312582961
-5568.57313994599
-5568.49879259827
-5569.01623154865
-5568.57313994599
-5568.47998213991
-5568.82733897648
-5568.5212214661
-5568.76496968672
-5569.81253496468
-5569.14354266564
-5568.46145268123
-5569.05252368652
-5569.95277781702
-5570.03461220353
-5568.89623603161
-5568.9855994051
-5569.89629730816
-5568.47439601292
-5568.44869340582
-5568.47606643742
-5569.88440400049
-5568.43230614074
-5568.57313994599
-5568.57313994599
-5568.68895430861
-5568.57313994599
-5568.61520445238
-5568.57313994599
-5568.57313994599
-5569.96604527176
-5568.57313994599
-5569.98042207256
-5569.9134106237
-5569.16701546789
-5568.76621786737
-5568.57313994599
-5569.98383784039
-5569.09753543252
-5568.70190660931
-5568.57313994599
-5568.47958508708
-5568.57313994599
-5569.12754334507
-5569.1482626567
-5568.4770252424
-5568.43820276272
-5568.57313994599
-5569.11292578202
-5568.47297243092
-5569.24826080696
-5568.82727110035
-5568.57313994599
-5568.85951629864
-5568.42521465271
-5569.03835985946
-5569.73032130709
-5568.96444641899
-5568.47695471923
-5569.94349564393
-5568.80094729613
-5568.39179504
-5568.57313994599
-5568.79144493465
-5570.06252769679
-5568.986585017
-5570.02217401725
-5568.47110289945
-5569.94580968145
-5568.42390223217
-5569.88968663325
-5569.94583821235
-5569.79782369671
-5568.50631244336
-5569.10623858187
-5568.40250414244
-5568.75395073886
-5568.57313994599
-5568.55281758201
-5569.02332094659
-5568.99087463652
-5569.01776796358
-5568.51029481734
-5569.16578390331
-5568.48324257474
-5568.57313994599
-5569.9951731711
-5568.92779299239
-5568.44787933772
-5569.83653516825
-5569.11465119093
-5568.46085761434
-5569.02616025786
-5568.57313994599
-5569.85317402506
-5568.41800823016
-5568.77572314019
-5568.74553334412
-5569.1734295875
-5569.93104987325
-5568.57313994599
-5568.50789317646
-5569.89484030678
-5568.57313994599
-5568.78164936637
-5570.02477648986
-5569.25543013826
-5569.14043459113
-5568.71772591361
-5568.80253051064
-5568.57313994599
-5568.76410642832
-5568.80088672571
-5568.57313994599
-5568.51461220692
-5568.57313994599
-5569.31505916723
-5568.78753734975
-5568.50208048088
-5569.92046878523
-5569.99383076528
-5568.74480740147
-5568.57313994599
-5568.57313994599
-5568.50857273706
-5568.75223859744
-5568.79671937997
-5569.97061254154
-5568.57313994599
-5570.05046957267
-5568.7763184758
-5568.53783641986
-5568.78549761599
-5568.57313994599
-5569.94924713897
-5569.04107265338
-5568.57313994599
-5568.3906537977
-5568.43029067228
-5569.85523938576
-5569.11649955356
-5568.39227265054
-5568.75020954546
-5568.48232973905
-5568.57313994599
-5569.18701366708
-5568.57313994599
-5570.01169490189
-5569.08463293494
-5568.88318905484
-5569.05560441331
-5568.41872371335
-5568.57313994599
-5568.67598929534
-5568.57313994599
-5568.99990982498
-5568.91234800028
-5568.33409642135
-5569.00479024812
-5568.94933410842
-5569.78740690721
-5569.05107997556
-5568.91145611002
-5568.77501687129
-5570.03867313653
-5568.57313994599
-5568.57313994599
-5569.94742739051
-5568.57313994599
-5568.38239544041
-5569.77766959792
-5568.9168605888
-5568.45417413294
-5568.72327382952
-5568.51687654656
-5568.57313994599
-5569.08463240921
-5569.93401393982
-5568.80203800219
-5568.51907922899
-5568.46084777641
-5569.89814949567
-5568.89390481962
-5568.80851136095
-5568.75518248534
-5568.57313994599
-5568.50597470561
-5568.6461700664
-5568.94686662458
-5568.97930577852
-5568.87827597931
-5568.7380040988
-5568.48306397415
-5568.57313994599
-5568.57313994599
-5568.50875529783
-5568.57313994599
-5568.57313994599
-5568.57313994599
-5568.75929400383
-5569.95139384611
-5568.57313994599
-5568.57313994599
-5568.66029150634
-5568.51737901678
-5568.54848082084
-5568.57313994599
-5568.71793938172
-5569.9568801188
-5568.48420665215
-5568.44711764796
-5569.11325738924
-5568.74264118119
-5569.19399764737
-5568.57313994599
-5568.51174964409
-5568.57313994599
-5570.01149115166
-5568.76794178703
-5569.92395619928
-5569.13087817679
-5568.57313994599
-5568.85630689809
-5569.01530842192
-5569.07883987033
-5569.92629667255
-5568.49404510903
-5568.74433203906
-5569.13235517591
-5568.57313994599
-5569.2097987958
-5568.57313994599
-5568.49231168016
-5568.57313994599
-5568.78150334464
-5568.44227367706
-5569.90102798744
-5568.57313994599
-5568.78614594311
-5568.75104373488
-5569.96318039037
-5568.57313994599
-5568.71661849303
-5569.8750925584
-5569.94663802706
-5568.79923714327
-5568.53510967445
-5568.57313994599
-5569.91655343112
-5569.84542622939
-5568.46747309655
-5568.57313994599
-5568.57672775501
-5568.66244075679
-5569.16163322031
-5568.51781880191
-5569.12902221597
-5568.64650191685
-5568.57313994599
-5568.48252570121
-5568.6493914768
-5568.58972674997
-5568.73843380956
-5568.41690293931
-5568.57313994599
-5568.58697401092
-5568.57313994599
-5568.57313994599
-5568.69202635659
-5568.52559971163
-5568.57313994599
-5569.99360691729
-5568.68924936046
-5569.93476599381
-5569.90456117482
-5569.88123591586
-5568.63851299273
-5568.46829131381
-5568.67890688699
-5568.75992331402
-5568.71399424812
-5568.57313994599
-5568.95576885481
-5569.88557632841
-5569.94516129402
-5568.48204930907
-5568.57313994599
-5569.18864389237
-5569.09176160724
-5568.57313994599
-5569.01378790114
-5568.97017386824
-5568.57313994599
-5569.9322056071
-5568.57313994599
-5568.45833622315
-5568.73772436062
-5568.93946292401
-5568.43284135505
-5570.13022596083
-5568.87618467748
-5569.00850983736
-5569.83076269083
-5569.95678251042
-5569.09343120978
-5568.67412910342
-5569.91005627179
-5568.73961013271
-5568.95822680583
-5568.90403678647
-5569.04613260048
-5570.00566760451
-5569.02486901425
-5568.52331337161
-5569.88220695691
-5569.77239041274
-5569.95400223335
-5569.95502105603
-5569.05426562364
-5568.76994770597
-5568.78131219178
-5570.0421084005
-5569.23497894252
-5568.45005355434
-5570.03331759414
-5570.04570630105
-5568.47793352307
-5568.81399187693
-5568.45616813648
-5569.92903401191
-5569.97465559354
-5568.4705422338
-5569.20400531992
-5568.81770490439
-5568.57313994599
-5568.70829325103
-5568.4600142108
-5568.43188685977
-5569.08655739181
-5568.77060580665
-5569.96296226833
-5568.49169354412
-5569.1743581309
-5569.03860182698
-5568.39444792532
-5569.06673198232
-5569.03273678459
-5569.78084001506
-5569.91154171345
-5568.76139332303
-5568.7962215533
-5568.57313994599
-5568.57313994599
-5568.57313994599
-5568.70700614008
-5568.57313994599
-5568.57313994599
-5568.71006829743
-5568.57313994599
-5568.50169016182
-5569.15636831164
-5568.57313994599
-5568.50813636638
-5568.69034012934
-5568.53476301794
-5568.4864316519
-5568.57313994599
-5569.06061941633
-5569.07217075004
-5568.57313994599
-5570.11813476761
-5569.97802627707
-5568.77945053843
-5568.47932177608
-5569.02292012729
-5568.57313994599
-5569.13388173003
-5569.12280262236
-5570.01631848497
-5569.79970907026
-5568.74854100172
-5568.50297654625
-5569.08855423295
-5568.84783021769
-5568.77299780979
-5568.73449019519
-5570.01241634958
-5569.82962789296
-5569.09350160121
-5568.39296493724
-5568.43498877966
-5568.92578595968
-5568.76283766282
-5570.00102331949
-5569.89973433169
-5568.50074634691
-5569.16165661132
-5570.01815730952
-5569.00525231187
-5569.97698866442
-5569.12736481152
-5569.17286116148
-5568.45480586989
-5570.01882483546
-5568.57313994599
-5568.57313994599
-5569.06102341205
-5568.53962239747
-5568.57313994599
-5569.10120463396
-5568.41681106659
-5569.82167419247
-5569.08857753981
-5568.74951148669
-5569.91369392671
-5568.7866151839
-5569.9831991993
-5569.97684446892
-5569.07061844935
-5568.46413045405
-5569.94155457455
-5568.57313994599
-5569.81860099579
-5569.08206171954
-5568.70941339116
-5568.8105694116
-5568.69301942768
-5568.52886093273
-5568.50623193396
-5568.57313994599
-5569.92735798227
-5568.50969482363
-5568.57313994599
-5568.78435105027
-5569.00531349336
-5568.52941723746
-5568.57313994599
-5568.57313994599
-5568.57313994599
-5568.53700846152
-5568.48500061418
-5568.49988479593
-5568.77887113319
-5568.81190061209
-5568.79377851094
-5570.00688328169
-5569.95811808719
-5570.04639317371
-5569.06409639308
-5568.57313994599
-5568.80760621485
-5569.95248700213
-5568.44863020903
-5570.02959537868
-5569.15203336751
-5569.9118190788
-5568.73293553025
-5569.17504601106
-5568.57313994599
-5569.91389214254
-5569.82216048049
-5569.04354425628
-5568.97793121707
-5568.98523027796
-5569.95744409956
-5569.97713779655
-5568.89118011931
-5569.02621519157
-5569.01415392486
-5568.78071991374
-5569.84498503443
-5568.40270304391
-5568.57313994599
-5568.57313994599
-5569.98090577701
-5568.38437284543
-5568.92076910981
-5568.57313994599
-5568.40798387404
-5568.53051445613
-5568.51215662543
-5568.57313994599
-5568.57313994599
-5568.57313994599
-5569.02003122658
-5568.45953027467
-5568.47536495859
-5568.89461284679
-5568.76250533266
-5570.09515839845
-5568.70860125358
-5569.1624262996
-5568.66360843015
-5568.57313994599
-5568.57313994599
-5568.57313994599
-5568.57313994599
-5568.73115125787
-5568.77891157247
-5568.47638023034
-5568.57313994599
-5569.88621758853
-5569.88242497676
-5569.05764060097
-5568.50639438562
-5568.93341988413
-5568.8954130437
-5569.88824746449
-5568.95580135519
-5569.16889350212
-5568.70949797374
-5568.51490325412
-5568.76612808845
-5568.57313994599
-5568.70106885651
-5569.16301033654
-5568.50359225475
-5568.65421853404
-5568.52555472362
-5568.53444575135
-5568.63702210628
-5569.12649916457
-5568.74252416756
-5569.81021105214
-5568.57313994599
-5568.52436815967
-5568.54547086829
-5568.46399451698
-5568.51089276829
-5569.82128054336
-5568.8234524278
-5568.5272034036
-5568.75787847876
-5569.10919834346
-5569.05427060704
-5568.74814455756
-5568.52153698593
-5568.57313994599
-5568.62057947135
-5568.57313994599
-5568.75796181557
-5569.95082317801
-5568.57631378578
-5569.19347255785
-5569.83131224218
-5568.57313994599
-5568.49591751402
-5568.57313994599
-5568.54701166334
-5568.54955042898
-5569.11370048944
-5569.91350364597
-5568.47926634823
-5568.50016624733
-5568.57313994599
-5569.06347027544
-5569.86229698194
-5569.05815339731
-5568.57313994599
-5568.66943921485
-5568.57313994599
-5569.07152688508
-5569.02093895889
-5568.45394396836
-5568.7867124638
-5568.76118924531
-5568.57313994599
-5569.05454994791
-5568.92611441508
-5569.80399934256
-5569.93687930762
-5568.57313994599
-5568.42071452092
-5569.05847481218
-5568.68995428712
-5569.12789672483
-5568.57313994599
-5570.02273812643
-5568.80450537141
-5568.50113775469
-5569.92055706245
-5568.76683480258
-5568.57313994599
-5568.57313994599
-5569.0179303479
-5568.57313994599
-5569.85595198671
-5568.57313994599
-5568.72266339831
-5569.21180610554
-5569.94259999936
-5569.02079652059
-5568.57313994599
-5568.69159282333
-5568.78137323151
-5568.87035692624
-5568.57313994599
-5568.73164420741
-5568.57313994599
-5568.45501523483
-5568.48923234289
-5568.54193436742
-5568.82382606569
-5569.14367376158
-5568.49088302527
-5568.68940721755
-5569.21568491206
-5569.01339878354
-5568.52841215615
-5568.41505707492
-5568.57313994599
-5568.57313994599
-5568.6918362111
-5568.57313994599
-5568.57313994599
-5569.18595476373
-5568.57313994599
-5570.00337188155
-5568.57313994599
-5568.83060322173
-5569.9215281017
-5568.80830295707
-5568.57313994599
-5568.75952068185
-5568.57313994599
-5568.81324620691
-5568.56506032865
-5568.50825820781
-5568.76737887645
-5570.01695356397
-5568.57313994599
-5568.57313994599
-5570.12596498317
-5570.04711965703
-5569.15979270344
-5568.50472152469
-5568.45167430053
-5568.77572383527
-5569.84958220172
-5569.19841788069
-5568.76535521119
-5568.57313994599
-5568.68122042345
-5568.55001583689
-5569.13998987174
-5568.81317759448
-5568.79576270003
-5568.455743069
-5568.57313994599
-5570.01872045239
-5568.80581855158
-5568.45204056099
-5568.71933016359
-5568.75349186294
-5568.57313994599
-5568.49610328734
-5569.89268016004
-5568.51825434331
-5568.76383535463
-5568.81322972673
-5568.57313994599
-5568.57313994599
-5568.56446173801
-5569.1268861837
-5568.50199893153
-5568.76601606084
-5568.57313994599
-5568.74821410907
-5568.57313994599
-5568.57313994599
-5569.92100262761
-5568.77064227695
-5568.57313994599
-5568.84200712105
-5568.57313994599
-5568.51927258166
-5569.96233864796
-5569.07802759485
-5568.50005445936
-5569.96791985344
-5569.31126532606
-5569.93426910015
-5569.04979601013
-5568.53470459063
-5569.10586817848
-5568.76577040031
-5568.78747979778
-5568.79226360327
-5570.08956025367
-5568.70498303402
-5569.9878560195
-5568.757182352
-5568.57313994599
-5568.71735785461
-5569.10219985194
-5568.74680831588
-5568.80953320322
-5570.02642628024
-5568.57313994599
-5568.55813893137
-5568.72340215042
-5569.15413334586
-5568.57313994599
-5570.07290237847
-5568.57313994599
-5568.57313994599
-5569.95553391415
-5568.4845847112
-5569.26873878332
-5569.92651114916
-5568.57313994599
-5568.57313994599
-5568.57313994599
-5568.57313994599
-5569.95879319982
-5568.58341020857
-5568.57313994599
-5568.52332974212
-5569.81463889965
-5568.57313994599
-5568.57313994599
-5569.10752839014
-5568.51943710651
-5568.67552199635
-5568.57313994599
-5569.90104430345
-5568.57313994599
-5569.08489980416
-5569.21696886494
-5568.76850247836
-5568.57313994599
-5568.66455783816
-5568.57313994599
-5568.51873163807
-5568.76166014179
-5568.50519063433
-5568.7561210386
-5568.55275725046
-5568.4996048972
-5568.63915362083
-5568.57313994599
-5568.67284092196
-5568.57313994599
-5568.63924347706
-5568.57313994599
-5569.92199744462
-5568.46777151457
-5568.82605907652
-5568.84450560007
-5569.19793035169
-5569.23901848651
-5569.2708137552
-5568.57313994599
-5568.57313994599
-5569.92258681939
-5568.52222637594
-5568.57313994599
-5569.82176554369
-5569.01529360839
-5569.20079804565
-5568.52371471879
-5568.57313994599
-5568.57313994599
-5568.76579947099
-5569.89151031978
-5568.57313994599
-5568.57313994599
-5568.65738211315
-5568.99858450389
-5568.86238808202
-5569.99058879546
-5568.77358295721
-5568.57313994599
-5568.6792954301
-5569.07725991142
-5568.57313994599
-5568.97298845546
-5569.25031441254
-5569.80930390122
-5569.8319729195
-5568.48654011293
-5568.57313994599
-5568.57313994599
-5568.62896562644
-5569.1456597634
-5568.72826704996
-5568.59928285366
-5568.53270715821
-5569.82406484204
-5568.53563745695
-5569.89051956535
-5568.51926870719
-5568.50489073027
-5568.57313994599
-5568.45240372345
-5568.57313994599
-5569.94057972153
-5568.72185279588
-5568.7432354667
-5569.91992704952
-5569.98098321953
-5569.0445924551
-5568.57313994599
-5568.57313994599
-5570.00293791095
-5568.47145235929
-5568.54199335408
-5568.75929551077
-5569.23537883975
-5568.57313994599
-5568.52443760049
-5568.51198581406
-5568.49752299293
-5568.7598267745
-5569.0699076343
-5569.9964989373
-5568.47662816068
-5568.57313994599
-5568.57313994599
-5568.57313994599
-5568.76731531599
-5568.77949980769
-5568.46566824097
-5568.96716362991
-5569.82227209922
-5569.09751295561
-5569.98562802263
-5569.28662900271
-5568.85445002975
-5569.05507610585
-5568.80283815014
-5570.08259547425
-5570.10101741157
-5568.57313994599
-5568.46966267755
-5569.87474041815
-5568.43269845364
-5568.57313994599
-5568.77498041907
-5568.86645267163
-5568.81630277802
-5569.07704263648
-5568.46381900376
-5568.76454659475
-5568.98995868721
-5568.53853920224
-5568.99810498421
-5569.18683743779
-5568.529910936
-5568.74318717977
-5568.79313134339
-5568.82850434996
-5569.86701252317
-5568.57313994599
-5568.50732374473
-5569.98810082014
-5569.00655785293
-5569.06598078258
-5569.90725800931
-5568.68826096737
-5569.20444553776
-5569.01421469986
-5569.84458143711
-5569.06768025646
-5568.57313994599
-5568.7072096421
-5568.74666370517
-5568.57313994599
-5568.57313994599
-5568.57313994599
-5568.65801717591
-5568.57313994599
-5568.57313994599
-5569.05083354606
-5569.77967067046
-5569.11198175415
-5568.97842128834
-5568.84498552315
-5569.08146853247
-5568.57313994599
-5569.93066825245
-5569.98177907724
-5568.78082407322
-5568.57313994599
-5568.72723836056
-5568.49352481442
-5569.96793958117
-5568.57313994599
-5569.92812974107
-5569.01281410879
-5569.80456004153
-5568.7413971562
-5570.00806155131
-5568.57313994599
-5568.51542513539
-5569.1471945823
-5568.76095579069
-5570.08955707984
-5569.02836600661
-5569.98267620657
-5568.47751659129
-5568.86669418499
-5568.57313994599
-5569.15095195025
-5569.88069619724
-5568.76159013584
-5568.51428792043
-5570.03668470358
-5568.67005447535
-5568.57313994599
-5568.57313994599
-5569.1839820074
-5568.50118590797
-5569.97925435771
-5569.17307288461
-5568.57313994599
-5568.83395445603
-5570.09976660705
-5568.47619859752
-5569.96812289097
-5568.47262240608
-5568.84341555081
-5568.57313994599
-5568.82023822434
-5568.74224199423
-5569.19110550871
-5568.72792538807
-5568.57313994599
-5568.74606079237
-5568.76478549974
-5568.82932382485
-5570.12175843872
-5569.89214167566
-5568.57313994599
-5570.10397364901
-5568.57313994599
-5568.57313994599
-5568.57313994599
-5568.76267750459
-5568.57313994599
-5568.57313994599
-5568.80278497903
-5569.10729891396
-5568.57313994599
-5568.57313994599
-5568.57313994599
-5568.57313994599
-5568.5084716449
-5569.77819324171
-5568.43003559862
-5569.88358976332
-5569.05827992169
-5568.62529283161
-5568.55268956495
-5568.57313994599
-5568.4768365024
-5568.69368980698
-5568.48485540965
-5569.18704972406
-5569.9219603486
-5568.57313994599
-5569.88959055202
-5569.05984795921
-5568.62920608868
-5568.57313994599
-5569.10011234157
-5569.05944182186
-5568.77452090362
-5569.12415429555
-5568.86559019518
-5570.06105626768
-5568.57313994599
-5568.4904729649
-5568.77761589752
-5568.83581044127
-5568.57313994599
-5569.92143065813
-5569.9514346827
-5569.19693343925
-5569.05480056021
-5568.76274032984
-5569.97192903942
-5568.46953133742
-5568.48808817681
-5570.01276413556
-5569.03114921447
-5569.95997551923
-5569.87693460328
-5568.38430075467
-5568.96276915393
-5568.45771997642
-5568.66672704712
-5568.41389626374
-5569.02254919056
-5568.38039035951
-5568.74861510208
-5568.7734892888
-5569.89123855844
-5568.57313994599
-5568.46995815196
-5569.07266094752
-5568.57313994599
-5569.87562399264
-5568.48134233465
-5568.51925396258
-5568.76301106406
-5569.1421253991
-5568.81748154078
-5569.10424388932
-5569.91439131103
-5569.82387019782
-5568.4027635264
-5568.57313994599
-5568.40495560169
-5569.91459296939
-5569.09656301949
-5568.76077282287
-5568.57313994599
-5569.99574227661
-5569.89663300288
-5569.9781691731
-5568.40736823658
-5569.87728488582
-5568.95167871778
-5569.00252007731
-5568.93515814204
-5568.5016112659
-5568.57313994599
-5570.05288797196
-5570.05043666027
-5568.57313994599
-5568.41828750199
-5569.87754481322
-5568.57313994599
-5568.7429546137
-5568.52579323579
-5568.57313994599
-5569.9331842904
-5568.57313994599
-5568.73395166154
-5568.43913531781
-5568.48573664754
-5569.06309984151
-5568.71266803718
-5568.57313994599
-5568.72154173291
-5568.57313994599
-5569.12909696924
-5568.76670308727
-5568.57313994599
-5569.22302627784
-5569.82955322574
-5568.49435849741
-5568.45468989339
-5568.57313994599
-5569.97080476815
-5569.94366767441
-5569.09726229605
-5569.84953098338
-5568.57313994599
-5569.98133089141
-5570.0067179768
-5568.41429538522
-5569.14410874771
-5568.57313994599
-5568.72439996764
-5568.74761092102
-5568.7298881883
-5568.41973676226
-5568.46316605065
-5569.90922989048
-5568.57313994599
-5569.09474330139
-5569.17347492626
-5568.72359839198
-5569.95326353341
-5568.57313994599
-5568.57313994599
-5568.83016062686
-5568.81559243235
-5568.54580221108
-5568.73468129233
-5568.78017509136
-5569.18312235918
-5568.45810097439
-5569.26462643656
-5569.1224386098
-5568.5193269711
-5568.57313994599
-5569.05335521621
-5569.11347180591
-5568.78369237233
-5568.41960149744
-5568.63714073055
-5568.57313994599
-5569.15601025756
-5568.57313994599
-5568.57313994599
-5570.00045445349
-5568.70635834175
-5569.99996475702
-5569.02496885632
-5569.10886793242
-5568.57313994599
-5568.48840373324
-5568.69365042039
-5568.49087218235
-5568.41680204867
-5570.01022476583
-5569.9759325232
-5568.54732879273
-5568.40358833134
-5569.10147310542
-5568.76213357918
-5568.43657986081
-5568.60066308404
-5568.57313994599
-5569.95068011481
-5570.04249478279
-5568.50693956247
-5568.57313994599
-5570.05610800826
-5568.76767197899
-5568.7761794244
-5569.02490257986
-5570.05779924713
-5569.01992592708
-5570.08201825079
-5568.49385676527
-5568.82623790351
-5568.57313994599
-5569.91223995523
-5568.48142029697
-5568.57313994599
-5568.50453071438
-5568.42279486894
-5568.8296327279
-5568.57313994599
-5568.57313994599
-5570.02807615815
-5569.25830143682
-5569.11967180845
-5568.34162233522
-5569.0400148604
-5569.88571539688
-5568.43827688366
-5568.44515330798
-5568.57313994599
-5570.08037969457
-5568.77764449828
-5568.46248071364
-5570.06546983549
-5568.80764022455
-5569.25109096396
-5568.84076631809
-5568.57313994599
-5568.84558620246
-5569.01010023171
-5568.45671771115
-5569.91844598984
-5568.47284953133
-5568.76035473631
-5568.42868550864
-5569.74789132831
-5568.57313994599
-5569.89552036905
-5568.57313994599
-5569.00627883198
-5568.90416728048
-5568.82981013246
-5568.67078087281
-5568.49421267705
-5568.57313994599
-5568.48646048739
-5568.57313994599
-5568.72408236629
-5569.15646333988
-5570.09456642854
-5569.79079018197
-5568.76290039646
-5569.04359906454
-5568.41154425542
-5568.85000385482
-5568.76224007926
-5569.97853101552
-5569.13194134953
-5570.0592167566
-5568.87053334461
-5568.37353936673
-5569.77776681712
-5568.57313994599
-5568.57313994599
-5568.5209619697
-5568.7134472029
-5568.57313994599
-5568.79026934995
-5568.57313994599
-5569.05693828098
-5568.57313994599
-5568.97752352744
-5568.47083237302
-5568.96237822261
-5569.64806475383
-5568.46923270702
-5568.47245119073
-5568.56111749917
-5569.10480725388
-5569.15820482431
-5569.9367401654
-5569.00429192621
-5568.57313994599
-5569.99380114014
-5570.02116982481
-5568.46274550585
-5568.75644570989
-5569.96702045164
-5568.4026766866
-5568.98715548634
-5568.42933931009
-5570.00487267467
-5568.99853254053
-5569.94599313258
-5569.92279414844
-5568.74140141489
-5568.44503489064
-5570.09299301347
-5569.89737468465
-5568.57313994599
-5568.47675128196
-5570.06837406381
-5568.50258648482
-5569.82551780623
-5569.07095063308
-5569.0612730276
-5568.4235202673
-5570.12350544246
-5568.79307493374
-5569.06357889564
-5568.53498080797
-5568.87819468261
-5568.51298158208
-5568.57313994599
-5568.65622654935
-5568.77653146679
-5568.70407779295
-5568.9037832835
-5570.07803006006
-5568.37789124916
-5568.47212129442
-5569.93407896246
-5569.18927493232
-5569.07350503034
-5569.12526656734
-5569.89043898203
-5568.57313994599
-5569.0892689307
-5568.51138008652
-5568.57313994599
-5568.67018308128
-5568.58112940104
-5568.57313994599
-5568.57313994599
-5569.86022148515
-5568.51124687436
-5570.03687598874
-5568.42630974175
-5569.01638824507
-5569.21475067795
-5568.34402085879
-5568.57313994599
-5569.16033219685
-5568.67245984547
-5569.05595378964
-5569.96381739545
-5568.57313994599
-5568.4785356293
-5569.96641382399
-5568.4470962555
-5568.81785318855
-5568.79602772634
-5568.73625655038
-5570.06126362422
-5569.0131249386
-5568.75296750832
-5569.06883263675
-5568.81829969606
-5569.28808200391
-5568.57313994599
-5568.83606524422
-5569.92042683002
-5568.57313994599
-5569.03779556154
-5570.1144857597
-5568.57313994599
-5568.71105138227
-5569.91698070434
-5569.1055349435
-5568.57313994599
-5570.00217855905
-5568.57313994599
-5568.57313994599
-5569.92513393954
-5568.57313994599
-5568.53192592169
-5568.4264330433
-5568.70199743734
-5570.12700352047
-5568.774466479
-5568.44567561719
-5569.98605786714
