# type 3 occupying energies
-5583.26536434306
-5581.92589912114
-5582.04975749088
-5582.52926476552
-5583.30185804761
-5583.28502070004
-5582.08828582777
-5581.93544850686
-5581.84352348527
-5581.9490779139
-5581.80254589476
-5581.85254495813
-5581.79000788159
-5581.84045520054
-5581.8964615243
-5583.40530621103
-5582.52926476552
-5582.52926476552
-5582.52926476552
-5582.14323747362
-5581.94708216719
-5582.02198772037
-5581.87456153783
-5582.11206076194
-5583.23614624091
-5582.52926476552
-5581.94151333683
-5581.91365929816
-5582.52926476552
-5582.52926476552
-5582.52926476552
-5581.93941379764
-5583.36438188676
-5581.87980159147
-5581.93210071627
-5583.44278368692
-5583.22132860023
-5581.8931189858
-5581.79041272163
-5582.52926476552
-5582.13714095012
-5583.40316538521
-5583.41315019702
-5582.16747121472
-5582.11035217844
-5581.97784172653
-5583.3134692502
-5581.93923778034
-5582.52926476552
-5582.52926476552
-5582.15379085854
-5581.8879423018
-5581.85268166938
-5581.96252742975
-5581.97130002345
-5583.3893665119
-5582.0190322715
-5582.52926476552
-5581.88558489336
-5581.90248785879
-5582.04156607716
-5581.86284035857
-5581.83778001513
-5583.45067665081
-5582.02971480871
-5582.23178519195
-5582.52926476552
-5581.81315464484
-5583.44086678306
-5582.52926476552
-5581.98910421149
-5583.32568063273
-5582.52926476552
-5581.90780409788
-5582.52926476552
-5582.52926476552
-5583.34548910456
-5582.52926476552
-5582.14236467793
-5583.30626733438
-5581.87700653817
-5581.74555673969
-5582.52926476552
-5583.34879155116
-5581.98926782373
-5583.40073058524
-5583.4593601457
-5582.09467573649
-5583.34395366927
-5583.36383539846
-5581.91368756237
-5581.88393051898
-5583.3037099487
-5581.96157611939
-5581.84130875755
-5582.1205821896
-5582.12824293516
-5582.20619558264
-5582.52926476552
-5581.94768562287
-5581.94886311231
-5583.31736159066
-5582.52926476552
-5582.52926476552
-5581.85167319555
-5582.12567084151
-5582.04421884686
-5581.95067055176
-5582.20961794289
-5582.52926476552
-5582.52926476552
-5582.1373785172
-5583.39925995406
-5582.05163306486
-5581.99529447785
-5582.52926476552
-5581.94552208434
-5582.52926476552
-5583.34502547476
-5582.52926476552
-5582.22956304674
-5582.52926476552
-5581.88800828163
-5581.89877767472
-5581.8608519814
-5581.79450523848
-5582.14734112356
-5582.52926476552
-5583.36523609338
-5582.0340706838
-5581.92185497411
-5583.37650256329
-5582.52926476552
-5582.52926476552
-5583.41807863733
-5582.09629178027
-5582.08347897995
-5582.02018035238
-5582.07995978461
-5582.01194251093
-5581.95053405275
-5582.52926476552
-5582.52926476552
-5581.99236095096
-5581.97865009592
-5581.86377570693
-5581.88037609865
-5582.04688882952
-5582.52926476552
-5582.52926476552
-5582.52926476552
-5583.27904478992
-5582.52926476552
-5581.80518779682
-5582.52926476552
-5581.92809271117
-5583.35629346907
-5582.52926476552
-5582.0265251069
-5581.82456339211
-5583.39014128693
-5582.04880308213
-5581.9622943899
-5582.07428909068
-5583.29140907697
-5582.00080277293
-5582.21193876093
-5581.96491135475
-5581.79873933975
-5583.35784412042
-5583.35055665528
-5582.15408290299
-5582.00894331945
-5583.26091957918
-5581.88238597875
-5582.19639833524
-5581.97039365771
-5581.96025459913
-5581.80992152076
-5581.91910202774
-5581.88676173246
-5583.32923519711
-5581.83351970876
-5583.28284218294
-5583.36350350068
-5581.85612626697
-5581.85986400562
-5581.85701679603
-5581.94256038539
-5581.84194080239
-5581.87165795016
-5581.76698024878
-5581.83485891503
-5583.21013768231
-5583.4263504765
-5582.17552202059
-5582.52926476552
-5583.30052263012
-5582.52926476552
-5581.98850355596
-5582.11895518792
-5581.93162356245
-5582.52926476552
-5581.95808309557
-5582.15191470624
-5582.22831032995
-5583.34252518415
-5582.52926476552
-5581.93637574921
-5582.21234043137
-5582.52926476552
-5582.52926476552
-5581.83748470308
-5583.29979139297
-5582.52926476552
-5583.30754637382
-5581.90587591635
-5583.41611188741
-5583.40639593883
-5581.86960132115
-5581.87440101911
-5582.52926476552
-5583.46994622091
-5581.93935127461
-5581.92326503102
-5583.37068385947
-5582.18158518835
-5581.81090097646
-5581.78754246693
-5581.83615142022
-5582.27671440765
-5581.9821722293
-5583.3626473753
-5582.52926476552
-5583.27767843919
-5581.83394117576
-5581.78781821645
-5581.78637633326
-5583.38573384507
-5582.13378108546
-5582.52926476552
-5581.88476532849
-5581.96367692608
-5582.07915637273
-5582.20437474103
-5583.32352160427
-5582.06886442726
-5582.14062060412
-5581.82577667137
-5582.1269714664
-5582.52926476552
-5582.52926476552
-5581.91228708726
-5582.13043888704
-5581.77689707504
-5582.05608354805
-5582.08604536135
-5581.84130960293
-5583.30510300315
-5581.9222438228
-5582.01157959369
-5583.38594946212
-5582.52926476552
-5582.15777836143
-5582.52926476552
-5582.52926476552
-5581.92159739029
-5581.86041123301
-5581.85279296709
-5581.92688256912
-5581.94271383425
-5583.23991865555
-5581.92808812804
-5582.52926476552
-5581.89824423366
-5582.52926476552
-5582.24466933839
-5581.91255249724
-5583.46884740136
-5583.42435077968
-5581.89531257832
-5583.40891425942
-5583.49094791529
-5582.08086914436
-5582.52926476552
-5583.45333579305
-5583.52833930992
-5583.49155533076
-5581.88322718545
-5583.33973227198
-5581.97724576276
-5581.90712345315
-5581.77614369887
-5581.89504550615
-5581.89065763667
-5582.09188904211
-5581.80301964836
-5583.42425476401
-5581.86283053019
-5583.37660721396
-5582.52926476552
-5583.27574707011
-5581.76670225964
-5581.96468980957
-5582.52926476552
-5583.43680802613
-5582.52926476552
-5583.2789098772
-5582.03735541629
-5581.833886418
-5582.01409300513
-5582.52926476552
-5581.92569983129
-5581.8963509056
-5581.81002297072
-5582.09863221927
-5582.52926476552
-5583.38421055002
-5581.87433715992
-5581.98290449376
-5581.95126164713
-5583.37004543452
-5582.01800807946
-5581.83220207126
-5581.82692657075
-5581.92474909608
-5582.00023596776
-5582.03647920731
-5581.98423024369
-5582.07392446354
-5582.02956954969
-5582.03641327184
-5581.63581956573
-5581.68419366351
-5582.03854913989
-5582.11793429205
-5582.00464282497
-5581.90210686804
-5583.28667559405
-5583.29641577317
-5581.81305355205
-5582.02958667666
-5581.91116134555
-5581.9207487873
-5583.42239912347
-5581.88697178458
-5582.21076285791
-5582.08319300274
-5581.89489092631
-5582.07391379908
-5581.97919039374
-5582.1987691892
-5583.36746423732
-5582.52926476552
-5582.06741586514
-5581.77052139999
-5581.75791425518
-5581.73953830997
-5581.94039641849
-5581.8926019221
-5581.8390682341
-5582.02071632418
-5583.31011912798
-5582.52926476552
-5583.43051080198
-5582.08107261721
-5581.67081665987
-5581.96301678655
-5581.76510690535
-5581.89748760592
-5582.52926476552
-5582.52926476552
-5582.52926476552
-5581.85939909688
-5581.88844863024
-5582.02764716739
-5582.03932307546
-5581.91592374047
-5583.53495583207
-5581.81549309539
-5581.93213686553
-5583.30574785202
-5582.02007347313
-5582.00575428212
-5581.78571032527
-5581.78842414205
-5581.9194944607
-5581.87769220435
-5581.85038218158
-5581.8122678618
-5581.84898437009
-5583.18715210828
-5582.0782006438
-5581.88358708104
-5581.98011326727
-5581.77415772575
-5581.9706490846
-5581.85750125797
-5581.98408993785
-5582.0600177995
-5582.52926476552
-5581.9811049089
-5581.77647772397
-5581.97873282255
-5581.99225887043
-5582.21640526561
-5581.82711203985
-5582.0580638228
-5582.10696851416
-5582.09123999504
-5583.25134374435
-5582.03134463075
-5581.98828269929
-5581.80357245026
-5581.73283166791
-5581.94625950311
-5581.89302628513
-5581.8419540654
-5581.82756120518
-5583.27737932554
-5581.79696265294
-5583.23104049231
-5582.03288219995
-5581.80604333513
-5583.26902003853
-5581.88816323293
-5581.96572570881
-5583.38368493141
-5581.7969667558
-5582.52926476552
-5582.52926476552
-5581.8057288173
-5583.34994765961
-5581.91684471854
-5582.16880634279
-5582.52926476552
-5582.52926476552
-5581.93192749565
-5582.0736309732
-5583.42136712075
-5581.98149512932
-5582.52926476552
-5583.4683560628
-5582.31325666294
-5582.52926476552
-5581.93123283477
-5582.09174872648
-5583.46095294561
-5582.16373580954
-5582.52926476552
-5582.52926476552
-5582.52926476552
-5581.87089475749
-5582.52926476552
-5583.5177352596
-5583.36418918534
-5583.33003377719
-5583.48907956331
-5582.01786818919
-5582.52926476552
-5582.52926476552
-5582.05241229614
-5582.52926476552
-5581.84330596867
-5581.87811448859
-5582.07202373335
-5581.86611234972
-5582.52926476552
-5582.52926476552
-5582.32938494448
-5583.43279244828
-5582.52926476552
-5582.09328703625
-5582.52926476552
-5582.52926476552
-5583.4423487122
-5582.19944476354
-5582.52926476552
-5583.50876074695
-5583.49000754829
-5582.52925322728
-5582.52926476552
-5583.52659572311
-5582.06419124804
-5582.52926476552
-5582.00494186051
-5582.0723999368
-5581.92769834413
-5582.52926476552
-5582.52926476552
-5583.4440026323
-5582.52926476552
-5582.52926476552
-5582.29642941307
-5581.91609920333
-5582.06338412273
-5582.52926476552
-5581.92908762536
-5581.93103915015
-5582.52926476552
-5582.52926476552
-5581.93555041832
-5581.9253389476
-5582.5292532107
-5583.38980768571
-5583.45993878243
-5582.01784725182
-5583.44630627694
-5583.32347940899
-5582.52926476552
-5582.52926476552
-5581.96025769218
-5582.5292532119
-5582.14875634656
-5582.07804678704
-5581.83657355267
-5581.85017905052
-5583.32099364311
-5582.1790992227
-5582.01402709488
-5583.23590480628
-5582.52926476552
-5581.89895219148
-5582.52926476552
-5581.77413142206
-5582.05867217234
-5583.30510275976
-5581.98067046122
-5581.81959825673
-5582.1008245827
-5581.99593718443
-5582.27825171482
-5582.52926476552
-5582.2075515112
-5582.52926476552
-5581.99398730627
-5582.52926476552
-5583.31847180405
-5582.52926476552
-5581.95466281349
-5582.52926476552
-5582.02780649703
-5582.05363771648
-5581.86685322047
-5581.96271392257
-5581.84040759921
-5582.52926476552
-5581.88909490366
-5582.00930884178
-5582.52926476552
-5582.04790396065
-5581.78047000705
-5583.2451414764
-5581.88359959887
-5581.95350841748
-5581.97503582531
-5581.97893952759
-5581.7718563321
-5582.0361485271
-5582.11677761239
-5581.8439213091
-5583.41773415676
-5581.71027392537
-5583.27517550566
-5582.01216678389
-5582.03248147937
-5581.85901970784
-5582.52926476552
-5582.52926476552
-5583.45595305476
-5582.52925330245
-5582.52926476552
-5582.123489158
-5582.05554080202
-5583.41361507497
-5581.61942834374
-5581.87293330331
-5581.98669690589
-5582.00678957262
-5582.1494299409
-5582.13525882596
-5581.90715961331
-5582.52926476552
-5581.76884940067
-5581.83870171852
-5583.22633227346
-5581.85577968623
-5581.94649618533
-5581.87103732953
-5581.84867450447
-5582.24424291058
-5583.27219005716
-5581.80440829533
-5581.75448928689
-5581.93471373826
-5582.1026336492
-5582.03787940652
-5581.78456478031
-5581.81096862725
-5581.88939135599
-5581.93617990371
-5582.12153824671
-5581.91948250375
-5582.24278632065
-5582.10632940872
-5582.52926476552
-5583.46220853422
-5582.52926476552
-5581.86016361473
-5581.89136291938
-5581.89715449791
-5582.07819996308
-5581.99560841739
-5582.52926476552
-5582.52926476552
-5582.52926476552
-5582.52925322383
-5582.52926476552
-5582.52926476552
-5581.97629547725
-5581.92734662014
-5582.03509654939
-5583.17893327788
-5583.39799926489
-5582.52926476552
-5582.52926476552
-5582.52926476552
-5582.52926476552
-5583.45569120326
-5581.97499043011
-5582.52926476552
-5583.42999779087
-5581.98877047265
-5581.93104601464
-5582.52926476552
-5583.28065428292
-5581.96240887177
-5581.95716904399
-5582.02875810063
-5581.80340741682
-5583.33866277785
-5582.10372752449
-5581.93418951808
-5582.00917621114
-5582.52926476552
-5581.93810598335
-5582.52926476552
-5581.99557701197
-5583.3113184007
-5583.30805838133
-5582.52926476552
-5581.91083343742
-5583.22246822342
-5581.94189529718
-5583.38963904864
-5582.07316845914
-5582.52926476552
-5582.52926476552
-5582.18237027294
-5582.04915317407
-5582.25959219991
-5581.89593774542
-5581.97601842317
-5581.91067374892
-5581.90548419694
-5581.89346449993
-5582.52926476552
-5583.32030315785
-5581.82071861902
-5582.52926476552
-5581.92131793496
-5583.39552829448
-5582.52926476552
-5581.87032661583
-5583.32471161386
-5581.99017715675
-5583.31390153563
-5582.52926476552
-5581.86731293281
-5582.08901685577
-5582.20332218648
-5583.20828102813
-5581.81069791595
-5583.28641893503
-5582.10078605164
-5582.15729299778
-5581.9257795664
-5582.02424620755
-5582.00724343781
-5581.9499539784
-5582.52926476552
-5581.89007854236
-5581.91115781383
-5583.29177502894
-5581.82283684011
-5582.01613680462
-5582.10930367173
-5581.90691107261
-5581.92727436253
-5583.2808643165
-5582.20244653528
-5583.30392617412
-5582.52926476552
-5581.88094330659
-5582.04441600202
-5583.29786421873
-5582.01755084746
-5581.95601289898
-5582.0288482533
-5581.76877163619
-5581.80836401987
-5581.998105837
-5583.35944188387
-5582.07124874227
-5582.15209833115
-5582.52926476552
-5581.85161560001
-5581.92320150905
-5583.31345030876
-5581.94707481268
-5582.00744334342
-5581.80519897658
-5581.86940686569
-5581.87527968376
-5582.17452028525
-5581.88971290035
-5583.26390757511
-5581.75108795638
-5582.52926476552
-5583.48262939691
-5581.88972711309
-5581.90340809493
-5582.13801392082
-5582.52926476552
-5583.26369069247
-5581.79841105585
-5583.24913643393
-5581.78387496383
-5582.11449689087
-5581.80985733497
-5583.25501730964
-5581.95983751809
-5582.52926476552
-5583.54139666351
-5582.52926476552
-5583.35269315194
-5582.52926476552
-5582.52926476552
-5582.52926476552
-5582.04136271066
-5581.8315051082
-5582.15936470822
-5582.01391622232
-5582.00448563302
-5581.8749142671
-5582.06087456522
-5582.52926476552
-5582.16626526817
-5582.52926476552
-5582.13138917707
-5581.85914549293
-5582.10665422827
-5581.75937470045
-5581.82206005563
-5581.7491378688
-5582.00752916071
-5582.03326402251
-5581.8245291173
-5582.07394576744
-5582.04037356534
-5583.33862091937
-5583.40215499461
-5581.85638413783
-5581.92409270085
-5583.38529816738
-5581.87506196495
-5583.19300090219
-5582.52926476552
-5581.95311789474
-5581.89215403183
-5583.35034670652
-5581.93066995686
-5581.82055549246
-5582.00009277039
-5582.08233806956
-5582.05030937595
-5581.81787660936
-5583.39099086597
-5583.35369174956
-5582.52926476552
-5582.52926476552
-5582.099526716
-5581.89765201042
-5583.34718945931
-5581.92346352672
-5583.30619917873
-5581.98935527469
-5583.32644866507
-5581.98858143456
-5581.68869651881
-5581.75847596961
-5582.0572536879
-5582.0414492189
-5582.01413768636
-5581.86090676813
-5582.22430679977
-5581.89040324802
-5583.25874571366
-5583.48389043049
-5582.52925321056
-5583.38508868198
-5582.52926476552
-5581.74502748494
-5581.95961253553
-5581.77658461856
-5582.05200715824
-5581.80899105098
-5581.82481504339
-5581.86651613446
-5582.21174600057
-5582.52926476552
-5583.30998810057
-5583.53841300051
-5582.52926476552
-5582.52926476552
-5583.50044462962
-5582.02471136355
-5582.00100058036
-5581.80919557049
-5581.94744830533
-5582.52926476552
-5582.20006847612
-5582.52926476552
-5581.76428414721
-5583.22606658336
-5581.84366202526
-5582.52926476552
-5583.38409528638
-5582.52926476552
-5582.52926476552
-5583.2955219913
-5583.21813071336
-5581.86397724977
-5581.8648936599
-5582.13571922463
-5582.10689846684
-5582.52926476552
-5583.38984041811
-5582.04310909631
-5581.98048394887
-5582.25142481273
-5581.85157456285
-5583.29292654314
-5581.85017941687
-5582.52926476552
-5583.29461097539
-5581.95852324441
-5582.11780993978
-5583.27224464885
-5582.52926476552
-5581.81215295855
-5583.24131056313
-5582.06895339888
-5581.78464336305
-5582.05762135457
-5582.11251863529
-5581.69798793783
-5582.03786466006
-5582.52926476552
-5582.52926476552
-5581.94405593446
-5582.52926476552
-5583.3049920568
-5581.94286961014
-5581.79096752868
-5581.78375700622
-5581.98964229007
-5583.28925434379
-5581.87272100095
-5582.02835379756
-5583.22101207613
-5581.76038275863
-5582.29043517261
-5582.1200196611
-5581.85764703328
-5581.85981103216
-5582.00855854496
-5581.87822091711
-5581.79242809044
-5582.52926476552
-5582.04386605689
-5583.40455423231
-5581.83367705153
-5583.34544493643
-5583.36245258443
-5582.2216974155
-5581.96133032867
-5582.52926476552
-5583.43230461898
-5583.40488658309
-5582.52926476552
-5582.52926476552
-5581.96446747645
-5583.23399007168
-5581.95632568052
-5582.01160030295
-5582.52926476552
-5583.28268087499
-5582.52926476552
-5581.90975836961
-5581.8068577866
-5583.20693536492
-5582.28758430571
-5581.79660729315
-5582.11293502773
-5583.33509296638
-5582.0519343414
-5582.52926476552
-5581.97219655523
-5582.52926476552
-5582.52926476552
-5582.13091812624
-5582.10098586908
-5581.84893754044
-5583.35466110888
-5581.9874489924
-5581.97177926423
-5582.31051960303
-5583.34378884184
-5581.89388930625
-5582.12956005839
-5581.84296446154
-5582.04083636965
-5581.77502078234
-5581.81789048704
-5582.04419380249
-5583.22591785572
-5581.86236425808
-5581.97686060706
-5582.52926476552
-5583.32880683424
-5583.37725290075
-5582.52926476552
-5581.84125023058
-5583.21097407542
-5582.0222127413
-5583.37195221392
-5582.25018355021
-5583.34102782918
-5581.92155005773
-5581.83946891041
-5582.17785269242
-5581.89302587508
-5582.13691090082
-5582.08293119014
-5582.52926476552
-5581.76264982801
-5583.37176395134
-5581.85162451472
-5583.27130690178
-5582.52926476552
-5583.27576052006
-5582.30501495713
-5581.80595974624
-5581.77467717792
-5581.92943636416
-5581.86829245949
-5582.03366823702
-5583.32247806517
-5581.88306971608
-5581.9752782261
-5581.81053909422
-5581.91667868148
-5581.89357957721
-5581.87338848231
-5583.26533906319
-5582.52926476552
-5582.14859374638
-5582.07440125614
-5581.92030142581
-5581.93773180896
-5583.38946091474
-5581.83228365428
-5582.02913688267
-5581.82061751531
-5582.04220536619
-5581.84826809744
-5582.05042312803
-5582.01293969482
-5581.99859877674
-5581.86401963032
-5583.24203623256
-5581.94628964417
-5581.87710196376
-5581.76593637107
-5581.90063452448
-5582.05036997945
-5581.83168265093
-5583.28408962842
-5582.03100455046
-5582.05448445061
-5581.84428497915
-5581.90426346284
-5581.95325368221
-5582.21923223784
-5581.86197629108
-5581.88639400803
-5582.52926476552
-5581.90634345338
-5583.31564074939
-5583.3378253383
-5581.9040122544
-5582.09895500541
-5582.52926476552
-5582.0565320141
-5581.88761677429
-5581.83703532852
-5581.97943775181
-5581.99368199364
-5583.31174593037
-5582.12886017236
-5583.38688173404
-5583.44046759438
-5582.52926476552
-5582.16341041542
-5583.31009382514
-5582.52926476552
-5582.52926476552
-5582.52926476552
-5581.88151964835
-5581.86843381246
-5583.3250519957
-5582.01858793962
-5583.42967570914
-5582.52926476552
-5582.52926476552
-5582.52926476552
-5582.06029541774
-5582.52926476552
-5582.01344998557
-5581.94504663732
-5583.27459639632
-5583.38914292657
-5582.52926476552
-5581.91827744852
-5582.52926476552
-5583.34014386241
-5582.52926476552
-5583.4744392623
-5582.52926476552
-5581.98169750649
-5582.52926476552
-5582.52926476552
-5582.52926476552
-5582.52926476552
-5582.52926476552
-5582.52926476552
-5583.25653518219
-5581.97841581822
-5581.976878302
-5582.03303256628
-5582.52926476552
-5581.93056913037
-5583.27100628709
-5582.15279239106
-5582.07108369409
-5581.87134597834
-5582.52926476552
-5583.40924323742
-5581.86724542274
-5583.38270904913
-5582.52926476552
-5581.90346122573
-5581.90706265621
-5583.41384478822
-5582.52923064402
-5582.52926476552
-5582.52926476552
-5581.92243877952
-5581.96369550848
-5583.38736774019
-5582.52926476552
-5583.32577579382
-5582.52926476552
-5582.28084823504
-5581.93086912167
-5582.52926476552
-5582.52926476552
-5582.04200159048
-5582.52926476552
-5581.93318265518
-5582.08961200262
-5582.0215347421
-5582.52926476552
-5583.36560267254
-5582.1348542018
-5582.52926476552
-5582.52926476552
-5583.42504858654
-5581.89637176489
-5582.52926476552
-5582.52926476552
-5583.34244257914
-5582.19613396298
-5582.13100375503
-5581.83613813571
-5581.9608837413
-5583.33807933763
-5582.52926476552
-5582.17652368365
-5582.0914970121
-5581.83776322744
-5581.90518928522
-5583.37779375758
-5581.94790866148
-5581.98613729907
-5581.93943677132
-5582.52926476552
-5583.44093623782
-5581.97071877944
-5583.35239642555
-5582.00112771633
-5582.2123016484
-5583.32041905012
-5582.52926476552
-5583.31633275535
-5582.52926476552
-5582.24647653726
-5581.83709607735
-5582.52926476552
-5582.00982770453
-5583.37217309763
-5582.52926476552
-5581.80142437246
-5582.10486978255
-5583.40330320147
-5582.52926476552
-5582.52926476552
-5583.31652430554
-5582.15688905979
-5582.23616605814
-5583.34926951812
-5583.37214710728
-5583.34266781342
-5582.04347137555
-5582.0247488292
-5582.01892012255
-5581.752430682
-5582.52926476552
-5581.93791459961
-5581.87951763504
-5581.77425923142
-5582.1394540801
-5583.3273808001
-5582.07977691657
-5581.78300887996
-5581.76357373239
-5583.2565519091
-5582.08350005264
-5581.85282750976
-5583.29057466912
-5581.98576737999
-5581.91004443578
-5582.27197622717
-5582.15683924766
-5581.87206583997
-5582.09407892436
-5581.91137163527
-5581.84995753385
-5581.91374442822
-5581.77914092801
-5582.01731965801
-5581.81652475166
-5581.88753871523
-5582.10019570206
-5583.44570893637
-5581.86257491191
-5582.17272103694
-5581.93113734207
-5581.98072596747
-5583.33029312171
-5581.89451662705
-5581.87568691951
-5582.09423044034
-5583.33247620353
-5581.99395867482
-5582.01240251193
-5581.9487385315
-5581.88448964312
-5583.36644973618
-5582.52926476552
-5582.52926476552
-5582.52926476552
-5582.53023164801
-5582.52926476552
-5581.96269079623
-5582.52926476552
-5582.52926476552
-5582.52926476552
-5583.3844754119
-5582.52926476552
-5583.40460833113
-5582.52926476552
-5582.52926476552
-5583.32829595427
-5582.52926476552
-5582.06182680968
-5583.47359830831
-5581.90617834783
-5582.52926476552
-5581.92783770613
-5582.52926476552
-5582.00780903023
-5583.50964072177
-5582.52926476552
-5582.02356521226
-5582.52926476552
-5582.00118259552
-5582.03889043673
-5582.52926476552
-5582.52926476552
-5582.52926476552
-5583.39132351404
-5581.97236784262
-5583.48164451925
-5583.41770000066
-5582.52926476552
-5581.95354584781
-5581.98432263292
-5582.52926476552
-5582.52926476552
-5582.52926476552
-5581.84570023194
-5581.77825047794
-5583.37459071061
-5582.52926476552
-5581.97850730299
-5582.07047427115
-5581.96481513767
-5581.81773015161
-5583.43347894415
-5582.05401746234
-5583.46616709493
-5582.06492144093
-5582.52926476552
-5582.52926476552
-5583.16665610351
-5583.34256630192
-5581.94524852675
-5582.52926476552
-5581.96879436075
-5583.40931052712
-5581.88136626918
-5581.96888507337
-5581.89679598561
-5581.97226389982
-5581.88304348241
-5583.31091974219
-5583.33332618611
-5581.97217177291
-5583.31168469959
-5582.02129390308
-5581.92832445154
-5582.52926476552
-5582.52926476552
-5583.43508693657
-5581.84320900719
-5582.52926476552
-5583.39055387914
-5582.00467676843
-5582.0064232229
-5581.87221065297
-5583.34378369555
-5582.1772919073
-5581.90962628742
-5581.85492343362
-5581.99921567752
-5581.99707529763
-5582.52926476552
-5583.37218258417
-5581.94841783492
-5583.22284013963
-5581.82664049861
-5581.92119957283
-5581.824548503
-5581.97072407654
-5582.52926476552
-5582.07841022646
-5583.23155281622
-5582.30048305954
-5581.92637873853
-5582.52926476552
-5581.83643003162
-5582.06059497976
-5581.96465222986
-5583.25287421162
-5582.06312053185
-5581.92366138574
-5582.52926476552
-5581.81149218298
-5582.52926476552
-5583.33461471828
-5581.83750007034
-5581.83636426949
-5581.75786433195
-5581.93102171841
-5581.98407706141
-5583.31995398049
-5581.92870555368
-5581.90923238726
-5582.05216274473
-5581.73488166892
-5581.81217833215
-5583.20882366121
-5582.52926476552
-5583.39094555874
-5581.94394383949
-5582.04276626432
-5581.8899250928
-5581.82855264844
-5581.98561606968
-5581.95829015601
-5581.84733052826
-5582.09161341701
-5581.99842928893
-5583.20998055637
-5582.52926476552
-5581.97042814127
-5582.52926476552
-5583.42736472951
-5582.52926476552
-5581.86490720349
-5581.83943361459
-5583.48328572668
-5581.81075026286
-5582.12977873264
-5581.88645237781
-5581.9580488541
-5581.85469128403
-5583.37196867709
-5581.87564027035
-5582.52926476552
-5583.20126302581
-5582.11459559225
-5583.37048864595
-5581.94354578819
-5581.8533710265
-5582.04528558077
-5582.52926476552
-5581.75554736425
-5581.95281035912
-5582.52926476552
-5582.02828644162
-5582.52926476552
-5582.13371533885
-5582.52926476552
-5582.30963165272
-5583.37828721524
-5582.52926476552
-5582.52926476552
-5583.40726776944
-5582.0918740178
-5582.52926476552
-5581.9242114912
-5581.98580352153
-5581.75073033373
-5581.87364900277
-5583.27949279404
-5582.00263367497
-5582.01482794988
-5581.89772118684
-5581.98911203883
