# type 1 occupying energies
-5582.95139631969
-5582.29392739416
-5582.14808914718
-5582.11403991758
-5583.05952746548
-5581.85707929111
-5581.69268158319
-5581.62916088747
-5581.70715350119
-5581.70715350119
-5583.17710500718
-5581.62184974478
-5581.63283016444
-5582.2759342631
-5581.70715350119
-5583.01001906232
-5582.10345187104
-5582.1230551652
-5581.9669812071
-5581.95605681222
-5581.70715350119
-5582.2676617498
-5581.70715350119
-5581.98692340262
-5583.05473914702
-5582.00844930474
-5581.91942921305
-5582.28976009327
-5582.89947699842
-5581.52247957379
-5583.00317047615
-5581.55027265918
-5581.78431158984
-5582.29246869255
-5581.70715350119
-5582.0811779269
-5581.88067105663
-5583.16009856148
-5581.54938687233
-5581.98848193325
-5581.59468513821
-5583.04181073804
-5582.93977150438
-5581.91568370419
-5582.01576897053
-5582.98147924132
-5582.02952433608
-5581.9834637171
-5582.11271163711
-5582.0182721575
-5581.98180091069
-5582.23970538751
-5581.59457643049
-5581.59490538111
-5581.5124357239
-5583.02387557418
-5582.35722080749
-5582.93860213417
-5581.70715350119
-5581.70715350119
-5582.27008583589
-5582.96342655827
-5583.06056234309
-5581.52840948213
-5581.83569260626
-5583.07385877785
-5582.98909038996
-5581.52957246174
-5582.2303177073
-5581.70715350119
-5581.62535035725
-5581.53743146486
-5581.70715350119
-5581.637908523
-5582.01660228818
-5581.94628028991
-5582.10413107698
-5582.99318468986
-5582.15517332863
-5583.06318317128
-5581.54018500391
-5582.98649152019
-5581.70715350119
-5582.17648280072
-5581.57806516573
-5582.98827082054
-5581.70715350119
-5583.08500838701
-5581.61546453021
-5581.61830942831
-5581.63301825516
-5581.84248982266
-5583.09113155445
-5581.59245158644
-5581.70715350119
-5582.9946852895
-5582.09691965327
-5582.08636719671
-5582.07828796252
-5581.70715350119
-5581.70715350119
-5583.08452109832
-5581.78492042628
-5583.08686091036
-5581.5962961114
-5581.70715350119
-5581.70715350119
-5581.70715350119
-5581.84224670068
-5582.10021930897
-5581.70715350119
-5582.27979718148
-5582.11614946514
-5582.98401191342
-5581.53119686403
-5581.47204892046
-5582.15986413858
-5581.87713276803
-5583.12045074178
-5582.05793788627
-5581.70715350119
-5582.28219752048
-5581.70715350119
-5581.91318183129
-5581.6343278355
-5581.66410694874
-5582.26543958683
-5581.89343078237
-5583.10840832694
-5583.18155840801
-5581.59552335522
-5581.86642840062
-5582.18578683397
-5583.17686176283
-5581.70715350119
-5581.91826906355
-5583.15448996802
-5583.0469306445
-5581.62634629827
-5581.67398118967
-5582.19834510937
-5582.04342684122
-5582.12726084296
-5582.06800408692
-5581.64411387734
-5583.21036339753
-5581.91446708907
-5582.07835884259
-5583.18381805387
-5582.01338152388
-5582.20742483433
-5583.13718894688
-5582.25797660855
-5581.8625124904
-5581.56457731268
-5583.02099709354
-5581.58342457355
-5582.87824976491
-5581.93694826289
-5581.65342778462
-5582.41953963064
-5581.70715350119
-5581.54610422391
-5581.61674552818
-5581.68915898285
-5581.98014227563
-5581.90102421799
-5581.70715350119
-5581.70715350119
-5581.66233852677
-5581.8619426816
-5581.89338857942
-5581.70715350119
-5583.20786856831
-5581.90777763351
-5581.94124652788
-5583.22420828171
-5581.96802882665
-5583.10260687103
-5581.70715350119
-5581.58424749052
-5583.11952558886
-5583.12638312475
-5581.85046172297
-5581.70715350119
-5581.68861303765
-5581.70715350119
-5581.70715350119
-5583.18794313651
-5583.26647020474
-5581.91366296711
-5581.70195238349
-5581.70715350119
-5581.88631697022
-5581.93174008571
-5581.83416428718
-5581.55183324778
-5583.0358957226
-5582.12977395108
-5583.02697980999
-5581.70715350119
-5583.20898422124
-5583.26528188641
-5581.5132026056
-5583.0634473811
-5581.72392054643
-5581.62652152168
-5581.8561870145
-5581.94231476711
-5581.87694870811
-5582.00299161977
-5582.01865788526
-5582.2586542426
-5581.70715350119
-5581.77504704663
-5581.70715350119
-5581.77673738572
-5581.56904558852
-5583.00677659906
-5581.54710511182
-5581.49728288901
-5583.03290282715
-5581.63591517529
-5581.62714374269
-5581.5797620139
-5583.06924233813
-5582.42930100974
-5581.55954719836
-5581.93277358657
-5583.04692258074
-5581.87041127889
-5582.02338918581
-5583.08958466423
-5582.13295342929
-5583.11098268757
-5581.70715350119
-5583.22219191709
-5581.70715350119
-5583.04377648891
-5582.18680389323
-5582.22132869594
-5583.16393608305
-5582.90657925815
-5582.00670719724
-5582.19576648739
-5581.58049129946
-5583.08248260617
-5581.70715350119
-5582.20221590534
-5581.92910743617
-5582.21452319565
-5583.06454170845
-5583.10641419865
-5581.61972000063
-5581.97450189271
-5583.10867634129
-5582.00952558231
-5582.27640976115
-5583.11532475276
-5581.84174333494
-5581.70715350119
-5582.23779657479
-5581.57294771011
-5581.61066136305
-5581.61169602012
-5581.70715350119
-5582.28363222994
-5582.06975771747
-5581.56416888987
-5581.50163207369
-5581.63154941815
-5582.99510137223
-5582.98239922542
-5582.08263668099
-5581.70715350119
-5582.12423387177
-5582.32800168318
-5581.54143856497
-5581.96177289124
-5582.00670170884
-5581.68183072152
-5582.25535476797
-5582.06424367692
-5581.93104772181
-5581.62044286757
-5583.03871339835
-5581.62583241068
-5582.30697316762
-5581.92123841839
-5583.00619736145
-5581.61551258791
-5581.55847769009
-5581.83442257242
-5581.70715350119
-5581.70715350119
-5581.70715350119
-5583.02966772384
-5583.05916599525
-5581.99851632144
-5582.06534428567
-5581.89904018626
-5581.92177262311
-5583.1944706546
-5581.91945627997
-5581.70715350119
-5582.10917342028
-5582.00950359555
-5582.83602846514
-5581.70715350119
-5581.70715350119
-5582.0115222602
-5582.1262784866
-5581.70715350119
-5581.70715350119
-5581.67277990027
-5581.92526121403
-5582.14199052466
-5582.14672797048
-5581.59028134619
-5581.92614870613
-5581.70715350119
-5582.76743114133
-5581.82067515496
-5581.66399353967
-5583.18577874986
-5582.19739985026
-5581.92222680682
-5581.89147792237
-5581.71370025552
-5581.99724605987
-5581.70715350119
-5581.66489666669
-5581.92597002554
-5581.70715350119
-5581.87442146014
-5581.73423883218
-5582.22420976528
-5582.16038781254
-5583.20260747273
-5581.95389983899
-5581.70715350119
-5581.72081865434
-5581.60166047883
-5581.46958357549
-5582.81784627536
-5581.63734784025
-5582.94992636157
-5581.70715350119
-5581.68974153345
-5581.70715350119
-5582.13827003845
-5583.23048050896
-5582.21847730419
-5581.98868392187
-5581.84161449061
-5581.70715350119
-5581.63594102777
-5581.70715350119
-5581.71506175843
-5581.70715350119
-5582.34284861084
-5582.97701433432
-5582.98848333426
-5582.99327875361
-5582.03440749582
-5582.01050330479
-5581.70715350119
-5581.70715350119
-5581.66990494279
-5581.70715350119
-5581.60506878877
-5582.06584092511
-5581.55857342848
-5581.61579125208
-5581.61099188297
-5581.74530803198
-5582.37132075783
-5583.03873065906
-5582.98755505961
-5582.37361906959
-5581.70715350119
-5582.99538493344
-5582.96393796441
-5581.70715350119
-5581.79954149321
-5581.70715350119
-5581.65824677219
-5581.78609178733
-5581.64926808071
-5581.70715350119
-5581.5758551683
-5583.07689627173
-5581.6259986018
-5581.81319467495
-5581.83807732437
-5581.70715350119
-5581.88161340632
-5581.70715350119
-5581.68340354708
-5581.91296128167
-5581.70715350119
-5581.97796756263
-5581.70715350119
-5581.5687533633
-5581.70715350119
-5582.06567996812
-5581.89429286116
-5581.70715350119
-5581.85129277058
-5582.28420327292
-5583.1116380596
-5581.61730854503
-5581.86929548411
-5581.70715350119
-5581.70715350119
-5581.70715350119
-5582.19283189337
-5582.97664080182
-5581.70715350119
-5582.96958464794
-5581.56577600182
-5581.73910713886
-5581.70715350119
-5581.63669941364
-5582.29131771919
-5582.13877872069
-5583.16905614507
-5581.58545618014
-5582.20471223186
-5582.02507927919
-5582.23391745533
-5581.6268986079
-5582.27744959014
-5581.6110502935
-5583.08478723808
-5582.02516548855
-5583.06383156301
-5581.70715350119
-5581.65007009341
-5582.11847650202
-5581.53910397736
-5581.59800856829
-5582.05999885613
-5583.00593585059
-5582.1173061996
-5582.0510181846
-5581.61022194509
-5581.97406484342
-5581.89882376478
-5581.95182840787
-5582.0674092555
-5582.0662872658
-5582.89015192521
-5582.88805150224
-5582.85870696523
-5582.15921259356
-5581.86159590278
-5583.08947144495
-5582.18420135429
-5582.04774826929
-5582.00349439364
-5582.93539817874
-5582.28837701562
-5581.54453197354
-5582.97422326553
-5583.11121183822
-5581.60146535908
-5581.59403266677
-5581.97570052602
-5581.51440033788
-5582.95135140805
-5581.94247620863
-5581.52628448207
-5581.50696582021
-5581.52331918823
-5581.97160889248
-5582.04532816292
-5582.05862199671
-5582.93786772972
-5582.86477889549
-5581.91172540344
-5581.92534479481
-5582.06503041092
-5581.94674449316
-5582.03424228908
-5581.50145959398
-5581.97498447456
-5582.2419581698
-5582.13574626993
-5582.0490668567
-5582.81489823765
-5582.02679613475
-5582.08662231952
-5581.70715350119
-5582.1370887686
-5582.03451637173
-5581.94814345418
-5581.69268521968
-5581.84002426224
-5582.09709956574
-5582.05864301326
-5582.0166834155
-5581.70715350119
-5582.06516837688
-5582.97465878809
-5581.70715350119
-5582.9475275234
-5582.03488855918
-5582.96461991452
-5583.02956848991
-5581.93058695357
-5582.03850168519
-5582.03773369579
-5581.70715350119
-5583.12467040898
-5581.61006262417
-5581.82073182454
-5581.61061652115
-5581.94539274667
-5581.64387308343
-5583.11929274892
-5581.55584819134
-5581.69365361831
-5581.56506484789
-5581.70715350119
-5581.83791110346
-5582.2230847889
-5581.55540417443
-5581.70715350119
-5581.70715350119
-5582.94685814582
-5581.90051974713
-5582.21274754058
-5583.03613804883
-5581.61977818852
-5581.82470081292
-5582.25217109266
-5582.9996503853
-5582.0494501386
-5581.98594023745
-5581.98658562666
-5581.80606199747
-5581.61203713861
-5581.70715350119
-5581.85993262956
-5581.81792728754
-5583.05289719318
-5581.70715350119
-5583.13164246072
-5581.53016213838
-5581.8662423902
-5581.70715350119
-5581.85204558337
-5581.65244699523
-5581.74806761817
-5581.89063733731
-5581.98466122591
-5581.96730287034
-5581.70715350119
-5581.85046839642
-5583.17802354958
-5581.59310923222
-5581.70715350119
-5581.86464648069
-5581.68949141777
-5581.88588624501
-5581.94149521947
-5582.02915645045
-5581.5515044341
-5582.27773635358
-5582.14261694586
-5583.13786381591
-5581.70715350119
-5581.84720980078
-5581.70715350119
-5581.73952356894
-5583.17208747938
-5581.67198074929
-5581.70715350119
-5581.9377567225
-5583.08197184912
-5581.70715350119
-5581.84680649316
-5581.71697520321
-5581.70715350119
-5583.16477109344
-5581.70715350119
-5581.59983998612
-5583.16924227391
-5581.70715350119
-5583.10826884131
-5583.00569735694
-5581.90542578896
-5581.58970842068
-5581.88734661683
-5581.87798427839
-5581.88642358911
-5581.70715350119
-5581.70715350119
-5581.70715350119
-5581.84612550663
-5582.22842912408
-5581.63442122078
-5581.59145823354
-5581.70715350119
-5581.59879688037
-5582.07943132962
-5582.20377369899
-5581.70715350119
-5581.81130715156
-5581.70715350119
-5581.84018414931
-5581.56843374988
-5582.00037915944
-5582.06962223835
-5581.86017058288
-5581.88613398363
-5582.01278833479
-5582.00708159472
-5581.95681611626
-5581.50903320688
-5583.01389597054
-5581.86870764876
-5581.9791880152
-5582.17426082494
-5581.85434990655
-5581.57562109711
-5582.85640228527
-5581.88421169231
-5581.5459804037
-5581.55204327469
-5582.70189911066
-5581.70715350119
-5581.70715350119
-5581.93077720156
-5582.99664028697
-5581.60615441291
-5581.58013502881
-5582.04377031166
-5581.70715350119
-5582.18462298402
-5583.05696526608
-5581.70715350119
-5581.86999939971
-5581.70715350119
-5581.57693995734
-5581.93967360201
-5583.15076377573
-5583.01218986913
-5581.79332426854
-5581.89046666747
-5581.59857043432
-5583.0551611119
-5581.70715350119
-5583.16059672736
-5581.70715350119
-5582.96136346326
-5581.90184624929
-5581.62522711506
-5581.70715350119
-5583.13258607551
-5582.24234112326
-5581.70715350119
-5581.70715350119
-5581.61821890201
-5581.58731384623
-5581.55143199747
-5583.17893020547
-5581.70715350119
-5582.12856593663
-5581.94289000233
-5583.02573056028
-5582.95665115255
-5581.70715350119
-5582.37444305367
-5581.70715350119
-5581.83107002062
-5582.30029026572
-5581.70715350119
-5583.14815487311
-5581.61534353282
-5583.05375844214
-5581.93032854524
-5581.66519730875
-5582.12195272211
-5581.63801634127
-5581.64767510566
-5581.70715350119
-5581.70715350119
-5581.70715350119
-5581.78420072445
-5581.68319944547
-5581.70715350119
-5581.84411803117
-5581.70715350119
-5581.69962272631
-5581.84442430993
-5581.70715350119
-5582.19279489414
-5583.01337633175
-5581.70715350119
-5583.06068534079
-5581.79388306901
-5581.85368194431
-5581.70715350119
-5581.9229315322
-5581.77601348669
-5581.70715350119
-5581.65529025811
-5581.94502892716
-5581.70715350119
-5581.60744866925
-5581.70715350119
-5581.83049746419
-5581.70715350119
-5581.8202005961
-5581.66802479465
-5581.70715350119
-5583.01149963003
-5581.70715350119
-5581.81848922551
-5581.62697439637
-5582.2022766862
-5581.6570298858
-5582.07337723364
-5581.5278739276
-5583.02939500011
-5582.323830373
-5582.2613631956
-5581.60756989398
-5583.15540944087
-5581.93136386099
-5581.85502092807
-5583.17027499179
-5581.76045588779
-5581.70715350119
-5581.97566213999
-5581.90089732247
-5581.91976386489
-5581.60954936273
-5583.10407437295
-5581.97843807352
-5583.0649058554
-5581.57938940544
-5581.70715350119
-5581.80580242764
-5581.80790032011
-5581.87311084825
-5581.70715350119
-5581.82435127162
-5581.70715350119
-5581.84610702685
-5583.19349136839
-5581.85949298599
-5581.70715350119
-5581.70715350119
-5581.87518117726
-5581.63268772113
-5581.85813400259
-5581.70715350119
-5581.70715350119
-5581.70715350119
-5581.70715350119
-5581.90699922145
-5581.70715350119
-5581.96819934793
-5581.70715350119
-5582.29137610177
-5581.82988450006
-5581.65520481992
-5582.9752430008
-5581.5898944918
-5581.70715350119
-5581.70715350119
-5581.70715350119
-5581.60257382066
-5583.0863064581
-5581.83578281735
-5581.70715350119
-5581.84678057082
-5581.79986936902
-5583.16798016743
-5581.70715350119
-5581.69349059662
-5581.82072716469
-5581.75079316556
-5581.63079790542
-5583.022766979
-5581.85891596067
-5582.95012068904
-5581.58185472055
-5583.06469413669
-5581.74845075523
-5581.83108659414
-5581.82637105141
-5581.70715350119
-5583.07728527636
-5582.18223676013
-5583.09333765584
-5581.84131284537
-5581.70715350119
-5581.70715350119
-5581.7917498438
-5581.60133066096
-5581.79333075697
-5581.70715350119
-5581.70715350119
-5583.04063877592
-5581.58226407353
-5582.97106117804
-5582.23456529444
-5581.55655018118
-5581.71213755428
-5581.83145304024
-5581.86174323867
-5581.77435440135
-5581.70715350119
-5581.70715350119
-5581.70715350119
-5583.08491941334
-5582.18693958991
-5583.09712302353
-5582.15921822052
-5582.99092830416
-5581.95164163609
-5583.06790239579
-5581.70715350119
-5581.70715350119
-5581.70715350119
-5581.70715350119
-5581.84568958907
-5582.88474019753
-5582.01971460667
-5581.70715350119
-5582.94368173675
-5581.70715350119
-5582.27471594697
-5583.05512989703
-5582.07000886537
-5582.12735887964
-5582.99970053203
-5583.12842167591
-5581.65116083166
-5581.65924951561
-5581.70715350119
-5581.61378134654
-5582.22629996455
-5581.63802684104
-5581.76352880782
-5581.70715350119
-5583.05419426588
-5581.70715350119
-5582.96451473862
-5581.56966856678
-5583.12716054112
-5581.76889891439
-5581.62397737419
-5581.81903419333
-5581.76722083559
-5581.70715350119
-5581.60165475322
-5583.04737596907
-5581.85169193367
-5581.70715350119
-5581.65116642616
-5581.93350770577
-5581.92858448669
-5583.21165684723
-5581.88075448012
-5581.70715350119
-5581.87259874676
-5581.87904219237
-5581.70715350119
-5581.70715350119
-5581.70715350119
-5581.70715350119
-5581.63512755161
-5581.70715350119
-5581.70715350119
-5581.70715350119
-5581.83551532102
-5581.78178892521
-5581.87303638554
-5581.68156898268
-5581.70715350119
-5583.22551540756
-5581.78766941487
-5581.70715350119
-5581.90347470881
-5582.43546116979
-5581.95907076694
-5583.32043360361
-5581.70715350119
-5583.25670264429
-5581.92659243643
-5581.98835539796
-5581.61856575547
-5582.20887342327
-5583.19386301945
-5581.8944046456
-5581.70715350119
-5583.09115847942
-5582.12327956723
-5583.07501725681
-5581.61257396675
-5581.86934479563
-5581.83633547582
-5581.70715350119
-5581.67593168498
-5581.70715350119
-5581.94173061199
-5583.08979369945
-5581.65397145064
-5582.28019783616
-5581.62513270765
-5583.00717340753
-5581.62316942354
-5581.70715350119
-5581.70715350119
-5583.05693005292
-5581.70715350119
-5583.08741837272
-5581.94111330873
-5582.21754198663
-5581.62416736784
-5583.17923709116
-5581.90903157073
-5581.94505804575
-5582.35358263018
-5582.04346499698
-5581.88180347945
-5581.7020418091
-5581.92894839485
-5581.62336451567
-5581.66798361187
-5583.14440469883
-5581.70715350119
-5581.70715350119
-5582.30410554243
-5583.0988590624
-5583.21511815948
-5583.03003575774
-5581.70715350119
-5581.84076987585
-5581.70715350119
-5581.95054198212
-5581.54774186142
-5583.14503816632
-5583.15471368053
-5581.65291417461
-5583.05920799948
-5581.86586439543
-5581.70715350119
-5582.27964267579
-5581.67463104141
-5581.70715350119
-5581.70715350119
-5581.79195656694
-5581.56851805507
-5581.83489105619
-5581.60123239433
-5583.00570651893
-5583.06336747726
-5582.33847091422
-5581.69259223945
-5581.62455067244
-5581.64485847312
-5581.70715350119
-5581.70715350119
-5581.70715350119
-5581.73755160334
-5581.71813991214
-5581.83034779242
-5581.70715350119
-5581.70715350119
-5581.70715350119
-5582.25161606748
-5581.79719726438
-5581.70715350119
-5581.65940628035
-5583.11293362251
-5581.61162089942
-5581.70715350119
-5581.83598243178
-5581.65322505557
-5581.70715350119
-5581.70715350119
-5581.70715350119
-5581.73480490227
-5581.77613969783
-5581.70715350119
-5581.70715350119
-5581.70715350119
-5582.99932428019
-5581.70715350119
-5581.70715350119
-5581.78595303798
-5581.70715350119
-5583.13476609672
-5581.84253672682
-5581.77605402218
-5581.70715350119
-5581.70715350119
-5581.70715350119
-5582.10785385255
-5581.70715350119
-5581.82971157393
-5581.79043972237
-5581.70715350119
-5581.86374191993
-5583.10387291777
-5581.68951934905
-5581.85749584828
-5581.70715350119
-5581.84420224588
-5583.06603656516
-5581.70715350119
-5581.70715350119
-5581.82978537445
-5581.70715350119
-5581.82323698554
-5583.18842297443
-5582.97458867245
-5582.15336166604
-5581.60923758569
-5581.78944322908
-5581.59833847712
-5582.23838706414
-5581.97473275178
-5582.17881674129
-5581.60608852117
-5582.9711665393
-5581.93547697692
-5583.06828411582
-5581.94156855236
-5582.20565829772
-5582.11508842381
-5581.53334489342
-5583.01649319638
-5582.17214404242
-5581.70715350119
-5582.96819818785
-5581.6405022396
-5582.11429508259
-5581.50267278249
-5582.87939303538
-5583.04714207925
-5583.13798291417
-5581.48569117402
-5582.02840163761
-5581.60933351985
-5582.00746012956
-5581.53289497567
-5581.70715350119
-5581.93487604324
-5582.07872901508
-5581.57012391683
-5581.69795105141
-5581.54282808406
-5582.19953653491
-5583.08997891352
-5582.0867329461
-5582.08330952941
-5581.57004188561
-5581.80338043029
-5581.59978301367
-5581.60821172977
-5581.70715350119
-5582.93610304384
-5583.17632054538
-5582.20290935444
-5582.0056842065
-5581.51367217794
-5581.54290588678
-5582.88128281242
-5582.11387238389
-5581.52864137619
-5582.05535744334
-5581.95782803179
-5581.64051463333
-5583.05006461256
-5582.01672321423
-5582.90848417776
-5581.93109085073
-5582.1328884821
-5581.54472619882
-5582.06450522339
-5581.70715350119
-5582.1409935808
-5582.10098271649
-5583.10284135806
-5581.55571101495
-5581.70715350119
-5582.16794623608
-5583.0140628138
-5581.47974941451
-5582.09606659565
-5582.02877171145
-5581.91162142245
-5581.55850056309
-5582.1216206872
-5582.19523370016
-5583.02564164573
-5582.22597420269
-5583.12134893646
-5583.12204968875
-5582.08970700571
-5583.04572622292
-5581.56875632429
-5583.07058561811
-5581.95517242402
-5581.70715350119
-5581.70715350119
-5583.0762773039
-5581.91187062898
-5583.04940326493
-5583.01873356107
-5581.97822051424
-5582.17424149383
-5581.54221645062
-5583.01984302035
-5581.88918769793
-5581.70715350119
-5581.57264650504
-5582.04210186796
-5581.70715350119
-5582.25472164043
-5581.78829779788
-5581.87594631231
-5581.85058786209
-5581.70715350119
-5581.70715350119
-5582.06702475801
-5581.70715350119
-5581.70715350119
-5581.83521797636
-5582.99593675613
-5582.09347830523
-5582.96931367632
-5582.21313885102
-5582.10449124128
-5581.70715350119
-5581.70715350119
-5581.73946116336
-5581.81328078074
-5581.70715350119
-5581.70715350119
-5581.70715350119
-5582.90004019144
-5582.23874897556
-5581.63225509976
-5581.62186005533
-5581.70715350119
-5581.70715350119
-5581.82805932103
-5581.89559518544
-5581.87129903109
-5583.094395831
-5581.66966407372
-5581.70715350119
-5581.81346324543
-5581.90819295295
-5581.56925414464
-5582.93270012088
-5581.61733145476
-5581.6529101233
-5581.87999858867
-5581.55423370598
-5583.07069172441
-5581.70715350119
-5581.74229822409
-5581.78937269432
-5581.70715350119
-5581.50410886397
-5583.1315366228
-5583.07622884474
-5581.70715350119
-5581.70715350119
-5581.59792754632
-5581.70715350119
-5582.12716066361
-5581.62712779886
-5581.70715350119
-5582.99171815527
-5581.57757811322
-5581.70715350119
-5582.1045537133
-5581.70715350119
-5582.1530415769
-5581.8267565132
-5581.86531962419
-5582.98711906857
-5582.25906129766
-5581.96213514406
-5582.21967724804
-5582.26560061404
-5581.85509807002
-5582.05134520686
-5582.29680991092
-5582.91923831577
-5581.70715350119
-5581.87785411488
-5582.11134426375
-5582.05905716023
-5583.01686816121
-5581.5322725038
-5581.70715350119
-5581.70715350119
-5581.57508177363
-5582.07658696158
-5583.01288831072
-5582.16642262199
-5581.58510282554
-5582.13146180779
-5581.58296202455
-5581.60668138051
-5582.06246173203
-5583.04769574696
-5582.06816805808
-5582.98337612018
-5582.92276121337
-5582.12007593989
-5583.02574110497
-5581.58880212138
-5583.10083216781
-5582.97867627626
-5582.07519088132
-5581.57227272824
-5583.03501394084
-5582.11303511328
-5582.21874650658
-5582.00391421746
-5581.70715350119
-5581.6422010489
-5581.53388889527
-5582.23437921924
-5582.95036089087
-5582.99838945161
-5581.57473367826
-5581.89076529655
-5581.58916320605
-5581.90508198599
-5582.96784565301
-5581.70715350119
-5582.09483821653
-5581.59574087475
-5582.98045666574
-5582.10269272119
-5581.57203217544
-5582.02544035508
-5582.18675300863
-5582.80863038982
-5581.58059713607
-5581.70715350119
-5581.60420867803
-5582.22506528655
-5581.70715350119
-5581.87094984985
-5581.65231829548
-5581.70715350119
-5583.02481890974
-5581.70715350119
-5583.13967831
-5582.13042528861
-5582.00229560797
-5582.13846542129
-5581.52981786438
-5582.28615823282
-5583.15358920323
-5581.52654545465
-5581.84914882496
-5581.70715350119
-5581.87822372105
-5581.79086751368
-5582.24006369249
-5581.55644343552
-5583.04408229825
-5581.63049607118
-5581.91305077126
-5583.01773520432
-5581.64584883527
-5583.07155055307
-5581.63774724581
-5583.0709282226
-5581.67272731672
-5581.94520014454
-5581.6492708918
-5581.76285510632
-5582.94422757315
-5583.04342347352
-5583.05176438799
-5581.64590523341
-5582.28355954525
-5582.27370932125
-5581.70715350119
-5581.83623199294
-5582.32794164533
-5581.59932823583
-5581.63107750216
-5581.70715350119
-5581.54511995622
-5582.98807412019
-5581.70715350119
-5581.70715350119
-5581.70715350119
-5581.70715350119
-5581.70715350119
-5582.92410250034
-5582.97075171699
-5581.70715350119
-5581.70715350119
-5581.70715350119
-5583.0533403166
-5581.70715350119
-5582.0802749557
-5583.0435110643
-5581.93309247631
-5583.11738645194
-5581.7622526792
-5581.76833772713
-5581.82520532845
-5581.70715350119
-5581.75932878476
-5581.70715350119
-5581.6606580677
-5581.70715350119
-5581.57688297325
-5582.14441070921
-5581.63053187805
-5581.83064944583
-5582.86064156363
-5581.89033300881
-5581.64583690133
-5581.91170458146
-5581.70715350119
-5583.18959107478
-5583.23434333772
-5581.70715350119
-5581.86025800449
-5581.70715350119
-5581.84379877846
-5581.52480669239
-5583.079077679
-5581.91183782242
-5582.11278710942
-5582.03379109118
-5581.96033337498
-5583.23881108469
-5581.92229019921
-5581.63527826072
-5581.93882276179
-5581.90996811293
-5582.07089998013
-5581.98295532686
-5581.87446553235
-5582.14408766682
-5583.09133904367
-5581.70715350119
-5582.16036501337
-5582.91575714986
-5582.13581018432
-5583.09275024969
-5581.97002247316
-5581.58837099592
-5581.56674791972
-5583.10952774015
-5581.70715350119
-5583.11435843157
-5581.70715350119
-5581.77609924896
-5581.61563715738
-5581.71058870878
