# type 2 occupying energies
-5553.37641215484
-5554.83303510682
-5554.92184010587
-5553.7607842723
-5553.36561339725
-5553.50406835916
-5554.72630518299
-5553.36561339725
-5553.36561339725
-5553.36561339725
-5553.65923601926
-5553.36561339725
-5553.71871167786
-5553.64432338264
-5555.02708620165
-5554.96005174081
-5553.77293487802
-5553.99938875894
-5553.36561339725
-5553.36561339725
-5553.35315787026
-5553.98874300507
-5553.35119324522
-5553.45121130577
-5553.36561339725
-5553.35992363977
-5553.43051476328
-5553.36561339725
-5554.04302585621
-5554.86575662092
-5553.53974533961
-5554.8282748663
-5553.46946465472
-5553.47589735055
-5553.36561339725
-5554.75011654549
-5553.43827094326
-5553.62070876551
-5554.92832309032
-5554.07202910102
-5553.65051398961
-5555.01131919157
-5553.96495237022
-5553.8985746091
-5553.36561339725
-5553.60061291847
-5553.43927063525
-5553.36561339725
-5553.97578027101
-5553.36561339725
-5553.36561339725
-5553.55563214186
-5555.07553675803
-5554.90606817009
-5553.40294470289
-5554.03978991393
-5554.08566379391
-5553.40889098465
-5553.72887085239
-5553.43028699433
-5554.11841859735
-5553.67250617406
-5553.61663387676
-5553.59966060004
-5553.36561339725
-5553.73882894679
-5553.39090841202
-5553.57608643613
-5554.96357630185
-5553.49066225572
-5553.52592305378
-5553.36561339725
-5553.36561339725
-5554.03880959587
-5553.36561339725
-5553.36561339725
-5553.35995564744
-5553.94865205998
-5554.93080258582
-5555.0366139239
-5554.03642152118
-5553.36561339725
-5553.75968186327
-5554.83808438367
-5553.66230648006
-5554.03897952256
-5554.08497311217
-5554.82413671044
-5553.36561339725
-5553.38217855262
-5553.36561339725
-5554.86856738933
-5554.79563817281
-5553.4183089867
-5553.6193340911
-5553.36561339725
-5553.94302840648
-5553.88527878732
-5553.44849365752
-5553.40946796446
-5553.96949172353
-5553.65476198169
-5553.42501635873
-5553.54759175925
-5553.41863689597
-5553.36561339725
-5553.36561339725
-5553.36561339725
-5554.82515999843
-5553.36561339725
-5553.96884555316
-5553.36561339725
-5553.67429815615
-5553.63688045473
-5553.45200646365
-5553.64389899909
-5553.36561339725
-5553.99979040529
-5554.69801317285
-5553.99231541765
-5553.36561339725
-5554.03636859014
-5553.93483918428
-5553.36561339725
-5553.62492039947
-5554.94940900414
-5554.7883905909
-5554.01949209014
-5554.95645729692
-5553.36561339725
-5554.86414859501
-5553.36561339725
-5553.482560609
-5554.87140263873
-5553.57239924271
-5553.45887242284
-5554.89339730198
-5553.47399248813
-5553.61537799717
-5554.06957937691
-5553.36561339725
-5553.96474195787
-5553.51020266063
-5553.95531800096
-5553.95145212132
-5554.01315051887
-5553.36561339725
-5553.49667712399
-5554.86034042978
-5553.36561339725
-5553.36561339725
-5554.77987006277
-5554.12191744449
-5553.86329197393
-5553.95404881276
-5553.50813205227
-5553.36561339725
-5553.36561339725
-5553.65129506458
-5553.62564387159
-5554.0399803527
-5554.81253118994
-5553.55937149603
-5553.41410120947
-5554.76485544157
-5553.47111374977
-5553.61918411512
-5555.04023810508
-5553.99309657182
-5553.97857924845
-5553.65621082641
-5553.68798961179
-5553.40548076161
-5553.51826645342
-5553.55418035107
-5553.37026243521
-5553.44154554638
-5553.40096852807
-5554.80158049542
-5553.57790881404
-5553.36561339725
-5553.40198803252
-5554.81089646016
-5553.65849151246
-5553.44975262761
-5553.55162557636
-5553.36561339725
-5553.55170422383
-5554.05458751562
-5554.81092831333
-5553.4537759145
-5554.82644701875
-5553.38640175872
-5553.36561339725
-5553.60279621169
-5554.0846170227
-5554.80245994086
-5553.36561339725
-5553.68917552711
-5553.41344010014
-5553.66374627604
-5554.71474835167
-5554.02363209126
-5553.36561339725
-5553.46832896186
-5553.43395206092
-5553.42161475899
-5553.56693533091
-5553.62412764623
-5553.60072858621
-5553.42467547074
-5553.89501370046
-5553.36561339725
-5553.36561339725
-5554.01998673404
-5553.42968957408
-5553.42274841452
-5554.01014115601
-5553.93485889835
-5553.36561339725
-5554.81255636033
-5553.36561339725
-5553.57782608357
-5553.36561339725
-5553.85419168379
-5553.58463368727
-5553.62055321446
-5553.74752469757
-5553.33155897957
-5554.75427678617
-5553.42396274192
-5553.83473417927
-5553.93703700236
-5553.8502185847
-5553.36561339725
-5553.48967622663
-5553.36561339725
-5553.39226123357
-5553.62545773226
-5553.36561339725
-5554.63107948861
-5553.36561339725
-5553.36561339725
-5554.66884535986
-5553.64289608325
-5553.41169364334
-5553.70388359615
-5554.79160758082
-5553.76027538555
-5553.6294984721
-5554.07242689539
-5553.7112587732
-5553.73538981063
-5553.39126848094
-5553.36561339725
-5553.41923467631
-5553.4162466921
-5553.43477271935
-5553.74495200627
-5553.36561339725
-5553.38660710392
-5553.36561339725
-5554.74209854621
-5554.94166173547
-5553.38402634656
-5553.68312684696
-5553.36561339725
-5553.39543181134
-5553.36561339725
-5553.36561339725
-5553.61960402037
-5553.36561339725
-5553.66187898734
-5553.45078538327
-5554.72564926748
-5553.46272270992
-5554.04197999138
-5553.95673232683
-5553.36561339725
-5553.99274351862
-5553.58642912992
-5554.83203188892
-5553.55402701936
-5554.86802352978
-5554.07009614632
-5553.97528760765
-5554.84024222026
-5554.86359038913
-5553.36561339725
-5553.70371521163
-5553.8774817622
-5553.49124312425
-5553.95655490202
-5553.97565682636
-5553.36561339725
-5553.70997243885
-5553.36561339725
-5553.36561339725
-5554.90351679656
-5554.96869931473
-5553.53415070631
-5554.04996091686
-5554.87521317984
-5553.4993404105
-5553.55940310018
-5554.84807230025
-5554.04388300684
-5553.7044041491
-5554.06088810765
-5553.36561339725
-5553.47375573064
-5553.64469901621
-5553.36561339725
-5553.48775950778
-5553.39761238933
-5554.00367172693
-5553.75268034921
-5553.99861868984
-5553.43195460623
-5553.60405174211
-5553.4749871577
-5553.4086050838
-5553.96501352161
-5553.36561339725
-5554.10499605269
-5553.60660518839
-5553.60587396401
-5553.36561339725
-5553.36561339725
-5553.38805336392
-5553.37441202523
-5553.36561339725
-5553.36561339725
-5553.40679226405
-5554.78928909815
-5554.78108666931
-5553.36656827776
-5553.36561339725
-5554.66398812533
-5553.55771842631
-5553.43880322925
-5554.01171407119
-5554.74686029316
-5553.48578806101
-5553.93919383022
-5553.97405523615
-5554.69134993242
-5553.40944640019
-5553.39597391077
-5553.9444527233
-5554.01982687229
-5553.6820538103
-5554.01834899531
-5553.78707915402
-5553.48851437921
-5554.81337834977
-5553.44402050047
-5553.36561339725
-5553.61405767533
-5553.75031900617
-5553.36561339725
-5554.84645726495
-5553.645872383
-5553.39190749295
-5553.65591608502
-5554.82589642321
-5553.38262191426
-5553.59493970678
-5554.03271697515
-5553.66837198975
-5553.98035899628
-5553.91867477585
-5554.96849169857
-5554.02607596673
-5553.84307530316
-5553.36561339725
-5553.58167528577
-5553.36561339725
-5554.98796216097
-5554.87782987955
-5554.04463850958
-5553.4370523265
-5553.67439851152
-5553.41050970711
-5554.0806559589
-5553.54043127842
-5553.56710615502
-5553.3935617288
-5554.06831477577
-5553.61219353195
-5553.36561339725
-5553.6221042969
-5553.58100547937
-5553.36561339725
-5554.02737945337
-5554.76922859052
-5553.43377097222
-5553.59591884088
-5554.08340925198
-5553.36561339725
-5554.761729578
-5553.44582620759
-5554.68081522654
-5554.80304483645
-5554.01830487227
-5554.92454040734
-5553.72114450813
-5553.97761656137
-5553.4751942697
-5553.95889872811
-5554.86261812429
-5554.92298019086
-5553.60632632261
-5553.43194249934
-5553.36561339725
-5553.41531738129
-5553.74453392102
-5554.85226351722
-5553.66129492993
-5553.66266412309
-5553.36561339725
-5553.36561339725
-5553.92833739611
-5553.36561339725
-5553.36561339725
-5554.85752623216
-5554.05343421267
-5553.36561339725
-5553.6141484377
-5553.97089030918
-5553.97831070742
-5553.42531147822
-5553.36561339725
-5553.43260867714
-5553.50250395058
-5554.91649511534
-5554.01668028639
-5553.40443604759
-5553.43645961218
-5553.36561339725
-5553.39285021501
-5554.65267408826
-5553.4646769721
-5554.87523645329
-5554.85104326195
-5553.44580545776
-5553.38946799464
-5553.57172752201
-5553.9371570262
-5554.95503912492
-5554.00268941405
-5553.36561339725
-5553.36561339725
-5553.94950722035
-5553.67228257671
-5553.44379469961
-5554.60827054856
-5553.47476209528
-5553.89289775413
-5555.01217973906
-5553.99306684182
-5554.79467018933
-5553.4856790523
-5553.93295741245
-5553.36561339725
-5554.65385431513
-5553.93155780616
-5553.51812034977
-5553.92182973442
-5553.36561339725
-5553.50941153823
-5553.97166484375
-5553.36561339725
-5553.44355122982
-5553.36561339725
-5553.5679819453
-5553.36561339725
-5553.48779154564
-5554.83534820578
-5554.87670416458
-5553.94583318511
-5553.49479828055
-5554.78715276481
-5553.36561339725
-5554.68510328624
-5553.41956763055
-5553.54701086697
-5553.36561339725
-5553.40584579793
-5553.43948828352
-5553.36561339725
-5553.39617998873
-5553.37922125881
-5553.4060513191
-5554.82960726408
-5553.36561339725
-5553.92347905879
-5554.78816138477
-5553.40270025987
-5554.64328037448
-5553.56684418937
-5553.36561339725
-5553.36561339725
-5553.36561339725
-5553.36561339725
-5553.4365866875
-5553.45385173927
-5554.83583835138
-5553.36561339725
-5555.0555989517
-5553.36561339725
-5553.62796674645
-5553.36561339725
-5554.00576460413
-5553.36561339725
-5553.36561339725
-5553.4723659996
-5553.68378552125
-5553.61258127853
-5553.93798496536
-5554.01182841533
-5553.40176480724
-5554.71109894486
-5554.89669285993
-5553.95565271013
-5554.07351950987
-5553.36561339725
-5554.86695124431
-5554.0667748725
-5554.01715123608
-5554.89100948691
-5553.97827987648
-5553.87994723801
-5553.67557381422
-5554.91540594322
-5553.79714101776
-5554.9976908997
-5553.98329121055
-5553.79053272419
-5553.36561339725
-5554.0300669563
-5553.60116922473
-5553.36561339725
-5553.40902488091
-5554.79726282715
-5553.71535811207
-5553.98075076736
-5554.88449673218
-5553.36561339725
-5553.70337140019
-5553.96717591801
-5553.36561339725
-5553.36561339725
-5553.46914633921
-5553.36017251558
-5554.17083599067
-5553.36561339725
-5553.57086918423
-5553.67045931839
-5553.68769309592
-5553.69185819643
-5553.45829936485
-5553.43109745838
-5553.97858435356
-5554.85385401277
-5554.06643823208
-5553.36561339725
-5553.98887873956
-5553.92670817952
-5554.01299682035
-5553.92302711124
-5553.39589364808
-5553.52632789401
-5553.57304213124
-5553.39538141177
-5553.68657124858
-5554.13752186336
-5553.43794404292
-5554.74722703525
-5553.54571713578
-5553.44830884161
-5553.36561339725
-5553.49328850224
-5553.98765033898
-5554.67074047947
-5553.39524135587
-5553.54381582953
-5553.60799685437
-5553.41121667731
-5553.46070439014
-5553.36561339725
-5554.76877640247
-5553.6165137737
-5553.38374720248
-5553.39167201798
-5554.78451673975
-5553.42344426088
-5553.36561339725
-5554.03209674703
-5553.39390636555
-5553.58856248972
-5554.02429715404
-5553.61998365232
-5553.5931570645
-5553.36561339725
-5554.0485157931
-5554.94351437903
-5553.36561339725
-5553.36561339725
-5553.46219609525
-5554.78030990208
-5553.45733884758
-5553.98401185403
-5554.81375376084
-5553.36561339725
-5554.86017011981
-5553.78233278581
-5554.92038184701
-5554.7951205978
-5553.9776200049
-5554.88292292228
-5554.96430349704
-5553.36561339725
-5553.4635830635
-5553.88074916447
-5553.51305050521
-5554.87977996395
-5554.01032513362
-5553.47293502295
-5553.91115470314
-5553.91785606847
-5554.802576272
-5553.52068631468
-5554.02437446241
-5553.36561339725
-5554.8364687504
-5553.57059723454
-5554.08359339533
-5553.47660210677
-5554.81582972611
-5553.71514344667
-5553.36561339725
-5553.99514169857
-5553.73263084659
-5553.36561339725
-5554.98282999104
-5553.85961730259
-5554.71009228369
-5554.73700910991
-5553.58392498539
-5553.41940101138
-5554.04460088981
-5554.73086889999
-5553.92731909855
-5553.36561339725
-5553.78114109815
-5553.77550364812
-5553.36561339725
-5553.36561339725
-5553.7529341134
-5553.43891071278
-5553.36561339725
-5553.36561339725
-5553.4459620789
-5553.61463771052
-5553.95920139325
-5553.36561339725
-5555.01362364327
-5554.056915378
-5554.78268163304
-5553.36561339725
-5554.0620683008
-5553.98133488262
-5553.64089601659
-5553.47737465339
-5553.64938834208
-5553.5871860402
-5553.37547621107
-5553.42284777356
-5554.79600963655
-5554.87739109099
-5554.93646057063
-5553.67395862631
-5553.58758241759
-5553.41430590218
-5553.61952076011
-5554.84605263113
-5553.60168891665
-5553.36561339725
-5553.36561339725
-5554.02504063774
-5553.43862370217
-5553.49629641384
-5553.98686460228
-5553.47318324199
-5554.74221139899
-5553.9651305698
-5553.36561339725
-5553.36561339725
-5553.91967443805
-5554.62833213976
-5554.07111909777
-5553.36561339725
-5553.40992740694
-5554.65588719059
-5553.36561339725
-5553.99460382068
-5553.59508559066
-5553.7333156505
-5553.36561339725
-5553.50923632214
-5554.83404601374
-5554.91071459186
-5554.06199371641
-5553.56759772264
-5553.36561339725
-5553.37135646891
-5553.36561339725
-5553.36561339725
-5553.36561339725
-5553.56123405004
-5554.015121246
-5554.93166162681
-5553.40043114614
-5553.36561339725
-5553.94294191121
-5554.98543975432
-5553.9702640856
-5553.61977457619
-5553.36561339725
-5554.78998467515
-5553.44307926853
-5553.63131959486
-5553.59341807835
-5553.36561339725
-5553.98630194946
-5553.52576028461
-5553.96277091019
-5554.86089989551
-5553.98148331118
-5553.36561339725
-5554.89559848656
-5554.89376050504
-5554.84937415927
-5553.45791357291
-5554.03952193342
-5553.36561339725
-5553.46762303341
-5553.62994334877
-5554.15531213944
-5553.67493635564
-5553.58373110108
-5555.07361788861
-5553.46671591452
-5553.44751278877
-5553.57572420813
-5553.36561339725
-5553.9822226165
-5553.58134760958
-5554.1107148237
-5553.43996271093
-5553.36561339725
-5553.64253516468
-5554.06443191094
-5553.4447013601
-5554.84973969648
-5553.44901099537
-5553.44934736778
-5554.83691121375
-5553.36561339725
-5553.94719378702
-5553.432525451
-5553.3987671156
-5553.43671797519
-5554.1373100276
-5553.44692136597
-5554.90585932283
-5553.36561339725
-5553.45932519332
-5554.09874921732
-5554.77637978585
-5553.41114495709
-5553.42936021892
-5553.95870405035
-5553.35701733721
-5554.03152641089
-5553.44942344591
-5554.83848783914
-5553.49450105206
-5554.05980667313
-5553.65044262152
-5553.44514935314
-5553.47693220143
-5554.76261817574
-5553.44091185202
-5553.43087106868
-5553.61895586569
-5553.36561339725
-5554.82559717431
-5553.36561339725
-5553.36561339725
-5553.70463059463
-5554.01269463649
-5554.99650019222
-5554.02935567859
-5554.85316601248
-5553.51095606823
-5554.945967188
-5553.40909070686
-5553.63321130344
-5553.69893707158
-5554.01928488213
-5553.59824483385
-5554.12624180946
-5554.95773687146
-5553.98862388146
-5554.95238369766
-5553.36561339725
-5553.68539636112
-5554.64375304637
-5553.98855421838
-5553.99790054415
-5553.36561339725
-5553.37761506044
-5553.42912302347
-5553.58961197736
-5555.00622803023
-5553.75844995084
-5553.54581266586
-5554.8683789721
-5554.04088319371
-5553.76347844624
-5554.76688839371
-5553.63985193103
-5555.01671500597
-5553.53047471141
-5553.36561339725
-5553.39459137972
-5554.00880746076
-5554.82891989407
-5554.75638896295
-5554.79834695299
-5554.09239298078
-5553.59995117219
-5553.40751579651
-5553.59226427742
-5553.36561339725
-5554.99118874881
-5554.01906517999
-5553.36561339725
-5553.51245795435
-5553.36561339725
-5553.98436974839
-5554.92149155582
-5553.36561339725
-5554.75896338984
-5553.49695659625
-5553.6914594084
-5553.36561339725
-5554.75613398926
-5553.66308478302
-5553.36561339725
-5554.90210910634
-5554.73923375844
-5553.39419395026
-5553.43002195946
-5553.62866756162
-5553.94900670952
-5553.67836195108
-5553.41646309838
-5553.69033878788
-5553.54368561919
-5553.62457627393
-5553.36561339725
-5553.36561339725
-5553.99311608769
-5553.90327353618
-5553.36561339725
-5553.36561339725
-5553.91991396501
-5554.02493457324
-5553.46539963884
-5553.70901638188
-5553.63977446857
-5553.46990284014
-5553.98695432991
-5554.82010087033
-5554.83742378842
-5553.65034148436
-5554.01086321355
-5554.86182050008
-5554.83134086631
-5553.4890097826
-5553.44605494123
-5553.36561339725
-5554.78381440949
-5553.99223475889
-5553.94092585179
-5553.36561339725
-5553.45588302829
-5553.42684334043
-5553.36561339725
-5554.73431091566
-5553.36561339725
-5553.36561339725
-5553.36561339725
-5554.87134528794
-5553.44248689185
-5553.49473791197
-5554.02321866754
-5553.36561339725
-5554.86367162148
-5553.56450944405
-5553.78098936116
-5553.75174573773
-5553.47387356188
-5554.0448967085
-5554.85103937693
-5554.86454539499
-5553.36561339725
-5553.36561339725
-5553.65188736914
-5553.98616062003
-5553.99801251588
-5554.92162757378
-5553.76063180318
-5554.01772816992
-5553.36561339725
-5553.65411254125
-5554.9544363899
-5553.41908212505
-5553.42538496235
-5553.58322802445
-5553.32630707244
-5554.89596490984
-5554.04312091999
-5554.73622258077
-5554.04512099087
-5554.03733340404
-5553.9018681917
-5553.94783922485
-5553.5466802104
-5553.36561339725
-5554.89438665061
-5553.72608902434
-5554.96737521185
-5553.65832069877
-5553.36561339725
-5553.5019558758
-5553.45708737841
-5554.76763054172
-5553.36561339725
-5554.94254113866
-5553.36561339725
-5554.85297886794
-5553.45316712441
-5553.36561339725
-5554.02410348365
-5553.48210043177
-5554.70486581575
-5553.91654034587
-5554.87304365089
-5553.83688110896
-5554.04192607286
-5553.36561339725
-5553.58744662165
-5554.7406460516
-5553.36561339725
-5553.43110117104
-5554.76089227598
-5553.55882959888
-5553.47337180527
-5553.4574749451
-5553.97788718729
-5553.36561339725
-5553.39276080357
-5553.98969511602
-5553.4278208225
-5553.36561339725
-5553.62879192926
-5553.36561339725
-5554.83153018057
-5553.36561339725
-5553.42963312652
-5553.43092706598
-5554.85076254525
-5553.36561339725
-5553.96424852578
-5553.36561339725
-5553.96018640878
-5553.36561339725
-5553.50527238464
-5553.75241803485
-5554.93314957016
-5554.88038929924
-5553.36561339725
-5554.86747047411
-5553.36561339725
-5553.42921234047
-5554.88860853416
-5553.60818832351
-5553.3886216589
-5554.94015777341
-5553.7433111141
-5554.06588165576
-5553.56962180204
-5553.4214003591
-5554.03987591513
-5553.36561339725
-5553.36561339725
-5554.83932519912
-5554.95674421709
-5554.88312430751
-5553.94680495029
-5553.5925444163
-5554.06265176945
-5553.36561339725
-5553.36561339725
-5553.45130292504
-5553.65365231403
-5554.01650989315
-5553.4542595883
-5553.7618530349
-5554.9236519713
-5553.9523444338
-5553.61870187991
-5553.40553106259
-5554.01517295222
-5553.97779569132
-5554.08937931531
-5553.36561339725
-5553.58539327111
-5553.54559435727
-5553.36738724447
-5553.46025428109
-5553.57325075292
-5553.89885451569
-5553.46517539921
-5554.82101838742
-5553.96229555348
-5553.45393156219
-5553.90777751367
-5553.94983012509
-5554.87949275379
-5553.36561339725
-5553.36561339725
-5554.88834096933
-5554.04679802594
-5554.94429068406
-5553.67419387237
-5553.36561339725
-5553.88761852129
-5553.36561339725
-5553.5314168847
-5553.49481907147
-5554.89124028378
-5553.36561339725
-5553.36561339725
-5553.36561339725
-5554.85089592691
-5553.39889015579
-5553.42279574095
-5554.02598210149
-5554.00486875811
-5554.66606487458
-5553.41554657214
-5553.36561339725
-5553.93478363543
-5554.01688224465
-5553.54139198396
-5553.44601708051
-5554.82794541309
-5554.07154330483
-5553.51074936125
-5553.49240395926
-5553.36561339725
-5554.99180604133
-5554.96751170499
-5553.36561339725
-5553.44225146076
-5553.36561339725
-5553.50774781413
-5555.03774702093
-5554.84728679114
-5553.40227640209
-5553.99083398034
-5554.84717898066
-5553.95009706538
-5554.90873054858
-5553.44187248703
-5555.11207569525
-5555.05478470479
-5553.39319992369
-5553.36561339725
-5554.80793068737
-5553.40154188338
-5553.59519869174
-5553.36561339725
-5553.45032487408
-5555.01103262604
-5555.11293614923
-5553.69936622197
-5553.89644248363
-5553.36561339725
-5554.07013408224
-5555.03226355223
-5553.36561339725
-5554.63935768973
-5553.44566975481
-5554.01493170598
-5553.67028934749
-5553.98108203197
-5554.80297364659
-5554.95757299723
-5553.36561339725
-5553.36561339725
-5553.52722805769
-5553.90453670023
-5553.6458552413
-5553.36561339725
-5554.72550906923
-5553.71296252523
-5554.93989078319
-5553.72657890389
-5553.36561339725
-5554.66667483479
-5553.36848825114
-5553.70945068929
-5553.45281967943
-5553.57414339618
-5553.98046987731
-5553.36561339725
-5553.65908635285
-5553.39880029542
-5553.36561339725
-5554.06203395724
-5553.57854229275
-5553.36561339725
-5554.81232585399
-5553.36561339725
-5553.60611430125
-5554.07093584494
-5553.36561339725
-5553.63093526472
-5553.52725113191
-5553.41965511171
-5553.44732736613
-5553.60375264498
-5553.97308292638
-5553.44029214317
-5554.78383642749
-5553.94748374637
-5553.46803564406
-5553.93611778233
-5553.36561339725
-5554.72310335187
-5553.48414196138
-5554.01440878955
-5553.36561339725
-5553.36415516329
-5554.07166000554
-5553.65183481484
-5553.9835752573
-5553.52037164022
-5553.99548647122
-5553.51006064405
-5554.85793708773
-5553.641202884
-5553.40627780618
-5553.67596120781
-5554.90459533587
-5554.03763587461
-5553.36561339725
-5553.36561339725
-5553.45170206893
-5553.74067310769
-5554.06691952143
-5554.85527369031
-5554.07920200083
-5553.61657667077
-5553.82451995277
-5553.36561339725
-5554.88448487727
-5555.06005847591
-5554.8670283789
-5553.55585673656
-5554.06621936132
-5555.11202058646
-5554.9144963322
-5553.45729393627
-5554.02915317525
-5553.6552611574
-5553.66222036469
-5554.83379944671
-5553.81346635003
-5553.36561339725
-5553.36561339725
-5553.36561339725
-5555.15825289889
-5553.82906063562
-5553.36561339725
-5553.98166386991
-5553.36561339725
-5553.52292188556
-5553.36561339725
-5554.87118078571
-5555.04196634642
-5554.06178214625
-5554.97115430838
-5553.5881130103
-5553.52753378371
-5553.60995428267
-5553.36561339725
-5554.89664474189
-5553.34859719038
-5553.563653598
-5553.61310209792
-5554.05282307968
-5553.86242010904
-5554.01942981668
-5553.36561339725
-5553.73567297967
-5553.7276537818
-5553.36561339725
-5553.36561339725
-5554.84437025503
-5553.47907011322
-5554.72031553176
-5553.45764090185
-5553.91535386832
-5554.81187662245
-5554.01576998107
-5553.36561339725
-5554.13267889002
-5553.47688816475
-5553.36561339725
-5553.36561339725
-5553.50615731873
-5553.96696538843
-5554.00575309853
-5554.77616216034
-5553.56648335081
-5553.98365376887
-5553.36561339725
-5554.87459176838
-5554.74683694406
-5553.60402413509
-5554.011676143
-5553.6665920109
-5553.99860875117
-5554.80083976471
-5553.45516839449
-5553.48813110379
-5553.39104681221
-5553.39561441319
-5553.60993722017
-5553.43581499491
-5553.6819477638
-5553.43499187884
-5553.98608834946
-5553.46522159622
-5553.68568327524
-5553.42621808016
-5554.02799507806
-5553.77641784713
-5553.36561339725
-5555.05965586963
-5553.93408880827
-5553.97612789198
-5553.88660655749
-5553.97541315743
-5553.46780092346
-5553.36561339725
-5553.36561339725
-5554.79265026962
-5554.01651839291
-5553.94833875287
-5554.5569999653
-5553.36561339725
-5553.36561339725
-5553.36561339725
-5555.0133543507
-5553.94186043465
-5553.36561339725
-5554.82648232574
-5553.75030522963
-5553.36561339725
-5554.90138359859
-5553.60658434543
-5553.36561339725
-5553.38618180741
-5554.81508236807
-5553.56396693593
-5554.82462055398
-5554.8006030396
-5553.96710150337
-5553.36561339725
-5553.41982923044
-5554.02689515535
-5553.61074671055
-5553.36561339725
-5553.56642868022
-5553.36561339725
-5553.72613945063
-5553.48408677233
-5553.54859341244
-5554.87874487113
-5553.6845848638
-5553.3681289734
-5553.71228909737
-5554.90758080295
-5554.90752431591
-5553.37650582982
-5553.45663677564
-5553.90236623915
-5553.77489976388
-5553.36561339725
-5553.99662139479
-5553.36561339725
-5553.36561339725
-5553.65055183058
-5553.52171590548
-5554.10022218855
-5553.68884994809
-5554.87919046785
-5553.36561339725
-5553.68034716146
-5553.36561339725
-5553.9490814917
-5554.12237139167
-5553.36561339725
-5554.96900064901
-5553.36561339725
-5554.7801360303
-5554.01785491572
-5554.84701110723
-5553.36561339725
-5553.66270251457
-5554.89728464871
-5554.83575390004
-5553.75426960024
-5553.74399985986
-5553.65631970748
-5553.36561339725
-5553.43255233528
-5553.69842319113
-5554.01137535097
-5553.36561339725
-5554.0260446679
-5553.36561339725
-5554.12528357747
-5554.80673592304
-5554.89046603321
-5554.88559873248
-5554.00721684737
-5553.4109173383
-5553.36561339725
-5553.64622692755
-5553.36561339725
-5553.43914362227
-5553.36561339725
-5553.46008840233
-5554.87203248498
-5553.91818446288
-5553.43180825805
-5553.36561339725
-5553.36561339725
-5554.71594410089
-5554.65732611903
-5553.71353193326
-5553.36561339725
-5554.78180719817
