# type 5 occupying energies
-5583.43201599271
-5581.80118200074
-5583.43201599271
-5582.41517195823
-5583.43201599271
-5582.13238502226
-5581.90341801959
-5581.80110777663
-5582.1490723166
-5582.12614074806
-5581.95587664639
-5582.02822214047
-5581.95707099849
-5582.2648113496
-5582.55879576542
-5583.43201599271
-5582.37867665201
-5582.3945704972
-5583.43201599271
-5582.18803326148
-5581.96112268143
-5581.92998581375
-5582.07772600846
-5582.16720277823
-5582.03016241891
-5582.05889918146
-5582.63977983923
-5582.60648960112
-5583.43201599271
-5582.38361555445
-5583.43201599271
-5582.00149760677
-5582.26414804792
-5582.35210011677
-5582.14371981976
-5582.46723785608
-5581.94962804503
-5583.43201599271
-5581.81300218891
-5582.59529678725
-5581.90551583602
-5583.43201599271
-5583.43201599271
-5582.41393502316
-5582.36324683197
-5583.43201599271
-5582.43579579601
-5583.43201599271
-5582.42975695598
-5583.43201599271
-5582.60346112532
-5582.60951986633
-5582.00605254488
-5581.9005312563
-5581.95336469168
-5582.53749615956
-5582.60260503821
-5582.5361550479
-5582.26506679486
-5583.43201599271
-5582.67931281797
-5582.64188633544
-5582.29580208906
-5581.96318176633
-5582.64399035967
-5582.07594455032
-5583.43201599271
-5582.31306380685
-5582.10879231311
-5582.20560345128
-5581.92458941243
-5582.55248276098
-5583.43201599271
-5581.95368044381
-5582.47324754643
-5582.55776258259
-5582.5892191581
-5582.34570910148
-5582.63089850617
-5583.43201599271
-5581.89259286518
-5583.43201599271
-5581.86928410984
-5583.43201599271
-5582.10835199259
-5581.96541401483
-5581.88893575175
-5582.21837096825
-5583.43201599271
-5581.90480843889
-5581.92651080459
-5582.01755347697
-5582.21518372541
-5582.04551080526
-5582.65875248662
-5581.92313571085
-5583.43201599271
-5582.60015810297
-5581.94819568504
-5582.03699260781
-5582.08117580958
-5582.17445765953
-5583.43201599271
-5582.23773719676
-5582.04803748363
-5582.07833464151
-5582.24123301424
-5582.08918974138
-5582.71402341402
-5582.51672464338
-5582.01753437194
-5583.43201599271
-5581.8929327372
-5583.43201599271
-5581.89271194923
-5581.82864521692
-5583.43201599271
-5582.66613305464
-5582.08084958306
-5582.48253695834
-5581.94181056046
-5582.62503852932
-5582.19357122858
-5582.28619174903
-5581.89756610953
-5581.9827056713
-5582.57661919429
-5582.10735255559
-5583.43201599271
-5581.93491542416
-5581.82547344909
-5582.26880209659
-5582.52316162075
-5583.43201599271
-5581.83275248851
-5583.43201599271
-5582.23054049716
-5583.43201599271
-5582.52375934095
-5582.54324424797
-5582.55624127542
-5582.50716895836
-5582.42358752684
-5582.47489889379
-5582.56314510808
-5581.90027750096
-5581.79944003553
-5583.43201599271
-5582.21391240909
-5581.87408792526
-5582.47091522386
-5583.43201599271
-5581.88833116085
-5581.98467073213
-5582.08697326454
-5583.43201599271
-5582.38338174468
-5583.43201599271
-5582.14600070143
-5581.82696212736
-5583.43201599271
-5581.95288905827
-5581.77217994592
-5582.53201335112
-5582.62085296531
-5582.1424310965
-5582.34038659369
-5582.04189798932
-5582.16952412615
-5581.87322999629
-5582.21624035701
-5582.62849967381
-5581.88983805693
-5583.43201599271
-5583.43201599271
-5582.18177001037
-5583.43201599271
-5581.87266332063
-5581.89917534419
-5581.93908629309
-5581.86090932105
-5583.43201599271
-5582.12898893092
-5583.43201599271
-5582.21033782653
-5581.7652556705
-5581.92705855691
-5582.2464923913
-5581.79137746715
-5581.936244757
-5582.20934299125
-5581.74590936335
-5581.92560855762
-5583.43201599271
-5583.43201599271
-5582.21588053782
-5582.44791828936
-5582.0542080859
-5582.4443544045
-5582.45967657972
-5581.96073615093
-5583.43201599271
-5581.93103298556
-5582.52496458077
-5581.99387008323
-5583.43201599271
-5581.91772001522
-5582.52719833007
-5581.95600539379
-5582.15367009388
-5582.45515081933
-5582.54199080311
-5582.00811455224
-5581.91019418097
-5582.02583452028
-5582.59838045271
-5582.23356375208
-5581.87857715918
-5583.43201599271
-5581.85156121959
-5581.83263117079
-5582.48442339482
-5582.49811714814
-5581.80505941596
-5581.90154005803
-5583.43201599271
-5582.1612113666
-5581.76047190749
-5583.43201599271
-5583.43201599271
-5582.24907613503
-5581.74394114488
-5583.43201599271
-5582.52061580085
-5581.85046486848
-5583.43201599271
-5581.82458837568
-5581.87296712519
-5582.33189332636
-5583.43201599271
-5582.20081086957
-5581.93382197051
-5582.29874524627
-5581.96952751154
-5581.86179519337
-5581.88035031517
-5583.43201599271
-5582.45922531955
-5582.2742770883
-5583.43201599271
-5582.46025807402
-5583.43201599271
-5581.94494038385
-5582.04619666535
-5582.16670741455
-5582.08818067415
-5582.15237368456
-5583.43201599271
-5582.02911790605
-5581.93948797671
-5583.43201599271
-5582.58607888957
-5582.50251950638
-5582.29973550847
-5582.33088065228
-5582.38247743016
-5582.21870740651
-5582.54990873426
-5582.32274999039
-5582.34536279849
-5582.05649432576
-5582.1687305259
-5582.07217640945
-5582.45821652075
-5581.65735583965
-5582.34678619322
-5582.36885443152
-5581.89112384703
-5583.43201599271
-5582.35649030315
-5582.014125189
-5583.43201599271
-5582.4862442863
-5582.1720367095
-5581.86453534031
-5583.43201599271
-5581.67233416718
-5583.43201599271
-5583.43201599271
-5583.43201599271
-5581.78711686406
-5582.09835692752
-5583.43201599271
-5581.7420401954
-5581.86371828732
-5581.83719382574
-5582.38296227596
-5581.81665885389
-5582.43576709997
-5582.48976028967
-5583.43201599271
-5582.20453348705
-5583.43201599271
-5583.43201599271
-5583.43201599271
-5582.55645381772
-5582.45667537329
-5583.43201599271
-5581.89407195073
-5582.00613020769
-5582.51140910002
-5582.45643870111
-5581.91472228453
-5581.97092571858
-5581.82847963048
-5582.16964282994
-5582.51988939968
-5582.45546206734
-5581.90407019207
-5582.18408369334
-5581.92190121879
-5583.43201599271
-5582.23305566103
-5581.94500409815
-5583.43201599271
-5582.60516354044
-5581.92738960868
-5582.31762999492
-5581.84890267588
-5582.294208553
-5583.43201599271
-5582.45815411969
-5583.43201599271
-5582.51145156647
-5582.64781628266
-5581.87924034806
-5582.08686342186
-5582.6149459445
-5582.23349013204
-5581.81359039751
-5581.86469769416
-5582.53092266624
-5582.4875016012
-5582.46592005502
-5583.43201599271
-5581.95191914552
-5582.31025152339
-5582.15653344633
-5582.17225952222
-5581.89537151652
-5582.41043070667
-5583.43201599271
-5581.83175367452
-5581.8291472616
-5582.19984303737
-5583.43201599271
-5581.77704775326
-5581.90753903896
-5582.09338847417
-5582.12940019128
-5583.43201599271
-5581.93093593568
-5583.43201599271
-5583.43201599271
-5581.99336795359
-5582.19885742705
-5581.81614822425
-5583.43201599271
-5581.88742546025
-5582.05415348928
-5581.9945081548
-5581.87927277374
-5582.53124562169
-5583.43201599271
-5581.96130223579
-5582.16968001181
-5582.16517373758
-5583.43201599271
-5583.43201599271
-5582.54666452402
-5581.98714058839
-5583.43201599271
-5583.43201599271
-5583.43201599271
-5581.80961012221
-5582.15667457681
-5581.78609163386
-5581.97132867015
-5582.5459135009
-5583.43201599271
-5582.56883046106
-5582.04254272724
-5582.00217268813
-5583.43201599271
-5581.85339296848
-5581.94034786867
-5582.07625682313
-5582.15207779595
-5582.71196827308
-5581.89570794945
-5582.22798448897
-5582.21183163051
-5581.95245431553
-5581.9856369095
-5581.81254745356
-5581.87926562978
-5583.43201599271
-5581.74219958308
-5582.28077468585
-5582.42775433272
-5582.18111169541
-5581.8408542073
-5582.20807723861
-5581.92279093692
-5583.43201599271
-5582.19307377972
-5581.86035908804
-5582.22974193075
-5582.19314010889
-5583.43109709635
-5583.43201599271
-5583.43201599271
-5581.93647079807
-5582.19519612284
-5583.43201599271
-5582.44740952595
-5582.56215491075
-5581.87157751553
-5582.55573801037
-5583.43201599271
-5582.54244837222
-5581.72313129004
-5583.43201599271
-5581.90420079813
-5582.09608002104
-5582.3827758067
-5583.43201599271
-5583.43201599271
-5583.43201599271
-5582.6219172624
-5582.32238080727
-5583.43201599271
-5582.44940371836
-5582.4630862299
-5581.85273509237
-5583.43201599271
-5581.97637796813
-5581.99558413136
-5582.36035809013
-5582.4872512003
-5582.59671099579
-5582.45660201722
-5582.57373984212
-5582.53778587051
-5583.43109709635
-5582.48412786836
-5582.19636159322
-5583.43201599271
-5582.45482349357
-5582.03067458414
-5582.51078748663
-5583.43201599271
-5582.52000277095
-5581.87974708449
-5583.43201599271
-5582.25332875969
-5581.89559739358
-5582.04755633546
-5582.34621183125
-5582.50136104552
-5582.59435007263
-5582.52027195109
-5582.5413048968
-5582.39442965692
-5582.08803087155
-5582.48950052311
-5583.43201599271
-5582.62299980864
-5582.12235021109
-5583.43201599271
-5582.40223779372
-5582.37930678374
-5582.46356502506
-5582.10280199466
-5582.45652081881
-5581.83731183105
-5582.60325901724
-5582.57498840065
-5582.46300379143
-5582.48128205779
-5583.43201599271
-5582.40438291582
-5583.4313727775
-5582.02330535076
-5581.91133241029
-5582.36150865636
-5583.43201599271
-5582.01729724206
-5581.97956280282
-5582.41138247941
-5582.39697945851
-5582.22332122844
-5582.0244139696
-5582.44018151709
-5581.9901894186
-5582.44699595718
-5582.55695274557
-5582.51499315973
-5583.43201599271
-5582.33552053747
-5582.45084968116
-5581.98242832671
-5582.41042233135
-5583.43201599271
-5583.43201599271
-5583.42931445428
-5583.43201599271
-5581.7886766488
-5583.43201599271
-5581.9123092641
-5582.49445811474
-5582.06681134511
-5582.25314013194
-5582.68016921815
-5581.77234252014
-5582.11998250956
-5583.43201599271
-5581.98607150468
-5581.86382271292
-5581.94071138759
-5583.4313727775
-5582.5702468254
-5582.02868147939
-5583.43201599271
-5582.00679698989
-5582.12496216156
-5581.98461873271
-5582.31471685525
-5582.47630165262
-5582.15912042972
-5582.5123484681
-5582.11965075208
-5581.88953942724
-5581.9119942581
-5581.95122239384
-5582.25587589481
-5583.43201599271
-5581.77874666213
-5581.99320505791
-5581.91461444758
-5582.21446418366
-5581.83194332615
-5582.13767137631
-5582.20251800694
-5582.07244017582
-5582.13845753621
-5581.89383179812
-5583.43201599271
-5581.89797469808
-5581.96583328465
-5582.28914841886
-5581.82535573214
-5581.97334387271
-5582.18427152081
-5581.98489251776
-5581.91459943834
-5581.97104393165
-5582.5942265889
-5581.84110465594
-5582.56764956427
-5582.49672125223
-5583.43201599271
-5581.88461571528
-5582.15643458897
-5581.94449615671
-5582.13539285511
-5582.17143244335
-5581.8111884468
-5583.43201599271
-5582.13944935097
-5583.43201599271
-5582.13524762417
-5581.85514845328
-5581.98844478717
-5581.88268391485
-5583.43201599271
-5581.91627213691
-5582.39025268874
-5583.43201599271
-5582.25872749384
-5583.43201599271
-5582.15110776139
-5582.23821043437
-5582.01855973678
-5582.15888739194
-5581.79981627538
-5582.1934965166
-5581.75185818304
-5583.43201599271
-5581.81865112528
-5583.43201599271
-5583.43201599271
-5581.92056764267
-5581.93894057937
-5581.90633538389
-5581.85849777649
-5583.43201599271
-5582.4991575686
-5583.43201599271
-5582.6100556602
-5581.8756243083
-5582.2791134353
-5581.87005623116
-5582.47687654532
-5582.46965070792
-5582.50278976255
-5582.50584829979
-5581.81806683713
-5583.43201599271
-5581.90821248751
-5582.27285658626
-5581.91884350587
-5582.203076989
-5582.53803349405
-5581.89837969262
-5582.48926081387
-5582.61454563984
-5583.43201599271
-5582.35857454354
-5582.42425746907
-5583.43201599271
-5583.43201599271
-5581.91649583689
-5582.5416060086
-5582.47089251807
-5583.43201599271
-5581.91065624785
-5581.83709632101
-5581.91120322101
-5582.0361238294
-5582.48097256255
-5581.8855221723
-5581.89038872966
-5581.9615111885
-5582.33502319353
-5583.43201599271
-5582.2699179188
-5582.30807351516
-5583.43201599271
-5582.10450698944
-5583.43201599271
-5583.43201599271
-5583.43201599271
-5582.41209614817
-5581.87492636931
-5581.93778855686
-5583.4313727775
-5582.36785452339
-5582.0357663699
-5581.9150172223
-5583.43201599271
-5582.53265661702
-5582.35972219524
-5581.64777836885
-5581.95320504507
-5582.04553881588
-5581.92040293002
-5581.94028679052
-5581.99029328299
-5582.48629324711
-5582.15750887266
-5582.28924685161
-5583.43201599271
-5582.02487951626
-5582.11709604713
-5581.91257493852
-5582.17826362063
-5582.52569401061
-5581.9539634197
-5582.03960781293
-5583.43201599271
-5583.43201599271
-5582.16775943385
-5581.81679960599
-5581.75002533483
-5582.16938293095
-5581.86058880333
-5581.96310113931
-5582.14090586404
-5582.05263835267
-5582.206052093
-5581.94813697029
-5581.91593312783
-5582.00043713716
-5581.91087395904
-5582.06294871869
-5581.96063992274
-5581.92261216559
-5582.50979184894
-5583.43201599271
-5581.96313068769
-5583.43201599271
-5582.17228334469
-5582.13215133271
-5581.93686225306
-5582.14081088994
-5582.19471989699
-5581.99489630861
-5582.18616424283
-5582.13142904405
-5582.00834710245
-5583.43201599271
-5581.99030492271
-5582.11036954753
-5581.83453374372
-5582.09439773054
-5583.43201599271
-5581.82994253198
-5582.16501520605
-5581.90351450707
-5582.2753347505
-5581.88494695043
-5581.86559292652
-5582.04786455408
-5582.53266123708
-5581.83189118582
-5581.94532440559
-5583.43201599271
-5582.46650389128
-5582.5138215145
-5583.43201599271
-5581.80147784402
-5582.09992279606
-5583.43201599271
-5583.43201599271
-5582.5313585189
-5582.00075435041
-5582.16961907302
-5583.43201599271
-5581.83971798036
-5581.93695329133
-5581.89552899895
-5583.43201599271
-5581.82564983512
-5581.85155127341
-5582.1652857413
-5581.82836006292
-5582.09713441965
-5581.99923167558
-5582.07212414964
-5581.92181015907
-5582.18955252614
-5582.20137402692
-5582.03810559497
-5581.89146188254
-5582.01881132042
-5581.89465560356
-5582.19580608683
-5582.1502031629
-5582.00560848739
-5581.95936123806
-5582.05379593443
-5582.01446936408
-5582.02448980008
-5581.98195840078
-5582.20625856717
-5582.1723923006
-5582.34296599906
-5582.1258678079
-5581.95609622863
-5581.98731951598
-5583.43201599271
-5581.88773948296
-5583.43201599271
-5581.89210984077
-5582.15577754638
-5581.88647728887
-5581.9528787203
-5582.03700232905
-5581.91535973824
-5582.1795159665
-5582.1815085895
-5583.43201599271
-5582.22348263873
-5582.23004568552
-5581.96054194601
-5581.9262990647
-5583.43201599271
-5582.11589071072
-5583.43201599271
-5581.881800955
-5581.9840836945
-5582.12689145907
-5582.18051061517
-5581.86375004331
-5581.80047492043
-5582.59178271291
-5581.80428826228
-5583.43201599271
-5582.17055310087
-5581.91300874708
-5582.12464709307
-5582.14326800461
-5581.87327020549
-5582.09732491142
-5582.12829816241
-5581.98983573606
-5582.14198466825
-5581.86185755521
-5583.43201599271
-5583.43201599271
-5581.82527882762
-5581.84480031039
-5581.97892585426
-5582.15539473378
-5582.10454281486
-5581.79625251407
-5582.1117911219
-5581.80276398524
-5583.43201599271
-5581.73911823199
-5583.43201599271
-5583.43201599271
-5582.10701828517
-5582.50689179011
-5582.19358846765
-5582.16560236319
-5581.95081195758
-5581.97010675212
-5581.94864467126
-5582.20610977186
-5583.43201599271
-5582.43064338958
-5582.14044115888
-5583.43201599271
-5582.13886665857
-5582.1219220719
-5583.43201599271
-5582.56282007125
-5582.56058085225
-5582.18228524173
-5582.0480974625
-5582.00555907689
-5581.91604997463
-5582.17414069
-5581.9517911122
-5582.14884419134
-5581.95225682423
-5582.13692335894
-5581.87296114243
-5582.14173367529
-5581.83783552487
-5583.43201599271
-5581.81241859403
-5581.80137992795
-5583.43201599271
-5582.06015414106
-5582.01526008497
-5582.24127775934
-5582.03485598045
-5581.82407365874
-5583.43201599271
-5582.08850339694
-5582.17691843161
-5581.89605576702
-5581.8917707561
-5581.94116731551
-5582.18564369056
-5582.55389387107
-5582.02134437747
-5583.43201599271
-5582.53960184925
-5581.98662186756
-5582.15839803528
-5583.43201599271
-5581.93586521137
-5582.05394142707
-5581.98969310536
-5581.94237328241
-5582.22471124989
-5582.05301896282
-5582.21181172882
-5582.19712974947
-5582.00172302352
-5581.98206468287
-5581.97037603106
-5583.43201599271
-5581.97202993961
-5581.93473087911
-5582.20048185685
-5582.17401234214
-5581.99712931614
-5581.93125107984
-5582.10816232632
-5583.43201599271
-5582.14674890732
-5583.43201599271
-5582.02010598225
-5583.43201599271
-5582.64916967985
-5581.91716015991
-5583.43201599271
-5582.42909120044
-5581.95877610092
-5582.34678205184
-5582.19700159489
-5582.1533355815
-5581.98793944945
-5581.94434755233
-5581.85862990111
-5583.43201599271
-5583.43201599271
-5581.84314439912
-5583.43201599271
-5583.43201599271
-5582.07059363718
-5582.08351894031
-5581.99554054457
-5581.9576088511
-5583.43201599271
-5581.80793448411
-5583.43201599271
-5581.73539602358
-5583.43201599271
-5582.60166214691
-5582.51707765658
-5582.2523997246
-5581.97364689327
-5582.17465530367
-5583.43201599271
-5582.24232018078
-5581.90778347958
-5582.0610546816
-5582.06345647313
-5582.28489500427
-5582.32161859903
-5582.17150578426
-5582.19654586691
-5582.05575004686
-5582.13277525373
-5582.07786374873
-5582.44071773017
-5583.43201599271
-5581.77804969819
-5582.01067045827
-5582.46604693452
-5582.00065288048
-5581.91202173982
-5581.92372023597
-5581.91596417418
-5581.95684998653
-5582.1786456155
-5581.97523103316
-5582.6063029393
-5582.14466324455
-5582.30526733333
-5582.11149011774
-5581.89553952334
-5583.43201599271
-5583.43201599271
-5582.00019275404
-5582.12992036185
-5583.43201599271
-5583.43201599271
-5581.91841565813
-5582.22512703689
-5581.72674578175
-5583.43201599271
-5582.15328723028
-5581.82302780495
-5582.16481959044
-5582.16428669164
-5582.06740987865
-5581.85903517854
-5581.83072858413
-5581.97141709911
-5582.12841012528
-5581.94698845803
-5581.98389106968
-5583.43201599271
-5583.43201599271
-5583.43201599271
-5581.90251681553
-5582.10319926484
-5581.8726507072
-5582.15819592849
-5581.86806448204
-5581.95481489971
-5582.15522803391
-5582.26953627671
-5581.82826620092
-5583.43201599271
-5583.43201599271
-5583.43201599271
-5581.86689002645
-5582.19996160748
-5581.94358648104
-5582.24563823908
-5582.226227762
-5581.91325977272
-5582.19042536156
-5581.78450673992
-5582.2217576545
-5581.74750591701
-5582.54054279941
-5583.43201599271
-5583.43201599271
-5581.97979775743
-5582.00866280252
-5582.09315948758
-5583.43201599271
-5581.88253884161
-5582.1609248976
-5581.95047057883
-5583.43201599271
-5581.90349385358
-5582.04576498257
-5582.1878193904
-5582.19148445302
-5582.02466706982
-5582.67459455378
-5581.95591871025
-5583.43201599271
-5582.58258631112
-5582.27100623662
-5582.13921119137
-5581.92221792072
-5582.1565592512
-5582.55400462652
-5581.96041411469
-5581.94732308683
-5582.05993455937
-5581.98568656393
-5583.43201599271
-5582.32237256231
-5582.45637205798
-5582.50950399539
-5581.91805865415
-5582.58454546632
-5582.3799813738
-5581.88344577909
-5583.43201599271
-5583.43201599271
-5582.40032909936
-5583.43201599271
-5583.43201599271
-5582.42027358425
-5583.43201599271
-5582.29784151049
-5582.21603377765
-5581.92491393264
-5582.34863827509
-5583.43201599271
-5582.0210150796
-5582.33566874303
-5582.3678768478
-5583.43201599271
-5582.12742353551
-5581.82428913879
-5583.43201599271
-5582.08617432777
-5582.32940752124
-5583.43201599271
-5582.43284861583
-5581.93550190135
-5581.93261259478
-5582.23840694513
-5582.47704309896
-5583.43201599271
-5582.21110122823
-5582.42090206574
-5582.33779132952
-5582.41255926876
-5581.921586775
-5583.43201599271
-5582.46032823374
-5581.72389685991
-5582.39994415053
-5582.18470387639
-5582.19507493538
-5583.43201599271
-5582.31646781955
-5583.43201599271
-5582.3373293461
-5581.85009622413
-5582.04723458
-5582.34612310536
-5582.06263733147
-5583.43201599271
-5582.38076611165
-5582.26311414255
-5581.85575867015
-5581.85043441272
-5581.8519665706
-5582.54710397789
-5581.79676436949
-5582.46670708728
-5583.43201599271
-5582.34787545929
-5581.88191135855
-5582.49585570364
-5583.43201599271
-5582.43918221672
-5582.38098991481
-5583.43201599271
-5583.43201599271
-5582.37574939422
-5583.43201599271
-5581.86182955846
-5581.86978604176
-5582.1606638137
-5583.43201599271
-5581.78032132967
-5583.43201599271
-5582.21719866832
-5581.95504599007
-5582.61285482712
-5582.46179180914
-5582.23818854623
-5581.91531814782
-5583.43201599271
-5581.94826907494
-5582.26964227655
-5582.49586526721
-5582.46358238276
-5582.2246730521
-5582.54618637525
-5581.90473625899
-5582.1893697388
-5581.98483343505
-5582.37313108688
-5581.96950068229
-5582.57484038055
-5581.93402715571
-5581.90850610622
-5581.99453332014
-5583.43201599271
-5582.40766314443
-5581.90670793794
-5581.8415254635
-5581.78348863527
-5581.81081211927
-5581.93171315205
-5582.28997538349
-5582.24530157
-5581.99100181552
-5583.43201599271
-5582.04302991093
-5582.56544870316
-5582.40509871231
-5581.97158643388
-5583.43201599271
-5581.89470001228
-5583.43201599271
-5582.12572158581
-5583.43201599271
-5581.99100696225
-5583.43201599271
-5582.00915899749
-5581.99527621524
-5582.0983640328
-5582.01114173991
-5581.85065415211
-5583.43201599271
-5581.70286376982
-5582.14729242122
-5582.10360812855
-5582.16729087122
-5582.13601233561
-5582.37850071614
-5582.21723475804
-5582.70661932844
-5583.43201599271
-5582.39940101979
-5582.45584301562
-5583.43201599271
-5582.18019155579
-5582.0454987801
-5582.05568051487
-5582.0644541551
-5582.58050064368
-5581.90340422581
-5583.43201599271
-5583.43201599271
-5581.90424532108
-5582.18022742008
-5581.85285517581
-5581.95464231337
-5582.52124951578
-5582.02120737086
-5582.29159694323
-5582.56879260666
-5582.68779261628
-5582.46673278483
-5581.91914982847
-5581.98296868068
-5582.21066274659
-5582.45456968602
-5581.97819638786
-5582.22002175784
-5582.19261020165
-5582.2174390701
-5583.43201599271
-5581.88867203575
-5582.5219442645
-5582.51837203628
-5582.58621778081
-5582.57725184939
-5582.0343671982
-5582.42505180509
-5582.32456762721
-5582.69643922247
-5581.9889269137
-5582.52093813224
-5582.16997693739
-5582.06358069878
-5582.45808172821
-5582.01737840648
-5582.47076362896
-5583.43201599271
-5583.43201599271
-5582.5109966547
-5583.43201599271
-5582.0414205644
-5582.16073227952
-5582.62543769615
-5582.47668940028
-5582.52125248184
-5583.43201599271
-5583.43201599271
-5582.55721908696
-5582.40326764327
-5582.17292664093
-5581.89169888314
-5582.00150555641
-5581.99873155161
-5583.43201599271
-5583.43201599271
-5581.75075856297
-5583.43201599271
-5581.78740150184
-5582.20997392081
-5581.88430084986
-5582.06826373471
-5582.51842885424
-5583.43201599271
-5583.43201599271
-5582.43125781247
-5581.7876214383
-5582.46238767863
-5582.4673410571
-5583.43201599271
-5581.9614223822
-5582.06039344189
-5581.84006472438
-5581.97577390604
-5581.75646004524
-5582.15253593188
-5581.85074523795
-5581.89102196369
-5583.43201599271
-5581.95417867979
-5583.43201599271
-5581.82788023245
-5581.93866464087
-5582.23966765933
-5582.25617100891
-5582.49700879397
-5583.43201599271
-5581.89752688979
-5582.16136641
-5583.43201599271
-5581.9411916199
-5582.18151975425
-5582.0824303736
-5582.42994631679
-5583.43201599271
-5582.14010456578
-5581.95091030048
-5583.43201599271
-5581.79603353824
-5582.17903542642
-5581.90152215276
-5582.21475773504
-5581.92980352217
-5581.86772894284
-5582.14645073418
-5582.1779049352
-5583.43201599271
-5582.68252873347
-5581.93268013706
-5583.43201599271
-5582.5419108807
-5581.94095573231
-5582.6363815548
-5582.15021514355
-5583.43201599271
-5581.89717360614
-5582.1808009518
-5582.50743878767
-5582.00850117337
-5583.43201599271
-5583.43201599271
-5582.01093934015
-5581.86623317525
-5582.05237178954
-5581.75415379015
-5583.43201599271
-5582.55601371135
-5582.27102625269
-5582.19551124923
-5581.93285022791
-5581.94832880769
-5583.43201599271
-5583.43201599271
-5582.16116660384
-5582.16488385642
-5583.43201599271
-5582.14335750342
-5583.43201599271
-5582.08828229448
-5581.79497155218
-5582.14163909761
-5582.05717381875
-5582.01658496499
-5581.98745474418
-5581.9231226098
-5581.95453969195
-5581.92261060976
-5582.18282167461
-5581.95952132808
-5582.24455938608
-5581.98852181575
-5582.00498870354
-5583.43201599271
-5581.95024019968
-5583.43201599271
-5581.96128693905
-5581.99107268772
-5581.98873651875
-5582.22524529185
-5581.89728128218
-5582.23788175943
-5582.16239455553
-5583.43201599271
-5581.9729630193
-5581.97612933601
-5582.05125258735
-5583.43201599271
-5581.96165155805
-5582.14673597755
-5583.43201599271
-5582.59209688657
-5582.46513091114
-5582.12540948355
-5582.5472462886
-5583.43201599271
-5581.9563125181
-5582.61741269693
-5583.43201599271
-5582.05616752908
-5582.23256439626
-5582.0581798989
-5581.98778741204
-5581.99759340487
-5581.93905899119
-5582.19030148397
-5583.43201599271
-5581.94640677298
-5582.20620435676
-5581.88260437527
-5583.43201599271
