# type 2 occupying energies
-5584.7669378069
-5583.49645552274
-5584.03449819394
-5584.01788552957
-5584.9060921128
-5584.92275654963
-5583.65000724201
-5583.49645552274
-5583.53799213947
-5583.68793555262
-5584.88352022922
-5583.49645552274
-5583.49645552274
-5583.49645552274
-5583.49645552274
-5583.96727350397
-5583.96470029315
-5584.0292482343
-5584.06235448567
-5583.83216238927
-5583.62233730756
-5584.05275021051
-5584.2296028346
-5583.79339452729
-5583.73255809471
-5584.16157791002
-5583.74568949568
-5583.49645552274
-5583.9617474268
-5584.95765135003
-5584.09434257008
-5583.65737731572
-5583.59417987
-5583.49645552274
-5583.57525680612
-5584.86646333047
-5584.90586741881
-5583.58752655838
-5583.58181077182
-5584.95284953325
-5584.94464232656
-5583.58431066474
-5584.93244858531
-5583.49645552274
-5583.49645552274
-5583.76580574003
-5584.83831356726
-5583.49645552274
-5584.10215569921
-5584.02025213135
-5584.81435510729
-5584.13291794738
-5583.49645552274
-5583.57673994277
-5583.49645552274
-5584.91062931065
-5584.94936525207
-5584.02461817494
-5584.05908514878
-5583.61717788794
-5584.01543769459
-5583.49645552274
-5583.52874374362
-5584.00733895746
-5583.55111024112
-5583.698354355
-5584.12265238704
-5583.55212486716
-5584.84788649906
-5584.02178498071
-5583.50722245405
-5583.81576776536
-5584.90649013697
-5583.49645552274
-5583.97276394498
-5584.0771277251
-5583.79057828526
-5584.11470313627
-5583.79766875361
-5583.70757089115
-5583.61745912361
-5583.58479676504
-5583.49645552274
-5584.86581515349
-5583.49645552274
-5584.08427061558
-5584.94734389587
-5583.77468730312
-5584.9640066671
-5584.12078637202
-5583.49645552274
-5583.58153948146
-5584.9265288773
-5583.57508721461
-5583.52979758225
-5583.74699539782
-5584.18070952582
-5584.12542833151
-5584.09096010138
-5583.64234718343
-5583.49645552274
-5584.89296249765
-5584.9498646045
-5585.07620887509
-5583.49645552274
-5583.5412648308
-5583.58302076326
-5583.49776054908
-5583.67856926226
-5585.01464750414
-5583.52768768783
-5584.11802267915
-5585.0676913462
-5584.0420400178
-5583.49645552274
-5583.97195260523
-5584.04480161026
-5583.76383853616
-5584.92973663491
-5584.01425687977
-5583.56988792722
-5584.11930011051
-5583.49206434371
-5583.49645552274
-5583.49645552274
-5583.49162217154
-5583.49645552274
-5583.6879371053
-5584.8801847881
-5583.49645552274
-5583.49645552274
-5584.950827928
-5584.06892761576
-5585.02288825399
-5583.59241499827
-5583.70544783511
-5583.49645552274
-5584.94678504929
-5584.95576148082
-5583.76442858855
-5583.49645552274
-5584.07672827166
-5584.09403466015
-5583.49645552274
-5584.21114071513
-5583.53605141295
-5583.72679218631
-5584.04327842674
-5583.77595999254
-5583.49645552274
-5584.06451951179
-5584.07632571976
-5584.14350538586
-5583.49143970219
-5585.01108925165
-5584.92136734906
-5585.0795560852
-5585.04061888807
-5583.78166961097
-5585.05030047184
-5584.94286136653
-5583.60320265918
-5583.49645552274
-5584.13788958071
-5584.83302820913
-5583.79914376855
-5583.77939882871
-5583.56500680847
-5583.50271929093
-5585.08648279681
-5583.49645552274
-5583.72796922722
-5583.59179666091
-5585.06960011521
-5583.78233747675
-5583.78666343192
-5583.58851623362
-5583.7720178402
-5583.55006267624
-5583.53930944686
-5583.49645552274
-5584.85494805625
-5583.49645552274
-5583.63825047557
-5584.85235900503
-5583.49645552274
-5583.60244779304
-5583.49645552274
-5583.55991558594
-5583.49645552274
-5583.76595739876
-5583.49645552274
-5583.55177422312
-5584.90652633847
-5584.15588402755
-5583.52922128902
-5584.04813543312
-5584.80362928851
-5584.06729377099
-5583.49645552274
-5584.98136631251
-5584.95547323104
-5584.08583346012
-5583.49645552274
-5583.49645552274
-5583.49645552274
-5583.72953601514
-5584.12011897211
-5583.54580626344
-5583.71368760925
-5584.01503040792
-5584.01395554864
-5583.49645552274
-5584.80107633499
-5584.18402950847
-5583.58685504151
-5583.58952533534
-5584.85672587066
-5583.81775827243
-5583.49645552274
-5583.49645552274
-5584.70724275969
-5583.49645552274
-5583.49645552274
-5583.49645552274
-5584.78673303801
-5583.66774028658
-5583.49645552274
-5583.5124077129
-5583.56441895859
-5583.81003063697
-5584.08833187291
-5584.92342071526
-5584.08851952497
-5584.81734080988
-5583.57995082554
-5583.49645552274
-5583.59576171264
-5583.76072555326
-5583.65452925746
-5584.13857923817
-5583.49645552274
-5584.74225867457
-5584.1322776151
-5584.1116888079
-5583.49645552274
-5583.71637724204
-5583.49645552274
-5583.84173288175
-5584.92345498088
-5584.15489614649
-5583.57139723001
-5583.49645552274
-5583.55685237353
-5583.49645552274
-5584.78413073267
-5583.77312083749
-5583.49645552274
-5584.84772833866
-5584.12492581885
-5583.60182905316
-5584.79613040193
-5583.49645552274
-5584.87804492293
-5583.49645552274
-5584.19282045495
-5583.49645552274
-5584.07453603371
-5583.49645552274
-5583.49645552274
-5583.49645552274
-5584.81412432023
-5583.49645552274
-5584.01946734447
-5583.59594804042
-5584.05673553155
-5583.70661150279
-5583.49645552274
-5584.00001771987
-5583.97929594489
-5583.49645552274
-5583.71304243242
-5584.90079216249
-5583.6897268301
-5584.17503306914
-5584.84437976968
-5583.90120128232
-5583.49645552274
-5583.78730213346
-5584.88179997154
-5583.59226235039
-5583.49645552274
-5583.48159650064
-5583.49645552274
-5583.49645552274
-5583.4822582119
-5583.49645552274
-5584.86689270074
-5584.06008698155
-5584.92706917244
-5584.09330962204
-5583.68350549089
-5583.49645552274
-5583.49645552274
-5584.05099035938
-5584.04097099715
-5584.05461577148
-5584.9011845767
-5583.50602556881
-5583.53745311044
-5583.49645552274
-5584.07023574351
-5583.55331212818
-5583.55659045812
-5583.49645552274
-5583.49645552274
-5584.05935237891
-5584.87456403714
-5583.49645552274
-5583.65956865159
-5583.5825967285
-5584.8006324364
-5583.68201014406
-5583.53339669184
-5583.59581270888
-5583.49645552274
-5583.6486313658
-5583.67638357315
-5583.74996367053
-5583.54590106926
-5583.50763682154
-5583.55520699842
-5583.5845348388
-5583.53641259522
-5583.64533006375
-5583.56231043644
-5584.08638893885
-5583.49645552274
-5584.89193288644
-5583.73569751971
-5583.50684668346
-5583.61119261545
-5583.49645552274
-5583.49645552274
-5584.77645334901
-5583.55456443447
-5583.61598677943
-5584.20429712832
-5583.53018246511
-5583.59246461564
-5583.49645552274
-5585.13863667702
-5584.16217634373
-5583.8150507148
-5583.69415948171
-5583.49378373863
-5583.49645552274
-5583.53538519567
-5583.58168860646
-5583.56218856099
-5583.49645552274
-5584.95513160406
-5584.92356282993
-5583.63036379623
-5585.07275889485
-5583.70003258983
-5583.45324267146
-5583.71075030181
-5585.02156789432
-5583.49645552274
-5583.49645552274
-5584.09945583322
-5583.68743319081
-5583.59338076243
-5583.49645552274
-5583.51596256183
-5584.23756060159
-5583.51056486305
-5584.90902174247
-5583.49645552274
-5583.59454532857
-5584.96935994442
-5584.71048992785
-5583.55196749117
-5583.51333234134
-5583.49645552274
-5583.68181660744
-5583.70761609317
-5583.78907000486
-5583.76184827274
-5583.49656909577
-5584.97725563649
-5583.52765452331
-5583.64748051732
-5583.62515765635
-5583.57543544227
-5583.83517893951
-5583.55625879515
-5583.52012404027
-5584.91737924231
-5583.5466370618
-5583.72584372672
-5583.49645552274
-5583.64602007291
-5583.50631399689
-5584.05833839357
-5583.48117307725
-5583.76724781435
-5583.64108173101
-5583.7617858324
-5584.94832478443
-5583.66641135033
-5583.60624364486
-5583.50813693684
-5583.527173848
-5583.70624160082
-5583.49645552274
-5583.52752912117
-5583.55704448296
-5584.84902459599
-5583.49645552274
-5584.88468147552
-5583.67292314429
-5583.49645552274
-5583.57459807226
-5583.49645552274
-5583.81468604402
-5583.56104282698
-5583.62478516166
-5583.96528285685
-5584.10987408359
-5583.53870201718
-5583.53003524398
-5583.49645552274
-5584.90822481239
-5584.04244684875
-5584.00572814406
-5583.49645552274
-5583.69283671078
-5583.76873212874
-5583.49645552274
-5583.97907772505
-5584.83402631805
-5584.97960283551
-5583.94975863934
-5583.61717576184
-5584.01143811734
-5585.12326294314
-5584.90447389218
-5583.8950597943
-5584.06976219324
-5583.97474280934
-5583.58625175923
-5584.97199764082
-5584.86713654446
-5583.60306700631
-5584.94497335094
-5585.06014321757
-5583.49645552274
-5583.9892406014
-5584.05096875938
-5584.85820735162
-5584.11556513201
-5583.49645552274
-5584.86940262418
-5584.92177602885
-5583.49645552274
-5584.07315878387
-5583.95861623052
-5583.49645552274
-5584.97364665068
-5583.98317799024
-5583.49645552274
-5583.99504490081
-5583.92511650319
-5583.90249310408
-5583.49645552274
-5584.0070475123
-5584.99742339465
-5584.77769815036
-5583.95372036817
-5583.87642900844
-5584.88871257045
-5583.75654022426
-5584.05212787331
-5583.49645552274
-5583.86207959021
-5583.49645552274
-5584.09771524644
-5584.06202722453
-5584.9535075129
-5584.02509410993
-5583.99916956983
-5583.59633437023
-5583.49645552274
-5583.98351845882
-5583.88149342331
-5583.49645552274
-5583.57761171244
-5584.10873194718
-5584.03858868832
-5584.92989833105
-5583.76719100201
-5584.99382868487
-5584.03228282694
-5585.01698632067
-5584.00923989834
-5584.05442880437
-5584.81846865601
-5583.96481693194
-5583.94553587733
-5583.86610273783
-5584.00475905568
-5583.58535095744
-5584.90081837204
-5583.49645552274
-5583.69474659794
-5584.98869080932
-5583.8990079504
-5583.60139930848
-5585.05060297032
-5585.11657804031
-5583.49645552274
-5584.110591025
-5583.54954396655
-5583.72668669171
-5585.00831343411
-5583.64328367696
-5583.57767800084
-5583.78049766809
-5585.02241987424
-5583.87372375497
-5584.18246338886
-5583.78725757804
-5584.11822556591
-5583.78057822802
-5584.14491675035
-5584.99987356883
-5584.06189843149
-5583.49645552274
-5584.0826261421
-5583.68060680338
-5583.49645552274
-5583.55025930428
-5583.67796704761
-5583.58073821712
-5583.98299881704
-5583.62207533213
-5584.77321036957
-5584.01611393389
-5583.66861979438
-5583.47807226152
-5583.60436484768
-5583.49645552274
-5583.66788294094
-5583.57282536173
-5583.64046178374
-5583.52912367518
-5583.5478077983
-5583.63000936247
-5583.83857518547
-5583.49645552274
-5583.49610916371
-5583.49645552274
-5583.70094200677
-5583.72074711541
-5583.84515736348
-5584.00844920008
-5583.92383493977
-5584.02022823674
-5583.97912726323
-5584.11891892227
-5583.70990866708
-5583.69035898373
-5584.85935263336
-5583.41104602056
-5583.49645552274
-5583.48620489766
-5583.49424457384
-5583.70048308456
-5584.97561830922
-5583.51875730561
-5584.09050568692
-5583.66011203693
-5583.52232360185
-5584.88287955169
-5583.49645552274
-5583.49645552274
-5583.49645552274
-5583.49645552274
-5583.53949743179
-5583.71293997659
-5583.70302998663
-5583.49645552274
-5583.75249178922
-5583.7810352584
-5583.64476758413
-5583.58194417832
-5583.49645552274
-5583.55034889541
-5583.70288644031
-5584.12857725786
-5583.49645552274
-5584.08038666933
-5583.51556908389
-5584.10737852283
-5584.96968360634
-5584.07642962332
-5583.58917261925
-5584.82114463168
-5583.60620917314
-5583.60896439921
-5583.49645552274
-5584.01339223182
-5584.05900162604
-5583.78273996642
-5583.96008230719
-5584.07901426303
-5583.94246707957
-5584.00638719402
-5583.55410019118
-5583.69175296207
-5584.86322810704
-5584.74924062908
-5583.95954868811
-5583.95749647497
-5583.49645552274
-5584.07070871855
-5583.91324358677
-5583.49645552274
-5583.49645552274
-5584.89240414487
-5583.49645552274
-5584.92683857864
-5583.95420062089
-5584.83675524363
-5583.49645552274
-5583.49645552274
-5583.49645552274
-5583.52426649978
-5584.80752188617
-5583.72988884692
-5583.53495264191
-5583.70421471725
-5584.05895331759
-5583.49645552274
-5583.93872039302
-5583.49645552274
-5584.11266627664
-5584.82422839064
-5585.01709423016
-5583.49645552274
-5583.69063683648
-5583.49645552274
-5584.96144983613
-5583.49645552274
-5584.84889260654
-5583.88962008808
-5583.77471529877
-5583.65088425431
-5583.82002966727
-5583.65256916408
-5583.58238293699
-5583.56483519951
-5583.57817297657
-5583.49645552274
-5584.11225210623
-5584.99531494742
-5583.54251858006
-5584.06350917162
-5583.60880606305
-5584.88706301457
-5583.78220617889
-5583.50913087853
-5584.92011071531
-5583.50556233907
-5584.97627062323
-5584.25659295838
-5583.55039440099
-5583.70603806215
-5583.80749960685
-5584.8284658055
-5583.61542755054
-5583.73839300803
-5583.49645552274
-5583.63519679412
-5583.49645552274
-5583.57336930295
-5583.5913920657
-5583.49645552274
-5584.13962598272
-5583.49645552274
-5583.52810181784
-5585.08736667691
-5583.80615277511
-5583.77625546674
-5583.75969280025
-5583.49645552274
-5583.49645552274
-5583.73823896701
-5585.02685032036
-5584.94911433827
-5584.89171485613
-5583.55596571654
-5584.19182038125
-5585.10220305708
-5585.03993253688
-5585.08431686261
-5583.52612559763
-5583.70484935075
-5583.81121019749
-5583.53890189675
-5584.83785213745
-5584.13942380162
-5583.58392054607
-5584.03548185754
-5583.49645552274
-5583.54878167404
-5584.8538018962
-5583.61668655615
-5583.73506239015
-5583.49088363073
-5584.91467023852
-5583.49645552274
-5584.12919059228
-5583.49645552274
-5584.9188203196
-5583.49645552274
-5584.10884272403
-5584.93150880294
-5585.02131990091
-5583.56722095578
-5583.70198038516
-5584.12366998921
-5583.70604992239
-5583.49645552274
-5583.57875266665
-5583.72978995844
-5583.49645552274
-5583.49645552274
-5584.76903450965
-5583.49645552274
-5584.03317501239
-5584.08107724141
-5584.03034470891
-5584.8858697147
-5584.1681379729
-5583.78107123912
-5583.57196354905
-5583.62910497018
-5583.51673429651
-5583.67507688297
-5584.97196133578
-5583.71076747459
-5583.56765956287
-5583.52912714846
-5584.91190723692
-5583.5929361494
-5583.49645552274
-5583.78423281643
-5583.5118357811
-5583.63261287122
-5583.47038652398
-5583.53184931292
-5583.49645552274
-5583.6803504213
-5583.48579594022
-5583.49645552274
-5583.65575521221
-5583.5873255692
-5584.92857861016
-5585.0032469646
-5583.51103463205
-5583.53469206719
-5583.6407699436
-5583.49645552274
-5584.68705642757
-5583.74264065268
-5583.54286763314
-5583.5517154834
-5584.93220714418
-5583.49645552274
-5583.49645552274
-5584.78381849699
-5583.68763748485
-5583.64848142444
-5583.49645552274
-5584.95479794508
-5583.72887849803
-5583.99610853133
-5583.49645552274
-5583.73825261548
-5583.69856331398
-5583.68026986698
-5583.49645552274
-5584.99550345811
-5583.49645552274
-5583.9532531584
-5583.68020361973
-5583.48334604082
-5583.5296760466
-5584.18379807269
-5584.86261147211
-5584.18515546061
-5583.75832946166
-5583.58748375704
-5583.59125687951
-5584.86908792484
-5584.01434608871
-5583.95587392888
-5584.97978118476
-5583.87172044154
-5583.49645552274
-5583.73768234191
-5583.49645552274
-5583.73810555799
-5583.60237887809
-5583.51319986481
-5583.58018061576
-5585.040042329
-5584.08761076953
-5584.99647819996
-5583.96577506679
-5583.941345152
-5583.78430985259
-5584.9226481644
-5583.73120164528
-5583.72677352386
-5583.49645552274
-5583.58479347496
-5584.01165212103
-5584.10081679779
-5583.96606694442
-5584.98690781367
-5584.8407434531
-5583.51883568723
-5584.15697368172
-5584.98917498674
-5583.9805567909
-5584.07275403342
-5584.8922204469
-5584.79641436895
-5583.53830783528
-5583.49645552274
-5583.55735579264
-5583.49645552274
-5584.0780898078
-5583.49645552274
-5583.65799518352
-5583.49645552274
-5583.75103561013
-5583.52806576844
-5584.83606565889
-5583.49645552274
-5584.14723708831
-5583.60631933222
-5583.57895779346
-5583.5922297834
-5583.58602827897
-5583.54257541109
-5583.49645552274
-5584.90499171393
-5583.78881057603
-5583.53605155801
-5583.79625631902
-5583.49645552274
-5583.73869775155
-5585.07984716611
-5583.65582026074
-5583.57413051703
-5583.6680894352
-5583.7363317004
-5583.53538536391
-5583.49645552274
-5583.5078912098
-5583.54852401242
-5583.60881228721
-5585.07882592911
-5583.53387740755
-5583.64739209477
-5583.66064746782
-5583.69194579595
-5583.69272277167
-5583.77758634377
-5583.51426137751
-5585.04672305294
-5583.70390323332
-5583.81689444332
-5583.85123810868
-5584.18067239412
-5583.6955230942
-5583.56344562546
-5583.54381990863
-5584.8306156754
-5583.49645552274
-5583.72124566762
-5583.57165482199
-5584.20663242907
-5585.08736405044
-5584.98266725273
-5583.60660098368
-5583.9581592391
-5583.49645552274
-5584.92037480968
-5584.10902011612
-5583.49645552274
-5585.03838360535
-5584.98106288936
-5584.10959758345
-5583.51336795042
-5583.49468096552
-5584.77659959341
-5583.82321041288
-5583.51962939735
-5583.71279658111
-5584.88791847659
-5583.56853524234
-5584.12771078167
-5583.62256968951
-5584.96631178153
-5583.49645552274
-5583.55583547475
-5584.81744590895
-5583.53508188862
-5584.88089202882
-5583.49645552274
-5583.49645552274
-5585.03167856356
-5584.12879719618
-5583.49645552274
-5584.17362734566
-5583.49645552274
-5583.68724793258
-5583.49645552274
-5583.49808723745
-5583.58732792843
-5583.48407120921
-5583.52398492935
-5584.10563262741
-5584.01326521631
-5584.96145815335
-5584.94103703201
-5583.49645552274
-5584.83409554032
-5583.65223597883
-5583.66338755313
-5583.49656909577
-5584.93605587515
-5584.92409835076
-5583.51388261728
-5583.49645552274
-5583.74981499676
-5583.56359139399
-5583.74681487591
-5584.96372007658
-5583.550368097
-5583.49645552274
-5583.66411276494
-5583.59747353561
-5583.72502977724
-5584.08819341757
-5584.8968926824
-5583.79302316716
-5583.49645552274
-5583.49645552274
-5583.54658870302
-5583.49645552274
-5583.73076522706
-5584.91460062075
-5583.49936902185
-5583.69525724779
-5583.49505114822
-5583.73820095062
-5583.52792492715
-5583.49645552274
-5583.49645552274
-5584.10927329235
-5583.73254671813
-5583.56651766685
-5583.56473312708
-5583.49645552274
-5584.92213061903
-5583.50994477015
-5583.64715384439
-5583.66953153854
-5583.6727453652
-5583.56372588172
-5583.70038486593
-5583.7274882974
-5583.58000321619
-5583.51165773526
-5583.48207924415
-5583.69914014001
-5584.91816818678
-5583.51044800096
-5583.49645552274
-5583.70413775135
-5583.49495453203
-5584.91604333081
-5583.70338601428
-5583.74810510303
-5583.51727699859
-5583.5214432513
-5583.58301686092
-5583.74120990245
-5583.50352686203
-5583.67816581574
-5583.73770724968
-5583.47800418863
-5583.70606457864
-5584.97244730335
-5583.49645552274
-5583.75741080902
-5583.55980874916
-5583.87977717724
-5583.49645552274
-5583.96473387236
-5584.17144767964
-5583.83492518054
-5584.95702886256
-5583.75657264155
-5584.96155229522
-5584.89878238955
-5583.49645552274
-5583.6460862125
-5584.8502211752
-5583.49645552274
-5584.04080976079
-5583.94076493149
-5584.12741534794
-5583.49645552274
-5584.85957042872
-5583.49645552274
-5584.89610543141
-5583.93646147129
-5584.02947714125
-5584.06134017404
-5583.49645552274
-5584.95402857556
-5583.49645552274
-5583.49645552274
-5584.87061338346
-5584.90869481196
-5584.04882620624
-5583.49645552274
-5583.96054410615
-5584.7375478379
-5584.0911915099
-5583.49645552274
-5583.96389328149
-5583.49645552274
-5583.99614632895
-5584.90468056211
-5583.9781086416
-5583.77895598305
-5583.96597240971
-5583.49645552274
-5583.55732131523
-5583.49645552274
-5583.49656909577
-5583.61060253943
-5584.07944029487
-5583.49645552274
-5583.6461044172
-5583.63423793889
-5583.66235237282
-5583.49645552274
-5584.1059019158
-5584.92791005281
-5583.54694760369
-5584.85649839572
-5583.99475307994
-5583.49645552274
-5583.49645552274
-5584.7486322829
-5584.09140328601
-5583.49645552274
-5584.09633977511
-5583.76388740653
-5583.56687175427
-5583.66703306797
-5584.00856093343
-5584.83528007319
-5583.98261756286
-5583.80985694763
-5583.49656909577
-5584.06778742329
-5584.04004175106
-5583.49645552274
-5584.08631381187
-5583.53455342691
-5583.87042863083
-5583.49645552274
-5584.06015199817
-5584.84968540214
-5583.5951589853
-5584.02870649899
-5584.02557835432
-5584.80882877591
-5583.49645552274
-5584.17092737257
-5583.57911511977
-5584.85286493195
-5583.73069419646
-5583.73843185448
-5583.56082594352
-5583.49645552274
-5584.85995394524
-5583.49656909577
-5583.61840662262
-5583.62683081491
-5583.5254895878
-5583.53470880734
-5584.83185251974
-5583.49645552274
-5585.04785957003
-5583.49645552274
-5584.8581315237
-5584.03507139622
-5583.49645552274
-5584.86919567311
-5583.58632721992
-5584.96533779069
-5585.00858628892
-5584.05810735074
-5584.80352054497
-5584.18284287312
-5583.61502552593
-5584.19778658147
-5583.72440234113
-5583.49656909577
-5584.89903425538
-5584.05330179712
-5583.49645552274
-5583.49645552274
-5584.01834055602
-5583.64514657668
-5584.11551168193
-5584.89082932547
-5583.49645552274
-5584.91847352819
-5584.92865638606
-5585.01374250491
-5583.72242833359
-5583.47303193792
-5583.75461565071
-5583.60579413548
-5583.55004233963
-5583.96192710018
-5584.02769508442
-5583.49645552274
-5583.49656909577
-5583.52174624023
-5584.77159664889
-5583.79677955573
-5584.91822544287
-5583.73479675532
-5584.83150935935
-5583.49645552274
-5583.68869450013
-5585.00296039854
-5584.9269752805
-5583.49645552274
-5583.84061155468
-5583.70682278819
-5583.53567325309
-5583.62961875377
-5584.11930167962
-5584.08778414357
-5583.49645552274
-5583.60144154086
-5583.68788930504
-5583.5178176683
-5583.49645552274
-5583.49645552274
-5583.49645552274
-5583.53340332401
-5583.49645552274
-5583.79200030225
-5583.58416958398
-5584.85153172034
-5583.49645552274
-5583.49645552274
-5583.62467973483
-5583.49645552274
-5583.49645552274
-5583.49645552274
-5583.54296339707
-5584.06436730569
-5584.85179445869
-5584.03052901903
-5584.9313077233
-5584.14981734473
-5584.01932714364
-5584.01706927573
-5583.81544045766
-5583.73602723476
-5584.11696392418
-5583.65401366712
-5584.92971349216
-5584.07343063406
-5584.89048194399
-5583.98996688485
-5583.88592737957
-5585.00956052949
-5584.14712693007
-5583.61649805454
-5584.99194191924
-5583.62178917214
-5584.04746824023
-5583.49645552274
-5584.04068530232
-5583.49645552274
-5584.97702764922
-5584.85575045563
-5583.49645552274
-5584.02791319764
-5583.49645552274
-5584.05089015005
-5584.89994699044
-5584.00853777886
-5584.09236774809
-5584.8643786835
-5583.49645552274
-5584.95356564911
-5584.95588138365
-5584.00473497655
-5583.49645552274
-5584.01450331336
-5584.02395291083
-5584.02617787432
-5583.95962490903
-5583.49645552274
-5583.52418192005
-5584.99060771786
-5584.15216759341
-5585.03031588602
-5584.97133071616
-5583.49645552274
-5583.78000706329
-5584.93112693309
-5583.76785387353
-5584.88211180865
-5583.54504623094
-5583.94847095969
-5583.49645552274
-5584.89084043981
-5584.99491204257
-5583.49645552274
-5583.9708693742
-5583.58082057165
-5584.83978376407
-5583.49645552274
-5583.52587081272
-5583.81379533481
-5583.75480306423
-5583.55677009869
-5584.93261602477
-5583.49645552274
-5583.58637960263
-5583.73207727121
-5583.5216152986
-5583.55447336823
-5584.07411440243
-5583.98343381437
-5584.78796813377
-5583.49645552274
-5585.00300931719
-5583.59365827778
-5584.12868387996
-5583.58138693783
-5583.529213533
-5583.65424029773
-5583.63928200264
-5583.49645552274
-5583.49645552274
-5585.01702905119
-5585.01702654905
-5584.17314231131
-5584.95998856139
-5583.49645552274
-5583.54727071255
-5583.52850397358
-5583.56563811202
-5583.49645552274
-5583.49645552274
-5583.49645552274
-5583.62785659463
-5584.82239945552
-5584.97975015359
-5583.5128526869
-5584.91543773522
-5583.55324615411
-5583.75136827215
-5583.49645552274
-5583.65856415051
-5584.94116460534
-5583.49645552274
-5584.88416214472
-5583.69165295552
-5583.49645552274
-5584.9193590387
-5583.61008102878
-5583.58460256926
-5583.54727443141
-5583.59730886523
-5584.93346365729
-5584.9480143204
-5584.01146352553
-5584.92961765179
-5583.67619747079
-5583.49645552274
-5583.49645552274
-5583.52304612954
-5583.95345732829
-5584.8354430869
-5583.60548222338
-5583.80645915488
-5583.75804353189
-5583.49645552274
-5584.81463387412
-5583.49645552274
-5583.53230472589
-5583.49645552274
-5583.49645552274
-5583.52943378102
-5584.03736492658
-5584.03525936004
-5584.07846427645
-5584.86531560178
-5584.74949398852
-5583.49645552274
-5584.88774666994
-5583.78685197348
-5584.20303139113
-5583.70939329611
-5583.55225382041
-5583.56774319351
-5583.66235957887
-5583.53799848594
-5583.57982730306
-5583.49645552274
-5584.86020840465
-5583.7601063928
-5583.97280081087
-5583.6470598274
-5583.49645552274
-5583.49645552274
-5583.59080584972
-5583.52411617001
-5583.60960470177
-5583.9146012679
-5583.49645552274
-5583.9934005283
-5583.76203840353
-5584.01679711238
-5584.98756076847
-5583.49645552274
-5584.09081683427
-5584.05906978611
-5584.00356167946
-5583.54300414933
-5584.04579880371
-5583.49645552274
-5583.53561405992
-5583.45478372877
-5583.51869060508
-5584.85856126316
-5583.73448741024
-5583.62956443177
-5583.49645552274
-5583.75627458971
