# type 3 occupying energies
-5556.37435473067
-5557.79870056505
-5557.97828539029
-5557.97050271939
-5556.24002813575
-5556.53829993331
-5557.8305011413
-5556.25164911885
-5556.98431306185
-5556.3234686815
-5556.28090574982
-5556.33768860135
-5556.59785901493
-5556.51910267933
-5557.9607180512
-5557.89068320296
-5556.8298127486
-5556.98431306185
-5556.25527455242
-5557.7532166898
-5556.37980810164
-5556.98431306185
-5556.29205939512
-5556.41874174528
-5556.31709213243
-5556.30619403826
-5556.38607717562
-5556.24828160803
-5556.98431306185
-5557.87290538807
-5556.58170427938
-5557.8678271354
-5556.37716108659
-5556.67181686936
-5556.98431306185
-5557.82392026855
-5556.98431306185
-5556.62294899607
-5557.78785031097
-5556.98431306185
-5556.47525269824
-5557.90296497879
-5556.98431306185
-5556.98431306185
-5556.34868906634
-5556.70446865559
-5556.45683630218
-5556.42286933968
-5556.98431306185
-5556.50944778908
-5556.34244816626
-5556.55470386375
-5557.97916209821
-5557.87250580945
-5556.31744325318
-5556.98431306185
-5556.98431306185
-5556.98431306185
-5556.70479202152
-5556.32496387568
-5556.98431306185
-5556.82187209296
-5556.56168613874
-5557.87115659741
-5556.29390077441
-5556.74135605151
-5556.44632300362
-5556.53151045657
-5556.98431306185
-5556.4121696931
-5556.61903755311
-5556.38862521895
-5556.78045182268
-5556.98431306185
-5557.89093663982
-5556.98431306185
-5556.68468134121
-5556.98431306185
-5557.98559892989
-5558.0128193145
-5557.90869297539
-5556.24073256023
-5557.98118633658
-5557.87136967371
-5556.70068678814
-5556.98431306185
-5556.33870439936
-5557.75264387972
-5556.26259014001
-5556.41513883229
-5556.41191715828
-5557.91361018776
-5557.78642541876
-5556.333046007
-5556.63122823941
-5556.32001926036
-5556.98431306185
-5556.98431306185
-5556.28804624599
-5556.66662473764
-5556.98431306185
-5556.62986261266
-5556.40849757943
-5556.60481793535
-5556.48110570017
-5556.26736850821
-5556.30529523269
-5556.26662307527
-5556.63494969499
-5556.38572137348
-5556.98431306185
-5556.37663789292
-5556.59560986791
-5556.61321588848
-5556.39627312546
-5556.48482843484
-5556.43227049898
-5556.98431306185
-5557.78680501028
-5556.98431306185
-5556.31136745426
-5557.74164260844
-5556.81309296504
-5556.36252616809
-5556.98431306185
-5557.93116655016
-5557.74859452924
-5556.98431306185
-5557.92889890976
-5556.32314559269
-5557.83915447583
-5556.2759466573
-5556.57288813059
-5557.88229290479
-5556.59607983989
-5556.38847487077
-5556.59364950997
-5556.42912739652
-5556.52014046225
-5556.29933463096
-5556.23280101287
-5556.58393346453
-5556.51850411979
-5556.98431306185
-5556.98431306185
-5556.98431306185
-5556.26410245446
-5556.33301637801
-5557.88441528036
-5556.37051260142
-5556.28846121739
-5557.70883784588
-5556.98431306185
-5556.7537384782
-5556.98431306185
-5556.45695172854
-5556.40780142362
-5556.39980162313
-5556.7304739603
-5556.63634288806
-5556.98431306185
-5557.8064133979
-5556.41255560504
-5556.31618596383
-5557.77397550102
-5556.3623056469
-5556.60017513021
-5557.83857058248
-5556.98431306185
-5556.98431306185
-5556.54097543819
-5556.60202704487
-5556.38683506034
-5556.44794911909
-5556.6378255511
-5556.25242893687
-5557.79852152427
-5556.22707068468
-5557.80068672826
-5556.55513828057
-5556.24881467162
-5556.35989338547
-5557.76718249798
-5556.63167461931
-5556.36203263537
-5556.50485959511
-5556.26016528247
-5556.5213628484
-5556.52049790819
-5557.80523257998
-5556.1984731082
-5557.73696363199
-5556.45931778351
-5556.18091178848
-5556.53513818624
-5556.30280958055
-5557.86558326061
-5556.32422778186
-5556.84868985988
-5557.7769837317
-5556.72194325913
-5557.71278287215
-5556.98431306185
-5556.39856805657
-5556.51187436024
-5556.21699733471
-5556.18275077105
-5556.59503255319
-5556.52764098551
-5556.506692084
-5556.46544117541
-5556.98431306185
-5556.37340174748
-5556.32778153945
-5556.98431306185
-5556.33178910603
-5556.3192774187
-5556.98431306185
-5556.98431306185
-5556.50489753611
-5557.771095523
-5556.47490661862
-5556.64287115492
-5556.35511000326
-5556.98431306185
-5556.47962917577
-5556.45313963843
-5556.65732837869
-5556.21346014704
-5557.67021035175
-5556.3680524399
-5556.89484487794
-5556.98431306185
-5556.98431306185
-5556.37005719866
-5556.46575701935
-5556.27822103028
-5556.45857364437
-5556.37007324795
-5556.4237195693
-5557.72938203062
-5556.31202242086
-5556.45373218347
-5557.66508240774
-5556.67398458502
-5556.40696407772
-5556.62696777497
-5557.7278315838
-5556.48798374753
-5556.25111645169
-5556.98431306185
-5556.98431306185
-5556.74937891874
-5556.3959380688
-5556.41070304249
-5556.37696831151
-5556.41977648909
-5556.487437788
-5556.76871418194
-5556.4099740033
-5556.40693287976
-5556.19879195225
-5557.76554654871
-5557.85291193119
-5556.53084496913
-5556.65283451033
-5556.56100708357
-5556.37309689445
-5556.57243033845
-5556.37009852383
-5556.63554912327
-5556.31916136085
-5556.70535608314
-5556.47808764388
-5557.77820709825
-5556.98431306185
-5556.98431306185
-5556.98431306185
-5556.98431306185
-5556.98431306185
-5556.61957659567
-5557.7873691975
-5556.5293289128
-5557.83957726187
-5556.98431306185
-5556.98431306185
-5556.6174129524
-5557.82583086783
-5556.37047890142
-5556.83953539193
-5556.98431306185
-5556.46927195752
-5556.98431306185
-5556.98431306185
-5556.31667298356
-5556.62160583812
-5556.37788557952
-5556.37996634004
-5557.97957427617
-5557.88803757225
-5556.53040057993
-5556.98431306185
-5557.81006564822
-5556.25199603649
-5556.49523474924
-5556.98431306185
-5556.98431306185
-5556.70756595239
-5556.38488292903
-5556.28316305164
-5556.4247615077
-5556.74866977216
-5556.59010748349
-5556.40423221217
-5556.25921243269
-5556.53200291018
-5556.74840186447
-5556.54942333429
-5556.68957189753
-5556.49729443834
-5556.37429890151
-5556.34872505733
-5556.98431306185
-5556.26681515182
-5556.98431306185
-5556.79034144215
-5556.56600589857
-5556.18181308279
-5556.28516005167
-5556.39491424562
-5556.45433012862
-5556.19938672754
-5556.38420319189
-5556.30394670037
-5556.98431306185
-5557.72418624987
-5557.7883693693
-5556.98431306185
-5557.70926607208
-5556.68360956334
-5556.52482950058
-5556.55810394467
-5557.75113147321
-5556.61200653885
-5556.98431306185
-5557.80577136093
-5557.80382336336
-5556.34931739323
-5556.35709437735
-5556.98431306185
-5556.98431306185
-5556.63147667249
-5556.98431306185
-5556.82933283554
-5556.46352496948
-5557.79618078855
-5556.31624714148
-5556.30480967755
-5556.77349784819
-5556.98431306185
-5556.33964543447
-5557.75432556373
-5556.63598510215
-5556.51448817919
-5556.98431306185
-5557.7604327447
-5556.40666194178
-5556.57335088101
-5556.3947657916
-5556.54313371358
-5556.98431306185
-5556.98431306185
-5557.95496551155
-5556.98431306185
-5556.98431306185
-5556.36864102852
-5556.55261422599
-5556.37490461607
-5557.98274756567
-5557.79905441706
-5556.45221124695
-5556.44159391229
-5556.70523575947
-5556.3388498035
-5556.98431306185
-5556.44133653953
-5556.48764657584
-5556.3581316371
-5556.30736721781
-5556.55908325536
-5556.38940734843
-5556.55996745534
-5556.50681800966
-5556.37980472259
-5556.98431306185
-5557.73155166597
-5556.32119576775
-5556.62141310636
-5556.27079826477
-5556.28630242223
-5557.85599680322
-5556.51010592121
-5557.74147746605
-5557.74788388933
-5556.98431306185
-5557.87026692564
-5557.94188732227
-5556.98431306185
-5556.55086602904
-5556.98431306185
-5557.79472227118
-5556.65665592972
-5556.54375359973
-5556.39817314686
-5556.2495291452
-5556.45316396388
-5556.68652605367
-5557.64976574667
-5556.54907399717
-5556.61575683253
-5556.40035569639
-5556.34106593692
-5556.98431306185
-5556.35655302254
-5556.31932831769
-5556.98431306185
-5556.98431306185
-5556.29000923753
-5556.59326453063
-5556.98431306185
-5556.98431306185
-5556.49007746345
-5557.71635003646
-5556.48016039103
-5556.34567129525
-5556.43939897103
-5556.98431306185
-5556.39588971649
-5556.98431306185
-5556.36134676028
-5556.30868211061
-5557.73709595861
-5556.62285105604
-5557.85973226648
-5556.44775224227
-5556.63420179003
-5556.45070496728
-5556.54700587738
-5556.98431306185
-5557.83767269071
-5556.98431306185
-5556.41958625805
-5556.42284267763
-5556.98431306185
-5556.79836567674
-5556.44813774839
-5557.66478094894
-5556.55731644002
-5556.98431306185
-5557.93276374638
-5556.98431306185
-5557.77032472145
-5556.42798774545
-5556.98431306185
-5556.34787837435
-5557.65731347506
-5556.98431306185
-5556.62253734893
-5556.98431306185
-5556.37656811352
-5556.5541378687
-5556.98431306185
-5556.41365519476
-5557.74335637045
-5556.44465971658
-5556.50764268681
-5556.426819632
-5556.51877255607
-5557.86773605556
-5557.84684696972
-5556.98431306185
-5556.63817918796
-5557.76398098117
-5556.32681432591
-5557.6884908618
-5556.34274696456
-5556.59467337522
-5556.33298843303
-5556.55434507144
-5556.45034929832
-5556.40154253782
-5556.41780657111
-5556.43250438249
-5556.48762031789
-5557.75584385494
-5556.29428029835
-5556.98431306185
-5557.76230889806
-5556.36672370211
-5556.49189852467
-5556.62923008446
-5556.24472123337
-5556.31309552011
-5556.32000219203
-5556.46709255223
-5556.38378744673
-5556.64990983499
-5557.83331275254
-5556.39489476831
-5557.94151638061
-5556.31349652332
-5556.62845803491
-5556.30930635942
-5556.98431306185
-5556.3585218258
-5556.24745173816
-5557.83184308829
-5556.60750634428
-5556.54601604172
-5556.98431306185
-5556.39085980365
-5556.38081882717
-5557.83542520501
-5557.96474338216
-5556.98431306185
-5556.98431306185
-5556.98431306185
-5557.91462226248
-5556.98431306185
-5556.98431306185
-5557.87387180675
-5556.98431306185
-5557.66950800849
-5556.44259682715
-5557.92882791221
-5556.52943848831
-5557.93230930882
-5556.44496373112
-5556.84534464308
-5556.43737110325
-5556.50399971164
-5556.56945573143
-5556.41333678063
-5556.39908027758
-5556.31956140496
-5556.61900662146
-5556.98431306185
-5556.33350797718
-5556.56060554606
-5556.98431306185
-5556.98431306185
-5557.85320823975
-5556.39658230593
-5557.85275408663
-5556.25426350628
-5556.30198877485
-5556.54661608116
-5556.62633064452
-5556.6708670437
-5556.58213265503
-5556.71211190489
-5556.56508348586
-5556.48942318435
-5556.46773030364
-5557.6829324784
-5556.98431306185
-5556.31703247418
-5556.98431306185
-5556.98431306185
-5556.98431306185
-5556.98431306185
-5556.98431306185
-5556.69998855415
-5556.41325809531
-5556.67865346487
-5556.38653197617
-5556.98431306185
-5556.38560219228
-5556.41147418197
-5556.52958455778
-5556.31762030709
-5556.32768687983
-5556.52686397934
-5556.98431306185
-5556.63787134807
-5556.44188114593
-5556.59664800315
-5556.63736885041
-5556.38080736304
-5556.39866500329
-5556.24548043459
-5557.75316253341
-5556.56616935425
-5556.38432687505
-5556.32319293937
-5556.50321474149
-5556.42645667112
-5556.54731152801
-5556.98431306185
-5556.40474009779
-5556.61206805337
-5556.98431306185
-5556.6726121633
-5557.78673196942
-5556.34057385618
-5556.98431306185
-5557.80117925198
-5556.25629991015
-5556.34917275814
-5556.43066486037
-5556.98431306185
-5556.49753755135
-5556.98431306185
-5557.85031488062
-5556.35236027292
-5557.84710261542
-5556.86003388837
-5557.90128078292
-5557.79510091637
-5556.98431306185
-5557.84443245071
-5556.67588422066
-5556.39044266902
-5556.98431306185
-5556.98431306185
-5556.40358094284
-5556.64200739112
-5556.98431306185
-5556.43775815827
-5556.98431306185
-5557.98046452782
-5557.86363715137
-5558.01791713142
-5556.98431306185
-5556.36178727229
-5556.98431306185
-5556.63273489922
-5556.98431306185
-5556.64332490684
-5557.80469941063
-5556.81361440896
-5556.30078716257
-5557.86716416624
-5556.81681376917
-5556.32266399079
-5556.23739597952
-5556.98431306185
-5557.92264176091
-5557.87226585678
-5557.77311963959
-5556.52052358536
-5556.98431306185
-5557.7571813369
-5556.98431306185
-5556.45189218034
-5556.68869704379
-5556.7255884485
-5556.98431306185
-5556.32667904634
-5556.74282997099
-5556.37177469117
-5556.33467513981
-5556.77616822988
-5556.31146126978
-5556.73110940592
-5556.98431306185
-5556.48078058807
-5557.89372352157
-5556.98431306185
-5557.87188605401
-5556.28508146425
-5556.98431306185
-5556.98431306185
-5556.63263557476
-5556.75502274645
-5556.35325834942
-5556.69020265587
-5556.98431306185
-5556.44401887559
-5557.77566061529
-5557.87522571962
-5557.89779822301
-5557.83395476525
-5556.68711471509
-5556.39401766786
-5556.66456976457
-5557.84356019594
-5556.51879634375
-5556.36424551684
-5556.37522711596
-5556.98431306185
-5557.85138524682
-5556.51978158711
-5556.98431306185
-5556.45391888446
-5557.77771009744
-5556.98431306185
-5556.33476070918
-5556.44727830869
-5556.98431306185
-5557.67788228646
-5556.98431306185
-5556.53463721537
-5556.48396672414
-5557.81053237373
-5556.28115698522
-5556.98431306185
-5556.98431306185
-5556.76298638058
-5556.30530803003
-5556.57644293344
-5557.87529489751
-5558.07184794267
-5557.93859475295
-5556.54009281019
-5556.45089415789
-5556.3859633742
-5556.34572463959
-5556.35509656891
-5556.36844766471
-5556.48447461784
-5556.58954898917
-5556.3278989121
-5556.23365364459
-5556.35283804065
-5556.98431306185
-5557.87854655985
-5556.98431306185
-5556.38352222435
-5556.64944623153
-5557.79679584055
-5556.4697067033
-5556.61667441347
-5556.60245827149
-5556.2882366968
-5556.69222570697
-5556.3864790437
-5556.98431306185
-5557.9298290087
-5556.98431306185
-5556.40351729196
-5557.79448513535
-5556.98431306185
-5557.85116009006
-5556.98431306185
-5556.29553367234
-5556.40001303436
-5556.56806992986
-5556.49088214549
-5556.42756989466
-5556.51268101632
-5556.40541041965
-5556.2031275538
-5556.42164458048
-5556.41352543573
-5556.3752984843
-5556.37898025745
-5556.47484320151
-5557.72492201492
-5557.81788473657
-5556.39811765803
-5556.3754976317
-5556.5485829733
-5556.98431306185
-5556.32342926114
-5557.85673229664
-5556.38262702416
-5556.38482736145
-5557.81588185569
-5556.32810975433
-5556.98431306185
-5556.43956115297
-5556.39254971975
-5556.42677793957
-5556.2606547708
-5556.34376402157
-5557.79085430588
-5556.32055557032
-5556.47896829265
-5556.98431306185
-5557.72251073798
-5556.40009103261
-5556.42617442068
-5556.98431306185
-5556.4172263471
-5556.98431306185
-5556.44393630315
-5557.79247660475
-5556.41844623299
-5556.98431306185
-5556.51663746085
-5556.3529937117
-5556.32840688169
-5556.51076910705
-5556.35879708869
-5556.36818357516
-5556.60303339333
-5556.33555403971
-5557.763599327
-5556.29941996515
-5556.32399778043
-5556.67164777613
-5556.98431306185
-5557.91002067107
-5556.98431306185
-5557.84964757816
-5556.54177757961
-5557.94201401029
-5556.3636283785
-5556.57767055606
-5556.65720492733
-5556.98431306185
-5556.4904454824
-5556.98431306185
-5556.41783346538
-5556.98431306185
-5557.85860865724
-5556.26842741362
-5556.76503531548
-5557.67250933737
-5556.98431306185
-5556.98431306185
-5556.31452125188
-5556.38492614463
-5556.38683293192
-5556.58088942478
-5557.98214924758
-5556.81367021125
-5556.5332473745
-5557.9076961044
-5556.98431306185
-5556.76945438728
-5557.76317445351
-5556.53786142598
-5557.94415775795
-5556.66603993598
-5556.39718448576
-5556.49624032535
-5556.98431306185
-5557.8280565858
-5557.8949430122
-5557.75976768935
-5556.98431306185
-5557.85411217378
-5556.45817836067
-5556.58736186916
-5556.37312007084
-5557.89771356383
-5556.98431306185
-5556.22435170955
-5556.98431306185
-5556.37696988653
-5557.85998765122
-5557.83425842332
-5556.30414839167
-5557.83854624346
-5556.52159885485
-5556.6415986346
-5556.33813549982
-5557.73335709732
-5556.63989132413
-5556.37209849328
-5557.92884522736
-5557.80080789098
-5556.37137645756
-5556.35034656386
-5556.55315492599
-5556.98431306185
-5556.57948244877
-5556.31276340384
-5556.64052815692
-5556.47566065144
-5556.40230830082
-5556.30425766409
-5556.46070698647
-5556.98431306185
-5556.98431306185
-5556.98431306185
-5556.43147821433
-5556.48982226601
-5556.30872046544
-5556.546292451
-5556.6510904038
-5556.5593295552
-5556.4629530674
-5556.98431306185
-5557.8577183138
-5557.78781667352
-5556.77897481359
-5556.98431306185
-5557.88245616181
-5557.85420115051
-5556.53944243502
-5556.44303629245
-5556.29677715237
-5557.77486165953
-5556.98431306185
-5556.98431306185
-5556.44595589391
-5556.47914315804
-5556.56749743224
-5556.26549969796
-5556.4130677374
-5556.39477038859
-5556.41143874024
-5556.43361530829
-5556.98431306185
-5556.43322454141
-5556.98431306185
-5556.98431306185
-5556.28451123934
-5556.70469686425
-5556.58661385003
-5556.67509021012
-5556.71296328566
-5556.459631987
-5556.98431306185
-5557.8321010779
-5556.98431306185
-5556.4397445841
-5556.33535792514
-5556.62304126813
-5556.98431306185
-5556.98431306185
-5557.95057481795
-5556.7796525518
-5556.98431306185
-5556.4384421936
-5556.63853489798
-5557.92805057331
-5556.38095446739
-5556.35488161467
-5556.55120262847
-5556.36230896331
-5557.89369535258
-5556.98431306185
-5557.942291043
-5556.98431306185
-5556.98431306185
-5556.98431306185
-5556.98431306185
-5556.37653631672
-5556.34690875479
-5557.94882614999
-5556.73843300511
-5557.88774397423
-5556.60880884467
-5556.31915087003
-5556.53132454781
-5556.40597007582
-5557.88913424144
-5557.92664224113
-5558.01895489944
-5556.45807983048
-5557.83540414589
-5556.40666546433
-5556.32326020524
-5556.98431306185
-5556.39056747539
-5557.78284619543
-5556.98431306185
-5557.92376416071
-5556.50360863486
-5556.98431306185
-5556.31231701359
-5556.57802668213
-5557.77388527848
-5556.32693265811
-5556.38600298235
-5557.76749460633
-5556.61640204685
-5556.46740974702
-5556.47100832901
-5556.98431306185
-5556.29450324098
-5556.44551125497
-5556.47394680635
-5556.42821433608
-5556.2693067808
-5557.83362717575
-5556.30709847228
-5557.88657606571
-5556.33369716616
-5556.51347657657
-5556.39690333112
-5557.79857505087
-5556.28826432066
-5556.98431306185
-5556.37698395377
-5556.98431306185
-5556.98431306185
-5556.50025947991
-5556.55255699738
-5557.85516063615
-5557.83361764784
-5556.3833511051
-5557.80712716317
-5556.33684323269
-5556.38433252978
-5556.45731616749
-5556.57782350674
-5556.33440841852
-5556.3314360972
-5556.64572560232
-5556.98431306185
-5556.41617627645
-5556.39631413912
-5556.98431306185
-5556.31064339749
-5556.31931917325
-5557.74800023046
-5557.82271233161
-5557.8667192407
-5556.98431306185
-5556.61440934407
-5556.98431306185
-5556.41934942394
-5556.37563038276
-5556.35136325456
-5556.74663187019
-5556.98431306185
-5557.76653879678
-5556.66827172417
-5556.68457080224
-5556.98431306185
-5556.64304324372
-5556.42892447294
-5556.98431306185
-5556.98431306185
-5556.98431306185
-5556.34004136555
-5556.74648517966
-5556.50379730061
-5556.33192429109
-5556.3955635803
-5556.53799955466
-5556.98431306185
-5556.5372565973
-5557.85306208912
-5557.87451238271
-5556.37593153806
-5556.98431306185
-5556.64729707033
-5557.87324023223
-5556.2555655644
-5556.25575772224
-5557.83268952587
-5556.98431306185
-5557.88706710995
-5556.66468510773
-5556.38070191821
-5556.98431306185
-5556.33505711318
-5556.53133929662
-5556.51689713282
-5557.80100008869
-5556.42619490711
-5556.45288161222
-5556.42364316469
-5557.90562940917
-5556.35889645914
-5556.4051061874
-5556.98431306185
-5556.98431306185
-5557.64707971053
-5556.39567549423
-5556.36173284679
-5556.52293812415
-5556.98431306185
-5556.53532105018
-5556.42352171837
-5557.86903403322
-5557.81468147771
-5556.40906839338
-5556.46901955413
-5556.20166814791
-5557.96736076488
-5558.02795960298
-5556.30226579005
-5556.37288364868
-5556.34321714984
-5556.48762938563
-5557.9597193789
-5557.89029302045
-5557.77193096589
-5556.98431306185
-5557.90479675835
-5556.98431306185
-5557.90078912057
-5556.43244699336
-5558.04150846638
-5557.95657748123
-5556.37895484409
-5556.34046959995
-5557.87375688254
-5556.41110685404
-5556.56851473295
-5556.31560579014
-5556.31428523723
-5557.96925179802
-5557.93868475049
-5556.53301618797
-5556.31679421307
-5556.37807621556
-5556.98431306185
-5557.93810459438
-5556.33797211783
-5557.68631244132
-5556.50890739678
-5556.98431306185
-5556.63410567315
-5556.98431306185
-5557.84524088225
-5557.91558857118
-5556.36366654734
-5556.30306805913
-5556.44051246624
-5557.73871765327
-5557.82859022633
-5556.40125858156
-5557.79509757743
-5556.35835692264
-5557.88003310764
-5556.98431306185
-5556.34782505752
-5557.68944260648
-5556.34981508031
-5556.79509700932
-5557.69961628846
-5556.57523604398
-5556.98431306185
-5556.36516483391
-5556.81330671501
-5556.31825057833
-5556.98431306185
-5556.98431306185
-5556.48018541711
-5556.32728851577
-5557.86935689485
-5556.27757259432
-5556.55231428742
-5556.98431306185
-5556.37249861624
-5556.69138679582
-5556.43186910629
-5556.5272248254
-5556.39499359211
-5556.64069487746
-5556.98431306185
-5556.51958833735
-5557.7885573592
-5556.98431306185
-5556.98431306185
-5556.98431306185
-5556.39288369718
-5556.50631391605
-5556.41619511771
-5556.98431306185
-5556.21933208963
-5556.29560693638
-5556.98431306185
-5556.51140500989
-5556.98431306185
-5556.98431306185
-5556.98431306185
-5556.62322725774
-5556.33672390229
-5556.47991503459
-5556.31226251686
-5556.28084432741
-5557.85037843952
-5556.98431306185
-5556.2972752886
-5556.35550147546
-5556.49013258612
-5556.74891850893
-5556.98431306185
-5557.71082966459
-5556.98431306185
-5556.56633791037
-5556.71616156484
-5556.3450258659
-5556.31855332341
-5557.94651017621
-5556.98431306185
-5556.63675347155
-5556.98431306185
-5557.95713734662
-5557.84417990913
-5556.45383363328
-5556.31151210018
-5556.53268533844
-5556.5079521099
-5557.84439196422
-5556.54939663163
-5556.29835743473
-5556.28823915782
-5556.23718012447
-5557.98858285436
-5556.80718671221
-5556.3176929502
-5556.98431306185
-5556.27309848555
-5556.54639450229
-5556.36415944501
-5556.98431306185
-5557.96532870668
-5556.27405006993
-5557.92757404654
-5556.6674548925
-5556.49673651628
-5556.54289944039
-5556.27233516018
-5557.82595519922
-5556.18466148966
-5556.52713464628
-5556.58274269911
-5556.98431306185
-5556.98431306185
-5556.98431306185
-5556.28208491492
-5556.5671206795
-5556.6505308072
-5557.74584941404
-5556.36147119114
-5557.86623380447
-5556.4631326549
-5557.73121294368
-5556.43648001578
-5556.98431306185
-5556.98431306185
-5556.98431306185
-5556.39535906854
-5556.98431306185
-5556.44458925336
-5556.3441104889
-5556.47464543977
-5556.51331478739
-5556.98431306185
-5556.98431306185
-5557.91568721747
-5556.6182583416
-5556.98431306185
-5556.39298639147
-5557.89957104044
-5557.81758142171
-5556.57662504931
-5556.98431306185
-5556.55974710218
-5556.98431306185
-5556.42013481532
-5556.43686730844
-5556.53572096973
-5556.28363538462
-5556.22511424463
-5556.52257707721
-5556.33884383591
-5556.58834677058
-5556.37978481618
-5556.98431306185
-5556.40834376013
-5556.5888095125
-5556.35013807214
-5556.98431306185
-5556.83891408956
-5556.34437108049
-5556.59361785417
-5556.39883910888
-5556.98431306185
-5556.98431306185
-5556.98431306185
-5556.52170681417
-5556.33029171403
-5556.39378436095
-5557.81407858502
-5556.98431306185
-5556.48438706517
-5557.65133237674
-5556.43743205983
-5556.34969337599
-5556.3802774671
-5557.78761124905
-5556.98431306185
-5556.45313610649
-5557.77299078214
-5556.66422539083
-5556.33787168071
-5557.80747534655
-5556.6615995305
-5556.33642177956
-5556.39172915354
-5557.74656438775
-5556.62354274424
-5557.74936241492
-5556.98431306185
-5556.98431306185
-5556.4050144805
-5556.36359061008
-5556.98431306185
-5556.64831196174
-5556.34206820956
-5556.46640747005
-5556.24396881538
-5556.74919625827
-5556.58533371153
-5556.52213297437
-5557.89680117886
-5556.72360050485
-5556.34464771045
-5556.85591494815
-5557.879516036
-5557.83381282137
-5556.36643822473
-5556.98431306185
-5556.98431306185
-5556.66479015601
-5556.36809868416
-5556.98431306185
-5556.22436875261
-5556.33732393016
-5556.65949781994
-5556.62540309293
-5556.98431306185
-5557.88875551466
-5557.90531534305
-5556.35250886958
-5556.63895015058
-5556.32543416792
-5556.98431306185
-5556.98431306185
-5556.42978227108
-5556.2458643951
-5556.98431306185
-5557.77136988527
-5556.98431306185
-5557.77405072667
-5556.33703535443
-5556.45314162599
-5557.9174344674
-5558.00459902437
-5557.8763553304
-5556.74510201757
-5556.55620308275
-5556.42426181924
-5556.98431306185
-5556.61461533549
-5556.98431306185
-5556.38674148513
-5556.98431306185
-5556.32893989083
-5556.98431306185
-5557.99810628079
-5557.80838602373
-5557.9378166018
-5556.98431306185
-5556.34718742037
-5556.42507788788
-5556.72275961357
-5557.90820014458
-5556.45661957932
-5556.98431306185
-5556.51739205683
-5557.87912644656
-5556.98431306185
-5556.40090408405
-5556.32668674194
-5556.42857601832
-5557.75747260765
-5557.7765619837
-5556.65110847903
-5556.43925816402
-5557.81675321778
