# type 2 occupying energies
-5570.0615524945
-5568.84024533609
-5570.00271761146
-5570.07901351395
-5568.57313994599
-5569.92588540679
-5570.02375799688
-5568.57313994599
-5569.2962866811
-5568.82947523655
-5568.60701574557
-5568.57313994599
-5568.81216652312
-5570.09580341081
-5570.03667216965
-5569.21776300509
-5568.57313994599
-5568.57313994599
-5568.57313994599
-5570.01580048435
-5568.60392417256
-5569.95363875576
-5568.59063527627
-5568.6116170605
-5568.57313994599
-5568.80764970906
-5568.6301820703
-5568.57313994599
-5569.08897813878
-5569.13111878988
-5569.91281960602
-5568.57313994599
-5568.68428904144
-5568.74011204671
-5568.62091901221
-5569.97397756036
-5569.30018373175
-5568.71959494728
-5569.99304483044
-5569.14148454628
-5568.8226240379
-5568.57313994599
-5569.05362390033
-5569.85555945967
-5568.57313994599
-5569.12082524821
-5568.67574250318
-5568.57313994599
-5569.2035969692
-5569.0991383661
-5568.61796833728
-5568.72271077687
-5568.57313994599
-5570.05113832369
-5568.62557340522
-5569.18256415383
-5568.57313994599
-5569.08819579215
-5569.07726049031
-5568.57313994599
-5569.16204075519
-5568.74083327594
-5569.80633913648
-5568.71916920924
-5568.57313994599
-5569.06138296508
-5568.57028971664
-5568.57313994599
-5568.89617449764
-5568.57313994599
-5568.85520555152
-5569.87487428073
-5569.18512649368
-5568.57313994599
-5569.19458987358
-5570.06453092428
-5570.10030854804
-5569.01744580388
-5569.13080224553
-5569.97873561582
-5568.57313994599
-5568.57313994599
-5568.57313994599
-5569.96776062124
-5568.57313994599
-5568.65266485226
-5568.71416434972
-5568.78965690531
-5568.59999798911
-5568.61979103942
-5568.63491622999
-5568.73595696803
-5570.01453049835
-5568.6704744719
-5569.9986662809
-5569.99093629433
-5569.22091322665
-5568.80516378142
-5568.66475286949
-5570.04472327935
-5569.12851607333
-5568.80111464486
-5568.61682380794
-5568.57313994599
-5568.60233288573
-5569.24301790126
-5569.25658360389
-5568.57313994599
-5568.57313994599
-5568.65227220005
-5569.17955747121
-5568.57313994599
-5569.28305475821
-5568.95754712211
-5568.69557282767
-5568.9052435
-5568.57313994599
-5569.14631606895
-5569.83861290382
-5569.15204502257
-5568.57313994599
-5569.94227088715
-5568.88016494823
-5568.57313994599
-5568.61154766969
-5568.86914931241
-5570.11715680935
-5569.175921209
-5570.1855319881
-5568.57313994599
-5570.08082371597
-5568.57313994599
-5570.05862724039
-5570.13425181091
-5569.89610460329
-5568.57313994599
-5569.1859641037
-5568.57313994599
-5568.81614571661
-5568.653596386
-5568.57313994599
-5569.13147943557
-5569.14834069304
-5569.1522691408
-5568.57313994599
-5569.19879418253
-5568.57313994599
-5568.6924108811
-5570.10204153506
-5569.13702034337
-5568.57313994599
-5569.94517227946
-5569.20823377966
-5568.57313994599
-5569.11116718378
-5568.7100220286
-5569.8727292448
-5568.57313994599
-5568.79779680251
-5568.79913089708
-5569.18443171935
-5570.05315507673
-5568.68127565438
-5568.57313994599
-5569.93866270683
-5568.66579648659
-5568.86283531896
-5570.04323877766
-5569.29696813923
-5569.19160019728
-5568.78092646889
-5568.90812966646
-5568.65151129632
-5568.75456580992
-5568.87534353345
-5568.53996480382
-5568.57313994599
-5568.57468849021
-5569.30027415303
-5568.83782908839
-5568.57313994599
-5569.93673512865
-5570.05207888064
-5568.81951439995
-5568.62901137041
-5568.6791643108
-5568.57313994599
-5568.73863170838
-5568.85293824882
-5569.99189900153
-5568.5858953533
-5570.08166000201
-5568.81147413286
-5568.57313994599
-5568.8638285894
-5568.5516015062
-5570.05398979285
-5569.11997706763
-5568.74441779765
-5568.57313994599
-5568.57313994599
-5569.91248216016
-5569.22774445564
-5568.57313994599
-5568.85110766332
-5568.57313994599
-5568.65305633839
-5569.24919515957
-5568.61037063621
-5570.036989955
-5569.17525008848
-5569.05184866301
-5569.17021032798
-5568.57313994599
-5568.65986773221
-5568.74496215794
-5568.62726141898
-5569.13342835686
-5569.05762719104
-5568.57313994599
-5569.14844393633
-5569.1140898741
-5569.89432737658
-5569.19709394585
-5569.08742097883
-5568.87777714153
-5570.08822973834
-5568.6623472002
-5568.61787653688
-5570.01528947932
-5568.69354277522
-5568.57313994599
-5569.93338345656
-5569.10291066087
-5568.57313994599
-5568.82118808992
-5568.57313994599
-5568.68689587688
-5569.19056379516
-5569.98258774841
-5568.84949596364
-5568.57313994599
-5568.57313994599
-5569.92416443148
-5568.92865830551
-5568.82790290342
-5568.84797536216
-5568.58337767171
-5568.57313994599
-5568.67366784688
-5569.08265932693
-5569.14475434809
-5569.04170180953
-5568.7657523697
-5568.57313994599
-5568.60548698946
-5568.60406555243
-5568.57313994599
-5568.72714137478
-5568.69072800127
-5568.55461551393
-5568.93553871842
-5569.9696106382
-5568.63767238914
-5568.60163698062
-5568.73288222422
-5568.57313994599
-5568.57313994599
-5568.66590095113
-5568.86997609554
-5570.04516995506
-5568.57313994599
-5568.57313994599
-5569.19257074264
-5568.792676718
-5569.25839790882
-5568.60168241424
-5568.57313994599
-5568.65403980252
-5570.09895528598
-5568.86858560681
-5570.01270186121
-5569.27173644793
-5568.63116170958
-5569.05807326731
-5569.12350582678
-5569.1675930865
-5570.03064193691
-5568.57313994599
-5568.82718532909
-5569.20529452716
-5568.69506543302
-5569.24109872378
-5568.65018469968
-5568.57313994599
-5568.68037792938
-5568.89017818363
-5568.57313994599
-5569.99264249816
-5568.72092066988
-5568.8586712181
-5568.8321908567
-5569.97611315991
-5568.70499436763
-5568.78142808398
-5569.94312890397
-5570.05700423136
-5568.92169527183
-5568.57313994599
-5568.61214745974
-5569.98253489327
-5569.9612605104
-5568.57313994599
-5568.62123643238
-5568.57313994599
-5568.69194156853
-5569.26200537501
-5568.57313994599
-5569.2109368933
-5568.70528997328
-5568.59481445366
-5568.57313994599
-5568.65162755444
-5568.57313994599
-5568.80575798955
-5568.57313994599
-5568.56177494114
-5568.57313994599
-5568.62996912395
-5568.62472685242
-5568.73373309984
-5568.57313994599
-5568.61542612214
-5570.02584714716
-5568.78726723674
-5569.89093732781
-5569.92634315667
-5569.94730484462
-5568.6876115252
-5568.57313994599
-5568.74749421661
-5568.8593447848
-5568.80020170047
-5568.74039173185
-5569.10600733965
-5569.94407542257
-5570.06273276995
-5568.57313994599
-5568.57613615362
-5569.17129467663
-5569.19749548907
-5568.73890884575
-5569.16976769966
-5569.17417011647
-5568.68790459843
-5570.03541190693
-5568.69454393806
-5568.57313994599
-5568.91591932546
-5569.08507482852
-5568.57313994599
-5570.24496924842
-5569.03021677071
-5569.11410117924
-5569.92934120181
-5570.06955968156
-5569.15634398442
-5568.81085920512
-5569.98227831723
-5568.89950866127
-5569.0653341593
-5569.09335293605
-5569.18683971921
-5570.095823199
-5569.14449762622
-5568.57313994599
-5569.92471953703
-5569.80219038532
-5570.14489783323
-5570.06847947633
-5569.16808059425
-5568.9110089322
-5568.97027919657
-5570.09021523317
-5569.31502530284
-5568.57313994599
-5570.14932841376
-5570.08833005189
-5568.57313994599
-5568.88507826574
-5568.57313994599
-5569.97680979819
-5570.04964116563
-5568.57313994599
-5569.25692090942
-5568.90710663725
-5568.66315551125
-5568.79782597841
-5568.57313994599
-5568.57313994599
-5569.16013850803
-5568.87999285025
-5569.98235321562
-5568.57313994599
-5569.21127760665
-5569.10682702294
-5568.57313994599
-5569.14481289902
-5569.16021406162
-5569.90772638233
-5570.01768258874
-5568.79123445839
-5568.87006147931
-5568.70156584192
-5568.58241859847
-5568.56027705756
-5568.7553975112
-5568.57381473984
-5568.62364127982
-5568.77425376314
-5568.62445398663
-5568.57313994599
-5569.16771743446
-5568.66734809022
-5568.57313994599
-5568.73428421465
-5568.57313994599
-5568.57313994599
-5568.58338753664
-5569.1611259938
-5569.19997783961
-5568.67957955178
-5570.15647650999
-5570.10010517133
-5568.87182036017
-5568.57313994599
-5569.1292465797
-5568.61614315519
-5569.22072662616
-5569.19134000264
-5570.0505958543
-5569.88250093656
-5568.7404495158
-5568.57313994599
-5569.20574659424
-5568.96373890628
-5568.87098014658
-5568.79293694177
-5570.11297672261
-5569.95083325397
-5569.18345390576
-5568.57313994599
-5568.57313994599
-5569.12650135044
-5568.86764853848
-5570.04750675607
-5569.93787193949
-5568.57313994599
-5569.20175845138
-5570.14714275932
-5569.13973244129
-5570.04898926478
-5569.25011420064
-5569.24349556961
-5568.57313994599
-5570.08882354385
-5568.6404233593
-5568.7339723305
-5569.13704034567
-5568.57313994599
-5568.70659395399
-5569.18472970663
-5568.57313994599
-5569.88301353535
-5569.18664506314
-5568.89524933422
-5569.99601445697
-5568.88810229358
-5570.07824528646
-5569.99651387435
-5569.15298791314
-5568.57313994599
-5569.99702794147
-5568.58945396734
-5569.89990515701
-5569.17892921096
-5568.77141109648
-5568.82090581119
-5568.73623166099
-5568.57313994599
-5568.57313994599
-5568.62732433494
-5569.97271291478
-5568.57313994599
-5568.6497891288
-5568.85752537209
-5569.14261385022
-5568.57313994599
-5568.5857581807
-5568.65901569919
-5568.69212792069
-5568.57313994599
-5568.57313994599
-5568.57313994599
-5568.85533635744
-5568.93809533
-5568.89809916432
-5570.14541541035
-5570.00097478689
-5570.12193236172
-5569.19996261144
-5568.58753137335
-5568.90829550903
-5570.03400777683
-5568.57313994599
-5570.1229114506
-5569.23820927436
-5569.97898869767
-5568.77296432245
-5569.23584245711
-5568.64559307472
-5570.00047616958
-5569.90188100552
-5569.19214237412
-5569.16662239199
-5569.098720292
-5570.09898719015
-5570.13803986926
-5569.0965915538
-5569.19500655839
-5569.16919867326
-5568.98370393111
-5569.94068094721
-5568.57313994599
-5568.6959022145
-5568.73192932206
-5570.07624348216
-5568.57313994599
-5569.10915887571
-5568.64922429045
-5568.57313994599
-5568.57313994599
-5568.57313994599
-5568.61359458764
-5568.6413040084
-5568.6327805623
-5569.06492201132
-5568.57313994599
-5568.57313994599
-5569.06133532425
-5568.8159746226
-5570.14589041446
-5568.78539739141
-5569.23030280609
-5568.72911711385
-5568.59701208974
-5568.60394634797
-5568.67758370886
-5568.58309799848
-5568.72384711548
-5568.93126429165
-5568.57313994599
-5568.63190561537
-5569.94515659635
-5569.93020749668
-5569.1577479409
-5568.57313994599
-5569.07143429154
-5569.08224156904
-5569.96323491903
-5569.06736782558
-5569.21818190586
-5568.76279971147
-5568.57313994599
-5568.84369017408
-5568.62373565143
-5568.77935869023
-5569.25348598619
-5568.57313994599
-5568.69580743287
-5568.57313994599
-5568.57313994599
-5568.6804860375
-5569.1576962333
-5568.77922925031
-5569.85446339631
-5568.64469730272
-5568.57313994599
-5568.57313994599
-5568.57313994599
-5568.57313994599
-5569.85680635716
-5568.85839598683
-5568.57313994599
-5568.81631549789
-5569.16456457696
-5569.12557433425
-5568.77668570814
-5568.57313994599
-5568.58665196053
-5568.66353978757
-5568.62390448714
-5568.8388385046
-5570.02285337161
-5568.57313994599
-5569.25456893395
-5569.95539085981
-5568.64976927666
-5568.57313994599
-5568.59691579104
-5568.57313994599
-5568.57537184386
-5569.195061416
-5570.01959499388
-5568.57313994599
-5568.57313994599
-5568.74903889261
-5569.15855468499
-5569.9482794033
-5569.15687804531
-5568.57530758203
-5568.75110961767
-5568.61986323446
-5569.18740743539
-5569.12603587873
-5568.57313994599
-5568.86913868037
-5568.80742706675
-5568.61049466779
-5569.17959387373
-5569.07580441439
-5569.93296463022
-5570.04576194637
-5568.65911852908
-5568.57313994599
-5569.12991102367
-5568.72813318999
-5569.23370707408
-5568.5902619427
-5570.00466813025
-5568.93515009471
-5568.57313994599
-5569.97167709703
-5568.88448070144
-5568.66537161748
-5568.65677486928
-5569.11754059104
-5568.681169769
-5569.93140548509
-5568.70131659176
-5568.82138154879
-5569.2607775285
-5569.94280418447
-5569.13598441687
-5568.63912926789
-5568.77025731173
-5568.8861393227
-5569.05533735601
-5568.64277382501
-5568.81268619132
-5568.58837872479
-5568.57313994599
-5568.57313994599
-5568.57313994599
-5568.9123113509
-5569.23844708297
-5568.57313994599
-5568.74233299993
-5569.21858479068
-5569.11327746051
-5568.57313994599
-5568.57313994599
-5568.58893800824
-5568.60565570558
-5568.7675866021
-5568.61317321725
-5568.66094479191
-5569.22266964199
-5568.61945846279
-5570.04565595232
-5568.60001636285
-5568.82450253786
-5569.97696560998
-5568.8634326798
-5568.6763649583
-5568.76787073956
-5568.58570090162
-5568.82596863085
-5568.57313994599
-5568.57313994599
-5568.78821902041
-5569.98928115219
-5568.65739127789
-5568.68880442117
-5570.155646244
-5570.05240056411
-5569.26100682603
-5568.57313994599
-5568.57313994599
-5568.82596815641
-5569.84871415142
-5569.25243174097
-5568.79194743705
-5568.65183004291
-5568.728334804
-5568.57313994599
-5569.19321186132
-5568.87011900815
-5568.84200510728
-5568.57313994599
-5568.55160955367
-5570.08220946292
-5568.94644227843
-5568.57313994599
-5568.8413707618
-5568.77291789251
-5568.59841566525
-5568.57313994599
-5569.92373153526
-5568.57313994599
-5568.79620172582
-5568.86396484876
-5568.61580929681
-5568.61848109142
-5568.57313994599
-5569.16537645037
-5568.57313994599
-5568.87062146712
-5568.59727328035
-5568.75966855684
-5568.61156093918
-5568.60535432123
-5569.92952519364
-5568.79409063121
-5568.56146678592
-5568.88931092171
-5568.66210829395
-5568.57313994599
-5570.0545474976
-5569.16315046656
-5568.57313994599
-5569.98824327911
-5569.30109070031
-5570.04373453071
-5569.18046226194
-5568.57313994599
-5569.2293974152
-5568.86535505018
-5568.8962171512
-5568.84885238007
-5570.1927781395
-5568.75664094457
-5570.08279338866
-5568.76014485722
-5568.62542134926
-5568.77273654919
-5569.14603599663
-5568.80930534643
-5568.87491837736
-5570.03803499648
-5568.60089703336
-5568.57313994599
-5568.79866771856
-5569.26809728473
-5568.61860106932
-5570.13863953405
-5568.59081713201
-5568.64855193777
-5569.97096889145
-5568.57313994599
-5569.29760823863
-5570.00920877132
-5568.63543934142
-5568.64979912773
-5568.65414748225
-5568.69904714862
-5570.02690625904
-5568.57313994599
-5568.59482432377
-5568.57313994599
-5569.92450439874
-5568.64893634827
-5568.65804186482
-5569.20072476715
-5568.57313994599
-5568.75067804394
-5568.63753180458
-5569.94568751801
-5568.63053656341
-5569.16876870378
-5569.2743319848
-5568.83356535959
-5568.62559402574
-5568.6952584358
-5568.62600959436
-5568.57313994599
-5568.87858457247
-5568.57313994599
-5568.72104093079
-5568.57313994599
-5568.57313994599
-5568.7241997239
-5568.58420139789
-5568.73075307558
-5568.6165914148
-5568.75255595088
-5568.64578525704
-5570.04954767701
-5568.57313994599
-5568.91372775289
-5568.86850885526
-5569.23921250571
-5569.22534324586
-5569.26486926355
-5568.66369639992
-5568.58598406558
-5569.99531354325
-5568.57313994599
-5568.69226137928
-5569.86448479437
-5569.14499042876
-5569.25528860969
-5568.57313994599
-5568.59800205696
-5568.63153215577
-5568.84321206514
-5569.94260787177
-5568.69391799106
-5568.63759000757
-5568.7727279511
-5569.13935926712
-5568.96792313836
-5570.02727937257
-5568.75076812049
-5568.61030607133
-5568.77105977034
-5569.19386839745
-5568.62398421169
-5569.13900966748
-5569.25388195745
-5569.89794411445
-5569.91652773082
-5568.57313994599
-5568.62258781037
-5568.63367594299
-5568.69979013233
-5569.24626932794
-5568.7801281665
-5568.62769027565
-5568.57313994599
-5569.89610730032
-5568.57313994599
-5570.00295888165
-5568.57313994599
-5568.57313994599
-5568.57949809156
-5568.57313994599
-5568.62408039971
-5569.94210247493
-5568.73229155878
-5568.85810612323
-5569.9947118763
-5570.06699394045
-5569.14139684927
-5568.63255111087
-5568.64864505462
-5570.04648158153
-5568.57313994599
-5568.57313994599
-5568.77644394234
-5569.22810834053
-5568.63087795524
-5568.57313994599
-5568.57313994599
-5568.57313994599
-5568.80052277762
-5569.15105556903
-5570.06052729745
-5568.57313994599
-5568.62799650469
-5568.61587161473
-5568.59047239961
-5568.83974496088
-5568.85885803674
-5568.57313994599
-5569.13247685608
-5569.9362910912
-5569.17666124564
-5570.08087064938
-5569.30451582108
-5568.90282487807
-5569.20057404795
-5568.89757465115
-5570.1625165174
-5570.19332929041
-5568.62981268501
-5568.57313994599
-5569.97476835475
-5568.57313994599
-5568.70059982681
-5568.83158857888
-5568.95364726879
-5568.90534036692
-5569.18599721377
-5568.57313994599
-5568.86693026249
-5569.13331611432
-5568.57313994599
-5569.12304719424
-5569.20809434687
-5568.57313994599
-5568.77666373181
-5568.90488869446
-5568.88015452378
-5569.93708252275
-5568.7213247167
-5568.57313994599
-5570.13976759131
-5569.14590152252
-5569.17887038969
-5569.93218449529
-5568.7105463056
-5569.23168844818
-5569.14879964597
-5569.97162532835
-5569.16212477905
-5568.62352218594
-5568.81473206181
-5568.77796451296
-5568.65631653549
-5568.64580991297
-5568.66903104829
-5568.77471474916
-5568.60463395967
-5568.67423971286
-5569.15496560445
-5569.90196204409
-5569.26169813003
-5569.13847453047
-5569.05966291092
-5569.1383558264
-5568.63457318071
-5570.01171291978
-5570.08700642191
-5568.93810691018
-5568.67806122342
-5568.7368973632
-5568.57313994599
-5569.99423375964
-5568.69080479872
-5570.04316176446
-5569.15839794914
-5569.87995356363
-5568.75561277686
-5570.10425577308
-5568.61813026482
-5568.57313994599
-5569.2154037969
-5568.90469753979
-5570.09674576401
-5569.1446126062
-5570.0958680568
-5568.57313994599
-5568.97574964187
-5568.61905303309
-5569.20376613437
-5569.92144720828
-5568.81750894523
-5568.57313994599
-5570.09182748698
-5568.750559259
-5568.66690137892
-5568.67610625712
-5569.30453230636
-5568.57313994599
-5569.99298381739
-5569.23931078001
-5568.63651865577
-5568.89220866242
-5570.13101368011
-5568.57313994599
-5569.99951322842
-5568.57313994599
-5568.92382527783
-5568.69903790697
-5568.8957469902
-5568.84139383938
-5569.25598382671
-5568.74295514656
-5568.57709448997
-5568.73134255217
-5568.81255737763
-5568.82028608112
-5570.12888562319
-5569.97060452104
-5568.64962733169
-5570.16432111085
-5568.60520532986
-5568.56368178863
-5568.68201137375
-5568.77941313232
-5568.60185529307
-5568.60126159742
-5568.84891878093
-5569.226274213
-5568.6709609016
-5568.62401939981
-5568.6604864604
-5568.67160713589
-5568.57313994599
-5569.81846837036
-5568.57313994599
-5569.98710790421
-5569.16811228355
-5568.63469067145
-5568.57313994599
-5568.60411759569
-5568.57313994599
-5568.67793016919
-5568.57313994599
-5569.29242061894
-5570.01324320646
-5568.63766078501
-5569.95231030251
-5569.17481389382
-5568.67747859032
-5568.66971599879
-5569.16251140931
-5569.17190105874
-5568.8691411781
-5569.19991042076
-5568.94308665916
-5570.07274784963
-5568.62283095898
-5568.57313994599
-5568.86656592221
-5569.02396678599
-5568.707578796
-5570.0035301682
-5570.02053879628
-5569.258287132
-5569.15949878881
-5568.91479957291
-5570.02516026918
-5568.57313994599
-5568.57313994599
-5570.11117159391
-5569.19839349115
-5570.10381336312
-5570.005052182
-5568.57313994599
-5569.10842448683
-5568.57313994599
-5568.75423197622
-5568.57313994599
-5569.13016549047
-5568.57313994599
-5568.83489053859
-5568.90318188152
-5570.04694580052
-5568.60802609828
-5568.57313994599
-5569.20462846871
-5568.70404862851
-5569.9018001418
-5568.57313994599
-5568.57313994599
-5568.86914885743
-5569.18803395518
-5568.83988870158
-5569.16744378173
-5570.03627983732
-5569.90801027009
-5568.57313994599
-5568.71302667568
-5568.57313994599
-5569.99542140164
-5569.22026789708
-5568.81652725968
-5568.68565142307
-5570.06132044377
-5570.00545433561
-5570.11371857914
-5568.57313994599
-5569.91611651244
-5569.12290167409
-5569.14374266008
-5569.10736134228
-5568.57313994599
-5568.62234662102
-5570.16089571121
-5570.1679629871
-5568.5598952881
-5568.57313994599
-5569.97058024909
-5568.58647652155
-5568.86917492185
-5568.57313994599
-5568.61535190972
-5570.05839704702
-5568.62630740406
-5568.81261571425
-5568.57313994599
-5568.57313994599
-5569.20112985657
-5568.80009013417
-5568.63112825983
-5568.78000140864
-5568.66570440237
-5569.2295278491
-5568.89691443729
-5568.69110395398
-5569.2799192931
-5569.94837071539
-5568.57313994599
-5568.57313994599
-5568.75147864459
-5570.0653677318
-5570.0163556167
-5569.19484027622
-5569.89077861171
-5568.61011012092
-5570.06974690722
-5570.12685587285
-5568.57313994599
-5569.19101389736
-5568.59102123372
-5568.7781634375
-5568.71412290461
-5568.78558283319
-5568.57313994599
-5568.57313994599
-5570.04797421752
-5568.63693794536
-5569.17054660734
-5569.25365242922
-5568.73803739021
-5570.12547059126
-5568.72601299295
-5568.59984471366
-5568.92896942792
-5568.86083640086
-5568.57313994599
-5568.82679367908
-5568.8354052445
-5569.2011381602
-5568.57313994599
-5569.28113612185
-5569.23109698117
-5568.57313994599
-5568.60770657543
-5569.15026854751
-5569.1858275756
-5568.93659022507
-5568.57313994599
-5568.71546622329
-5568.65091950704
-5569.21848767775
-5568.60251676949
-5568.61824814425
-5570.09024257185
-5568.73384328496
-5570.13567636139
-5569.18207800443
-5569.19935676967
-5568.67940616875
-5568.57313994599
-5568.81979458276
-5568.57313994599
-5568.57313994599
-5570.10866451562
-5570.0617976035
-5568.57313994599
-5568.57313994599
-5569.20558861054
-5568.89702222723
-5568.57313994599
-5568.62110075751
-5568.64669879403
-5569.97808694402
-5570.10043341359
-5568.57313994599
-5568.62383594555
-5570.22002762794
-5568.88804127003
-5568.85335389449
-5569.16551824449
-5570.14962775296
-5569.15573327328
-5570.1101254873
-5568.57313994599
-5568.86291885892
-5568.60742263493
-5570.06298959577
-5568.57313994599
-5568.61513386154
-5568.57313994599
-5568.57313994599
-5568.95917735328
-5568.70432249407
-5568.6230898281
-5570.05793936288
-5569.29081489955
-5569.18014561309
-5568.57313994599
-5569.15792315734
-5569.97482564509
-5568.57313994599
-5568.57313994599
-5568.74233172331
-5570.11148255231
-5568.85314402697
-5568.57313994599
-5570.11072492451
-5568.87171236794
-5569.28753611015
-5568.96510878011
-5568.64219031859
-5569.03602888131
-5569.10149956316
-5568.57313994599
-5569.93346123337
-5568.57313994599
-5568.82967001637
-5568.57313994599
-5569.86364753386
-5568.66345035477
-5569.95417359556
-5568.71261244854
-5569.13580730836
-5569.03708153546
-5568.99361851157
-5568.72310037252
-5568.57313994599
-5568.63010695775
-5568.57313994599
-5568.65093369838
-5568.71011074375
-5569.23038469319
-5570.23717609682
-5569.92839359884
-5568.83720463639
-5569.16644887615
-5568.57313994599
-5569.02829725549
-5568.94171408432
-5570.00175010265
-5569.23981830704
-5570.12177285643
-5569.03304136789
-5568.57313994599
-5569.89518465027
-5568.72779375105
-5568.56014894449
-5568.57313994599
-5568.8179030574
-5568.61914312853
-5568.88076397349
-5568.63746006343
-5569.1403088386
-5568.63721919964
-5569.09923971087
-5568.57313994599
-5569.09905704262
-5569.76129706231
-5568.57313994599
-5568.57313994599
-5568.57313994599
-5569.1808443185
-5569.19188665633
-5570.06861546303
-5569.1054554787
-5568.63691153426
-5570.12368786374
-5570.08106166387
-5568.57313994599
-5568.85445179842
-5570.03171295022
-5568.57313994599
-5569.15177944749
-5568.57313994599
-5570.14903802872
-5569.19023461699
-5570.07317400061
-5570.04704337215
-5568.83133328268
-5568.57313994599
-5570.20684653831
-5569.99291673963
-5568.69749026727
-5568.57313994599
-5570.11954149045
-5568.57313994599
-5569.9117937582
-5569.23312220809
-5569.12970706815
-5568.57313994599
-5570.17486372694
-5568.92908812929
-5569.14438789676
-5568.57313994599
-5568.92706271905
-5568.57313994599
-5568.62751963155
-5568.7045305668
-5568.85864535618
-5568.7524290048
-5569.0644387804
-5570.10149750561
-5568.57313994599
-5568.57313994599
-5570.02609677618
-5569.24221223482
-5569.13363890059
-5569.21065288253
-5569.98823593705
-5568.60324161878
-5569.1923703877
-5568.57313994599
-5568.56472233996
-5568.7399643636
-5568.63159995847
-5568.60655095387
-5568.67511773064
-5570.0105670375
-5568.57313994599
-5570.14592927897
-5568.57313994599
-5569.15082852617
-5569.25698439969
-5568.57313994599
-5568.66596879522
-5569.20648658145
-5568.74469219316
-5569.16395237336
-5570.05365734029
-5568.65087415218
-5568.57313994599
-5569.98798931597
-5568.57313994599
-5568.80108307814
-5568.94342032986
-5568.79275078969
-5570.10196359237
-5569.15446433745
-5568.85013045069
-5569.19416458272
-5568.92768471573
-5569.30247859899
-5568.62912003936
-5568.80307263327
-5570.06915893738
-5568.64998025164
-5569.17242423432
-5570.167750574
-5568.61806877756
-5568.7760177594
-5569.98697165445
-5569.20126947272
-5568.68055613924
-5570.13316559447
-5568.67663596701
-5568.64042412356
-5569.96929487603
-5568.58209997155
-5568.57313994599
-5568.57313994599
-5568.76767213296
-5570.19046060886
-5568.82251124895
-5568.57313994599
-5570.09516810099
