# type 3 occupying energies
-5573.31862507475
-5572.22374052452
-5573.41685105706
-5572.55355683217
-5571.8625378639
-5573.27044754962
-5571.90744056502
-5571.96085781009
-5571.92123016645
-5572.14416882054
-5571.72603058671
-5571.85380670016
-5572.08775818962
-5573.34806285301
-5573.35468214211
-5572.04606644193
-5571.98290234193
-5571.92520623258
-5571.83725437768
-5573.27713904481
-5571.92466642173
-5573.37348594036
-5571.80718660377
-5572.01213686137
-5571.79099060014
-5572.11657068101
-5571.95665080029
-5571.85888874791
-5572.55355683217
-5572.55355683216
-5573.39280470408
-5571.99946078346
-5571.99366568943
-5572.08406293593
-5571.96966149607
-5573.34974126403
-5572.08266253048
-5572.02489334728
-5573.27711796448
-5572.55355683217
-5572.03604196935
-5571.92641429883
-5572.55355683217
-5573.41969326131
-5572.20870049634
-5572.55355683217
-5572.06480409566
-5571.94960109376
-5572.55355683217
-5572.55355683216
-5571.92494170661
-5572.12228795817
-5571.97168008124
-5573.4444837489
-5571.93215853476
-5572.55355683217
-5572.02320125894
-5572.55355683217
-5572.55355683217
-5571.9626792646
-5572.55355683217
-5572.02927117335
-5571.93824611133
-5572.09954030245
-5572.00966082339
-5572.55355683217
-5571.95707301728
-5572.55355683217
-5571.81221573265
-5572.24870742874
-5572.23959989554
-5573.3900433021
-5572.55355683217
-5571.91396754713
-5572.55355683217
-5573.51299965001
-5573.45956290193
-5572.55355683217
-5572.55355683217
-5573.43962951987
-5572.02558523052
-5571.8974745069
-5572.55355683217
-5572.55355683217
-5571.89041262611
-5573.31678162464
-5572.16140276212
-5572.14533436439
-5572.05207743418
-5572.06578216115
-5571.90405039812
-5572.07401777141
-5573.36439530724
-5571.99968171351
-5573.34402053494
-5573.39725329262
-5572.55355683216
-5571.94335296526
-5571.88365844514
-5573.39708762123
-5572.55355683217
-5572.10645739199
-5571.87901670351
-5571.92505452872
-5571.86592217176
-5572.22111236155
-5572.55355683217
-5571.85013961418
-5571.9127956919
-5571.93175691795
-5572.20683019192
-5571.91748136878
-5571.88085009179
-5571.94963219932
-5572.124162686
-5572.12751224985
-5572.01859275733
-5571.99796749409
-5573.31118519946
-5572.55355683217
-5571.89237261414
-5573.34100660597
-5572.23073610234
-5571.94522711112
-5571.88693254442
-5573.33289886874
-5573.43901962249
-5572.55355683216
-5573.54482010092
-5571.92988060871
-5573.38695810535
-5571.96636889766
-5572.55355683217
-5573.57057848983
-5573.28385663306
-5571.85098113005
-5572.24421530558
-5572.04486697227
-5572.19358346436
-5572.23183179277
-5571.81762783813
-5572.55355683217
-5572.55355683217
-5572.55355683217
-5571.84812840456
-5571.88704456808
-5572.55355683217
-5572.04897170105
-5572.55355683217
-5572.55355683217
-5572.01981210795
-5573.31908102267
-5572.55355683217
-5571.87952086527
-5572.55355683217
-5572.10846383335
-5573.34880789164
-5573.49177310654
-5572.21427927035
-5572.2592337605
-5572.55355683217
-5573.51677787404
-5571.94113270703
-5572.55355683216
-5573.36569336955
-5572.24287273997
-5572.55355683217
-5573.31863615406
-5571.83816207586
-5572.55355683217
-5572.05759232464
-5572.16026972761
-5571.95926599765
-5572.14204177133
-5572.22797477748
-5571.8113498704
-5571.94533658169
-5571.93568018269
-5572.55355683217
-5573.32767861815
-5571.90636009916
-5573.2640731995
-5573.37788194159
-5572.1416304018
-5572.09107674405
-5571.89937139214
-5571.83774800961
-5572.55355683217
-5572.1406532513
-5571.87973258973
-5571.85584566468
-5571.95624681789
-5572.11029652514
-5571.86756509054
-5572.21917834876
-5573.29004800666
-5573.50730387081
-5572.55355683217
-5572.55355683216
-5571.98319435087
-5571.96959893554
-5572.00622438505
-5572.55355683217
-5572.17279932186
-5572.18179547285
-5571.90318872592
-5571.85080555281
-5572.55355683217
-5571.98577319574
-5571.86503220846
-5572.55355683217
-5572.55355683217
-5572.55355683217
-5572.55355683217
-5572.05357746245
-5573.23073716629
-5571.93389552538
-5572.55355683217
-5572.55355683216
-5572.06937984822
-5572.55355683217
-5572.55355683217
-5573.38937231
-5572.55355683217
-5572.55355683217
-5572.23047004209
-5572.13850345321
-5573.43156296127
-5571.88643515007
-5573.35568758516
-5571.89003229952
-5572.00263988884
-5573.37785468345
-5572.55355683217
-5571.89974467674
-5572.20032009934
-5571.85175938687
-5572.1453162418
-5572.55355683217
-5573.35497895386
-5572.55355683217
-5571.92075349172
-5571.96604614175
-5572.05320855684
-5572.14542112276
-5571.92086870113
-5571.92835826761
-5571.96917925675
-5571.95887569478
-5571.96888889637
-5572.55355683217
-5572.55355683217
-5571.87452109883
-5572.08097240009
-5571.87491589726
-5571.84167237099
-5571.89488386618
-5572.16311550984
-5572.21652968688
-5572.01176746989
-5572.08226389624
-5571.89725064242
-5573.22310158959
-5571.86458674444
-5571.8405862508
-5572.23680776646
-5571.94333726025
-5571.86907713209
-5571.95545999736
-5572.22631548758
-5573.42982278352
-5573.38331244778
-5572.29085822256
-5572.55355683216
-5572.12401576111
-5571.99347987768
-5571.80652903312
-5571.99406628995
-5572.04806017822
-5573.3451474592
-5571.98268350752
-5572.55355683217
-5572.55355683217
-5571.99079384399
-5572.55355683217
-5572.55355683216
-5572.55355683217
-5573.48965652829
-5572.55355683217
-5572.55355683217
-5572.55355683217
-5572.14409942315
-5572.03839526421
-5571.8180659784
-5571.88730946947
-5572.0164158671
-5571.91351280113
-5573.47256777321
-5573.38585592538
-5572.02084500801
-5572.15817342757
-5572.17969613115
-5573.28983865666
-5572.12391178079
-5572.14635145701
-5573.40468774939
-5573.38566863101
-5572.33610052811
-5571.90712086992
-5571.95417984338
-5573.46723554299
-5572.31017964806
-5571.84509901392
-5571.95779906998
-5571.92309895358
-5572.08466624223
-5572.55355683217
-5571.91158403933
-5572.55355683216
-5572.55355683217
-5571.81783177146
-5572.55355683217
-5572.12537353561
-5571.87663526209
-5573.27855973797
-5571.9734749879
-5571.98592792428
-5571.87969569419
-5572.01627009035
-5572.06796946369
-5573.3204853687
-5571.8917935176
-5571.92439211202
-5573.23650259444
-5572.20924930383
-5573.29658927466
-5573.41779883296
-5573.39173525429
-5572.15003484125
-5571.92286317404
-5572.22424599302
-5572.25804996377
-5571.9135243059
-5572.15465343478
-5572.55355683217
-5573.36206996641
-5573.444868353
-5571.93928417422
-5571.95510940296
-5571.94207432856
-5572.55355683217
-5572.04749426478
-5572.55355683216
-5572.55355683217
-5571.9671464086
-5573.36411661345
-5571.87589532048
-5571.90310515156
-5572.29417508548
-5572.55355683217
-5572.00888984777
-5571.94775270882
-5572.55355683217
-5572.55355683217
-5573.42890285455
-5573.37137673618
-5571.88711613409
-5572.09186612281
-5573.32349050913
-5572.21539702666
-5572.55355683217
-5572.55355683217
-5572.55355683217
-5573.41109116717
-5571.95686398502
-5571.97821707327
-5573.29560400102
-5573.30756363473
-5572.1423681786
-5571.97452935009
-5572.55355683217
-5573.40558965743
-5572.31897966026
-5573.37117893089
-5572.55355683217
-5572.14248521242
-5572.00610636805
-5573.27706204587
-5571.84421241924
-5572.14360112291
-5571.92556866488
-5572.09718998638
-5573.49072503946
-5571.9798996344
-5572.55355683217
-5572.55355683217
-5571.89927777023
-5572.12015161753
-5571.82585529127
-5571.97791762988
-5572.55355683217
-5572.1510841096
-5572.11371514336
-5571.89904146491
-5572.55355683217
-5571.91412673755
-5573.52894127167
-5572.2255645773
-5572.55355683217
-5573.46298336256
-5573.32715542801
-5572.17672650388
-5572.0745278876
-5571.98849270156
-5571.87812487697
-5571.8022052168
-5572.11504549861
-5571.76796373624
-5571.98440346381
-5572.1591939358
-5571.93905099749
-5571.79712349928
-5572.55355683216
-5571.94931229228
-5571.88284668538
-5572.05957477249
-5571.83735067742
-5571.92331961444
-5571.86129641076
-5572.55355683217
-5572.55355683216
-5572.02862931219
-5573.38872767386
-5573.4785528894
-5572.20827133064
-5571.86944463338
-5572.55355683217
-5571.93075060797
-5572.55355683217
-5572.16410700035
-5573.40393813175
-5573.3421677933
-5572.062854382
-5571.85376295024
-5572.55355683217
-5572.2791918143
-5572.28309607463
-5572.25274618487
-5573.49426735206
-5573.43763190756
-5572.55355683217
-5571.97313350008
-5571.93510292829
-5572.55355683217
-5573.37473463369
-5573.32240132037
-5573.36661709825
-5571.90972789201
-5572.18992325018
-5572.06029639582
-5572.55355683217
-5573.29117527764
-5572.55355683217
-5572.55355683217
-5571.91987812596
-5571.86565906667
-5571.97479723837
-5572.55355683217
-5572.55355683217
-5571.92506994715
-5573.51505628746
-5572.55355683217
-5571.9396101213
-5573.4397090908
-5572.55355683217
-5572.44615148026
-5573.36244599482
-5573.44231658175
-5573.48187965186
-5573.42597907929
-5572.55355683217
-5571.94489970266
-5573.39501792378
-5572.55355683217
-5573.39544216304
-5572.55355683217
-5572.17272457972
-5572.10567752151
-5572.24123530791
-5571.86715438372
-5572.04847267547
-5572.55355683217
-5573.39932960552
-5571.82546695913
-5571.84836698742
-5572.26701735074
-5572.55355683217
-5571.90776212204
-5571.87521607092
-5572.06217036189
-5572.22592795583
-5571.8586957506
-5571.82243183155
-5571.82960179151
-5572.18426107619
-5572.55355683217
-5572.30832128165
-5573.58928723122
-5573.43012437015
-5571.89254153895
-5572.55355683217
-5573.39013340729
-5572.42384038929
-5573.3839796121
-5571.8674556894
-5573.3887392803
-5572.55355683217
-5573.36776371638
-5572.20102514341
-5572.55355683217
-5572.17539446022
-5573.44125377989
-5573.38838163171
-5572.25899619944
-5572.55355683217
-5572.18909720873
-5573.46662243812
-5573.53577460894
-5572.03816356613
-5572.55355683217
-5572.55355683217
-5572.55355683217
-5572.55355683217
-5571.94090667326
-5572.55355683217
-5571.91863916359
-5573.3876015654
-5572.0025199031
-5572.55355683217
-5572.0391455825
-5572.55355683217
-5571.80886100637
-5571.89993932647
-5571.90015895794
-5571.88043886168
-5572.0091809387
-5572.55355683217
-5571.96748367681
-5572.55355683217
-5572.55355683217
-5572.13800262982
-5573.27535609834
-5572.13119090707
-5572.55355683217
-5572.06432349235
-5571.94136318973
-5571.86722982317
-5571.86950222859
-5571.89290680428
-5571.99559077688
-5572.43012190332
-5571.82604427135
-5572.06819147624
-5573.348755011
-5573.29164363315
-5572.55355683217
-5571.88568661811
-5572.55355683217
-5572.55355683217
-5573.40299263785
-5572.55355683217
-5572.55355683217
-5572.09103000921
-5571.9602523953
-5572.23909007349
-5571.94276491287
-5572.06404427412
-5572.55355683217
-5571.93383271517
-5572.05618038543
-5571.81817027447
-5571.91653181269
-5572.08818434018
-5572.55355683217
-5572.19387997067
-5573.28216333282
-5571.95749757905
-5571.86627630537
-5572.14971558852
-5571.93338038562
-5571.82862937356
-5573.25964351499
-5572.20502106824
-5571.95522194181
-5572.12986224643
-5572.55355683217
-5572.55355683217
-5572.15308933243
-5571.87429982261
-5571.93045617316
-5572.09086558587
-5571.89475491645
-5572.22367686402
-5573.33165348261
-5571.92185811149
-5572.55355683217
-5572.26535796181
-5571.90805354012
-5571.89597265341
-5571.91995808107
-5571.8940980861
-5572.03124441242
-5572.55355683217
-5571.9663277357
-5571.99522063086
-5571.83430664224
-5572.55355683216
-5571.97346670813
-5573.23937162597
-5571.91867473386
-5571.90436361222
-5572.13635619988
-5571.94115148149
-5572.55355683217
-5572.55355683217
-5572.0320706683
-5572.19326116127
-5572.18478912707
-5571.88383631091
-5572.55355683217
-5572.55355683217
-5573.3400923782
-5573.43499460325
-5571.98152222874
-5571.9904138091
-5572.55355683217
-5573.29678919934
-5572.55355683217
-5571.81034972008
-5573.3058719713
-5572.29106277567
-5572.23549659467
-5573.36343893141
-5572.29261483946
-5572.10299408029
-5571.77136884445
-5572.55355683217
-5571.88575592473
-5573.32501537498
-5571.94038987511
-5572.21722725597
-5572.17966890458
-5573.29947698459
-5572.55355683217
-5571.88362011451
-5572.07215321361
-5572.55355683217
-5572.55355683216
-5571.88600774637
-5572.1098357225
-5571.99484000423
-5571.95114637474
-5571.99186752616
-5571.90701185578
-5572.35801537073
-5573.31739722648
-5571.97493879862
-5572.122407872
-5572.06644427024
-5572.55355683217
-5571.91724386018
-5573.41458602924
-5571.83583598861
-5571.93205595068
-5572.09226314321
-5571.93123427567
-5571.83536007535
-5572.55355683217
-5571.93385934601
-5571.90436734703
-5573.31843804641
-5571.96976328912
-5572.09442904668
-5572.55355683217
-5572.0381436588
-5571.91953163199
-5572.00611884701
-5573.29974198349
-5571.8864547927
-5571.79133488347
-5572.00048758259
-5571.94644713384
-5571.90866434878
-5571.87328230982
-5571.78791061964
-5572.00121576104
-5573.33499019724
-5571.87198631838
-5572.03483504126
-5571.91911906278
-5573.369357373
-5572.55355683217
-5572.55355683217
-5572.08351867326
-5572.04960318952
-5573.36805640692
-5573.40153278315
-5572.15374220414
-5571.9594809572
-5571.80355081293
-5571.88334105496
-5573.43475038443
-5573.45951678371
-5571.77707977772
-5572.06823619653
-5572.11353235249
-5571.84489128963
-5571.80520311517
-5573.28811856661
-5571.91636648252
-5572.01297458217
-5571.97433630271
-5571.83055851688
-5571.82595102188
-5571.93235408265
-5572.55355683216
-5572.02663766705
-5572.12512590365
-5571.95561237594
-5572.11490772
-5571.91216958723
-5571.94616381329
-5573.25728859575
-5571.90380264538
-5571.86887046025
-5571.93644969498
-5571.84438283246
-5571.99484045341
-5572.15955203412
-5573.52266345876
-5572.22636347124
-5573.41601531197
-5572.55355683216
-5573.47278544959
-5572.55355683217
-5571.90613762931
-5572.55355683216
-5572.55355683217
-5572.18284820729
-5572.04767296417
-5571.84318889156
-5572.03239716471
-5571.9309171805
-5571.90513040852
-5571.89015728703
-5572.02650060594
-5572.08077281002
-5573.31486585365
-5571.9709490529
-5573.31305399562
-5572.00647379299
-5571.90674068447
-5572.10810439745
-5572.55355683217
-5571.90895417937
-5573.43257913139
-5571.92328522485
-5572.26155702501
-5573.29058361998
-5571.86339182879
-5571.92193633334
-5573.43060462118
-5571.93423799738
-5571.98130974061
-5571.85457272854
-5571.94608963983
-5573.3579101954
-5571.95580936266
-5572.00741933634
-5571.82785906066
-5573.31609719806
-5573.43099073006
-5571.89477544231
-5572.55355683217
-5571.89099085581
-5572.05337881479
-5571.86294241239
-5573.19909384192
-5571.79005769774
-5572.55355683217
-5572.12266060975
-5572.09327599982
-5571.86901321445
-5572.06856137359
-5571.83511708756
-5572.08372844391
-5572.20200194059
-5572.24678833774
-5572.10698875435
-5571.87053628518
-5571.85161632653
-5572.10296684336
-5573.28763665611
-5572.18453510529
-5572.06987318542
-5572.16969528552
-5571.97060889848
-5573.34356678815
-5571.90642284745
-5572.26477500121
-5572.08887010336
-5572.55355683217
-5572.55355683217
-5572.55355683217
-5571.94650428754
-5571.96011459693
-5572.55355683217
-5571.87047216522
-5572.03366194161
-5573.32696640397
-5572.55355683217
-5572.55355683217
-5572.55355683216
-5571.93284467985
-5573.40297265088
-5572.31346525967
-5572.10809524282
-5572.02445364197
-5572.06501191143
-5571.93006592834
-5572.55355683216
-5572.27365133157
-5573.40703583651
-5571.87325604696
-5571.95935372238
-5572.12433680062
-5572.55355683216
-5572.03048988745
-5572.55355683217
-5572.55355683217
-5573.40799821393
-5573.27427856304
-5572.1385882922
-5573.43618777738
-5571.91107911734
-5573.30561477093
-5572.55355683217
-5573.30068115277
-5572.09701005457
-5571.89410195433
-5573.36086416405
-5571.85615635803
-5573.4039302113
-5571.82172055741
-5571.92798908069
-5571.8756714677
-5571.84898641517
-5571.94997878244
-5573.36148401782
-5572.18548209104
-5572.01304583091
-5573.43839107984
-5573.47164255647
-5573.45967130165
-5571.83282996069
-5571.90268809868
-5572.09565898816
-5571.8464102678
-5571.93917681092
-5571.92297656887
-5572.55355683217
-5571.88330344619
-5573.41632897495
-5572.00434527196
-5571.94416388871
-5571.77216306772
-5572.08456366994
-5573.42521152851
-5572.14478050579
-5572.08807003922
-5571.86456523645
-5571.80391325215
-5573.42646401813
-5572.21611304802
-5571.93008324639
-5572.55355683217
-5573.36980112342
-5572.55162557834
-5571.90119075214
-5573.40261982304
-5572.13356271294
-5572.55162557834
-5572.2368550295
-5573.43916811659
-5573.51876715724
-5571.83591946965
-5571.93998514196
-5573.48516632661
-5572.55355683217
-5573.53648483889
-5572.12768954119
-5572.28840111956
-5572.3158753285
-5573.35966298606
-5572.19200888084
-5571.90417766371
-5572.55355683217
-5571.96530256812
-5572.55355683216
-5571.98227319217
-5571.8568863763
-5573.31551942423
-5572.12825483321
-5572.55355683217
-5573.35635498664
-5572.55355683217
-5572.17929276138
-5571.90836874331
-5572.55355683216
-5572.55355683217
-5573.34782847769
-5572.05214346713
-5571.81430999437
-5572.27600984062
-5573.42733542736
-5572.55355683217
-5571.93309841734
-5572.16871947869
-5572.03139700902
-5571.95327392591
-5571.917607228
-5571.86465864817
-5572.1605896729
-5571.82060985797
-5571.9657653491
-5572.27636170605
-5573.33752650372
-5572.55355683217
-5573.51993584695
-5572.55355683217
-5572.55355683217
-5571.9815019887
-5573.31193642323
-5571.91211734548
-5572.28600907502
-5572.03856190226
-5572.1429428598
-5571.91560894463
-5572.1285683367
-5571.9635244321
-5573.52768448823
-5572.55355683217
-5573.39958971127
-5572.12603097047
-5573.42472334499
-5572.55355683217
-5571.85251414839
-5572.55355683217
-5572.55355683217
-5571.84497282426
-5572.55355683217
-5573.47294009798
-5571.94382983731
-5572.17204313632
-5571.84958623615
-5572.55355683217
-5573.27386380541
-5572.10759471466
-5571.91589164857
-5573.33851025425
-5572.03495648358
-5571.92604533658
-5572.06209110093
-5572.55355683217
-5571.86603004172
-5573.31582857311
-5571.87121555714
-5571.96319983487
-5572.13115003824
-5573.40135151977
-5571.90887806581
-5573.37185599257
-5571.77227775991
-5572.11376922873
-5571.88960175473
-5572.14114370857
-5572.12281830552
-5572.55355683217
-5572.03616494049
-5571.88471574109
-5571.86701748513
-5572.10149824199
-5572.11605960879
-5573.36795887513
-5573.31404823637
-5571.90315116589
-5573.34460774454
-5571.87247091804
-5571.88964720905
-5572.02659399078
-5572.05478788991
-5571.88231211708
-5571.78296770649
-5572.16970802992
-5572.55355683217
-5571.93807909551
-5571.86305625548
-5572.23467481269
-5572.07456880291
-5571.89080913352
-5573.2725278406
-5571.87852687186
-5573.3473801381
-5572.55355683217
-5572.07189181889
-5571.81674471323
-5573.39117002158
-5571.88239031737
-5572.11196343855
-5571.89699281831
-5572.55355683217
-5573.4402775346
-5573.48456301602
-5573.42446344533
-5572.55355683217
-5572.17993112716
-5572.06563956328
-5572.55355683217
-5572.55355683217
-5572.25730571733
-5572.55162557834
-5572.23931337514
-5573.4688015266
-5572.01518797519
-5572.55355683217
-5572.26331234101
-5573.45263792579
-5572.05007250687
-5573.38174437516
-5572.55355683217
-5572.06740923539
-5572.55355683217
-5572.55355683217
-5573.42041762056
-5571.86963561338
-5571.9704838821
-5572.41611615296
-5572.55355683217
-5573.4041108578
-5573.46444505546
-5572.02704057598
-5572.55355683217
-5571.97439613018
-5572.29077784997
-5572.55355683217
-5572.55355683217
-5572.55355683217
-5573.33660362909
-5572.25209928253
-5573.45097145786
-5571.92702039824
-5572.27325064751
-5572.55355683216
-5573.42645957279
-5573.28920451541
-5571.83731084304
-5571.87432842036
-5571.92424374023
-5572.34905083036
-5572.12139186071
-5572.55355683217
-5573.52648376348
-5573.47028871962
-5571.92765274098
-5572.55355683217
-5571.99998477596
-5572.55355683217
-5572.55355683217
-5572.08940774862
-5572.03837047729
-5573.38778973063
-5573.4475506434
-5573.48234531791
-5571.99179869909
-5573.36194800765
-5572.55355683216
-5572.55355683217
-5572.55355683217
-5571.89283571997
-5572.55355683217
-5573.46348649642
-5572.55355683217
-5571.87366439836
-5572.55355683217
-5573.44551072807
-5572.55355683217
-5572.45477535646
-5571.90517634847
-5572.55355683217
-5573.39817322704
-5573.43016726911
-5571.91776924109
-5571.93544286645
-5572.11317660548
-5572.55355683217
-5572.28644507144
-5571.94040728196
-5572.21755031522
-5572.00171203888
-5571.91923815635
-5572.26967292926
-5571.81407960396
-5572.55355683217
-5573.4435242574
-5571.87273738007
-5571.82718925458
-5572.0545977878
-5573.42129874006
-5573.41620992366
-5573.39441558842
-5573.35547474544
-5571.98836872321
-5573.41444689318
-5573.53195364478
-5571.99491282319
-5572.55355683217
-5572.55355683217
-5572.10907519158
-5571.9974144857
-5572.15760748973
-5571.96925505367
-5571.87859542953
-5571.96532753183
-5571.93635987294
-5572.55355683216
-5572.55355683217
-5571.86674114875
-5573.48003410195
-5572.55355683217
-5572.01006993365
-5572.20290288018
-5572.18198018318
-5571.82110233883
-5572.05171469523
-5572.04218851253
-5571.92741360268
-5571.90484048888
-5571.87097372898
-5572.55355683217
-5571.84221419497
-5571.90044979633
-5573.31415471584
-5571.79797549933
-5572.22012223388
-5571.99396730601
-5572.05799028416
-5571.96768894082
-5572.55355683216
-5571.92934462661
-5571.87527494941
-5573.27799553155
-5571.99180146302
-5572.55355683217
-5572.55355683217
-5572.17088100719
-5572.06103396998
-5571.90638813648
-5572.08984409974
-5571.92258408455
-5571.87859320876
-5571.87698919309
-5571.88288054975
-5571.78577000412
-5571.87180806442
-5573.33972932042
-5572.17529770464
-5571.8266744291
-5572.01400324774
-5571.84471947889
-5572.04203908174
-5572.19369029317
-5571.89557124184
-5571.87893831226
-5573.49284476391
-5572.07651124699
-5572.1659613043
-5572.55355683217
-5572.20705339601
-5572.55355683217
-5571.89370970638
-5571.89538982676
-5572.05179035706
-5571.76038955362
-5573.45150653488
-5571.92236407694
-5571.88533395231
-5572.08874324924
-5571.93428266508
-5572.55355683217
-5572.14748571464
-5572.55355683217
-5573.47810335059
-5572.55355683217
-5572.55355683217
-5572.10016612703
-5572.55355683217
-5573.36243692247
-5571.89986004744
-5572.32478914982
-5572.19714552364
-5571.8818877391
-5573.34004306068
-5572.55355683216
-5573.48093034337
-5572.2805716704
-5571.87384445409
-5573.35496040535
-5571.89447893887
-5572.55355683217
-5572.55355683217
-5571.95753667628
-5573.32439867067
-5571.85356932078
-5572.11204137118
-5571.93563316267
-5572.55355683217
-5572.07562969855
-5573.31495914289
-5572.29057797925
-5572.55355683217
-5572.55355683216
-5572.55355683217
-5572.01436686307
-5571.80721172413
-5571.9807017802
-5571.83694423781
-5571.96753815092
-5572.01136138095
-5572.55355683217
-5573.50235748006
-5573.34194272816
-5572.0587827901
-5572.55355683217
-5571.92299641714
-5572.55355683217
-5572.34914071204
-5573.36861635255
-5572.55355683217
-5573.44788163761
-5572.55355683217
-5571.9367746114
-5573.53380941159
-5572.13234164676
-5571.82043853257
-5571.80604312236
-5573.4010480893
-5571.79615846828
-5572.21880740877
-5571.90931153401
-5572.26771045714
-5571.99657746335
-5572.55355683217
-5571.80120527043
-5572.55355683216
-5572.55355683217
-5573.4768160567
-5571.95475642775
-5571.89752229182
-5572.55355683216
-5572.19817531301
-5573.45879975828
-5573.37594410148
-5571.93888322935
-5573.48466852381
-5573.33726204101
-5571.79400410015
-5572.22056650397
-5573.42338907002
-5571.93192106034
-5572.55355683217
-5571.94688577372
-5573.41121724066
-5572.55355683217
-5573.42417588925
-5573.51289848209
-5572.18192296818
-5571.91900365956
-5573.40314309145
-5573.39106155382
-5572.02024374256
-5571.9705911762
-5573.45618503586
-5572.16536768314
-5573.34030201064
-5572.55355683217
-5572.55355683217
-5571.94839276638
-5573.40965062763
-5572.20105931669
-5572.55355683217
-5573.29231438046
-5571.94140997815
-5571.90722189919
-5572.0288311561
-5572.10383912272
-5572.55355683217
-5572.1352324748
-5572.38448222947
-5571.90352387561
-5572.00291584156
-5571.92078795993
-5573.3788956245
-5572.55355683217
-5572.01804177977
-5572.55355683217
-5573.42047522019
-5571.93464163685
-5573.46580780841
-5571.86719526595
-5571.80271088999
-5572.07006957962
-5572.08448390233
-5571.99069122142
-5571.99460288349
-5573.38992752787
-5571.85559788264
-5573.42926026919
-5571.97181992368
-5572.55355683217
-5571.91496423761
-5571.94725584756
-5571.8458447031
-5572.55355683217
-5572.10239863425
-5572.55355683216
-5573.44095258955
-5572.02557359386
-5571.90427405712
-5573.32916296277
-5571.84572683212
-5572.0661068597
-5572.01710254833
-5572.08924137875
-5573.33614379179
-5572.55355683217
-5572.08850962121
-5572.55355683217
-5572.23719648422
-5572.55355683217
-5571.75969455819
-5572.11351033208
-5573.64535338803
-5572.02989204395
-5572.55355683217
-5572.18026323276
-5572.55355683216
-5572.18157230058
-5573.32008293183
-5573.4448923795
-5572.00414871628
-5573.47386585418
-5572.02047371506
-5572.03367855255
-5573.34863578923
-5571.88645819094
-5572.13456977399
-5571.83916771551
-5573.35496670361
-5573.37338981809
-5572.04831437284
-5571.93774447112
-5572.2091191418
