# type 2 occupying energies
-5588.49882880062
-5588.50213897774
-5589.78685851761
-5588.52859080979
-5588.45401875696
-5588.48468330809
-5588.47640894986
-5588.63594953023
-5588.48468330809
-5588.69253408615
-5589.93966318129
-5588.53223922171
-5590.02091769525
-5588.55647604352
-5588.48492859187
-5588.48468330809
-5588.48468330809
-5589.8420637698
-5588.57967132359
-5588.62964441994
-5588.54936549776
-5588.60466265271
-5588.45870920057
-5588.66643605464
-5588.55054320618
-5588.57718285252
-5588.76442469641
-5588.58744338587
-5589.85498497678
-5589.07469462508
-5588.48468330809
-5588.73476008461
-5588.48468330809
-5589.87729606907
-5588.4975917803
-5588.53845333048
-5588.61822651002
-5588.48468330809
-5588.45772565505
-5589.21240377109
-5588.63951713923
-5588.67006287692
-5589.11404192414
-5588.48468330809
-5588.48468330809
-5588.64614826421
-5588.57023973024
-5589.89920947447
-5589.1145894065
-5589.04227335712
-5590.01134096288
-5589.92513503391
-5589.97209246029
-5589.11778252789
-5588.77085476831
-5588.48468330809
-5588.47810681214
-5589.89199943811
-5588.50203913899
-5588.62333641473
-5588.63831834207
-5588.46464743785
-5588.66581669149
-5588.71411264116
-5588.63765788451
-5588.66323593652
-5588.48468330809
-5588.48891484389
-5588.45142049799
-5588.48468330809
-5589.9962712636
-5588.48468330809
-5588.50245854159
-5588.64633883051
-5588.48468330809
-5589.86692262524
-5588.48468330809
-5589.03757949784
-5588.7955851648
-5589.03169179022
-5588.48468330809
-5589.919627828
-5588.48468330809
-5589.86634439565
-5588.48468330809
-5588.65180348047
-5588.4924686169
-5589.96696031291
-5589.17776950156
-5589.05271815278
-5589.73283203908
-5588.48468330809
-5588.48877663254
-5588.68941256268
-5589.02379575255
-5588.73564027189
-5589.92184784991
-5589.058775061
-5589.05563883879
-5588.54061198863
-5588.7491227778
-5588.52744058284
-5588.77272625353
-5590.01344663513
-5588.48468330808
-5588.60983066305
-5588.56257531372
-5588.55406189659
-5588.48468330809
-5588.59356858437
-5588.53982913061
-5589.1286176929
-5588.48468330809
-5588.51782576372
-5589.78501385272
-5589.09474690647
-5588.48468330809
-5589.90422454715
-5589.10724234545
-5588.54777826034
-5588.48468330809
-5588.71339172359
-5588.57123292451
-5588.53230922419
-5589.84241806919
-5588.48468330809
-5588.55156697734
-5589.93065707305
-5588.5255654833
-5588.72107712974
-5588.66798219161
-5589.86935026155
-5588.66543742936
-5588.48468330809
-5588.57710651158
-5588.67210507554
-5588.62580616573
-5588.48468330809
-5588.53060676234
-5588.51474669698
-5589.03250952556
-5589.98621378659
-5588.48468330809
-5588.61948750485
-5588.57974674736
-5588.56689023668
-5588.51540392655
-5589.94115749971
-5588.69560757734
-5588.68367521084
-5588.48991759578
-5588.55604456384
-5588.54099861319
-5588.74152413037
-5589.83008033144
-5588.48468330809
-5588.53268822287
-5589.16775249151
-5589.98625641659
-5588.63485872211
-5589.98339143612
-5588.54679329678
-5588.52885353499
-5588.50725814198
-5588.68193261242
-5588.75882510454
-5588.56525549438
-5589.9269429388
-5588.51019506477
-5588.48468330809
-5588.61075516773
-5588.48468330809
-5589.90126449283
-5588.48468330809
-5588.69206231376
-5588.44207979306
-5589.96402649309
-5588.48468330809
-5588.74202906177
-5589.11475111256
-5589.90938901072
-5588.49055825669
-5589.70876909321
-5588.53567597007
-5588.48468330809
-5588.5030663194
-5588.60379816978
-5588.53864797469
-5588.49592025405
-5589.83349128098
-5588.48468330808
-5588.53215283801
-5588.63971682617
-5588.62868484563
-5589.99031599799
-5588.48299922298
-5588.71066014096
-5588.48468330809
-5588.60315212699
-5588.54025702155
-5588.49999793846
-5589.75364806983
-5588.48468330809
-5588.48468330808
-5589.94099724127
-5588.72631496781
-5588.57351751
-5588.48468330809
-5589.99006252986
-5588.48468330809
-5589.04127032626
-5588.53764756906
-5589.0955905125
-5588.67942477932
-5588.5494949992
-5588.69129363234
-5589.01830338806
-5588.48468330808
-5588.5318823559
-5589.88841765485
-5588.51490581502
-5588.53404493474
-5588.64232162286
-5588.48468330809
-5589.98151848515
-5589.83692868134
-5589.0506104056
-5588.48468330809
-5588.48468330808
-5588.48468330809
-5589.08661616613
-5588.67764022349
-5588.77304281226
-5589.89426868864
-5588.56536575856
-5588.46568996705
-5588.57195320822
-5589.85919775796
-5588.48934881603
-5588.55501212524
-5588.65881486358
-5588.48573321535
-5588.48468330809
-5588.93582846013
-5588.91489811176
-5589.71802538944
-5588.95720133075
-5589.71356643303
-5589.01768991292
-5588.87511697353
-5588.6969823475
-5589.02632971206
-5588.64938807654
-5588.48468330809
-5589.10520740565
-5588.95419193229
-5588.48468330809
-5588.82675355942
-5588.48468330809
-5588.65756962962
-5588.48468330809
-5589.00759757552
-5588.9434899508
-5589.02087185366
-5588.48468330809
-5588.48468330809
-5588.6521308627
-5588.48468330808
-5589.07464410748
-5588.96350685104
-5589.8220326407
-5588.48468330809
-5589.07142533707
-5589.00918475807
-5588.77757135813
-5589.84281514611
-5588.59069355309
-5589.02281338889
-5588.48468330809
-5588.48468330809
-5588.65799987906
-5588.48468330808
-5588.60221762845
-5588.5031600321
-5588.59789037659
-5588.57872765916
-5589.86283630346
-5588.52229340261
-5588.71473973947
-5588.53385743933
-5588.48468330809
-5588.49661643457
-5589.82504653783
-5589.08953656882
-5588.71174829524
-5589.14304559519
-5589.00440841148
-5588.555326275
-5588.73692782502
-5588.87220437965
-5589.87144634322
-5588.54666597727
-5588.48468330808
-5588.48254607873
-5588.48468330808
-5588.58183860195
-5588.72994924083
-5588.69461563938
-5588.70498569535
-5588.63708564154
-5589.16248757975
-5588.48468330809
-5589.85152050516
-5588.48468330809
-5588.62450376504
-5588.51907359897
-5588.48468330809
-5588.50190760575
-5590.03616488708
-5588.49400710303
-5588.48468330809
-5588.51074709099
-5588.65922030059
-5588.52454409567
-5588.56118331614
-5588.48468330809
-5588.55345301737
-5589.76413917554
-5588.48468330809
-5588.55934280888
-5588.52200012229
-5588.67190095814
-5590.02892842518
-5588.59575116241
-5588.6887472073
-5588.48468330809
-5588.97245553013
-5588.99714605626
-5588.69437188382
-5588.48468330808
-5588.56796554419
-5589.08232036929
-5588.83697710188
-5589.95878484525
-5588.80270477108
-5589.0338968131
-5588.76003423584
-5589.73757321436
-5588.48468330809
-5588.59930198169
-5588.48468330809
-5589.08170810849
-5589.97396694027
-5589.00678428538
-5588.48468330809
-5589.06546613904
-5588.56114252484
-5588.76573712268
-5588.96320274622
-5588.9082381029
-5588.48468330809
-5589.81703125907
-5588.93782865657
-5589.05127054231
-5589.78025008122
-5589.0548464026
-5588.63879939042
-5588.55510369264
-5589.02182865412
-5588.48468330808
-5589.85642525932
-5588.57823127871
-5588.54583106717
-5588.45437598087
-5588.59390574039
-5588.68275123722
-5588.57495926555
-5588.78748234646
-5589.13650574656
-5588.88224515458
-5588.77288068292
-5589.89743729827
-5588.75797602109
-5589.92502017076
-5588.48468330809
-5589.91521859302
-5588.48468330809
-5588.55810755359
-5588.57395424276
-5588.58499239726
-5589.84611436609
-5589.06900534814
-5588.48468330809
-5588.48468330809
-5588.48468330809
-5588.53135025524
-5588.74685465386
-5588.54784997148
-5589.8486828409
-5588.63798730218
-5589.99419241266
-5589.69113410168
-5588.9774787848
-5589.86775850428
-5588.48468330809
-5589.03128040559
-5590.0121567499
-5588.58423713895
-5589.89719460073
-5589.01601001501
-5588.48468330809
-5589.8714436224
-5588.48468330809
-5588.48468330808
-5588.48468330809
-5588.48468330809
-5589.94172912898
-5588.71602943991
-5589.08112650911
-5589.99498682549
-5589.08410712802
-5588.48468330808
-5588.65401173446
-5588.49399652804
-5588.74954557526
-5588.57103603587
-5588.77493318569
-5588.99920523126
-5589.82429504647
-5589.9438063948
-5588.61877805054
-5588.48468330809
-5588.93871377911
-5589.04598238328
-5588.48468330808
-5589.0258180996
-5588.96221103232
-5588.92483794033
-5589.81760255027
-5588.48468330809
-5589.02431264069
-5588.57365461194
-5588.93020046235
-5589.99255648006
-5588.97161317285
-5588.958062178
-5589.03093433978
-5589.93557904058
-5588.94671590137
-5588.97876486334
-5589.90623234812
-5588.88623862513
-5588.48468330809
-5589.87110494949
-5588.91424589187
-5589.91401946256
-5590.08818814987
-5589.08233386033
-5588.48468330809
-5589.08859652388
-5590.06071417982
-5589.04072556998
-5590.07317154478
-5588.99126498907
-5589.12519337935
-5590.06791626371
-5588.97739128496
-5589.00583789146
-5589.97025400807
-5589.9898691761
-5589.01558473419
-5588.93272330751
-5588.96801568223
-5588.90928521908
-5589.8096288707
-5588.94987654665
-5589.88924394437
-5589.09346335197
-5588.94043209258
-5588.90663686427
-5588.88544262494
-5588.94881697865
-5588.94820848313
-5589.95919953083
-5589.08645799209
-5590.01049878408
-5588.48468330809
-5590.01452490393
-5589.07160027617
-5588.92364116932
-5589.00967531896
-5588.93162438648
-5588.97239695252
-5588.48468330809
-5589.07419689803
-5588.99141216074
-5588.91378383359
-5588.48468330808
-5588.86482636979
-5589.96601396831
-5588.7475497322
-5589.86967431563
-5588.48468330809
-5589.01777072517
-5589.01244656596
-5589.03963049916
-5589.84041763438
-5588.94585805945
-5589.93746796462
-5588.48468330809
-5589.01976083783
-5588.48468330809
-5588.97367812616
-5589.93898929111
-5589.89502022295
-5588.48468330809
-5588.48468330809
-5588.93588921064
-5589.84462070876
-5588.64827740559
-5588.78055249744
-5588.48468330809
-5588.48468330809
-5588.48468330809
-5589.0216176917
-5589.92354873098
-5589.92919387411
-5589.014111909
-5588.94414601757
-5588.92592371518
-5588.48468330809
-5588.89792906056
-5589.83951775849
-5589.10259926243
-5589.95975129234
-5590.02301642907
-5589.93775670883
-5588.99243926511
-5589.88478632202
-5589.03825431268
-5588.88943465032
-5588.57403320305
-5589.80510105876
-5589.07092264904
-5588.72018919413
-5589.96732082949
-5589.79663756891
-5588.57890107512
-5589.01777353312
-5588.48468330809
-5588.48468330809
-5588.45961806764
-5588.48468330809
-5588.48468330809
-5588.5603288555
-5588.62058357051
-5589.87911020736
-5588.53098721409
-5588.48468330809
-5588.53733318813
-5588.48468330809
-5589.97140325076
-5588.67857970178
-5588.5954498262
-5588.48468330809
-5589.89233320019
-5589.87534339313
-5589.85514379333
-5589.05076848436
-5588.48468330809
-5588.48468330809
-5588.55169721336
-5588.48836488089
-5588.5802172084
-5588.70267815087
-5588.50224063121
-5588.46415185111
-5588.66142086186
-5588.48468330809
-5588.81135971095
-5588.66926888798
-5588.58561826886
-5588.48468330809
-5588.70841380938
-5588.4615939043
-5588.48468330809
-5588.67387530783
-5589.92284413508
-5588.56733876098
-5588.52846447875
-5588.48468330809
-5589.09901836069
-5588.52194504818
-5588.65035636045
-5588.67385852394
-5588.48468330809
-5588.52399647318
-5588.62133284231
-5589.96879579475
-5588.78556343521
-5588.48468330809
-5588.48468330809
-5589.78152763974
-5588.65389651163
-5590.09338578132
-5588.48468330809
-5589.81070408766
-5588.54188813024
-5588.45335420048
-5588.57389965916
-5589.1741461658
-5589.03706408918
-5588.48468330809
-5588.48468330809
-5589.07019401425
-5588.97514176982
-5589.92007214252
-5589.0177247547
-5588.54370731914
-5588.73390685306
-5589.97454868822
-5588.73404685614
-5588.59541776541
-5589.0274966122
-5589.91352484808
-5589.00353415714
-5589.89374086779
-5588.80937637895
-5588.99568389791
-5588.95533082453
-5589.03911361336
-5589.00285575318
-5588.48468330809
-5588.48468330808
-5588.48468330808
-5589.92931188834
-5590.10304051815
-5589.04366145339
-5590.0038405095
-5588.55770855332
-5589.03042512982
-5589.17043330498
-5589.03201100973
-5588.48468330809
-5588.6577784113
-5589.99017824753
-5589.83290306469
-5589.13046048654
-5589.011940538
-5588.48468330809
-5588.76204158563
-5589.13746611305
-5588.70898666005
-5588.5975647806
-5588.58665723247
-5589.12006293538
-5589.11824133375
-5589.01779245326
-5589.75433675189
-5588.48468330809
-5589.9282795241
-5588.55548218063
-5588.62574272199
-5589.23878032986
-5588.48468330809
-5588.48468330809
-5588.48468330808
-5588.48468330809
-5588.56136784543
-5589.95488702084
-5588.62501240521
-5588.98563532046
-5588.46794963839
-5588.58545154386
-5588.55815961558
-5588.68610670301
-5588.52356787548
-5588.71037965059
-5588.50196185787
-5588.65569660697
-5588.74407735538
-5589.14424492099
-5588.60074423032
-5588.5372348884
-5589.0333006492
-5588.59371895416
-5588.74119948258
-5588.51899978048
-5589.9321622366
-5588.76451087398
-5590.05892553908
-5588.48468330809
-5588.68626484703
-5588.51113062479
-5588.48732793514
-5588.49312779772
-5588.48468330809
-5588.48468330808
-5588.61735591488
-5589.79492424871
-5588.75629273221
-5588.84858254032
-5590.04275601926
-5588.70086298623
-5588.48468330809
-5588.51204937273
-5588.54253817574
-5588.48468330809
-5588.54225205501
-5588.46615413514
-5589.1332784665
-5588.48468330809
-5588.79326942662
-5589.82928600026
-5590.01058112115
-5588.70084090829
-5590.06108471923
-5588.62945277737
-5588.48468330809
-5588.53785994758
-5588.5386400789
-5588.57460022998
-5588.75236119051
-5588.48468330809
-5588.48468330809
-5588.55713493853
-5588.58561251336
-5589.88081802009
-5589.96341145634
-5588.48259441868
-5588.75966666198
-5589.83434409326
-5589.91887716477
-5588.78777473835
-5588.48468330809
-5588.66606344008
-5588.66693370382
-5588.48468330809
-5588.48468330809
-5589.9088476351
-5588.54271134816
-5588.65682485399
-5588.44462198489
-5588.68326460251
-5588.48468330809
-5589.88535830983
-5588.50864936968
-5588.71110464611
-5588.5564183956
-5590.02249193211
-5588.84951796643
-5588.74565695198
-5588.48468330809
-5588.53936360936
-5588.53139656287
-5589.98102645562
-5589.0762401382
-5588.48468330809
-5588.52090598911
-5588.51464093976
-5588.63378028249
-5588.58384614385
-5588.53897601078
-5588.47862032605
-5589.98817228916
-5588.50537669368
-5588.48468330809
-5588.47603596724
-5588.7045904034
-5588.48874676065
-5589.87244725422
-5590.02115473925
-5588.66600681416
-5588.66850179416
-5588.5069637533
-5588.71249548763
-5588.4808896361
-5589.76453994562
-5588.47707916583
-5588.64188747652
-5588.72677704206
-5588.65598935341
-5588.76759939927
-5589.93326362399
-5588.48468330809
-5589.93948436704
-5588.51665802593
-5588.48468330809
-5588.48781683005
-5589.85449947904
-5588.48468330809
-5588.48468330809
-5588.48468330809
-5588.68552324317
-5589.85179915436
-5588.48468330809
-5588.63036656462
-5588.48468330809
-5588.49571290144
-5588.65021456375
-5588.48468330809
-5588.69253192419
-5589.79890288136
-5588.68677783902
-5588.48468330809
-5588.48468330809
-5589.78898698794
-5589.1254989904
-5589.02653080147
-5589.98030648517
-5588.85029923634
-5589.07910146298
-5588.52603861783
-5588.6105608144
-5588.66237931252
-5589.94390721133
-5588.80748274431
-5588.53605365367
-5588.5567862894
-5588.54837348895
-5589.88404265205
-5589.14266263948
-5588.73012952729
-5588.48468330809
-5589.97779325633
-5588.58242678244
-5588.48468330809
-5588.65186561038
-5588.81278839001
-5588.48468330809
-5588.48468330809
-5589.0603162582
-5589.05354773444
-5588.53353529101
-5588.67480085661
-5589.13026988384
-5588.48468330809
-5589.96125723141
-5588.74122673437
-5588.48468330809
-5588.69760162659
-5588.48468330809
-5588.4602445172
-5588.52757290563
-5589.91660007922
-5589.86420549377
-5588.55426474704
-5588.48468330808
-5588.71692827834
-5588.62601363534
-5588.64606212071
-5588.48468330809
-5588.568840423
-5588.52253040086
-5588.53269357983
-5588.57950444034
-5589.86263754621
-5590.0633067795
-5588.54572869671
-5588.75101830916
-5589.97029367957
-5588.48468330809
-5588.72068233972
-5588.74891511322
-5588.52401179172
-5588.55973510422
-5589.08555438108
-5589.74157250641
-5588.52336544687
-5588.71938631031
-5588.46598321977
-5588.74812998908
-5588.50866016572
-5589.98970316354
-5588.70355073686
-5588.5008975347
-5588.48468330809
-5588.48790795669
-5588.53701858901
-5588.64650431706
-5588.54640187018
-5589.8433050256
-5589.94090449323
-5590.01223420903
-5588.5511124893
-5588.48468330808
-5588.46661648419
-5588.64437064713
-5588.74963112629
-5588.48468330808
-5588.66535648948
-5589.79664771336
-5589.14781489012
-5588.48468330808
-5588.48468330809
-5588.61168521054
-5588.56731545514
-5589.09101468088
-5588.57423147504
-5588.48468330809
-5589.90392903675
-5588.48468330809
-5588.48468330809
-5588.53781893148
-5589.10725061523
-5588.72820795371
-5588.64410428463
-5588.50332134027
-5588.53110177055
-5588.48468330809
-5588.48468330808
-5588.61341894269
-5588.47405376253
-5588.48468330809
-5588.48468330809
-5588.48468330809
-5589.89956515859
-5588.70291241862
-5588.46956830992
-5588.75119915948
-5588.53260603586
-5588.67157735295
-5589.85744376358
-5588.69296490503
-5589.11235122541
-5589.07390882868
-5589.98392182833
-5588.80677538919
-5590.02417778521
-5590.03309203262
-5588.61097068416
-5588.66017971608
-5588.45796481718
-5588.67202346281
-5588.64442068805
-5588.5138335285
-5588.57448039886
-5588.48468330809
-5589.88781480181
-5588.75345000794
-5588.48468330809
-5588.68259198242
-5588.48468330809
-5588.47741107933
-5588.5972917751
-5588.9968128928
-5588.48468330809
-5588.8068005476
-5588.51324087553
-5588.61615712801
-5588.48468330809
-5588.48468330809
-5588.48468330809
-5588.67014849711
-5588.49671928896
-5588.48468330809
-5590.10249868382
-5589.86887745755
-5588.68269557801
-5590.0320236596
-5589.85663876436
-5588.48393083389
-5588.96317606633
-5588.57228851322
-5588.60831744662
-5589.83698547027
-5589.05165811259
-5589.06206972669
-5588.62226610404
-5589.14108138121
-5589.05370133091
-5588.48468330809
-5589.98838543516
-5588.48468330809
-5588.59206403957
-5588.59343203306
-5588.58411618174
-5588.55906515197
-5588.53559473213
-5588.74502965847
-5589.76948546941
-5589.04554954032
-5589.67758691662
-5588.48468330809
-5589.79922465882
-5588.51781975555
-5588.73825120135
-5589.0548696173
-5588.48468330809
-5588.63988362995
-5588.48468330809
-5589.93535274454
-5588.70686058321
-5588.55223039831
-5588.48468330809
-5588.59515015526
-5588.48468330809
-5588.53431844001
-5588.64425246707
-5588.56281756679
-5588.65616801529
-5588.48468330809
-5588.49526047399
-5589.93994749308
-5589.91303474513
-5589.91334602766
-5589.05113320384
-5589.88393749041
-5589.99465832148
-5588.48468330809
-5588.56310844507
-5589.10516106545
-5590.03276265323
-5589.94039349554
-5589.21116470181
-5588.65351128921
-5588.71854079733
-5589.99339620619
-5588.54679939729
-5588.48468330809
-5589.93246278029
-5589.91990994301
-5588.99989753819
-5588.48468330809
-5589.0430087386
-5590.05206663283
-5590.03201874315
-5589.10354129452
-5589.81234080364
-5588.93906828049
-5589.85514221103
-5588.74398256758
-5589.03054550526
-5589.96228583931
-5588.98693469786
-5588.96749639729
-5589.01621044936
-5589.89876120723
-5588.48468330809
-5588.9533784299
-5589.07184280442
-5589.82882771228
-5588.92506471777
-5589.01054106803
-5588.98104523892
-5589.87320701055
-5588.90491981201
-5588.96497936345
-5589.84278562754
-5589.00247076944
-5588.87391021534
-5588.48468330809
-5588.98574885867
-5588.48468330808
-5590.08405652721
-5589.92946917241
-5588.91416449077
-5588.542902122
-5589.98875774687
-5588.70751546747
-5588.48468330809
-5588.72942061869
-5588.48468330808
-5588.48468330809
-5588.48468330809
-5589.05256933259
-5588.48468330809
-5588.92585845864
-5589.75171734753
-5588.94321901506
-5588.48468330809
-5589.02817280775
-5589.09281129422
-5588.93606509348
-5589.8844437404
-5588.48468330809
-5588.48468330809
-5589.9066924188
-5588.48468330808
-5588.97485615252
-5588.88429469089
-5588.98064082002
-5588.98747819632
-5589.01439580771
-5589.96531217402
-5588.58288369485
-5588.47668364839
-5589.82823788957
-5588.64955021466
-5589.90564652253
-5588.62356947306
-5588.46476526508
-5589.90743926356
-5589.03171277388
-5588.48468330809
-5589.04015166749
-5588.75797034315
-5589.88923252131
-5588.48468330808
-5588.89144385336
-5588.74672938779
-5589.91666413463
-5588.48468330809
-5589.02117147497
-5588.48468330809
-5589.05813302131
-5589.12101800749
-5588.68677201998
-5588.48468330809
-5588.48468330809
-5589.94439284521
-5589.15731313288
-5589.74084048691
-5588.94378830604
-5588.52189376605
-5588.47949116919
-5588.63427833049
-5588.98914195321
-5588.48468330809
-5588.79972840335
-5588.53282891216
-5589.11891512221
-5588.54997392114
-5588.94261425666
-5588.48468330809
-5588.57474027094
-5588.48468330809
-5589.76738161599
-5588.48468330809
-5588.63600098566
-5588.94783923372
-5588.75712270892
-5589.11303779536
-5588.48468330809
-5588.75085754564
-5588.51817529717
-5588.48468330809
-5589.84831700886
-5589.93938759647
-5588.46449871961
-5588.91271650171
-5589.0015760991
-5588.48468330809
-5588.48468330808
-5588.48468330809
-5588.48468330809
-5588.55645278841
-5589.96721896853
-5589.89236887515
-5588.9780566054
-5589.06297170913
-5588.8757880858
-5589.93215806117
-5588.48468330809
-5589.87060105661
-5588.68867493327
-5588.75380500524
-5588.57827694412
-5588.70454298824
-5589.94908126129
-5589.21217378952
-5588.48468330809
-5589.02010589415
-5588.48468330809
-5589.89501575811
-5588.73677902568
-5589.91480483255
-5588.49581181262
-5588.72425642841
-5588.48468330809
-5588.54202479943
-5588.48468330809
-5589.94981083359
-5588.90826038817
-5589.93381658696
-5589.13515603352
-5588.67411666295
-5588.71187199911
-5588.7233263728
-5588.66614098983
-5589.92985284237
-5589.91481181861
-5588.48468330809
-5588.77926012821
-5589.17179993338
-5588.48468330809
-5589.80770964332
-5588.81851952415
-5588.96765985071
-5588.51401199561
-5588.48468330809
-5588.52511877573
-5588.53972096821
-5588.89203041942
-5588.91045301896
-5588.59981888001
-5588.65313210535
-5588.48468330809
-5590.0231782274
-5588.95539023978
-5588.48468330809
-5589.05626212955
-5589.03180703922
-5589.89018155409
-5588.96104873678
-5588.91773999161
-5588.48468330809
-5588.48468330809
-5588.97550616182
-5589.65239147529
-5589.75150348856
-5588.48468330809
-5588.48468330808
-5588.93402035071
-5588.64326905416
-5588.77557913919
-5589.02592637836
-5588.48468330809
-5588.90949383553
-5588.81066901726
-5589.00609704975
-5588.48468330809
-5588.48468330809
-5589.81186235271
-5589.10785471668
-5589.02012955112
-5589.81075228929
-5588.48468330809
-5589.90579579206
-5588.48468330809
-5589.0485737795
-5590.03213536746
-5588.70591954911
-5589.81874730767
-5588.48468330808
-5588.48468330809
-5589.88224540906
-5588.48468330809
-5588.82603823533
-5588.48468330808
-5588.48468330809
-5588.81243754844
-5588.60172432513
-5588.48468330809
-5589.04309690785
-5589.79672917221
-5588.48468330809
-5589.75183334051
-5588.9339002959
-5588.98247165689
-5588.9678853255
-5589.0551559779
-5589.0455931029
-5588.78609945711
-5589.89062140272
-5588.48468330809
-5590.09097235467
-5589.00246212515
-5589.9564913788
-5589.04618250363
-5588.77504253166
-5589.10398163008
-5590.00554576001
-5589.99452582614
-5588.48468330808
-5589.93125354118
-5588.53248466272
-5589.04673944735
-5588.95494111538
-5589.79727338312
-5589.94535850356
-5588.57898836031
-5588.85014287096
-5588.5451284276
-5588.48468330809
-5588.93230453222
-5588.9552164194
-5588.48468330808
-5588.48468330809
-5589.74482410899
-5589.99615785081
-5590.0490899286
-5588.77026567649
-5589.16388272903
-5588.48468330809
-5588.55905746204
-5589.81412402302
-5589.99630526499
-5588.9793641469
-5589.83197061393
-5588.55137902132
-5588.48468330809
-5588.48468330809
-5588.48468330808
-5588.53280762825
-5588.47509272881
-5588.77517369339
-5588.77517390939
-5588.48468330808
-5589.09723982931
-5588.5328502211
-5588.48468330809
-5589.83252156794
-5588.58320564904
-5588.51569825673
-5588.49866700089
-5588.69020326702
-5589.73159693181
-5590.00765857313
-5589.79609584807
-5588.53137937886
-5588.6330233083
-5588.61740447167
-5588.48468330809
-5588.48468330809
-5588.60725904579
-5588.62620203094
-5588.48468330809
-5588.48468330808
-5588.52925752988
-5589.75896877471
-5588.48468330809
-5588.64114502289
-5589.93119401083
-5588.51612007357
-5588.55260611673
-5588.54590940733
-5588.48468330809
-5588.75719579113
-5589.07882699144
-5589.778127638
-5589.08555142895
-5588.53169900421
-5588.56290800885
-5588.54528839357
-5588.59091944835
-5588.53796507527
-5589.12242167348
-5588.72070995281
-5588.50315023838
-5589.86709773233
-5588.98312449616
-5588.48468330808
-5588.53965689637
-5589.02624612146
-5589.80042870705
-5588.56042075631
-5588.52957522674
-5588.61748386721
-5588.53644560667
-5588.69432252112
-5588.81930031209
-5588.97354287869
-5588.89868836641
-5588.4732925039
-5588.72619706597
-5588.54619166968
-5588.48468330809
-5589.13743653136
-5589.76098252889
-5588.96128233668
-5588.48468330809
-5589.03070122121
-5589.08658103343
-5588.51612751501
-5588.48468330809
-5588.47770618977
-5588.65222982793
-5588.60569652263
-5588.71545042699
-5588.69443070061
-5589.79686757389
