# type 1 occupying energies
-5556.98431306185
-5558.4605608862
-5558.39902832487
-5558.4101101206
-5556.87964112493
-5557.13764662354
-5558.45790617502
-5556.93444116403
-5557.69558320559
-5556.97334437125
-5556.98431306185
-5556.93718605439
-5557.32376859805
-5557.22402900172
-5558.52068454379
-5558.46614152839
-5557.19134217261
-5557.4334437063
-5556.90617838248
-5558.38242088373
-5556.98431306185
-5557.5804518263
-5556.98431306185
-5557.08134702458
-5556.9863220336
-5556.98431306185
-5556.98431306185
-5556.93002832529
-5557.43584547479
-5558.39693999172
-5556.98431306185
-5558.34117795921
-5556.98431306185
-5557.07390302176
-5557.55775874867
-5558.35996084317
-5557.58496251577
-5557.17340024795
-5558.35462453452
-5557.55064387705
-5557.17825632436
-5558.59887103857
-5557.42097376158
-5557.48660166823
-5556.85891525791
-5557.10088416814
-5556.98431306185
-5556.92869412923
-5557.52579352646
-5556.90584553312
-5556.90738891039
-5557.13470901581
-5558.5796905475
-5558.46428943968
-5556.98431306185
-5557.60078962191
-5557.61031245293
-5557.58284957835
-5557.23195410553
-5556.91830459476
-5557.59726113735
-5557.32432492607
-5557.1685474258
-5558.57015561717
-5556.98417575446
-5557.21726846095
-5556.98431306185
-5557.2348409106
-5557.56992163206
-5556.84560052394
-5557.17287990639
-5556.93763824478
-5557.21557762204
-5557.5279895582
-5558.37495721311
-5557.54508772371
-5557.28918764218
-5557.6388217328
-5558.54165422064
-5558.55474426448
-5558.4287743838
-5556.90975995428
-5558.46616676699
-5558.38454868991
-5557.22706705769
-5557.75969336202
-5556.98431306185
-5558.49684781108
-5556.93796261806
-5556.98431306185
-5556.91377943366
-5558.43335335441
-5558.3847262453
-5556.98431306185
-5557.25250664527
-5556.9423061625
-5557.45719559575
-5557.43041338683
-5556.98431306185
-5557.33281026285
-5557.52398208858
-5557.1388355986
-5556.98431306185
-5557.09677517871
-5556.98431306185
-5556.88488310856
-5556.90367440091
-5556.96495661465
-5557.22738577276
-5556.91881114969
-5557.57243024852
-5556.90637412241
-5557.31182019086
-5557.2781493018
-5556.98431306185
-5557.28582202654
-5556.83712047282
-5557.5534004191
-5558.15696122248
-5557.57308573956
-5556.90245487998
-5558.39119477658
-5557.22754573449
-5556.85714939585
-5557.58240311911
-5558.47393237559
-5558.45838566756
-5557.58472469926
-5558.47406730765
-5556.8756164273
-5558.38047367413
-5556.95170833317
-5556.98431306185
-5558.37975851801
-5557.15302439331
-5556.98431306185
-5557.22293496381
-5556.98431306185
-5557.12515309165
-5556.98431306185
-5556.93276486306
-5557.11827162153
-5556.98431306185
-5557.47729529775
-5557.55581673004
-5557.65544237699
-5556.90727133088
-5556.98431306185
-5558.44921677978
-5556.83670744188
-5556.95033833059
-5558.2738400531
-5557.73346844703
-5557.2558670854
-5557.58251047814
-5556.98431306185
-5556.92798913303
-5556.93093998914
-5557.2427991281
-5557.17141873057
-5557.6197331456
-5558.38446655643
-5556.98431306185
-5556.93248502126
-5558.43297188166
-5556.98431306185
-5557.19901063858
-5558.55852539319
-5557.5891136381
-5557.54208457996
-5557.12588263943
-5557.16341747886
-5556.98431306185
-5557.138244133
-5557.24972123172
-5556.98431306185
-5558.46364206209
-5556.98431306185
-5558.48102265394
-5557.06283768257
-5556.89775593452
-5556.98431306185
-5558.39524446092
-5557.19606904354
-5556.98431306185
-5556.98431306185
-5556.92309007163
-5557.22190881096
-5557.22558551407
-5558.50301610778
-5556.98431306185
-5558.4452547273
-5557.09808227238
-5556.86284925696
-5557.12253509163
-5556.98431306185
-5558.41011936763
-5556.91899498532
-5557.21067525481
-5558.35349338357
-5557.2011525889
-5558.34040447263
-5557.58521367809
-5556.9263621227
-5557.10118788196
-5556.90340545424
-5556.98431306185
-5557.03582515967
-5557.19777390283
-5557.18512522977
-5556.98431306185
-5557.42226064581
-5556.90297988238
-5556.88605549686
-5557.65946222442
-5556.98431306185
-5556.98431306185
-5557.5433655177
-5557.42040450023
-5556.8995258928
-5558.29971678548
-5556.91477073646
-5557.18345472617
-5556.9491644468
-5557.40332654509
-5557.23959371015
-5557.2230316734
-5557.26331367998
-5556.98431306185
-5558.38827744568
-5556.98431306185
-5557.25232029437
-5557.43952120876
-5557.32054791868
-5556.90289317545
-5557.13862963188
-5556.98125676767
-5556.98431306185
-5556.90090138998
-5556.92143972292
-5558.14889893601
-5556.94022667916
-5556.89489356722
-5558.23780923119
-5557.20275065865
-5556.98431306185
-5557.20962309348
-5558.32043768998
-5556.98431306185
-5556.91567244604
-5557.53557321284
-5557.58113784016
-5557.22023709012
-5556.98431306185
-5556.86892790932
-5556.98431306185
-5556.98431306185
-5556.98431306185
-5557.19449973902
-5556.84779045249
-5556.98431306185
-5556.94130089334
-5558.32243143676
-5558.37398018576
-5556.98431306185
-5557.16174114024
-5557.16037563156
-5556.98431306185
-5556.98431306185
-5556.8193043269
-5557.17597183001
-5556.94552381138
-5557.16669098306
-5556.98431306185
-5558.26278825055
-5557.5233028666
-5557.61289417051
-5557.60134700473
-5557.59298605903
-5557.4811880071
-5557.1466661447
-5558.40664216882
-5556.98431306185
-5558.43082440261
-5557.61857246095
-5557.51617233871
-5557.12722285731
-5558.41944163798
-5556.92261360949
-5557.19794259922
-5557.44926888626
-5556.98431306185
-5557.50648624733
-5557.5031789823
-5556.89760085262
-5557.16465840173
-5556.87677848498
-5556.87670626488
-5558.40526423762
-5558.47143991873
-5556.98431306185
-5557.61105965376
-5558.48740652805
-5556.98431306185
-5557.15399316854
-5557.64059449636
-5557.66185787008
-5557.22874638485
-5556.98431306185
-5556.92712507087
-5556.98431306185
-5557.1994337202
-5557.20050247974
-5556.98431306185
-5556.98431306185
-5557.20248662863
-5557.30531566635
-5557.16348169353
-5557.20763394183
-5557.15749622667
-5556.98431306185
-5556.98431306185
-5557.63331364296
-5556.94646679805
-5557.63745549144
-5557.18268805962
-5557.20551728105
-5556.89343951273
-5556.98431306185
-5556.98431306185
-5557.13994694583
-5556.97236905297
-5556.98431306185
-5556.98431306185
-5557.65770551595
-5558.4024672791
-5558.38066178347
-5557.59227228381
-5558.35980984716
-5557.15673616564
-5557.09766248807
-5557.16149360237
-5558.41885275891
-5556.98431306185
-5557.38667838388
-5558.37016239382
-5558.29374858592
-5556.98431306185
-5556.98431306185
-5557.49586191881
-5557.56657631253
-5557.13744945461
-5557.52084391577
-5557.25965814137
-5556.98431306185
-5558.32431885934
-5556.98431306185
-5556.92425609812
-5557.15796984213
-5557.46292872867
-5556.91836220846
-5558.40002653801
-5556.98431306185
-5556.98431306185
-5557.5395329207
-5558.38281580554
-5556.98431306185
-5557.08063317827
-5556.90758331542
-5557.0877127032
-5557.46828533893
-5557.42104113375
-5558.48467417526
-5557.55428324038
-5557.37026290356
-5557.00239878206
-5557.09483340046
-5556.93480341684
-5558.45346386711
-5558.41016663493
-5556.98431306185
-5556.98431306185
-5557.09807331622
-5556.98431306185
-5557.6162811769
-5556.98431306185
-5557.07821171304
-5556.98431306185
-5556.98431306185
-5557.18311579983
-5556.9447510222
-5557.13347951667
-5557.19010839669
-5556.94967526268
-5557.58356316625
-5558.2516058648
-5556.98431306185
-5557.09535524536
-5556.99442372198
-5556.85891451471
-5558.43001334145
-5556.98431306185
-5558.35229977865
-5558.40872443038
-5557.65037705505
-5558.45454223704
-5558.38526835263
-5557.50714873407
-5556.98431306185
-5557.3900493106
-5558.35517034639
-5557.21358440938
-5557.17917795924
-5556.98431306185
-5556.95274540333
-5556.98431306185
-5557.20647425623
-5558.29663205783
-5557.19217408181
-5557.15561992842
-5556.90317967978
-5556.90602630454
-5557.51652198259
-5556.92418627337
-5556.91312106095
-5557.60520043236
-5557.59608827776
-5556.88183202178
-5557.18442777669
-5557.46918347578
-5557.43781173598
-5556.98431306185
-5558.38879686688
-5556.98431306185
-5556.98431306185
-5556.98431306185
-5557.53492769724
-5556.98431306185
-5557.50732393534
-5556.90892992473
-5556.96977184601
-5558.31360510602
-5557.19619057266
-5558.43840744629
-5556.83046619536
-5557.15062192147
-5556.98431306185
-5557.15579672111
-5557.5166179611
-5558.28926186606
-5557.53299525734
-5556.85833430455
-5556.85754107829
-5557.39453271465
-5557.11132103888
-5556.98431306185
-5558.24044360639
-5556.98431306185
-5557.49194837497
-5558.38632113117
-5557.46184895553
-5558.30929257103
-5556.98431306185
-5557.49937167655
-5556.88423067621
-5558.25993003978
-5557.5170938073
-5556.98431306185
-5557.4896619274
-5556.88082536171
-5556.98431306185
-5557.4643683843
-5556.8746554628
-5558.2311435209
-5556.84632961422
-5556.88120240176
-5556.87178008219
-5556.98431306185
-5558.36190355416
-5558.40699943637
-5557.47680461102
-5556.98431306185
-5558.24525597917
-5556.98431306185
-5558.15279918734
-5556.9382367416
-5557.13323928574
-5556.95002585035
-5556.96168110444
-5556.98431306185
-5556.91766172957
-5556.98431306185
-5556.98431306185
-5556.98431306185
-5558.36688187488
-5556.93069570086
-5557.38626136258
-5558.43577782564
-5556.98431306185
-5556.98431306185
-5557.11564809709
-5556.94474255907
-5556.99157902888
-5556.91083328806
-5556.98431306185
-5556.98431306185
-5557.10207656091
-5558.36215681559
-5556.88800362121
-5558.581334049
-5556.85646746815
-5557.20699731774
-5556.94054105408
-5557.52311225028
-5556.87753186377
-5556.91631968165
-5558.34533435833
-5557.18993477285
-5557.16381112569
-5557.53367380813
-5556.98431306185
-5556.98431306185
-5558.26718832853
-5558.41333578795
-5557.38679753853
-5557.54355697213
-5557.39492952722
-5558.4063074865
-5557.48906607162
-5557.38496951774
-5558.33532587507
-5557.40404001557
-5558.12756234431
-5556.84981913845
-5558.37602660741
-5556.98431306185
-5558.50424168808
-5556.82887036789
-5557.22663590449
-5556.90439517912
-5556.98431306185
-5557.05484591062
-5556.94439892313
-5556.98431306185
-5557.01314563605
-5557.30426364793
-5557.49162009578
-5556.88491515818
-5556.84292737655
-5557.39048298844
-5557.55151003731
-5558.43708878693
-5556.93878154787
-5558.33792773446
-5556.98431306185
-5556.98431306185
-5557.22963488224
-5557.17761258187
-5557.34914538843
-5557.33931034714
-5557.18298344261
-5557.10348499594
-5556.91220778871
-5556.8865474364
-5558.34089832777
-5557.55470913397
-5556.91403722035
-5557.51510891535
-5557.35824263168
-5557.55891609905
-5557.44089675655
-5557.50607067989
-5557.21055066027
-5556.95378864585
-5557.16277340957
-5556.96715213619
-5557.5598397049
-5556.98431306185
-5556.92510488648
-5557.18895972423
-5556.98431306185
-5556.95837004111
-5557.01927641085
-5557.53751752253
-5557.12007721514
-5556.98431306185
-5557.08263758472
-5557.11245943646
-5556.98431306185
-5556.98431306185
-5556.93460176966
-5558.35559544289
-5557.18935735093
-5556.98431306185
-5556.98431306185
-5557.14177708904
-5556.98431306185
-5557.0517004126
-5557.56124587714
-5556.98431306185
-5557.10794881677
-5557.53096282802
-5557.22595030548
-5558.33277601426
-5556.94174758476
-5557.57637591296
-5558.46887038035
-5556.91462452359
-5556.93543578556
-5556.98431306185
-5557.54020054531
-5556.98431306185
-5557.5800154109
-5558.36655241606
-5556.88405264396
-5558.43786970719
-5557.26062746399
-5558.5254144773
-5558.33588764863
-5557.51019759019
-5558.38127563359
-5557.18157687372
-5556.89060708371
-5557.54162664944
-5557.40768875815
-5556.98431306185
-5557.18308283895
-5557.59543618941
-5556.98431306185
-5557.43647718425
-5558.37492187502
-5558.39684537709
-5558.39999250621
-5557.55381441971
-5556.85592597224
-5557.49561811482
-5557.15359822867
-5557.58021032165
-5557.26391027661
-5558.49881654381
-5557.26923190985
-5556.8923660517
-5558.41196330525
-5557.25549655112
-5556.89697208738
-5556.90998023893
-5557.49838358139
-5558.32612898926
-5558.34068286948
-5558.37032214366
-5556.98431306185
-5557.64912987732
-5558.44222356099
-5557.46930862168
-5556.8911364125
-5557.21497525339
-5557.21921271231
-5557.48485156623
-5556.93847627692
-5557.28602503527
-5556.98431306185
-5556.94349006107
-5557.25718081985
-5556.86593795798
-5557.28064789201
-5557.54902079124
-5556.87870460943
-5558.53778804589
-5557.61152613079
-5558.43798145702
-5556.89233798665
-5557.58851425611
-5557.60735315791
-5557.21843297902
-5557.21467571775
-5556.98431306185
-5557.23876110162
-5557.6592975879
-5556.98431306185
-5558.42586379943
-5558.51719437898
-5558.60392943728
-5558.45940443471
-5557.21135303405
-5556.98431306185
-5557.31790103947
-5558.49252432012
-5557.06249293261
-5556.87171037484
-5556.83296040101
-5557.61370152726
-5558.40803472547
-5556.98431306185
-5557.44822361331
-5556.98431306185
-5558.32613463663
-5557.44785679316
-5556.89125236143
-5556.86117217233
-5557.51876968705
-5558.25676249015
-5557.61644050582
-5556.98431306185
-5556.98431306185
-5558.29351581343
-5556.89028757625
-5557.40676557733
-5557.53705994825
-5557.21623948627
-5556.90323436187
-5556.98431306185
-5558.39904991508
-5558.42465093315
-5558.58922347769
-5557.20331639943
-5556.98431306185
-5556.98431306185
-5556.89989895998
-5556.87786671916
-5556.93627281325
-5557.0900990216
-5557.14209952927
-5556.98431306185
-5556.98431306185
-5556.90962855687
-5557.36675459857
-5558.37474114277
-5557.51537495571
-5556.98431306185
-5557.23075027278
-5558.4636993386
-5556.98431306185
-5557.18143896791
-5557.17782558473
-5556.98505922381
-5557.29467384455
-5556.98431306185
-5557.63119884861
-5558.46897203504
-5557.52032572933
-5556.85125945992
-5558.48220474582
-5557.50941214597
-5558.26798543238
-5557.46365078132
-5556.99715820828
-5556.94929624671
-5556.98431306185
-5557.12386456597
-5557.09349184644
-5557.11323875227
-5557.09448749163
-5556.94441553762
-5556.98431306185
-5556.98431306185
-5557.07581719641
-5556.88896618974
-5556.85041611635
-5558.31679486724
-5558.49033659577
-5556.98431306185
-5556.93911089327
-5557.18596251217
-5557.61829617061
-5556.98431306185
-5558.48623601212
-5556.98431306185
-5556.98431306185
-5558.33411597811
-5556.8700030286
-5557.46972452989
-5556.98431306185
-5556.98431306185
-5556.98431306185
-5556.98431306185
-5556.98431306185
-5558.44783764546
-5556.99108273994
-5556.98431306185
-5557.64394025835
-5558.22987689622
-5556.98431306185
-5556.98431306185
-5557.45047668285
-5556.95739622881
-5557.58229100268
-5556.98431306185
-5558.36930298262
-5556.98431306185
-5557.66718674516
-5557.16592292411
-5556.98431306185
-5556.90862520979
-5557.11166500706
-5556.98431306185
-5556.93402950378
-5557.22895030679
-5556.9245317712
-5558.28547493253
-5556.90424529987
-5556.89922692599
-5557.15799103279
-5557.60073489927
-5558.46279435858
-5557.49915841608
-5558.39392233049
-5556.98431306185
-5558.45980303918
-5556.98431306185
-5557.32498086817
-5557.28285121213
-5557.58351673289
-5557.09260733429
-5557.67081887519
-5556.98431306185
-5557.57127550705
-5558.48621928082
-5556.89318168887
-5557.18599782819
-5558.22358493278
-5557.48683983504
-5557.55474525521
-5556.9286394088
-5556.98431306185
-5556.98431306185
-5557.10849784622
-5558.47212643873
-5557.23065176196
-5556.98431306185
-5558.38784406256
-5557.45876858138
-5557.25084594393
-5558.40920386993
-5557.12804204389
-5558.47725652979
-5557.13939491554
-5556.85185492238
-5556.98431306185
-5557.44870526821
-5558.39428672631
-5558.38144109012
-5558.39677147546
-5557.63534033261
-5558.32711473182
-5556.98431306185
-5557.20209394147
-5556.87534560014
-5558.51925838227
-5557.58959281429
-5556.92697337959
-5557.38475313123
-5556.92745596892
-5558.3971659378
-5558.39412798945
-5556.88114923947
-5558.40898283399
-5556.98431306185
-5557.21847436454
-5556.9307634488
-5558.33675715444
-5557.18992975041
-5556.88457536118
-5558.36948328625
-5558.24521763167
-5556.98431306185
-5556.98431306185
-5557.14552087738
-5557.46065366736
-5557.16641834619
-5556.98431306185
-5557.16107931839
-5556.98431306185
-5556.93128155937
-5556.95021017523
-5556.88228524209
-5557.52018980433
-5557.31669591113
-5557.46087316301
-5556.84990554253
-5556.98431306185
-5556.93034123616
-5556.98431306185
-5557.27511565643
-5557.19321664985
-5556.98431306185
-5557.49278404598
-5558.29017191849
-5558.24493104996
-5557.1632454279
-5557.6087255576
-5558.45662677386
-5558.33962968313
-5556.98431306185
-5556.98431306185
-5556.83712687065
-5558.33660902364
-5557.4724022926
-5557.491675153
-5556.86438568553
-5556.98431306185
-5557.12361198641
-5556.92723482225
-5556.98431306185
-5556.89614890911
-5556.87976847844
-5556.92890952887
-5557.45682578969
-5556.88913671154
-5557.3174499723
-5557.58543520332
-5556.88950657729
-5557.2573020309
-5557.12624426591
-5557.30687991222
-5557.24778948127
-5556.98431306185
-5557.62394057443
-5558.26533111698
-5557.43635084084
-5556.87958879168
-5556.93711446342
-5557.11303181391
-5557.57714056795
-5557.47125053155
-5558.35693592383
-5557.24793995551
-5557.58242367113
-5556.86092410021
-5557.1867534377
-5558.43766537593
-5556.98431306185
-5556.98431306185
-5557.10368627111
-5556.98431306185
-5558.38700606947
-5557.49036232754
-5558.2956880991
-5557.53381839877
-5557.41945823253
-5557.28695776223
-5557.43885529875
-5556.98431306185
-5556.87100406253
-5558.35767058958
-5557.27758341639
-5558.42509713387
-5557.20157550868
-5556.88543460277
-5557.06775623432
-5556.98431306185
-5558.31840267317
-5558.42090958278
-5558.37572644383
-5556.89141033228
-5558.46629276169
-5556.98431306185
-5556.89790301497
-5557.53013101352
-5556.98431306185
-5558.28535517345
-5557.50265066753
-5558.4261054048
-5556.98431306185
-5557.50818401453
-5556.87628052109
-5557.2137091853
-5558.23688830947
-5556.90510160368
-5556.98431306185
-5558.31625617538
-5557.1039870311
-5556.98431306185
-5556.98431306185
-5557.53646161571
-5556.91705093216
-5556.98431306185
-5556.98431306185
-5556.98431306185
-5556.89963997766
-5558.4018405137
-5556.86583508781
-5558.35868030884
-5556.87683858377
-5556.98431306185
-5556.98431306185
-5558.44896632549
-5556.86558422879
-5557.6066807326
-5556.98431306185
-5557.54790219942
-5557.64110214587
-5557.16274758386
-5557.25205530049
-5558.43564732459
-5558.31345850943
-5556.89991002855
-5558.47383865768
-5556.98431306185
-5556.98431306185
-5556.98431306185
-5557.22801365055
-5556.98431306185
-5556.98431306185
-5557.21325942282
-5557.58476547335
-5556.98431306185
-5556.98431306185
-5557.61731022875
-5556.9003669539
-5556.9146386622
-5558.28743142335
-5558.40851313908
-5558.37738828045
-5557.51459750441
-5557.12521912875
-5557.70101071403
-5556.87974756307
-5556.8861336529
-5556.98431306185
-5557.21000922397
-5557.66444868957
-5558.22782377506
-5557.3078884377
-5557.21149600855
-5557.49887181299
-5557.12457705719
-5556.98431306185
-5557.55565244326
-5557.59724014382
-5557.58326545834
-5556.92091580042
-5557.11072128735
-5557.1783091838
-5556.98431306185
-5556.98431306185
-5557.11006608291
-5557.33178422261
-5556.98431306185
-5558.37781246083
-5558.44563952924
-5556.98431306185
-5557.50837409089
-5557.15787878185
-5558.48690241129
-5556.96036850723
-5556.95271678793
-5558.47008845772
-5557.52479061
-5558.41729819003
-5557.14102683152
-5556.87125778065
-5557.41026464848
-5556.88293201834
-5557.09895011849
-5556.98431306185
-5558.36150532362
-5556.89535911479
-5556.90476964798
-5556.92617125145
-5558.26124099116
-5556.98431306185
-5556.98431306185
-5557.49354122193
-5557.44191081304
-5558.22579743127
-5556.98431306185
-5556.93262702893
-5557.0457504872
-5557.57801653718
-5557.08106160454
-5556.98431306185
-5558.43582559534
-5558.39102496651
-5556.98431306185
-5556.98431306185
-5556.89300807341
-5558.42637008644
-5558.47045513925
-5556.9405521661
-5556.98431306185
-5556.93536798752
-5556.98431306185
-5558.40787404462
-5558.41438929929
-5558.35256635831
-5557.48229834859
-5558.30284469322
-5557.36346325204
-5558.39456455287
-5556.98431306185
-5558.55050641525
-5558.48851034513
-5556.98431306185
-5556.8319094429
-5558.32730471703
-5556.98431306185
-5557.13731654513
-5556.89883259495
-5556.98431306185
-5558.49950523882
-5558.54949282785
-5557.17948474245
-5556.72315051685
-5556.78771596918
-5557.38109834136
-5558.41784477727
-5556.93930922225
-5558.20404957053
-5556.98431306185
-5557.53391809414
-5557.1359295679
-5557.47218199897
-5558.34416819675
-5558.34123412324
-5556.8660754945
-5556.86599258491
-5556.98431306185
-5558.22510692684
-5558.35233207711
-5556.98431306185
-5558.38487428347
-5556.98431306185
-5558.39806888026
-5557.46941685763
-5556.96388201904
-5558.29593698115
-5556.98431306185
-5557.18448226821
-5558.20760414622
-5557.15222855475
-5557.46330137562
-5556.88869968383
-5557.18327298249
-5556.98431306185
-5557.561188467
-5557.55806485387
-5557.10964751184
-5556.91496159735
-5558.39088114251
-5556.95857314162
-5557.18386897708
-5557.55167368325
-5556.90859592831
-5557.12016399781
-5557.06814661673
-5556.98431306185
-5556.98431306185
-5557.12174768757
-5557.42358470108
-5556.98431306185
-5558.23749786589
-5557.32258842737
-5557.48408428499
-5557.38232399417
-5556.86933405542
-5557.08910039809
-5556.98431306185
-5557.50607617136
-5556.9808775014
-5556.98431306185
-5557.64460820717
-5557.12452756738
-5557.42975323761
-5557.37436248461
-5557.48158082321
-5556.98431306185
-5556.87747531865
-5557.17810695704
-5556.98431306185
-5556.92342938405
-5558.3485836414
-5557.5400752512
-5556.89850774184
-5556.85696833867
-5556.98431306185
-5557.25293879524
-5557.51249755359
-5558.28853370069
-5557.58383242602
-5557.16092793687
-5557.33421698684
-5556.92635321166
-5556.98431306185
-5558.46323439208
-5557.5012705016
-5557.10872191363
-5557.54559945102
-5558.48055522744
-5558.44771396281
-5556.98431306185
-5556.98431306185
-5557.24189956937
-5557.19730147295
-5558.390174608
-5557.2706485241
-5556.95381498053
-5556.93974204508
-5556.88617642214
-5558.56820149864
-5557.28358632178
-5556.9392750229
-5557.60087708661
-5556.92077903502
-5557.11750108081
-5556.77556562034
-5557.53620056536
-5558.4408184911
-5556.89545254568
-5558.53642479465
-5556.98431306185
-5556.98431306185
-5557.19452311838
-5556.90525342224
-5558.51030120414
-5556.98431306185
-5557.19473742167
-5557.18212379144
-5557.64461774741
-5557.36272750174
-5557.51747671228
-5556.88095841608
-5557.23325935212
-5557.28462899514
-5558.32123505809
-5556.87129775684
-5558.32698841259
-5556.98431306185
-5558.29870479148
-5556.98431306185
-5557.45890110812
-5557.45413214131
-5557.43258196018
-5556.92172050815
-5557.70515811661
-5556.98431306185
-5556.88712902863
-5556.98431306185
-5557.07798488172
-5557.52439319319
-5557.46087927983
-5558.22817796618
-5557.07440053426
-5557.43654900041
-5556.85041760639
-5558.25824386435
-5558.24206836986
-5557.18876180789
-5557.57570268084
-5557.12809126994
-5557.43879642005
-5556.84946406227
-5556.98431306185
-5556.98431306185
-5556.98431306185
-5556.98431306185
-5557.09703310367
-5556.98431306185
-5557.11140648946
-5556.98431306185
-5557.52904827924
-5556.98431306185
-5556.98431306185
-5556.98431306185
-5557.52413907029
-5557.20794945185
-5556.9585378189
-5557.18184960121
-5556.94296537958
-5557.55597685042
-5557.49317504774
-5557.46933122527
-5556.98431306185
-5556.90856226825
-5556.8695926077
-5558.23989345242
-5557.6222299408
-5556.98431306185
-5558.18941568261
-5556.87418904212
-5556.85290901574
-5556.90851998643
-5558.3383228957
-5557.46225871878
-5556.91283673151
-5558.29400959893
-5557.19672385954
-5556.88113998937
-5558.3781585565
-5557.17927675158
-5556.92448939033
-5556.98431306185
-5558.40907311631
-5557.12784624705
-5558.34409808348
-5557.50325128336
-5557.5152141131
-5556.98431306185
-5556.98431306185
-5557.55965779313
-5557.23182312453
-5556.90337268317
-5557.1204226054
-5556.95864020371
-5557.23264728586
-5557.07196933876
-5557.11174048292
-5558.36062535857
-5557.20627261283
-5556.98431306185
-5557.24702024462
-5558.40277127748
-5558.39094039199
-5556.98431306185
-5557.51135846995
-5557.46245540451
-5557.22502668992
-5556.92198236478
-5557.53829333816
-5556.9654072937
-5556.88965496944
-5557.11056140245
-5557.0898661364
-5557.58778513677
-5558.43156211288
-5558.43280202876
-5556.85067557341
-5557.19813585172
-5556.92194950829
-5557.42523018766
-5557.64890151333
-5556.79524479045
-5556.98431306185
-5557.5506199031
-5558.26616651299
-5557.50150895176
-5558.33532913675
-5556.86801126483
-5556.98431306185
-5558.39572550527
-5558.3796702398
-5558.43372707988
-5557.27975767568
-5557.18650151871
-5556.86733508972
-5557.44429686238
-5557.18609912898
-5557.52591731702
-5556.83933919316
-5557.56509887898
-5556.86913334608
-5557.63448888749
-5558.38027740396
-5558.30074080901
-5558.37386125539
-5557.6410003809
-5556.98431306185
-5556.93272504743
-5557.20849312204
-5558.40373154156
-5556.98431306185
-5557.5230309772
-5556.98431306185
-5558.43264674491
-5557.48876898804
-5556.98431306185
-5556.84731609733
-5556.84354537522
-5558.28142676894
-5558.25078756179
-5557.21755076254
-5556.88566720742
-5558.31984289034
