# type 1 occupying energies
-5590.83702377851
-5592.248099051
-5590.83702377851
-5592.23403641759
-5590.83702377851
-5591.0291709854
-5590.80935552766
-5590.83702377851
-5591.07654329717
-5590.83702377851
-5590.83702377851
-5592.24106268523
-5592.23524482177
-5592.20792105675
-5591.35723362651
-5590.75020448609
-5592.19281331948
-5590.75301509831
-5590.83702377851
-5590.83702377851
-5592.34834153514
-5590.94495723642
-5590.6952383848
-5592.24890020049
-5590.83702377851
-5592.26797086301
-5591.53716436284
-5590.94994068691
-5590.8586285281
-5590.73646914408
-5591.44339180652
-5590.83702377851
-5590.93915807504
-5590.94353516177
-5591.0979313744
-5590.83702377851
-5590.83702377851
-5591.08937452881
-5591.00850445056
-5591.03807524343
-5591.06294938397
-5592.32918652821
-5590.93563986079
-5590.83702377851
-5592.18263163392
-5592.26420436082
-5590.83702377851
-5592.35073627937
-5591.0238317938
-5590.83702377851
-5590.83702377851
-5590.83702377851
-5591.08754109413
-5591.1121335517
-5590.75409042652
-5590.96888133163
-5590.76237388301
-5592.14459255059
-5590.78949323479
-5590.83702377851
-5591.06035309332
-5590.83702377851
-5590.92890500852
-5590.71179658
-5590.86938574361
-5591.00124443721
-5590.83702377851
-5590.83702377851
-5590.83702377851
-5590.83702377851
-5590.72074437283
-5591.23473668682
-5592.06214282792
-5590.83702377851
-5590.71867553766
-5592.2906399154
-5591.04754173548
-5591.18719889093
-5590.89357089973
-5591.01898304141
-5591.05249164418
-5590.96753144199
-5590.83702377851
-5590.83702377851
-5591.07483208137
-5590.83702377851
-5590.83702377851
-5590.83702377851
-5590.83702377851
-5592.2279200306
-5590.76011354069
-5590.73501081669
-5591.11467137467
-5592.07230818388
-5591.33993402726
-5591.10567593091
-5591.08565921017
-5592.22678066806
-5591.03687013372
-5590.83702377851
-5590.83702377851
-5590.98598762638
-5590.83702377851
-5590.91117700981
-5590.8402876512
-5591.30928773978
-5591.44557432366
-5590.69184084451
-5591.18922920548
-5590.83702377851
-5592.20496979621
-5591.44081274706
-5591.03788244887
-5590.83702377851
-5590.77978800175
-5592.1744637904
-5591.43006069315
-5591.07954475958
-5592.31542126453
-5592.28956412003
-5592.28451367769
-5590.78418775625
-5592.2081412908
-5590.95309452683
-5590.80004429966
-5590.91369640964
-5590.96171314483
-5592.24536685797
-5590.83702377851
-5590.83702377851
-5592.29446024871
-5592.1451338713
-5590.69672220813
-5590.83702377851
-5590.83702377851
-5592.33719280846
-5590.83702377851
-5590.99578267958
-5592.23645282256
-5592.32518216896
-5590.78639362745
-5591.09513610355
-5590.79347328017
-5590.83702377851
-5591.10884394132
-5590.83702377851
-5592.13718988688
-5591.09600110427
-5591.05639337911
-5591.01171909187
-5592.14886504219
-5590.83702377851
-5592.20411342241
-5590.83702377851
-5590.94026575648
-5592.31687614004
-5590.96074753839
-5590.87461664952
-5592.28962451545
-5592.17459939836
-5590.97998110354
-5590.87591483074
-5592.28519198746
-5590.77854780515
-5590.83702377851
-5590.75034772413
-5590.83702377851
-5590.96571903387
-5590.76812874826
-5590.83702377851
-5590.81886811988
-5590.91961059054
-5590.83702377851
-5590.74806265074
-5592.19299484136
-5591.0059178838
-5590.71893598547
-5592.26115669794
-5591.04603513823
-5590.77456424621
-5590.83702377851
-5590.72268916765
-5590.83702377851
-5590.74997744562
-5592.20632071464
-5591.36855336543
-5592.17068943921
-5590.70208594922
-5592.12280368444
-5590.75681004534
-5591.28094953192
-5590.83702377851
-5592.14810642572
-5591.38003833164
-5591.06837427645
-5590.83702377851
-5590.82395362233
-5590.83702377851
-5590.83702377851
-5590.83702377851
-5590.78432168402
-5591.38110777996
-5591.31360659574
-5590.93777951666
-5590.83702377851
-5590.94222632061
-5590.83702377851
-5591.26759291582
-5590.76510141961
-5590.83702377851
-5590.83702377851
-5591.0031976004
-5590.83702377851
-5590.71542167967
-5591.33077175058
-5591.40195895791
-5591.09063202618
-5590.90031214712
-5591.02463333778
-5592.19612573324
-5590.77938224252
-5592.24833517166
-5591.33677400324
-5590.72365514953
-5590.77415176886
-5592.19845471594
-5590.74142085265
-5590.83702377851
-5590.96688830916
-5590.91063846742
-5590.99850719365
-5592.32528318366
-5591.08569760639
-5590.80774778388
-5590.83702377851
-5590.83702377851
-5590.79045543688
-5590.99522089894
-5591.26767545908
-5591.21810273182
-5590.95856256478
-5591.26154334563
-5591.24501819103
-5590.91551170814
-5590.65839976355
-5591.93369558206
-5592.2818627001
-5591.03421089468
-5590.83702377851
-5590.83702377851
-5590.83702377851
-5591.00891413621
-5592.25502753356
-5590.62091894377
-5590.75972521767
-5590.83702377851
-5590.81851208372
-5590.7208949003
-5592.23232010562
-5590.73458787202
-5591.09274039634
-5591.05725934088
-5591.15251593825
-5591.31002297079
-5590.71820871773
-5590.96171124488
-5591.29430929277
-5591.0680421031
-5591.99010735909
-5591.22212290432
-5592.11819588743
-5590.83702377851
-5590.66516228969
-5591.19562161985
-5591.39507594568
-5591.19146027094
-5592.13640184527
-5592.03008028782
-5591.14396322487
-5591.20959848009
-5590.97517349707
-5590.83702377851
-5592.19717432165
-5590.74694149118
-5590.70312597767
-5591.01022378899
-5591.41903343156
-5590.83702377851
-5590.73958986494
-5590.83702377851
-5591.07798100356
-5592.1631618659
-5591.04901421573
-5592.24877638851
-5590.83702377851
-5590.92892525675
-5590.83702377851
-5592.11331807736
-5590.68918013524
-5592.07272031593
-5590.83702377851
-5591.05444523415
-5590.83702377851
-5590.78941164256
-5590.73056531091
-5590.75568765811
-5590.70940698825
-5590.83702377851
-5590.7400274932
-5590.75541758828
-5591.21069700016
-5591.06511936537
-5591.01185095817
-5592.21408488682
-5592.12351801281
-5590.89363062161
-5590.80618711291
-5590.94295924844
-5591.24759553099
-5590.83702377851
-5591.30433245472
-5592.12906004031
-5591.35108948876
-5590.83702377851
-5590.83702377851
-5590.68617470374
-5590.80380521723
-5590.83702377851
-5592.05540553755
-5590.91131408134
-5590.83702377851
-5590.83702377851
-5592.26274848388
-5590.83702377851
-5592.3007040967
-5592.27409162828
-5591.07874471599
-5591.00854539212
-5590.73148115575
-5592.21595755838
-5590.83702377851
-5590.83702377851
-5590.71301874934
-5590.98299220217
-5590.71970131065
-5591.05064048049
-5592.24552964762
-5591.99711702821
-5591.27624037576
-5590.65036063047
-5592.05347253018
-5591.12072630843
-5591.29764183416
-5591.03952766361
-5592.14036813225
-5591.2658626793
-5590.69928298908
-5591.97171230613
-5591.2330958644
-5592.03628146173
-5591.25167210351
-5592.14776033557
-5591.14226292007
-5591.9875319469
-5590.96262969183
-5590.6337408729
-5592.00684477123
-5590.83702377851
-5590.61042744751
-5591.248929563
-5591.06042342888
-5592.25517283772
-5591.14749234658
-5592.14751244669
-5590.78925281902
-5592.20002479586
-5591.03070046885
-5590.64627870755
-5592.10145825118
-5590.72410293268
-5590.72828284308
-5591.25379927803
-5590.7377899812
-5590.79600048839
-5590.82944820239
-5590.87808796517
-5591.03950628981
-5590.83702377851
-5592.27589439839
-5590.83702377851
-5591.29762799427
-5591.15625010795
-5591.06486201156
-5590.83702377851
-5590.78374545071
-5590.83702377851
-5592.16099799214
-5590.72774344184
-5590.67109132731
-5591.40639882664
-5590.74837603105
-5590.95678928257
-5592.13169216214
-5592.28737598308
-5591.04388952462
-5592.1395148058
-5592.21050928903
-5590.83702377851
-5590.71232218436
-5591.04600582608
-5592.13272549653
-5590.88903403766
-5590.75013934835
-5590.83702377851
-5590.83702377851
-5592.18842427219
-5591.06988236461
-5590.82761509973
-5591.25004584937
-5592.07748708756
-5592.20583437341
-5590.96199505046
-5590.83702377851
-5590.74735509682
-5590.95653192328
-5590.71972380423
-5591.20076734507
-5591.21504833741
-5591.28374664059
-5591.3468547903
-5592.09147917576
-5590.74929633512
-5591.15060869265
-5591.30433142939
-5590.83702377851
-5591.00839318796
-5590.72249949991
-5590.83702377851
-5590.69469567022
-5590.83702377851
-5591.2619078563
-5591.08892281741
-5591.1923078278
-5592.23697947447
-5591.11509968837
-5591.31924755558
-5590.76752118681
-5592.20618789668
-5592.13319768586
-5592.14566512581
-5590.67541105286
-5591.11366759795
-5592.10345100399
-5592.08425529087
-5592.03858743499
-5591.0649182323
-5590.80954816564
-5590.83702377851
-5591.0388786852
-5590.63516143445
-5591.13333519581
-5591.15830426185
-5590.97897287889
-5591.26784875854
-5590.74945351928
-5590.7572220241
-5590.70619452857
-5590.65801926064
-5592.1388313539
-5591.15520692195
-5592.25157466386
-5591.1340188008
-5591.03873223159
-5590.61601455797
-5591.10260624546
-5591.11667217399
-5592.12124314857
-5590.69027046111
-5591.19422945607
-5591.08567119978
-5591.16915545427
-5591.09609429945
-5591.00750463476
-5591.32192991099
-5591.10001117246
-5591.04502018416
-5592.04323186132
-5592.04565077166
-5592.1250522695
-5591.05268992661
-5590.99995836599
-5591.11762161885
-5591.14058569464
-5590.96979420794
-5591.09226744881
-5591.94313839818
-5592.1103609761
-5591.23296007775
-5591.14828375849
-5591.13722421295
-5590.63633496059
-5591.07375522922
-5591.18090396987
-5591.06048922745
-5591.06225484945
-5591.10604537515
-5591.06564757799
-5590.61814915877
-5591.26303291238
-5591.10046478239
-5591.1239427644
-5592.07401072297
-5590.83702377851
-5592.14509907961
-5590.83702377851
-5592.13512416704
-5590.68433943399
-5591.2762219542
-5591.10244787452
-5591.01266138509
-5590.66014256285
-5591.14999627547
-5591.17990091476
-5592.04512798946
-5591.12962152986
-5591.16938687331
-5592.15878132029
-5591.01008267346
-5591.11747140704
-5591.19196314794
-5591.18228650577
-5590.94218946703
-5592.10773580327
-5591.10687595455
-5591.98906139635
-5591.12644050394
-5591.0506031753
-5591.09336646318
-5591.87887865502
-5591.27928705326
-5591.18861563606
-5591.25755531842
-5592.1844060021
-5592.01241267002
-5590.72925654313
-5591.14763114087
-5592.18116445308
-5590.918430701
-5591.02274686342
-5590.83246646013
-5590.71842580084
-5590.82154572845
-5590.83702377851
-5590.97856611864
-5590.83702377851
-5591.07202440981
-5591.42395378037
-5592.2439003082
-5591.18081969662
-5590.82206006704
-5590.74508104255
-5590.71104199873
-5590.99805368932
-5592.22426032422
-5592.13013921484
-5590.83702377851
-5590.83702377851
-5590.83702377851
-5590.80604770349
-5590.97928806397
-5592.12187574204
-5592.35274611038
-5590.83702377851
-5591.05107416247
-5590.7764883883
-5591.08670057459
-5590.89598608826
-5590.97239268692
-5591.10553866447
-5590.83702377851
-5591.03756745744
-5592.24770574868
-5592.13433280161
-5591.01523241049
-5590.7981176996
-5590.83702377851
-5592.22470811827
-5592.08430635724
-5590.67939542477
-5591.3575317676
-5590.83702377851
-5592.07266779794
-5591.47451678288
-5592.16827451431
-5591.00984968466
-5592.21111817947
-5590.82011990839
-5590.83702377851
-5591.2439941539
-5590.77915909176
-5590.83702377851
-5591.3344228889
-5591.37027586507
-5592.13850033952
-5592.16333270797
-5590.74921566959
-5590.79952856583
-5590.73945962751
-5590.83702377851
-5590.66145092199
-5591.19397017128
-5591.14205929887
-5590.83702377851
-5591.21584876186
-5590.6187929479
-5591.05897881176
-5592.11273803166
-5590.86382639617
-5592.09855489737
-5590.94616517976
-5592.05692528217
-5592.2024125115
-5591.19628920618
-5590.83702377851
-5590.83702377851
-5591.0642339391
-5591.97985532644
-5591.13063899106
-5591.0722588621
-5592.14969930727
-5590.83702377851
-5590.73681247967
-5590.83702377851
-5590.83702377851
-5591.29207337322
-5590.61650728718
-5591.16103545506
-5592.08379346678
-5591.19232400549
-5590.66661698179
-5592.02794323792
-5591.32676534793
-5590.6238915783
-5590.71165884798
-5590.83702377851
-5590.61634471098
-5592.11064821901
-5590.90331887427
-5590.83702377851
-5590.99522200585
-5590.7083774181
-5591.18129844751
-5590.66526742012
-5591.22813344037
-5590.83702377851
-5591.39787728038
-5591.15091083362
-5590.58085786938
-5590.68737387285
-5592.23413262707
-5592.05412624172
-5591.43204580985
-5591.07645933117
-5591.30308105529
-5590.68659945707
-5590.83702377851
-5590.62955123179
-5590.65013383176
-5591.29506567619
-5591.08125164979
-5592.12777397283
-5591.06377007599
-5592.15450547389
-5591.3972616277
-5592.22269840575
-5590.83702377851
-5591.00805940627
-5591.44443900866
-5592.14676425099
-5590.83702377851
-5590.6314107186
-5591.34438671639
-5592.16403156194
-5591.09977426877
-5591.2057657628
-5590.71192418653
-5591.07151381367
-5590.9951733819
-5590.74446913816
-5590.97526901077
-5591.02384083563
-5590.83702377851
-5590.83702377851
-5590.96001208826
-5590.74995890596
-5592.15601871804
-5590.83702377851
-5590.83702377851
-5590.77242395933
-5590.90749455853
-5590.83702377851
-5591.02823026343
-5590.83702377851
-5590.95911016939
-5591.00802865691
-5591.0608155887
-5590.98021793584
-5590.97639408622
-5590.85268096019
-5590.95422772347
-5590.93491935716
-5590.76844595678
-5590.83702377851
-5590.83702377851
-5591.04356109307
-5590.83702377851
-5590.79785643601
-5591.01326413084
-5592.2935604352
-5590.83702377851
-5590.83702377851
-5590.98226599998
-5590.71517521986
-5591.01175746712
-5592.19322292442
-5590.83702377851
-5590.83702377851
-5590.83702377851
-5590.93226304421
-5591.08909411279
-5590.71206846946
-5590.93169938731
-5590.78929395931
-5590.83702377851
-5590.83702377851
-5590.83702377851
-5590.83702377851
-5590.83083672031
-5590.83702377851
-5590.89737911267
-5590.83702377851
-5592.18222026775
-5590.94053532976
-5590.92349098049
-5590.91219726765
-5590.83702377851
-5590.83702377851
-5590.92869704795
-5590.83702377851
-5592.17357296761
-5591.40080218843
-5592.15880598869
-5590.7865028177
-5590.90606117629
-5591.02709956235
-5590.78908998437
-5590.83702377851
-5590.94935288896
-5590.9264387299
-5590.94472502799
-5590.83702377851
-5590.7261584241
-5591.07905461403
-5591.05903942071
-5590.96194487773
-5590.96698987893
-5590.81546757768
-5590.77386087617
-5592.15008935122
-5590.83702377851
-5590.84196949681
-5590.8084426714
-5590.83702377851
-5590.83702377851
-5590.71203911947
-5591.52962554907
-5591.02404238049
-5590.83702377851
-5590.9791162473
-5590.9316395014
-5591.53042892308
-5590.7816184029
-5590.80039409503
-5590.99933557467
-5590.78616989723
-5590.90156225855
-5590.87241673898
-5590.9991617649
-5592.18449501442
-5591.04861288655
-5592.22032557601
-5590.75577448514
-5590.83702377851
-5590.83702377851
-5590.96462679805
-5590.83702377851
-5590.83702377851
-5592.21746184054
-5590.83702377851
-5590.78090532805
-5590.83702377851
-5590.83702377851
-5590.9398293852
-5590.83702377851
-5590.77100369805
-5590.83702377851
-5590.83234053785
-5590.90987341792
-5590.87913923289
-5590.97146939208
-5590.92767049749
-5590.83702377851
-5590.73985927856
-5590.83702377851
-5592.14461283558
-5590.83702377851
-5590.90778805472
-5592.18486309888
-5590.96666409362
-5590.83702377851
-5590.83702377851
-5590.86734083104
-5591.0323623091
-5590.83702377851
-5590.9232890467
-5590.83702377851
-5590.89952877053
-5590.83702377851
-5590.83702377851
-5590.94057064899
-5590.83702377851
-5592.21797455675
-5590.83702377851
-5590.87410323446
-5590.83702377851
-5590.75088238944
-5590.83702377851
-5590.78047737484
-5590.80496757765
-5592.34597965479
-5590.83702377851
-5590.83702377851
-5592.12974945443
-5590.94911736435
-5590.83702377851
-5592.28930112979
-5590.91441656404
-5590.7219391079
-5590.9272679049
-5590.83702377851
-5590.81009636559
-5590.84250873809
-5590.83702377851
-5590.84966848205
-5592.25745091783
-5591.35479155801
-5590.67761857126
-5590.77841149556
-5590.83702377851
-5592.14534372663
-5590.96748426714
-5590.93939972335
-5590.83702377851
-5590.83702377851
-5590.98190307288
-5590.97419058418
-5590.98926404889
-5590.83702377851
-5590.99853353687
-5592.3083001648
-5590.83702377851
-5590.98096132991
-5590.75725260896
-5590.96612618702
-5590.8828333249
-5590.83702377851
-5590.83702377851
-5590.83702377851
-5590.83702377851
-5590.71667576447
-5590.96208683386
-5590.77429467541
-5590.94895279145
-5590.83702377851
-5590.91110218361
-5592.20116632244
-5590.79213767107
-5590.79710651313
-5590.83702377851
-5590.76047968663
-5590.97538151389
-5591.03249143671
-5592.18645301746
-5590.83702377851
-5590.83702377851
-5592.0998158084
-5592.35861523222
-5590.83702377851
-5591.07678602118
-5592.23643540029
-5591.327413694
-5590.65158901579
-5590.91684534869
-5590.83702377851
-5590.88080214597
-5590.94421986374
-5590.83702377851
-5590.83702377851
-5590.8725746698
-5590.83702377851
-5590.6472452678
-5590.94572139651
-5590.83702377851
-5590.83702377851
-5590.83702377851
-5590.83702377851
-5592.32159753516
-5590.83702377851
-5591.04775069549
-5590.81482193435
-5590.99840904346
-5592.22196705716
-5591.37194629064
-5591.12328634994
-5590.69517364292
-5590.88949926079
-5590.83702377851
-5590.83702377851
-5590.96301260757
-5590.90246585816
-5590.96945620253
-5590.78478522403
-5590.83702377851
-5592.22673359343
-5590.95688858594
-5591.08170011217
-5590.79736324067
-5590.79472374684
-5592.2156703658
-5590.72940647777
-5591.39184296606
-5590.83702377851
-5592.28131211075
-5591.0969420354
-5590.83702377851
-5590.75428268103
-5590.83702377851
-5590.77523378934
-5590.83702377851
-5590.83702377851
-5590.92513876167
-5592.16741659633
-5590.75378155192
-5590.83702377851
-5592.21198788134
-5590.78916431091
-5590.83702377851
-5590.88204168328
-5590.83702377851
-5590.83702377851
-5591.04835928975
-5590.78364122397
-5591.34361094231
-5590.83702377851
-5591.01223896138
-5592.24103437059
-5592.33439416388
-5590.83702377851
-5590.94743135099
-5592.21935620271
-5590.83702377851
-5591.38987591735
-5590.92885446912
-5590.93398772637
-5590.9055246047
-5590.83702377851
-5590.99422413473
-5590.92525255602
-5590.83702377851
-5590.83702377851
-5591.16412754468
-5590.83702377851
-5591.05371910591
-5590.98087273639
-5591.04102560013
-5590.83987053447
-5592.16279155365
-5591.11224014301
-5590.75070782835
-5590.83702377851
-5590.83702377851
-5590.83702377851
-5592.2274723602
-5591.3402144506
-5591.94943916857
-5592.23831135034
-5590.70271477346
-5590.75396430827
-5592.25970369359
-5591.28547966749
-5590.83702377851
-5592.16591463402
-5592.3065137592
-5591.26314986639
-5591.15120635398
-5590.61582051249
-5591.25698725053
-5590.68278108397
-5592.16450523735
-5590.83702377851
-5590.96728044787
-5591.33616710285
-5590.83702377851
-5590.72547656468
-5590.83702377851
-5590.72418732335
-5590.80301618343
-5590.69359626272
-5591.34916137426
-5592.22164880121
-5591.32018196666
-5591.01945798457
-5590.73900200177
-5592.06539655538
-5591.28620476984
-5592.04882642843
-5592.15952694648
-5590.68897681898
-5591.0042969982
-5592.17084123092
-5590.83702377851
-5591.03539029347
-5592.07327700302
-5590.74846456457
-5590.83702377851
-5591.25621961268
-5591.08995634084
-5590.70380644932
-5590.69716003135
-5591.12515058517
-5590.74543347615
-5591.95665260627
-5591.08567095829
-5590.99747275609
-5591.11054026392
-5591.88909715123
-5591.06212408862
-5591.05368417111
-5592.01775421829
-5591.03193127119
-5591.13815426893
-5591.10194677177
-5590.97634131896
-5591.08246382639
-5591.04256878403
-5591.07357007846
-5590.84000257188
-5592.28769927108
-5591.09151954237
-5591.06656978458
-5590.7040350994
-5590.83702377851
-5590.74883337146
-5592.18431247366
-5590.68048396829
-5592.0694987824
-5590.83702377851
-5591.26019459699
-5591.04133563211
-5590.70070315303
-5592.11502210876
-5591.14930572507
-5590.77856045995
-5590.70661442861
-5590.68113994018
-5591.05558698166
-5590.7173941495
-5591.28897359495
-5591.15807082768
-5591.11861011014
-5591.1532588815
-5591.00347860458
-5591.15579285187
-5591.94461356706
-5591.13721158342
-5591.33755604341
-5592.16372755008
-5592.08870292948
-5590.93333638682
-5590.76902947128
-5591.04446163294
-5590.80317230884
-5591.11863808419
-5590.65381602988
-5590.72897798548
-5590.83702377851
-5590.72017757409
-5592.09874319414
-5590.95015508229
-5590.96784063108
-5590.80611277579
-5590.83702377851
-5590.83702377851
-5592.1170833305
-5590.83702377851
-5590.78866536331
-5591.22140271091
-5591.22659328941
-5590.83702377851
-5592.20794277934
-5592.25008301878
-5590.64302798709
-5591.35260460548
-5590.68439807841
-5590.78413739121
-5591.02717100502
-5590.74206593429
-5590.66658060129
-5592.19961718657
-5592.26807508926
-5590.99331019948
-5590.93311965539
-5592.1413533412
-5590.98384265077
-5590.83702377851
-5590.83702377851
-5590.83702377851
-5590.94950147252
-5592.33626308468
-5590.79801910816
-5591.19447462543
-5590.71589126276
-5592.18591898397
-5590.83702377851
-5591.03478034935
-5590.83702377851
-5590.82721374311
-5591.2194028993
-5590.74231224154
-5590.81840549122
-5590.92210717872
-5590.6630792047
-5592.27321170676
-5591.3058263899
-5591.08118884313
-5590.78724457565
-5590.9945731012
-5590.78641672785
-5591.14790023328
-5591.99952294681
-5591.26691752888
-5592.15715559039
-5590.70133948408
-5590.72331392475
-5591.09828007564
-5591.02150540905
-5590.87462077058
-5590.8149208731
-5590.99760510908
-5590.83015260489
-5590.80900009913
-5590.83702377851
-5591.2474096544
-5590.99241567157
-5590.83702377851
-5590.83702377851
-5590.96068311986
-5590.83702377851
-5592.1539237887
-5591.15401146829
-5591.27310677375
-5592.07335984877
-5592.04657910707
-5590.65181630145
-5592.0532486382
-5590.71389987423
-5591.1879359254
-5590.74659920115
-5590.72083001432
-5590.75156401706
-5590.83702377851
-5592.07567139197
-5590.97995955197
-5590.62461517877
-5591.13472281782
-5591.21687795861
-5591.98844037065
-5592.12152068106
-5591.15928176134
-5591.11454915683
-5591.19064580239
-5591.18312056996
-5592.05439061258
-5591.19136860338
-5590.63198509264
-5591.28999854268
-5590.83702377851
-5590.83702377851
-5591.19678992076
-5592.10078769087
-5591.06221066015
-5591.1386399844
-5592.1560409618
-5591.30552809443
-5591.07424242011
-5591.10926333923
-5591.13236904468
-5591.10687764285
-5591.14839980185
-5591.95820543111
-5592.00677154361
-5590.59206489727
-5591.05599448451
-5591.09354067762
-5592.03899513449
-5591.22316597262
-5590.64082077984
-5591.19263258883
-5591.06110876051
-5591.16285499341
-5592.12696403406
-5592.04757163527
-5590.65690054155
-5592.06167913442
-5592.03518994569
-5591.0491237038
-5591.18232439803
-5591.12469136703
-5592.01581602787
-5591.12394049611
-5591.0929382121
-5591.0443019368
-5590.71600800657
-5592.13467767185
-5591.98729666869
-5591.37528836332
-5592.25033048943
-5590.76391664754
-5592.26226337196
-5591.33943354887
-5591.09701235152
-5592.24954412477
-5591.22238268497
-5591.0007747405
-5592.14372121954
-5592.17581260353
-5592.13150675814
-5591.98917527741
-5591.22576257502
-5591.07287839055
-5591.10116456966
-5591.15418810298
-5591.925142539
-5590.94803062943
-5592.15335550315
-5590.68612022109
-5591.01187400868
-5590.73310859468
-5590.83702377851
-5592.2274485632
-5591.26369075298
-5590.60554295616
-5592.18453749973
-5591.15345287748
-5590.83702377851
-5591.24837777841
-5592.12607782376
-5590.66140572226
-5592.20986881938
-5592.15455905839
-5591.19717635869
-5592.25132715355
-5591.12835244212
-5591.27460990868
-5591.02355816811
-5590.83702377851
-5590.97963710718
-5590.78154801979
-5590.77242121877
-5590.83702377851
-5590.69399844637
-5592.19186272512
-5592.30409835605
-5590.96822316519
-5591.19224832884
-5590.83702377851
-5591.30111995667
-5590.75292168098
-5592.17143175858
-5590.83702377851
-5591.05330268811
-5590.83702377851
-5592.00641044019
-5590.71959681073
-5592.07926145543
-5590.83702377851
-5591.08564258294
-5591.11060231512
-5590.76996671607
-5592.15638224845
-5590.91469737341
-5591.00541738214
-5591.17678444848
-5590.9879429269
-5590.83702377851
-5592.34630335235
-5590.83702377851
-5590.92130914031
-5590.83702377851
-5591.19855754803
-5590.83702377851
-5590.83702377851
-5590.83702377851
-5591.00659984527
-5590.72904900683
-5590.83702377851
-5592.10153972036
-5592.1495094803
-5591.39082353568
-5590.83702377851
-5590.84524473207
-5590.97216224457
-5590.98316388139
-5590.99539340051
-5592.16431939068
-5590.83702377851
-5590.81560926323
-5590.83702377851
-5590.81688837794
-5590.73998707866
-5591.27231020191
-5592.1818317854
-5590.77959718399
-5590.98223630577
-5590.78207494112
-5590.72332797178
-5590.95360888608
-5590.78727933602
-5590.83702377851
-5590.83702377851
-5590.83702377851
-5592.21782478932
-5590.6614333396
-5590.69589206462
-5592.06145463144
-5592.23662809061
-5590.83702377851
-5591.97615114512
-5590.97759222531
-5592.24420935334
-5590.75567053197
-5591.1430010148
-5592.14559311955
-5590.57867087304
-5591.25085234794
-5590.63024222485
-5591.34868584617
-5590.62081136318
-5592.05358052876
-5591.12915006507
-5591.1970861894
-5592.17253489033
-5591.23330407533
-5591.15403947295
-5590.71246592098
-5590.83702377851
-5592.18158844748
-5590.97190427996
-5591.28365747664
-5590.83702377851
-5590.70786952233
-5592.19143177828
