# type 2 occupying energies
-5558.8832832372
-5560.32660103013
-5560.3947066395
-5560.43481280508
-5558.83887701189
-5560.19984215146
-5560.367465725
-5558.83887701189
-5559.56397186766
-5558.98896797052
-5558.87174144736
-5558.83887701189
-5559.06575924093
-5559.07149823171
-5560.47560485254
-5560.40722712555
-5559.27415875819
-5559.48892900003
-5558.83887701189
-5560.24820071253
-5558.87853505314
-5559.49097221417
-5558.85999492203
-5558.91569234876
-5558.83887701189
-5558.85105199239
-5558.87424265713
-5558.83887701189
-5559.44863573962
-5560.31707434712
-5559.01226529707
-5559.45003168477
-5558.90440863301
-5559.06010042983
-5559.0850574308
-5560.25815651608
-5559.5285581893
-5559.06717859457
-5560.31597844303
-5559.53719497558
-5559.06014494745
-5560.50109556476
-5559.43526937847
-5560.12647547278
-5558.83887701189
-5559.02679538225
-5558.83887701189
-5558.83887701189
-5559.41628744262
-5559.27022356601
-5558.83887701189
-5559.04151068256
-5560.55700543968
-5560.38350136582
-5558.87010411705
-5559.52677966949
-5559.50076276243
-5559.43320425002
-5559.2158175094
-5558.83887701189
-5559.59650851695
-5558.94354776586
-5559.00795871265
-5560.35497939025
-5558.83887701189
-5559.25281660186
-5558.8575089531
-5559.03916520236
-5559.54017634937
-5558.83887701189
-5559.0918609008
-5558.83887701189
-5559.43663295918
-5559.44322341641
-5559.3949592403
-5559.45282214941
-5559.19200034806
-5559.1999365367
-5560.45599458119
-5560.54311011231
-5560.39461380291
-5558.83887701189
-5560.45257241672
-5560.33254900118
-5559.21001789962
-5559.5474133688
-5558.91442293629
-5560.32250971976
-5558.83887701189
-5558.85821490441
-5558.83887701189
-5560.34868581775
-5560.21159669078
-5558.9355447764
-5560.2156096884
-5558.83887701189
-5559.43895297351
-5559.36965132543
-5558.8948722852
-5559.22244055485
-5559.45843814337
-5559.09269225396
-5558.90766298607
-5559.00500543719
-5558.92929602632
-5558.83887701189
-5558.83887701189
-5558.83887701189
-5558.83887701189
-5558.83887701189
-5559.43730300994
-5558.83887701189
-5559.19411338413
-5559.17805197734
-5558.88756251038
-5559.13228290011
-5558.83887701189
-5559.44650692013
-5560.12133786023
-5559.49439112297
-5558.83887701189
-5560.27031866496
-5559.20924253456
-5558.83887701189
-5559.49830096776
-5560.43222949744
-5560.29567095296
-5559.46774723765
-5560.43707407606
-5558.83887701189
-5560.30220164643
-5558.83887701189
-5560.28878978552
-5560.37393982515
-5559.13642353145
-5558.85823107352
-5559.19528799344
-5559.15623806219
-5559.04493903851
-5558.85896228351
-5558.83887701189
-5559.03004149143
-5558.95358482154
-5559.3981592762
-5559.45204634798
-5559.55362669274
-5558.83887701189
-5558.9396664685
-5560.38664646424
-5558.83887701189
-5558.83887701189
-5560.28454942556
-5559.61652084074
-5559.25742224764
-5559.44222803348
-5558.9522092134
-5558.83887701189
-5558.83887701189
-5559.16517187371
-5559.09722309992
-5559.50993389093
-5560.29937837026
-5558.97318649317
-5558.83887701189
-5560.28559313305
-5558.91625894709
-5559.08944489089
-5560.45291442119
-5559.5373298238
-5559.44494186216
-5558.99308733881
-5559.11338889192
-5558.89011035041
-5558.97373262403
-5559.19239203854
-5558.83871729931
-5560.28553226701
-5558.82595932786
-5559.57100222407
-5559.16220972409
-5558.83887701189
-5558.85433000456
-5560.28551091819
-5559.16046143353
-5558.92302114794
-5558.99430627192
-5558.83887701189
-5559.08301971237
-5559.11874145302
-5560.38304044992
-5558.82474808099
-5560.31008550304
-5559.05084299673
-5558.83887701189
-5559.08547917675
-5558.88068614744
-5560.36549987005
-5558.83887701189
-5559.2404058763
-5560.26759506435
-5559.18916185821
-5560.22416556003
-5559.50538533675
-5558.83887701189
-5559.01138678718
-5558.83887701189
-5558.84227454657
-5559.12968875782
-5559.04934402287
-5559.03801681988
-5559.44135500381
-5559.36874335928
-5559.41601431252
-5558.83887701189
-5559.49537482722
-5558.85288334943
-5558.84448316328
-5559.49405986068
-5559.36538843574
-5558.83887701189
-5560.21483793342
-5558.83887701189
-5560.11708290923
-5558.8388770119
-5559.31194032969
-5559.07986118092
-5559.06772447005
-5559.22141833915
-5558.84221261567
-5560.20989481511
-5558.8984990732
-5559.299476443
-5559.39817682974
-5559.30989154972
-5558.83887701189
-5559.00622748847
-5558.83887701189
-5558.8626949545
-5558.83887701189
-5558.83887701189
-5560.07813473256
-5558.83887701189
-5558.83887701189
-5560.07760355913
-5559.15630278703
-5558.86622038429
-5559.13761345166
-5560.17580233314
-5558.96299448383
-5558.83887701189
-5559.48468292488
-5559.51482075268
-5559.26269339233
-5559.00467270831
-5558.83887701189
-5558.89504731354
-5558.94090584329
-5558.94914472915
-5559.16402765453
-5558.83887701189
-5558.83547128041
-5558.83887701189
-5560.20996943795
-5560.3605390317
-5558.94782402482
-5559.12474444622
-5559.12669577778
-5558.83887701189
-5558.98046241038
-5558.83887701189
-5559.0377203377
-5558.83887701189
-5559.11667012855
-5558.95928506998
-5560.2341151558
-5559.53458036353
-5559.55524849815
-5559.44760638649
-5559.49920336403
-5560.36230007935
-5559.06630488048
-5560.30597653135
-5559.02634756196
-5560.34053088813
-5559.56172106184
-5559.45452911257
-5559.10495840745
-5560.2999668025
-5558.83887701189
-5559.2402584534
-5559.40157057427
-5558.94465072447
-5559.47343429563
-5559.48669879849
-5558.83887701189
-5559.13519012076
-5558.83887701189
-5558.83887701189
-5560.44813294761
-5560.46548737873
-5558.99886397259
-5559.55226563798
-5560.39633496049
-5558.88604577994
-5559.1052933414
-5559.54474072819
-5559.57947112646
-5559.1871979535
-5558.95246893373
-5558.83887701189
-5560.27756660353
-5559.14641125272
-5559.13494095926
-5558.92835503433
-5558.84068243977
-5559.0649230835
-5559.26305925888
-5559.13137787393
-5559.13619059613
-5559.06543473319
-5558.90332824567
-5558.85185433637
-5559.4928194822
-5558.83887701189
-5559.54082886444
-5559.22606856525
-5559.09678743589
-5558.83887701189
-5558.89140135372
-5558.93384564841
-5558.98118869911
-5558.83887701189
-5558.90552357838
-5558.89133830258
-5559.52967157248
-5560.23708576742
-5560.2383552107
-5559.42432595367
-5560.15196295452
-5559.43945354297
-5558.98857945501
-5559.06537678017
-5560.28333210039
-5559.00051943282
-5559.36324402118
-5560.27823148952
-5560.2637805952
-5558.88978282471
-5558.86402463442
-5559.42554543319
-5559.46910259311
-5559.0872675761
-5559.4847495844
-5559.28248562691
-5558.9441591915
-5560.23013469345
-5558.92064035381
-5558.83887701189
-5559.19219173161
-5559.41416532143
-5558.83887701189
-5560.32441747446
-5558.95307552809
-5558.8967820044
-5560.15747785732
-5560.28439508924
-5558.87641007415
-5558.97866267002
-5558.83887701189
-5559.0158533524
-5559.41975938932
-5559.43453736851
-5560.48065338939
-5559.44857532195
-5559.32328553931
-5558.83887701189
-5560.18567104161
-5558.83887701189
-5560.4573799819
-5560.30828181904
-5558.98566364884
-5558.93737791589
-5559.09789189474
-5558.86141317483
-5559.53656923392
-5558.91625038162
-5558.98791400461
-5558.88210111685
-5558.89289603836
-5559.06303627822
-5558.83887701189
-5559.04236511316
-5559.06279340394
-5558.83887701189
-5559.48253892611
-5559.05049684888
-5558.91959911066
-5559.08516898198
-5558.83887701189
-5558.83887701189
-5560.35930361876
-5558.95010494647
-5560.2298882589
-5560.27549794464
-5559.49528187449
-5559.49319653071
-5560.3946645821
-5559.43647045951
-5558.99907771639
-5559.37436115678
-5560.2668491006
-5559.06924832619
-5559.09227338894
-5558.91268002819
-5558.86790885526
-5558.9030295562
-5559.1240734844
-5558.84787825718
-5559.02930843332
-5559.07749686217
-5558.83887701189
-5558.83887701189
-5559.41373964905
-5558.83887701189
-5558.83887701189
-5559.46661897425
-5559.49627031952
-5558.83887701189
-5559.20251307324
-5559.3672854087
-5559.4173193976
-5558.89219751672
-5560.2676456568
-5558.91789583905
-5559.49765671311
-5558.83887701189
-5559.42571037363
-5558.89680749911
-5559.40150136566
-5558.83887701189
-5558.83887701189
-5560.20861664177
-5559.11638367884
-5560.43653371613
-5558.83887701189
-5559.07057445509
-5558.8890828966
-5559.09069913032
-5558.83887701189
-5560.20838813972
-5559.42499442614
-5558.83887701189
-5558.83887701189
-5559.40476144772
-5559.1196412693
-5558.90889220244
-5560.08486596837
-5558.97296765124
-5559.39245840552
-5560.45505359831
-5559.42347992782
-5560.19920324822
-5558.94976589261
-5559.43182854288
-5558.83887701189
-5560.11970110829
-5559.45114834445
-5558.99800533919
-5559.44009392284
-5558.83887701189
-5558.99647713231
-5559.41431348454
-5558.83887701189
-5560.14963225534
-5558.83887701189
-5558.83887701189
-5558.83887701189
-5558.94851686635
-5560.26515033571
-5560.32884457885
-5559.44155925669
-5559.00014157239
-5560.19739884132
-5558.88179231976
-5560.11785382091
-5558.83887701189
-5559.03981049701
-5558.83887701189
-5558.88025500151
-5558.91836427695
-5558.83887701189
-5558.8762313698
-5558.87742209586
-5558.88281933632
-5560.24307366489
-5558.83887701189
-5559.35201702483
-5560.30488924908
-5558.90477354694
-5558.91416656244
-5559.01944628304
-5558.83887701189
-5558.83887701189
-5558.83887701189
-5558.92405253904
-5558.86089699404
-5559.05572044369
-5560.27056945963
-5558.83887701189
-5560.42360282678
-5558.83887701189
-5559.49989830128
-5558.83887701189
-5559.41497417017
-5558.83887701189
-5558.83887701189
-5560.30651396261
-5559.0928016404
-5559.04314125778
-5559.4444060199
-5558.90751621664
-5558.89397958752
-5560.12000995483
-5559.44094703354
-5559.39144502962
-5559.47321258669
-5559.34525877247
-5560.35675486285
-5559.46799128713
-5559.36999395805
-5559.19603399422
-5559.42081940288
-5560.03198311505
-5558.83887701189
-5558.97635310699
-5558.97174882144
-5560.44598177079
-5558.83887701189
-5559.26647631692
-5558.83887701189
-5558.83887701189
-5558.93574251659
-5558.83887701189
-5558.88563796339
-5558.83887701189
-5559.09005322707
-5559.35197111621
-5558.83887701189
-5558.83887701189
-5559.36844916648
-5559.45618281541
-5560.37282143209
-5558.83887701189
-5560.29677876951
-5558.85135893724
-5558.86942896952
-5558.85956305024
-5559.08558620927
-5558.89194750569
-5559.0209840514
-5559.14340839174
-5559.00287512603
-5558.83887701189
-5558.83887701189
-5560.1622434507
-5559.47285172399
-5558.83887701189
-5559.40633913594
-5559.36537897798
-5559.45895701711
-5559.40280998529
-5559.38853645631
-5559.11677752792
-5558.8388770119
-5559.08355081693
-5558.83887701189
-5559.49792588073
-5558.88194492306
-5558.83887701189
-5559.01273951499
-5558.90846818692
-5558.83887701189
-5558.9202583901
-5559.44637706983
-5559.01626359104
-5558.8772912321
-5559.01831047916
-5559.01054592536
-5558.88048944876
-5558.90262634259
-5558.83887701189
-5560.24810428532
-5559.08785265839
-5558.82642151681
-5558.86890223182
-5559.01303466552
-5558.88020758988
-5558.98903408115
-5559.50810813673
-5558.84579315303
-5559.03844788043
-5559.48483674208
-5559.14860278743
-5560.24246837835
-5558.83887701189
-5559.51262317079
-5560.3501158864
-5558.83887701189
-5558.83887701189
-5558.91806845797
-5559.43767713084
-5558.92718063802
-5559.49425764077
-5560.31999186931
-5558.83887701189
-5560.36176860963
-5559.30804734312
-5560.45627980718
-5560.24127640521
-5559.43433765092
-5560.30912497028
-5559.14295769252
-5558.83887701189
-5559.49182985696
-5559.40604791968
-5558.93372921851
-5559.15247720781
-5559.54670580811
-5558.92741701794
-5559.42814696113
-5560.39305495504
-5560.36662691982
-5560.44965577197
-5559.5327742171
-5558.83887701189
-5559.4141861322
-5559.05897722773
-5559.5332951382
-5559.19209822289
-5560.34478737942
-5559.27160513675
-5558.83887701189
-5560.35991071586
-5559.23243271549
-5558.83887701189
-5558.83887701189
-5559.36754642841
-5560.34775040234
-5560.31624615097
-5560.26288142551
-5558.93242604013
-5559.47170971908
-5560.23522227037
-5559.40312232873
-5558.93366218307
-5559.11794009217
-5559.11614171273
-5559.40981496744
-5558.83887701189
-5559.18378585268
-5558.88288146213
-5558.83887701189
-5558.83887701189
-5558.83887701189
-5559.19131135776
-5559.43967688248
-5558.83887701189
-5560.32451928669
-5559.4917664816
-5560.24357963451
-5558.83887701189
-5559.50678646952
-5559.40309635051
-5558.87430147643
-5559.12207668469
-5558.8516668835
-5559.1276091871
-5559.50526129096
-5558.92419750038
-5560.31920566862
-5558.87922043699
-5559.10021803163
-5560.31434378092
-5559.12529661585
-5558.96490665262
-5559.08267151887
-5558.83797742179
-5558.96416255058
-5558.83887701189
-5558.83887701189
-5559.50537565228
-5560.27163904545
-5558.97184567472
-5559.44712526623
-5558.93307641122
-5560.24120882379
-5559.43058680699
-5558.8388770119
-5558.83887701189
-5559.44360513177
-5560.11010619686
-5559.52950804337
-5558.91894353808
-5558.92476443172
-5560.24294714553
-5558.83887701189
-5559.35251837176
-5559.4315838764
-5559.19132231177
-5558.83887701189
-5558.99869662571
-5560.37823936721
-5560.48442948529
-5560.520016932
-5559.11699472706
-5558.94212520743
-5558.87074395782
-5558.83887701189
-5558.83887701189
-5558.83887701189
-5558.9739729393
-5559.06114831655
-5558.88511734686
-5558.80877654073
-5558.83887701189
-5559.37989163008
-5560.29591537111
-5559.50999106527
-5558.88301464458
-5559.18382610507
-5560.34230322914
-5558.91225316994
-5559.0835954699
-5559.09767454523
-5558.83929324627
-5559.2232261333
-5558.92864157092
-5559.52638971477
-5560.42102804799
-5559.46930240902
-5558.83887701189
-5560.35324390263
-5559.46935519035
-5560.22764841421
-5559.4071408299
-5558.83887701189
-5558.83887701189
-5558.95572063393
-5558.98473461543
-5559.00644376575
-5559.03050682329
-5558.9598985566
-5558.87564567215
-5558.92419578302
-5558.90614819174
-5558.9395620887
-5558.83887701189
-5558.83887701189
-5560.17366310273
-5560.37033533037
-5558.91802538666
-5558.83887701189
-5559.09109450059
-5559.54819812313
-5558.89018565577
-5560.42811467819
-5558.91505209316
-5558.91472730794
-5560.27211646066
-5558.83887701189
-5559.40472224663
-5558.90657599075
-5558.87959236505
-5558.912597376
-5558.87819767347
-5558.93499446357
-5560.38336976247
-5558.83887701189
-5558.88509621257
-5559.52537307318
-5560.19088867659
-5558.89773990053
-5558.89743638227
-5559.42227569389
-5558.83887701189
-5559.49480850036
-5558.90024670274
-5560.26926610794
-5558.86077170312
-5559.52868974096
-5559.07472334131
-5558.86361879813
-5558.83887701189
-5558.92981319019
-5558.8432925632
-5558.83887701189
-5559.13998555507
-5558.83887701189
-5560.21064631745
-5558.83887701189
-5558.83887701189
-5559.08037261488
-5559.50596937195
-5560.41684317413
-5558.94667455021
-5559.01979784193
-5558.95583897163
-5560.34999149162
-5558.83887701189
-5559.15998264543
-5559.20241316151
-5559.48740259879
-5558.96916769123
-5559.60818607754
-5558.9156481421
-5558.8435788808
-5560.37732902219
-5558.83887701189
-5559.1073875322
-5560.11147827318
-5559.46252827329
-5559.51627686619
-5558.83887701189
-5558.83222349445
-5558.90264178789
-5559.03086375859
-5560.46951931988
-5559.23663521525
-5559.02254604805
-5560.3536352924
-5559.45178092091
-5559.23454165819
-5560.26946255295
-5559.12071512766
-5560.47261395142
-5559.13281238083
-5558.83887701189
-5558.92513792317
-5559.46119733753
-5560.31180146373
-5560.32856366368
-5560.28527293304
-5559.57379747979
-5559.08398804767
-5558.8958825156
-5559.06633222
-5558.83887701189
-5560.45493642018
-5559.44969701461
-5558.83887701189
-5559.33219100585
-5558.83887701189
-5560.36194148012
-5560.33692627559
-5558.83887701189
-5560.28429102523
-5558.96394176833
-5559.11636242116
-5558.83887701189
-5558.92597674638
-5559.13165171867
-5558.83887701189
-5560.34570821936
-5560.15121535881
-5558.83530724089
-5558.8854656379
-5559.04647445629
-5559.38233286628
-5559.08830200115
-5558.82895702457
-5559.04262389565
-5558.87027779581
-5558.83887701189
-5558.83887701189
-5558.83887701189
-5559.43215691991
-5559.31905964899
-5559.3796926087
-5558.83887701189
-5558.94299449574
-5558.83887701189
-5558.93375220635
-5559.17182356125
-5559.07450903471
-5558.90827317507
-5559.47381197837
-5560.27497130449
-5560.1952974042
-5560.27728688388
-5559.50198440531
-5560.42013805087
-5560.32454659481
-5559.01498191231
-5558.96352936147
-5558.83887701189
-5560.20585706196
-5559.4580868153
-5559.46414145956
-5558.83887701189
-5558.91808433732
-5559.04053064191
-5558.83887701189
-5558.91885536526
-5558.83887701189
-5558.83887701189
-5558.83887701189
-5559.40991970611
-5558.83887701189
-5559.2977688399
-5559.50136252971
-5558.83887701189
-5559.19712474292
-5559.01935791295
-5559.23043414921
-5559.23331029793
-5558.95622440738
-5559.52877421243
-5560.18916759524
-5559.3848373924
-5558.83887701189
-5558.83887701189
-5559.05734656383
-5559.51690863636
-5559.48293116065
-5560.36241352995
-5559.24089331752
-5559.48293280036
-5558.83887701189
-5559.13863270638
-5560.41886754795
-5558.88463176648
-5558.91211591993
-5559.05928460606
-5558.82117303133
-5560.36183179302
-5559.4658524947
-5560.28736459792
-5559.54005738849
-5559.45860340788
-5559.37684703124
-5559.387923133
-5558.88027019484
-5558.83887701189
-5560.36550270624
-5559.28645563673
-5560.39194131021
-5559.10565179529
-5558.83887701189
-5558.98943831527
-5558.93397545932
-5560.31369167934
-5560.38863553556
-5560.39582334942
-5558.83887701189
-5560.35983689159
-5558.91177866279
-5558.83887701189
-5559.54256743872
-5558.92152078231
-5560.20001320093
-5559.43467937683
-5560.39944083524
-5558.9957772369
-5559.17977282101
-5558.83887701189
-5559.14907944421
-5560.21059707501
-5558.90227678629
-5558.88358287472
-5560.27501600565
-5559.02952069999
-5558.93124579829
-5558.92571419952
-5559.47191699425
-5558.83887701189
-5558.88593748575
-5558.92440556441
-5558.92227058769
-5558.83887701189
-5560.30930886733
-5558.83887701189
-5560.31140901873
-5558.83887701189
-5558.89731390377
-5558.93116820012
-5560.3486233551
-5558.83887701189
-5559.54836199873
-5559.01363055798
-5559.47501415946
-5559.50349623634
-5559.04049125331
-5559.14811275595
-5560.35766785577
-5560.25543989085
-5558.83887701189
-5560.36676418719
-5558.88177551739
-5558.87655464758
-5558.9253506272
-5559.13254784694
-5558.87642406356
-5558.89672278956
-5559.14405140972
-5559.49847315308
-5558.96728767905
-5558.89299902744
-5559.54417774053
-5558.83887701189
-5558.83887701189
-5560.08672356878
-5558.88719847052
-5559.07873661794
-5559.48211034477
-5558.98661623259
-5559.55059071792
-5558.83887701189
-5558.83887701189
-5558.89012458848
-5559.17119687893
-5559.57322105977
-5560.17309431582
-5559.21306819382
-5559.11199824033
-5559.45668448463
-5559.00716455529
-5558.89404319543
-5559.4839749781
-5559.48449930915
-5559.18662823152
-5558.83887701189
-5559.10104976707
-5559.03888973789
-5558.81201060168
-5558.93231374049
-5559.02879919936
-5559.35079217035
-5558.91064935533
-5560.36786573942
-5560.3689841295
-5559.4622644697
-5559.41390612349
-5559.16884697063
-5560.38299791428
-5558.83887701189
-5558.83887701189
-5560.38144557043
-5559.51354533947
-5560.38691132278
-5559.15032878923
-5558.83887701189
-5559.41532764447
-5558.83887701189
-5559.02631852103
-5558.96864121812
-5560.34094602415
-5558.83887701189
-5558.83887701189
-5558.83887701189
-5560.23188960996
-5558.87886298418
-5558.89856476896
-5559.50485549395
-5559.46328268217
-5560.10278191695
-5558.87519951054
-5558.83887701189
-5558.97497988616
-5559.4815761849
-5559.01498253071
-5558.89953490623
-5560.36909139247
-5560.34757585878
-5558.9415729562
-5558.97174307014
-5558.83887701189
-5560.42283347653
-5560.50606018555
-5558.83887701189
-5558.90490663918
-5558.83887701189
-5558.927860298
-5560.47972994482
-5560.37502520434
-5560.24252311596
-5558.83887701189
-5560.28499343753
-5559.41661746247
-5560.35435429951
-5558.92648223294
-5560.58706217794
-5560.47789327754
-5558.8690652633
-5558.83887701189
-5560.24042247288
-5558.88560513047
-5559.09269636603
-5558.83887701189
-5558.92275077095
-5560.48986472556
-5560.51060644107
-5559.1257242423
-5558.83887701189
-5558.83887701189
-5559.44098746258
-5560.40966542131
-5558.83887701189
-5560.10452602494
-5558.92838492943
-5559.47592234114
-5559.11457141896
-5559.51761978555
-5560.27986803456
-5560.24405019301
-5558.83887701189
-5558.83887701189
-5558.97113989871
-5560.11828399877
-5560.25408990475
-5558.91985269763
-5560.28528408693
-5558.9369868026
-5560.38005132416
-5559.47246151323
-5558.83887701189
-5560.18383339369
-5558.87863114938
-5559.19756196138
-5560.09424451096
-5559.05886645328
-5559.44744917123
-5558.83887701189
-5559.20121109191
-5558.90175493662
-5559.4784469244
-5559.48559276522
-5558.97692834605
-5558.83887701189
-5560.33286485327
-5558.83887701189
-5559.10685269511
-5559.47288513636
-5558.83887701189
-5559.10227541613
-5558.95184746206
-5558.91158165333
-5558.91938616833
-5559.07330911014
-5559.37399218559
-5558.93095302424
-5560.1978701878
-5559.34407899315
-5559.44402091581
-5559.3495030254
-5558.83887701189
-5558.9599484437
-5558.94120467673
-5559.43076407091
-5558.83887701189
-5558.83916428651
-5559.53620361081
-5558.98727256434
-5559.39110552012
-5559.38712508735
-5559.44532720056
-5558.97924210539
-5558.83887701189
-5559.12378980283
-5558.88140160128
-5558.83887701189
-5560.31672068019
-5559.47449145397
-5558.83887701189
-5558.83887701189
-5558.95662201969
-5559.22432738439
-5559.49601028723
-5560.17295208271
-5559.52649475752
-5559.03267545427
-5559.25040183467
-5558.83887701189
-5558.84669950788
-5560.45980862968
-5559.46160389647
-5559.03325557408
-5559.50217238881
-5560.47245081762
-5560.35304655104
-5558.91229616874
-5558.83263539002
-5559.12956301152
-5559.09424558285
-5560.31436534821
-5559.12215276193
-5558.83887701189
-5558.83887701189
-5558.83887701189
-5560.52885373863
-5559.27376997475
-5558.83887701189
-5559.48648713628
-5558.83887701189
-5558.99783112545
-5558.83887701189
-5559.54480821364
-5560.43654498132
-5558.83887701189
-5560.48422251801
-5559.03864134868
-5558.957538018
-5559.06705386525
-5558.83887701189
-5560.40909533089
-5558.80048269157
-5559.080303256
-5559.0826252481
-5559.5551821231
-5559.40029761019
-5559.48173020321
-5558.83887701189
-5559.09862815133
-5559.26818021272
-5560.20361367174
-5558.83887701189
-5560.29195461832
-5558.94786598001
-5560.20388478252
-5558.96623903486
-5559.42778055148
-5559.39812898489
-5559.4412723451
-5559.08445747078
-5559.62173882562
-5558.94201819529
-5558.83887701189
-5558.90878114334
-5558.97075215953
-5559.47899603082
-5559.49168467774
-5560.27294320778
-5559.04054292987
-5559.42995479206
-5558.83887701189
-5560.24037181187
-5560.20869099387
-5559.07347654082
-5559.45541491187
-5560.22933420609
-5559.42897054399
-5558.83887701189
-5558.93420287321
-5558.98745460746
-5558.82182604849
-5558.88328067482
-5559.13269598758
-5558.88041497132
-5559.14310460301
-5560.29819619388
-5559.45667904975
-5558.91056609206
-5558.95912055679
-5558.90634856296
-5559.44871738861
-5559.21809694014
-5558.83887701189
-5559.08722921643
-5558.83887701189
-5559.40336789782
-5559.40562350268
-5560.24605712885
-5558.93548953725
-5558.83887701189
-5558.83887701189
-5560.29051593354
-5559.52901455262
-5558.97975673804
-5560.1064453943
-5558.83887701189
-5558.83887701189
-5558.83887701189
-5560.29358317577
-5559.47667290872
-5558.83887701189
-5560.2489489904
-5559.13530891582
-5558.83887701189
-5560.37045507022
-5559.08554882491
-5558.83887701189
-5558.87845494055
-5560.36654480745
-5559.04761445251
-5560.25565504297
-5559.42148361943
-5559.41753571337
-5558.95409643981
-5560.32576892709
-5559.51553730826
-5559.12779022466
-5558.83887701189
-5559.16297666371
-5558.83887701189
-5559.1901517482
-5558.96008299895
-5559.16351884165
-5560.36372520133
-5559.27137325019
-5558.9311130864
-5559.255688333
-5560.32323083887
-5560.31519313256
-5559.43658104793
-5559.41113358158
-5559.52676848104
-5559.2317681059
-5558.83887701189
-5559.49095809445
-5558.83887701189
-5558.83887701189
-5559.06381459455
-5558.99895857653
-5559.5004852745
-5560.40783996231
-5560.42695260704
-5558.83887701189
-5560.37354923107
-5558.83887701189
-5559.44607056144
-5559.55667064903
-5558.83887701189
-5558.86124223216
-5559.44715022697
-5560.22398873536
-5559.46125346341
-5560.27428066868
-5558.83887701189
-5558.91458539593
-5560.386847258
-5560.40990164166
-5560.40767681479
-5559.25626365151
-5559.05620459735
-5558.83887701189
-5559.44040375791
-5559.11589040771
-5559.48024911876
-5558.83887701189
-5559.49336145067
-5558.83887701189
-5559.18332987831
-5560.37896316286
-5560.26051893416
-5560.39571499893
-5559.48348099482
-5558.87994028726
-5558.83887701189
-5560.31374921041
-5560.42507991404
-5558.96156410561
-5559.56764669831
-5558.96105687132
-5560.41871039561
-5560.28317184802
-5558.90752200167
-5558.8388770119
-5558.83887701189
-5560.19927732516
-5560.16211849075
-5559.14435503022
-5558.83887701189
-5560.25045585896
