# type 4 occupying energies
-5588.53851648969
-5588.1907496401
-5588.26530731681
-5588.53851648969
-5588.53851648969
-5588.10955876737
-5589.80085191038
-5589.71647906171
-5588.53851648969
-5588.53851648969
-5588.53851648969
-5588.31744072822
-5588.53851648969
-5588.53851648969
-5588.2208023654
-5589.68487023939
-5588.83384136991
-5588.53851648969
-5588.53851648969
-5589.79780014284
-5588.23633842658
-5588.53851648969
-5588.53851648969
-5588.81811729192
-5588.28550470971
-5589.71120762647
-5588.22570474072
-5588.84737062259
-5589.80966756071
-5588.18739408018
-5588.53851648969
-5588.36662179636
-5589.81195081704
-5588.26152329818
-5588.35265305402
-5588.36400233758
-5589.67162577613
-5588.29063777985
-5588.53851648969
-5588.53851648969
-5588.53851648969
-5588.12235095487
-5588.27194653167
-5588.79354685529
-5588.79707541644
-5589.56942312549
-5588.78500454518
-5588.22386710782
-5588.26083602808
-5588.63696033888
-5588.34669716933
-5588.53851648969
-5588.53851648969
-5588.8748008454
-5589.83268147144
-5588.53851648969
-5588.27723510759
-5588.53851648969
-5588.27660367591
-5588.53851648969
-5589.81640099554
-5588.29140617464
-5588.53851648969
-5588.53851648969
-5588.45473059859
-5588.53851648969
-5588.1633674887
-5588.53851648969
-5588.33135908512
-5589.71839993561
-5588.35594804562
-5588.71073608734
-5589.69476567436
-5588.31110242258
-5588.76686025874
-5588.57549977722
-5588.09522101528
-5588.69167315074
-5588.53851648969
-5589.61076034776
-5588.07962177317
-5588.57508543261
-5588.53851648969
-5589.53015307927
-5588.53851648969
-5588.53851648969
-5588.30838350567
-5589.81827855684
-5588.3293989408
-5588.29992517801
-5589.76423002056
-5588.24613979488
-5588.29113571907
-5588.53851648969
-5588.63205440968
-5589.62231298377
-5588.61231967185
-5588.91560137514
-5588.53851648969
-5588.53851648969
-5588.53851648969
-5588.15937105807
-5588.53851648969
-5588.53851648969
-5588.36104243614
-5588.3343585861
-5588.53851648969
-5588.2252621942
-5588.32464939595
-5588.16386416531
-5588.79323869462
-5589.71627862544
-5588.21162271551
-5588.3546307375
-5588.70805882441
-5588.74387841511
-5588.32847109678
-5588.53851648969
-5589.67769509515
-5588.20342742996
-5588.53851648969
-5588.34688093923
-5589.77175352931
-5588.3054303241
-5588.34630331795
-5588.2347118939
-5588.30698404082
-5588.53851648969
-5588.87459986579
-5588.29165964303
-5588.53851648969
-5588.34072202902
-5588.53851648969
-5588.28346334
-5588.34203666196
-5589.67028564764
-5589.7612414388
-5588.27912370344
-5588.53851648969
-5588.14476755752
-5588.60134004037
-5589.52520361268
-5588.6351672855
-5588.53851648969
-5588.1629495297
-5588.46693262284
-5588.31376055394
-5588.2620554611
-5588.90840262778
-5588.2390909794
-5589.6542015807
-5588.37416007592
-5588.28929368267
-5588.34736735422
-5588.75997505705
-5588.53851648969
-5588.69023988282
-5588.27947866169
-5588.91181937187
-5588.23340025741
-5588.3208002896
-5588.37893421083
-5588.37966103988
-5588.53851648969
-5588.88272923195
-5588.53851648969
-5588.53851648969
-5589.8269481378
-5589.82051735646
-5588.27422070602
-5589.79650124197
-5588.53851648969
-5588.72329247726
-5588.21643751719
-5589.68629288154
-5589.72925172977
-5588.76946333832
-5588.19617548603
-5588.53851648969
-5588.23203415207
-5588.24986904987
-5588.22416748508
-5588.53851648969
-5588.88997541582
-5588.28306094733
-5588.3433179255
-5588.35472498836
-5589.76268352796
-5588.53851648969
-5588.94344982504
-5588.23346694774
-5588.53851648969
-5588.53851648969
-5588.24956158863
-5589.77065080884
-5589.77931323529
-5588.31432243801
-5588.35996405315
-5588.25512171712
-5589.70352152813
-5588.33509501151
-5588.53851648969
-5589.73713931654
-5588.53851648969
-5588.74970537111
-5588.10061954962
-5588.7653932613
-5589.77599056144
-5589.67565440961
-5588.32310442231
-5588.7554825285
-5589.71583141864
-5588.2653552578
-5588.24623306769
-5589.72256336377
-5588.53851648969
-5589.72067267182
-5588.13819890265
-5588.53851648969
-5588.77681351888
-5588.53851648969
-5588.29242113883
-5588.95392365045
-5588.09323949946
-5589.71167817309
-5589.73267841066
-5588.30025156119
-5588.07080051335
-5589.63142545756
-5589.74604881957
-5588.53851648969
-5588.19679854139
-5588.32236243798
-5588.27789631735
-5588.17835480252
-5588.35634553311
-5588.27757685749
-5588.39758481568
-5588.26948611956
-5589.78340014325
-5588.53851648969
-5588.53851648969
-5589.49709980087
-5588.58603697059
-5588.40605697322
-5589.61681608767
-5588.4871818544
-5588.63228301425
-5588.41838729995
-5588.3827208065
-5588.67013102207
-5588.46919725342
-5588.33423373103
-5588.27635426658
-5588.12007342892
-5588.55910516631
-5588.73228802511
-5589.43188628515
-5588.16787657432
-5588.53851648969
-5588.14248211372
-5588.77197818311
-5588.48504871074
-5588.45775990825
-5588.49908087841
-5588.61295435675
-5589.70065100168
-5589.60748678194
-5588.52252610847
-5588.45785568611
-5588.29578244996
-5588.84008992002
-5589.51046906056
-5588.6866199428
-5588.03235666903
-5588.62517137336
-5588.56149080617
-5588.67574818326
-5589.51093055425
-5588.42991662141
-5588.53851648969
-5589.53335748691
-5588.9015568202
-5588.87104229883
-5588.90351303282
-5588.17896890273
-5588.53851648969
-5588.53851648969
-5588.2294362564
-5588.74650434492
-5588.92285593599
-5588.29890434197
-5589.69422394658
-5588.11289226415
-5588.80739019521
-5588.2495776504
-5588.75958510056
-5589.78544842588
-5588.10753240759
-5588.17331276742
-5589.43084526332
-5588.53851648969
-5588.32510822995
-5588.17704835767
-5588.30363889018
-5588.53851648969
-5589.76429610659
-5588.53851648969
-5588.53851648969
-5588.33686811359
-5589.80383166256
-5588.33236509865
-5588.31848560569
-5588.33293653559
-5589.72231740387
-5588.53851648969
-5588.28747214293
-5588.27778570746
-5588.35437217145
-5588.53851648969
-5588.33691782765
-5588.34278796891
-5588.53851648969
-5588.53851648969
-5588.53851648969
-5588.30974804132
-5588.23846486115
-5588.53851648969
-5588.35171531945
-5588.24753221532
-5588.23734665436
-5589.68882428763
-5588.8675740884
-5588.81363611609
-5588.36145983652
-5588.26636202058
-5588.09801958096
-5589.5418095102
-5588.28082694845
-5588.23060230046
-5588.94408597871
-5588.53851648969
-5588.26362822521
-5588.0515203934
-5589.60964765604
-5589.83118067512
-5588.53851648969
-5588.1435943907
-5588.23660456904
-5589.73399144001
-5588.10622587498
-5589.77574822338
-5589.71362672856
-5588.17499976367
-5589.77464494758
-5588.85509148208
-5589.83097500717
-5588.53851648969
-5589.6376894957
-5588.64094527898
-5588.21893685407
-5588.21149105625
-5588.46503971981
-5588.64353624984
-5588.35265301117
-5588.33223552942
-5588.26962761714
-5588.53851648969
-5588.2009281265
-5588.25165331174
-5588.53178751803
-5588.1560285307
-5588.46002085344
-5588.53851648969
-5588.53851648969
-5588.53851648969
-5588.19880452639
-5588.53851648969
-5588.82720869983
-5588.27799629574
-5588.2710024062
-5589.64705215922
-5588.1878202323
-5588.3072213562
-5588.53851648969
-5588.53851648969
-5588.53851648969
-5588.39515923055
-5588.25514464919
-5588.53851648969
-5589.71201101785
-5588.86911076919
-5589.74224352388
-5588.25976077802
-5588.53851648969
-5588.19556629185
-5588.53851648969
-5588.24606218596
-5589.63363221013
-5589.005207401
-5589.74633850812
-5589.67277224545
-5588.68459404153
-5588.53851648969
-5588.06930935015
-5588.11796736428
-5588.33947129747
-5588.20681798883
-5589.69091470366
-5588.73970303477
-5588.16989763266
-5588.53851648969
-5589.69929892273
-5588.53851648969
-5588.22545950502
-5588.8211932126
-5588.71620277778
-5588.53851648969
-5588.7482738067
-5588.47408882556
-5588.84735282641
-5589.69826023731
-5588.53851648969
-5588.24239551206
-5588.53851648969
-5588.48648495103
-5589.48469315063
-5588.71255405162
-5588.6909099435
-5589.44917963533
-5588.73684815557
-5588.25655275212
-5589.69027641973
-5588.26339411445
-5588.12550466265
-5588.58517670127
-5588.53208467586
-5588.61155821609
-5589.00359491375
-5588.17364806274
-5588.39546415484
-5588.17051733331
-5588.11353853033
-5588.59291415467
-5588.47523631472
-5588.74318313642
-5588.64619668219
-5588.15923810823
-5589.6361635885
-5588.49357928493
-5589.60154530152
-5588.54676572597
-5588.09330616923
-5588.53851648969
-5589.42061421805
-5588.21137555576
-5588.26780196892
-5589.60331852714
-5589.67945817588
-5588.5076162359
-5588.60128549406
-5588.70498701029
-5589.62546080986
-5588.60459256607
-5588.70595061919
-5588.060038984
-5588.11417670953
-5588.66878347781
-5589.63008843748
-5588.50144315515
-5588.50883618562
-5588.5002402896
-5588.42781353196
-5589.44585869574
-5589.41851843406
-5588.47725188591
-5589.51225248426
-5588.61769678732
-5589.51530346135
-5588.51831979235
-5588.57597282336
-5589.42075231617
-5588.57849702104
-5588.87354914699
-5589.77088261991
-5588.74357070306
-5588.53851648969
-5589.60531945583
-5588.63304157732
-5588.54212328158
-5588.49304235454
-5588.48254641554
-5589.45937797187
-5589.73496819998
-5588.72045479436
-5588.46435032576
-5588.50785063857
-5588.2443521775
-5588.22190478458
-5588.18446360374
-5588.53851648969
-5589.72172092596
-5588.53851648969
-5588.1735234415
-5589.65522743916
-5588.6075802335
-5588.56691095495
-5588.50238819328
-5588.21121573349
-5589.6647501808
-5589.45194000611
-5588.53851648969
-5588.76750953291
-5588.53851648969
-5589.7554073661
-5588.21461329817
-5588.27118200137
-5588.64306901913
-5589.74375200867
-5588.18661641767
-5589.67610069689
-5588.19944327298
-5588.22984532801
-5588.18179712351
-5588.15109270444
-5588.8432322865
-5589.49805917667
-5588.52677034585
-5588.65291507076
-5588.66213499107
-5589.40100615784
-5588.42346302956
-5588.31650346787
-5589.71424011938
-5588.53851648969
-5588.19956551404
-5589.65677617801
-5588.57640206963
-5588.5440890478
-5588.33134182607
-5589.79329285184
-5589.76542656292
-5588.53851648969
-5589.56901693048
-5588.26009857914
-5588.14106458507
-5589.76015150055
-5588.24511382295
-5588.29595537042
-5589.77666917957
-5588.53851648969
-5588.21326329898
-5588.28272386655
-5589.82004823702
-5588.53851648969
-5588.3007298314
-5588.53851648969
-5589.78778645241
-5588.25018746238
-5588.30688240899
-5588.36139766443
-5588.53851648969
-5588.33154832433
-5588.53851648969
-5589.75559607947
-5588.18298795413
-5588.53851648969
-5588.34932850515
-5588.24061521234
-5589.78914868048
-5589.7657644949
-5588.20149379663
-5588.53851648969
-5588.53851648969
-5588.29824676123
-5588.53851648969
-5588.26740432942
-5588.28060790739
-5588.53851648969
-5588.27898681536
-5588.53851648969
-5588.2504948384
-5588.53851648969
-5589.6814605003
-5588.53851648969
-5588.80470061767
-5588.81131278944
-5588.51587210369
-5588.22571801456
-5588.53851648969
-5588.36420442426
-5588.53851648969
-5588.31103533994
-5588.25818678622
-5589.73416507422
-5588.26631761398
-5588.3583457925
-5588.53851648969
-5589.57740782679
-5588.53851648969
-5589.78152218452
-5588.3082859055
-5589.73613786765
-5588.25304627232
-5588.56383518839
-5589.77768738625
-5588.53851648969
-5588.2814102438
-5588.24845525273
-5588.11981684913
-5588.23414595056
-5588.63982928814
-5588.66808191146
-5588.15178804389
-5588.70991083275
-5588.62235883346
-5589.68798274621
-5589.74556336877
-5588.76295396209
-5588.53851648969
-5589.59437685813
-5588.53851648969
-5588.24638916762
-5588.68713585582
-5588.77354059501
-5588.63835246906
-5588.07830481209
-5588.07543931497
-5588.54684582529
-5588.66004186301
-5588.0812006003
-5588.8462295939
-5589.58848185709
-5589.58809517045
-5588.72830760344
-5588.23619609971
-5588.10784716647
-5589.71462147177
-5589.57538544453
-5588.34554673768
-5588.74770197096
-5588.80202130024
-5588.18030666995
-5588.32910550732
-5588.53851648969
-5589.68140250088
-5588.55427041912
-5588.93664519818
-5588.67434914916
-5588.31451870257
-5589.62734946168
-5589.5698560693
-5589.64086671651
-5588.18270235135
-5588.29777322149
-5588.28584259258
-5588.70903972905
-5588.10084586412
-5588.24422107848
-5588.27785290685
-5588.18313844145
-5588.65729237558
-5588.17894676913
-5588.6700638061
-5588.15655121263
-5588.53851648969
-5588.28168504122
-5588.19430221082
-5588.53851648969
-5588.13748668312
-5589.68400408124
-5588.57867333989
-5588.53851648969
-5588.11709420958
-5588.22885954121
-5589.8434908683
-5589.72418707061
-5588.63585563075
-5588.53851648969
-5589.76723742824
-5588.27555166531
-5589.52168100619
-5588.29124615933
-5588.26553250427
-5588.70866889505
-5588.21036817182
-5588.53851648969
-5588.25961091948
-5588.53851648969
-5588.29829665328
-5589.6815615109
-5588.29066327196
-5588.26135862953
-5588.23341566714
-5588.34885127438
-5588.53851648969
-5588.44092617384
-5588.30857498565
-5588.31441494867
-5589.81196287525
-5588.19387754502
-5589.83933576861
-5588.53851648969
-5588.53851648969
-5588.26448165519
-5589.78039855557
-5588.53851648969
-5588.53851648969
-5588.25420576647
-5588.53851648969
-5588.53851648969
-5589.78100985947
-5588.2641366174
-5588.17912834439
-5588.53851648969
-5588.33938872369
-5588.39135510631
-5588.38584967973
-5588.53851648969
-5588.53851648969
-5588.3290228397
-5589.81573311645
-5588.53851648969
-5588.53851648969
-5588.53849665092
-5588.32087807943
-5589.87471108161
-5588.15954756264
-5589.82614003673
-5588.25085602368
-5588.53851648969
-5589.78569519443
-5588.53851648969
-5588.24454648835
-5588.13387405198
-5588.53851648969
-5588.25632785153
-5589.77878840763
-5588.53851648969
-5588.53851648969
-5588.36138139227
-5588.53851648969
-5588.53851648969
-5588.18229064222
-5589.82514226333
-5588.3740464027
-5588.20918925147
-5588.53851648969
-5588.28087889919
-5589.71486906254
-5588.23191286721
-5588.53851648969
-5588.53851648969
-5588.31281663603
-5588.53851648969
-5588.34302756511
-5589.66083651007
-5588.14169612206
-5588.28370605666
-5588.92327444244
-5588.53851648969
-5588.19210021292
-5588.22925925068
-5588.27085200277
-5588.2512664144
-5588.53851648969
-5588.53851648969
-5588.53851648969
-5588.53851648969
-5588.35781333879
-5588.53851648969
-5588.34635687833
-5588.27468637663
-5589.8835367584
-5589.80084817048
-5588.29530053283
-5588.53851648969
-5589.65555754014
-5589.7478188601
-5588.25763956828
-5588.30023132782
-5588.53851648969
-5588.27539137167
-5589.7694895334
-5588.40494361344
-5589.70182256801
-5588.35731956875
-5588.41957507521
-5588.53851648969
-5589.67411758479
-5588.3709311348
-5588.28083383975
-5588.53851648969
-5588.96493370979
-5588.53851648969
-5588.19284878954
-5589.73722917093
-5588.25809943265
-5589.75703693752
-5589.7392461009
-5588.20457621014
-5588.53851648969
-5589.67473810933
-5588.24292524301
-5588.37123765784
-5588.34376586595
-5589.57592299834
-5588.94739072845
-5588.82207817895
-5588.18303699175
-5588.52852345523
-5588.71832650663
-5588.53851648969
-5589.75451799547
-5588.2982466951
-5589.68913922428
-5588.53851648969
-5588.3364327828
-5588.26551176987
-5588.53851648969
-5589.67802138593
-5589.73527990341
-5588.33293726953
-5588.28258245759
-5589.62982312238
-5588.53851648969
-5588.53851648969
-5588.27438111038
-5588.21707341397
-5588.53851648969
-5588.83361786281
-5588.65767358842
-5589.55159862104
-5588.29919551163
-5588.53851648969
-5588.36560274094
-5588.17830510219
-5588.53851648969
-5588.21052297098
-5588.39291851232
-5589.71384165906
-5588.53851648969
-5588.38227743943
-5588.2537121477
-5588.35493129293
-5588.87376523417
-5588.53851648969
-5588.35934466034
-5588.53851648969
-5589.66036283656
-5588.39656869133
-5588.34583221881
-5588.31786855008
-5588.41761231668
-5588.30620522716
-5589.72073637094
-5589.65210697267
-5588.53851648969
-5588.26827768222
-5588.53851648969
-5588.30806208153
-5588.53851648969
-5588.32664764554
-5588.53851648969
-5588.18250070155
-5588.53851648969
-5588.27176312662
-5589.66998270379
-5588.30166933661
-5588.53851648969
-5588.29110158462
-5588.30444230028
-5588.53851648969
-5589.80446231056
-5588.53851648969
-5588.41439767787
-5588.34270475133
-5588.2558093782
-5588.30675259393
-5588.53851648969
-5588.24427265074
-5589.78432444502
-5588.53851648969
-5588.32466464442
-5588.26195468643
-5588.2801376291
-5588.29645316347
-5588.53851648969
-5588.53851648969
-5588.30179953725
-5588.53851648969
-5588.36575091759
-5588.29196413518
-5588.19886843589
-5588.53851648969
-5589.69944402406
-5589.79944025603
-5588.10657235529
-5589.71606898679
-5588.80407513881
-5588.24998985414
-5588.21485424154
-5588.69874779351
-5588.37944217168
-5588.53851648969
-5588.53851648969
-5588.53851648969
-5588.26982361111
-5588.38717833637
-5588.295143383
-5588.27307546436
-5588.53851648969
-5588.40881821712
-5588.21330954094
-5588.88899730721
-5588.27824803735
-5589.8214945298
-5588.46989088087
-5588.26533020089
-5588.53851648969
-5588.53851648969
-5588.53851648969
-5589.74351429114
-5588.33825326401
-5589.6597708766
-5588.60425130704
-5588.85380756825
-5588.39642899454
-5589.71383876975
-5589.7807019866
-5588.29561782719
-5588.53851648969
-5589.7976551558
-5588.53851648969
-5588.53851648969
-5588.36068805234
-5588.34154233322
-5588.28072577845
-5588.72802904566
-5588.39208118467
-5588.37417569983
-5588.53851648969
-5588.294462567
-5588.53851648969
-5588.53851648969
-5589.46061968314
-5588.1599146869
-5588.33418507828
-5588.28532472214
-5588.53851648969
-5588.25976329994
-5588.29298470862
-5588.16507680546
-5588.40737679305
-5589.81143750004
-5588.09151196427
-5589.79229047551
-5588.53851648969
-5589.68564807128
-5588.41161461885
-5589.72307733013
-5588.53851648969
-5588.54972941349
-5589.7247857803
-5588.44500625808
-5589.74326422274
-5588.72185105734
-5589.76201579066
-5588.31398349489
-5588.25494980235
-5588.34807340175
-5588.84853855081
-5589.81365698314
-5588.26416859139
-5588.92297461526
-5588.35289390343
-5588.53851648969
-5588.15950156973
-5588.1871674267
-5589.74466808895
-5589.58883043822
-5588.68635944217
-5589.6914251173
-5588.42442218971
-5588.53849369905
-5588.38029218351
-5588.26821066746
-5588.53851648969
-5588.30719565737
-5588.98739793536
-5588.28651311975
-5588.20869659578
-5589.81013089314
-5589.78232606615
-5588.26502377204
-5589.77044335789
-5588.53851648969
-5588.53851648969
-5588.53851648969
-5588.53847172855
-5589.79982211429
-5588.3058844895
-5588.23523137883
-5588.28576818116
-5589.74184865107
-5588.53851648969
-5588.53847604803
-5588.53851648969
-5588.37465967134
-5588.53851648969
-5588.31406532916
-5588.14321950936
-5588.53851648969
-5589.68083486481
-5588.4223034399
-5588.33965877463
-5588.35841720103
-5589.75438243798
-5588.53851648969
-5588.53851648969
-5589.00415073843
-5588.53851648969
-5588.75687055286
-5588.74908238868
-5588.72990949538
-5589.65675523625
-5588.19407122639
-5588.21767014818
-5589.53713576104
-5588.61805348813
-5588.07326169182
-5589.68968773771
-5589.57006143509
-5589.66352597986
-5588.61525434595
-5588.13728876441
-5588.48164945348
-5588.70572078
-5588.03520771711
-5588.47347922294
-5588.680896067
-5589.46124351941
-5588.5405266657
-5588.46267577238
-5588.61288732646
-5589.27341997377
-5588.56530494893
-5588.60427657292
-5588.5849306579
-5588.38953526409
-5588.62069491018
-5588.56582077719
-5588.52924146938
-5588.50274102464
-5588.44051703134
-5588.49507011039
-5589.50061119188
-5588.35685301128
-5589.77750467392
-5588.40805421307
-5588.27600817436
-5588.31180116831
-5589.65713059146
-5588.24313845041
-5588.12772402723
-5588.37065514419
-5589.75052818258
-5588.59496891781
-5589.66094915828
-5588.23536140965
-5588.08629455861
-5588.57208194343
-5589.64292333036
-5588.5812123675
-5588.67109548783
-5588.61617817349
-5588.22875642514
-5589.52858061523
-5588.18418251931
-5588.73784587744
-5588.7235334486
-5588.54842311957
-5589.6223233386
-5588.02791100643
-5588.70816706443
-5588.32296257904
-5588.53851648969
-5588.53851648969
-5588.32056583358
-5588.32782854048
-5588.53851648969
-5588.24022166206
-5589.63366030044
-5589.48883768629
-5588.29852631197
-5588.82475144916
-5588.53851648969
-5588.53851648969
-5588.83637964844
-5588.07046666649
-5588.53851648969
-5589.64253914157
-5588.27789112688
-5588.14644982844
-5589.65726480927
-5588.71448881683
-5588.63511584861
-5588.23002668044
-5588.30671719279
-5588.23693437091
-5588.82324218719
-5588.77642545468
-5589.45599938887
-5588.63739162846
-5588.29391406394
-5588.53851648969
-5588.18699239251
-5588.67983568251
-5588.12019287963
-5589.75072585357
-5588.31805815469
-5588.3264864341
-5588.53851648969
-5588.5858321604
-5588.08523339459
-5588.53851648969
-5588.78276578463
-5589.6576986761
-5588.53851648969
-5588.42697751606
-5589.56360938512
-5588.53851648969
-5588.53851648969
-5588.41673124521
-5588.27065465789
-5588.3726656751
-5588.24390751803
-5589.50917082568
-5588.22746261413
-5588.26901002228
-5588.53211834103
-5588.61319605995
-5588.17794656249
-5588.22489571991
-5588.35897226526
-5588.19267898391
-5588.38378872687
-5588.53851648969
-5588.09209195558
-5588.6689133322
-5588.13784805292
-5588.89179833019
-5589.67415900543
-5589.55746336669
-5589.74377550588
-5588.53851648969
-5588.53851648969
-5588.36784824956
-5588.42068324287
-5589.71562274782
-5588.53851648969
-5588.3063843184
-5588.6307001212
-5588.18335035045
-5588.28643499971
-5589.69101285806
-5588.21438160499
-5589.78667847495
-5589.81989470575
-5588.26381441837
-5588.33419879502
-5588.37246039985
-5588.32647218497
-5588.48455317711
-5588.80605436534
-5588.28885373136
-5588.4744051946
-5588.53851648969
-5588.41869000949
-5588.38810641477
-5589.56210764212
-5589.72452292287
-5588.29802235355
-5588.53851648969
-5588.3550112214
-5588.41792494649
-5588.65815789362
-5588.3695132539
-5588.61078283405
-5588.45878599339
-5588.34332609833
-5588.3769642099
-5588.35919062879
-5588.46284844021
-5588.21483378198
-5588.53851648969
-5588.53851648969
-5588.63339702424
-5588.13016970445
-5588.61042599628
-5588.97212917273
-5588.65662830951
-5588.53851648969
-5589.66875071859
-5588.49188107286
-5588.51515520694
-5589.52069216491
-5588.68698516723
-5588.58870161207
-5589.37936716496
-5589.65446082982
-5589.68482651738
-5588.02329752876
-5588.52851126383
-5588.36718270655
-5588.28795828648
-5588.7327053042
-5588.62937872367
-5588.47366789624
-5588.53179693088
-5588.57698634925
-5588.23894050154
-5588.11533541228
-5589.67144607946
-5588.7395755601
-5588.65751494611
-5589.59003817243
-5589.66778773169
-5589.51915408518
-5588.61621349844
-5588.77040953555
-5588.64284801739
-5588.53851648969
-5589.7191707562
-5588.07213165162
-5588.16739413451
-5589.61690784598
-5588.94596580363
-5588.11185299109
-5588.27184635388
-5588.78320853929
-5588.53851648969
-5588.26933055201
-5588.23706649356
-5588.21100448495
-5589.72931581293
-5588.53851648969
-5588.1010721349
-5588.53851648969
-5589.64671809061
-5589.71558647701
-5588.12624593708
-5588.89340044777
-5588.34542637114
-5588.53851648969
-5588.24666690324
-5588.92949434315
-5588.92043838247
-5588.32233528491
-5588.19687835511
-5588.32464103381
-5588.34504799364
-5588.17268272741
-5589.73163065131
-5588.253593319
-5589.78559882122
-5588.53851648969
-5588.14278652081
-5588.24453283598
-5589.70208343945
-5588.33694039871
-5588.33911520986
-5588.15963049529
-5588.32943512419
-5588.53851648969
-5589.68245882973
-5588.19347058968
-5588.53851648969
-5588.94206028005
-5589.73945609004
-5589.74972033428
-5588.53851648969
-5588.53851648969
-5588.27698926993
-5588.28863033541
-5588.53851648969
-5588.53851648969
-5588.23440917893
-5588.61062697796
-5588.53851648969
-5588.53851648969
-5588.70906483065
-5588.94818753388
-5588.06870172288
-5588.53851648969
-5588.15587053957
-5589.74343347645
-5588.10118716131
-5588.90553442389
-5588.81392159105
-5588.30485214425
-5589.74131905388
-5589.61422549276
-5588.53851648969
-5588.30142359031
-5589.77188599053
-5588.38613893512
-5589.63497569011
-5588.18987340544
-5589.60219323583
-5588.84557913248
-5588.31678369627
-5588.32684185764
-5588.31014672768
-5588.10917732974
-5588.53849176332
-5588.53851648969
-5588.53851648969
-5588.15673842848
-5588.538507277
-5588.53851648969
-5588.19314723945
-5588.28201372455
-5588.34257731383
-5588.53851648969
-5588.30704126851
-5588.53851648969
-5588.81020387492
-5588.30061760441
-5588.81434735008
-5589.53759657624
-5588.29969548929
-5588.53851648969
-5588.23375419476
-5589.77823413066
-5588.17671497934
-5588.53851648969
-5588.53851648969
-5588.13650671007
-5588.19047812839
-5589.65860679816
-5588.58287028402
-5588.33393861633
-5588.53851648969
-5588.65966458927
-5589.70704500575
-5588.14396895594
-5588.39641919773
-5588.34810036453
-5588.2987684207
-5588.53851648969
-5588.46183507922
-5589.60457660049
-5588.01343093873
-5588.35022098162
-5589.75263577341
-5589.62112059736
-5588.25609785476
-5588.65717650293
-5589.44278733319
-5588.57165084061
-5588.26072365668
-5589.68450949363
-5588.78816199626
-5588.33395338494
-5588.53851648969
-5588.36526279681
-5588.53851648969
-5588.53851648969
-5588.53851648969
-5588.27079405123
-5589.76625948332
