# type 1 occupying energies
-5554.83159624876
-5556.30903914729
-5556.30970666912
-5555.05994695019
-5554.73986583208
-5554.95735894202
-5556.18089902211
-5554.78246371956
-5554.79507390947
-5554.84312560059
-5554.83159624876
-5554.82894151522
-5555.08353315725
-5555.06857989397
-5556.37212422406
-5556.33188148315
-5555.07400677296
-5555.2901373228
-5554.75158462524
-5554.77779373557
-5554.83159624876
-5555.4238860791
-5554.83159624876
-5554.89917299366
-5554.81264618095
-5554.83159624876
-5554.83159624876
-5554.79703181666
-5555.38994547449
-5556.26045019748
-5554.83159624876
-5556.17124584231
-5554.83159624876
-5554.86478507528
-5554.75738003592
-5556.18023124327
-5554.83159624876
-5554.99495401585
-5556.30555866282
-5555.46774495559
-5555.00747669587
-5556.4686128515
-5555.32787177294
-5555.32192202565
-5554.74720067763
-5555.01038555735
-5554.83159624876
-5554.77384327799
-5555.39626927385
-5554.79556887403
-5554.75307503689
-5554.96483911935
-5556.44060946166
-5556.33971821267
-5554.83159624876
-5555.46672967233
-5555.4954366915
-5554.83159624876
-5555.03720340376
-5554.83159624876
-5555.54233406815
-5555.08248540239
-5554.98082136947
-5555.00860225074
-5554.81702964417
-5555.0635532221
-5554.83159624876
-5555.00317024071
-5556.34823016807
-5554.83159624876
-5554.94667204493
-5554.77994897318
-5554.75312385574
-5555.3928246459
-5554.79744425602
-5554.83159624876
-5554.83159624876
-5555.4197376567
-5556.31023634349
-5556.40365959351
-5555.39085195195
-5554.78904824256
-5555.03645415355
-5556.22106714622
-5554.98897372786
-5555.52618614204
-5554.83159624876
-5556.27852809032
-5554.76578962271
-5554.83159624876
-5554.75979436963
-5556.20926304701
-5556.17621576712
-5554.83159624876
-5555.02656400458
-5554.77524021527
-5555.30065009156
-5555.27833562228
-5554.83159624876
-5554.83159624876
-5555.36070241446
-5554.99942371975
-5554.83159624876
-5554.94285128452
-5554.83159624876
-5554.69497283675
-5554.74286106543
-5554.78569550654
-5556.24779333388
-5554.77049298548
-5555.41294100657
-5554.76527007333
-5555.10255395872
-5555.06006891087
-5554.83159624876
-5555.04697270905
-5554.67678085053
-5555.41104287392
-5556.04911077488
-5555.35287127686
-5554.68542241167
-5555.48886482886
-5555.30338486296
-5554.66913048273
-5555.01892459029
-5556.25466283776
-5556.2591410177
-5555.38454737
-5556.27806269806
-5554.72090241155
-5556.22325821437
-5554.73358839504
-5554.83159624876
-5556.21310039828
-5554.97929840322
-5554.83159624876
-5555.0623938769
-5554.83159624876
-5554.95481000857
-5554.83159624876
-5554.77358964535
-5554.77485834301
-5554.83159624876
-5555.35796600268
-5555.33430055225
-5555.43348498268
-5554.71659754135
-5554.83159624876
-5556.23462882746
-5554.67219724509
-5554.74455905807
-5556.10827036928
-5555.60063943322
-5555.10766218136
-5555.37179433473
-5554.83159624876
-5554.78696738029
-5554.76825971537
-5555.03936510884
-5555.00919577622
-5555.46768110745
-5556.17220922233
-5554.83159624876
-5554.83159624876
-5556.22698992222
-5554.83159624876
-5555.05748791131
-5556.44399279121
-5555.43147482322
-5555.39334754312
-5555.00055680494
-5555.02258031373
-5554.83159624876
-5554.89892767332
-5555.03600751114
-5554.83159624876
-5554.83159624876
-5554.83159624876
-5556.26248571035
-5554.99025199872
-5554.75782302559
-5554.83159624876
-5556.19591222184
-5555.00270812088
-5554.83159624876
-5554.83159624876
-5554.73846734095
-5555.05403877798
-5555.50498836139
-5556.24872752041
-5554.83159624876
-5556.27758598778
-5554.83159624876
-5554.80457552218
-5554.95613084481
-5555.50331605465
-5556.1726125518
-5554.80374937765
-5555.02637279713
-5554.83159624876
-5555.02223199136
-5556.15383026219
-5555.42035647776
-5554.77139813162
-5554.86547913198
-5554.83159624876
-5554.83159624876
-5554.8942153533
-5555.07031298279
-5555.05492137985
-5554.83159624876
-5555.2816144868
-5554.76967543225
-5554.73827769533
-5555.41567550167
-5554.83159624876
-5554.83159624876
-5555.4195838613
-5555.30832957267
-5554.75589485868
-5556.2040517332
-5554.76131932328
-5555.02386214193
-5554.81482429633
-5555.24871293646
-5555.08037818197
-5555.0344711966
-5555.1172875487
-5554.83159624876
-5556.25097641813
-5554.83159624876
-5555.05125808452
-5555.2846533759
-5555.17171420301
-5554.75644423016
-5554.98655574532
-5554.83530898102
-5554.83159624876
-5555.01383050061
-5554.77835306415
-5556.04712515756
-5554.79465903544
-5554.76377398838
-5556.15306195119
-5555.04635269566
-5554.83159624876
-5555.11293897596
-5556.24694586773
-5555.13011568166
-5555.02660580326
-5555.49204525674
-5555.12633291456
-5555.05801294346
-5554.83159624876
-5554.71273441288
-5554.83159624876
-5554.83159624876
-5554.83159624876
-5555.07656500204
-5554.6935950808
-5554.83159624876
-5554.76275811872
-5556.21503359939
-5556.34743690512
-5554.83159624876
-5555.08467955531
-5555.00047014613
-5554.83159624876
-5554.68800666277
-5554.69597515739
-5554.99875068116
-5554.79320826249
-5555.03973527352
-5554.83159624876
-5556.12337923709
-5555.36080620786
-5555.46154570107
-5555.4414629754
-5555.42593371285
-5555.33562324029
-5555.00077930888
-5556.26308611702
-5554.83159624876
-5556.25556038946
-5555.40103370288
-5555.31780213239
-5556.2256914312
-5556.27875218895
-5554.74769090722
-5555.04745798413
-5555.31889374921
-5554.83159624876
-5555.35695089247
-5555.34738700247
-5554.75059445247
-5555.02738202411
-5554.72076040916
-5554.71995207599
-5556.24472141641
-5556.31417819017
-5554.83159624876
-5555.39686257741
-5556.28380567308
-5554.83159624876
-5554.96514516131
-5556.30753924988
-5555.48408259258
-5555.00931696656
-5555.40470081496
-5554.79123250877
-5554.83159624876
-5555.02121889119
-5554.75835134918
-5554.83159624876
-5554.83159624876
-5555.00901139334
-5555.13809248443
-5556.20283576586
-5554.83159624876
-5555.0445481726
-5554.83159624876
-5554.83159624876
-5555.38656698647
-5554.81212771234
-5555.51743994426
-5555.02351746979
-5555.00669153074
-5554.8256892126
-5554.78809863748
-5554.83159624876
-5554.94039830966
-5554.76106806643
-5554.69463339004
-5554.83159624876
-5556.2051898816
-5556.24283847615
-5556.21716862437
-5554.83088142398
-5556.19443319306
-5554.95646931147
-5554.83159624876
-5555.41501298449
-5556.18691600778
-5554.83159624876
-5555.25455952287
-5555.37567751069
-5556.06797522848
-5554.83159624876
-5554.83159624876
-5555.38022782202
-5555.42163746224
-5555.08964001281
-5555.39576563836
-5555.13386574312
-5554.83159624876
-5556.20977852325
-5554.83159624876
-5554.77949993709
-5555.01019497019
-5555.08856984402
-5554.81166695254
-5556.26189488018
-5555.02608638521
-5554.83159624876
-5555.08837634119
-5556.26916901789
-5554.83159624876
-5554.96234629585
-5555.41585166201
-5555.03989996243
-5555.37922899512
-5555.20703740899
-5556.30466575936
-5555.41697440411
-5555.16916718242
-5554.82858029086
-5554.97493119832
-5554.77082651282
-5556.2905328806
-5556.26776374918
-5555.40382028039
-5554.83159624876
-5554.96917393536
-5554.83159624876
-5555.48714719913
-5554.83159624876
-5554.96043293277
-5554.83159624876
-5555.50989180659
-5555.01585480045
-5554.7912325043
-5555.01100692111
-5555.03222721673
-5554.75813916827
-5555.4216257909
-5556.12623654235
-5554.83159624876
-5554.99004973256
-5555.55624553172
-5554.72433916374
-5556.25630001109
-5554.83159624876
-5556.14423857677
-5556.25325968155
-5555.48399852885
-5556.31916770687
-5555.02046350823
-5555.37246738554
-5554.83159624876
-5555.35159524765
-5556.22989964153
-5556.30916068956
-5554.98634366002
-5554.83159624876
-5554.74224233697
-5554.83159624876
-5555.08593379774
-5556.27139080894
-5555.06548944007
-5555.04692148492
-5554.77435202228
-5554.76568688735
-5555.26713436769
-5554.75146759101
-5554.73659976978
-5556.27375146875
-5555.46842434225
-5554.73735339275
-5555.04879244556
-5555.30402749563
-5555.34622863044
-5554.83159624876
-5554.76592947011
-5554.83159624876
-5554.83159624876
-5556.32280914732
-5555.34622065211
-5554.83159624876
-5554.83159624876
-5554.75007077167
-5554.83159624876
-5556.11741732604
-5554.9505348219
-5556.27280094515
-5556.1909593852
-5554.83159624876
-5554.83159624876
-5554.99343733439
-5555.31442359218
-5556.27156954545
-5555.38727810284
-5554.68048169514
-5554.73493961751
-5555.31996418219
-5554.99675164802
-5554.83159624876
-5556.06404038685
-5554.83159624876
-5555.32458767589
-5556.30591620378
-5555.32684892445
-5556.21609772201
-5554.83159624876
-5555.31347784921
-5554.71825461174
-5556.10484997009
-5555.31743096072
-5554.83159624876
-5555.3111176105
-5554.73182011295
-5554.83159624876
-5555.37449802059
-5554.74835537216
-5554.83159624876
-5554.67052461417
-5554.92662752143
-5554.74608921319
-5554.83159624876
-5556.17617440871
-5556.17381530549
-5555.32417044637
-5554.83159624876
-5556.1730450251
-5554.75920663223
-5556.08909238559
-5554.78118951099
-5554.9618171081
-5554.78842428745
-5554.80980837265
-5554.83159624876
-5554.75147932228
-5554.83159624876
-5554.83159624876
-5554.83159624876
-5556.19594311516
-5554.79073071019
-5555.31588699268
-5556.29243266737
-5554.83159624876
-5556.07335878135
-5554.99060617436
-5554.79486062077
-5554.84129530467
-5554.73216641886
-5554.71819326453
-5554.83159624876
-5554.95398117754
-5556.21368151084
-5554.74570061167
-5556.39700336481
-5554.73183801339
-5555.08053025125
-5554.79156481301
-5555.36035449328
-5554.72523077719
-5554.7023384464
-5556.05064050863
-5555.05952955483
-5555.04819858078
-5555.3331090385
-5555.44262569283
-5554.83159624876
-5556.0883755791
-5556.28307984789
-5555.22610720628
-5555.42967144905
-5555.25312824995
-5556.27550132813
-5555.45745104686
-5555.2699021407
-5556.25751522284
-5555.35605808352
-5555.33752781678
-5555.05131986407
-5556.26775962669
-5555.08425508083
-5556.35761087028
-5555.32012301944
-5555.06306063143
-5554.75845681764
-5555.42954057786
-5555.00618266308
-5554.82025484794
-5554.83159624876
-5556.21461358937
-5555.12403925717
-5555.35492412144
-5556.25442850931
-5554.72932978993
-5555.03888206116
-5555.38316488773
-5554.79162007656
-5554.83660413603
-5554.83159624876
-5554.83159624876
-5555.52501330205
-5554.8086921947
-5554.93737574297
-5555.06950088695
-5555.07399999252
-5555.04475794461
-5554.91636992954
-5554.83159624876
-5555.38335366362
-5556.23113907363
-5555.47071005081
-5554.71393783738
-5555.41853320132
-5555.30077929486
-5555.43318642319
-5555.2629089933
-5554.83159624876
-5554.98751334122
-5555.01554486612
-5556.18319583503
-5554.75530348268
-5555.48840726549
-5554.83159624876
-5556.15731947534
-5554.98812473249
-5554.83159624876
-5554.76365176661
-5554.91414371706
-5555.33852820373
-5556.13799832475
-5554.83159624876
-5554.96487279981
-5555.00433366639
-5554.83159624876
-5554.83159624876
-5554.76954408143
-5556.18231224544
-5555.02700592969
-5554.83159624876
-5554.83159624876
-5556.22131562384
-5554.83159624876
-5554.72488415852
-5555.43732382132
-5554.83159624876
-5554.95703594693
-5555.39697414473
-5555.03382194368
-5554.99575678443
-5554.78464469656
-5555.42558945333
-5556.33633070726
-5554.73451076974
-5554.72988396623
-5554.83159624876
-5556.16913130746
-5554.83159624876
-5555.41675599819
-5556.2643161924
-5554.76238220938
-5556.25036427676
-5555.0869458643
-5556.26948841372
-5556.18798332327
-5555.37506585512
-5556.22557077084
-5556.30729371435
-5554.77065688887
-5554.83159624876
-5555.25729205498
-5554.83159624876
-5554.96088706794
-5555.37593115485
-5554.83159624876
-5555.24175245203
-5555.26303667496
-5556.1927476269
-5554.83159624876
-5555.38755298828
-5554.7343917888
-5556.17705700977
-5554.94030462164
-5555.5169659589
-5554.83159624876
-5556.2444776641
-5555.02953024516
-5554.68927941041
-5555.36588703718
-5555.07482109245
-5554.77423315802
-5554.75304246609
-5555.30945664245
-5556.09757983098
-5556.16310586257
-5554.9937826585
-5554.83159624876
-5555.45712216105
-5556.15794520295
-5555.32531962978
-5554.73123150557
-5555.09217395912
-5555.0288803609
-5554.72965470574
-5554.78750304792
-5555.13041505075
-5554.83159624876
-5554.81500057193
-5554.7156139834
-5554.83159624876
-5555.00873911375
-5555.39138745546
-5554.754012631
-5556.40844116814
-5555.48585682238
-5556.20400920903
-5554.74928953867
-5555.43623128621
-5555.45363814985
-5555.00662985097
-5554.83159624876
-5554.83159624876
-5554.9940133448
-5554.83159624876
-5554.83159624876
-5556.2216570525
-5556.29758766489
-5556.38882981096
-5555.0475528938
-5554.9922879122
-5554.83159624876
-5555.03789805788
-5556.28861296065
-5554.86987760172
-5554.73426840744
-5554.71411460953
-5555.46931742085
-5554.83159624876
-5554.83159624876
-5555.30267606367
-5554.83159624876
-5556.13792389192
-5555.29507799784
-5554.76934473738
-5554.77644687417
-5555.2764131767
-5556.09028483378
-5555.50457571918
-5554.73837219599
-5554.83159624876
-5556.06611730552
-5554.75551798966
-5555.39488276567
-5555.01001015843
-5555.04190318802
-5554.74272257293
-5554.83159624876
-5556.13798408078
-5556.2076994734
-5555.42977353496
-5554.97329421903
-5554.83159624876
-5554.83159624876
-5554.77599989006
-5554.77357160577
-5554.78343297456
-5554.95347230896
-5555.40843179177
-5556.26040151679
-5554.83159624876
-5554.67672465141
-5555.26150772604
-5556.3014667007
-5555.28640325891
-5555.03378637442
-5554.80576368219
-5556.25721982277
-5554.83159624876
-5555.04688367599
-5555.04547994513
-5554.75827350594
-5555.3353224028
-5554.83159624876
-5555.31940639563
-5556.1638409401
-5555.33885637521
-5554.70017412481
-5556.25753509232
-5556.28154228627
-5556.22574595317
-5555.36154149658
-5555.55344175511
-5554.77328497366
-5554.83159624876
-5555.01969279419
-5555.60383540597
-5555.05724220288
-5554.99299474368
-5556.41343488012
-5554.83159624876
-5554.83159624876
-5554.96312961409
-5554.80515291486
-5554.73980084998
-5554.97265707076
-5555.56233272671
-5554.83159624876
-5554.81442489334
-5555.0407365916
-5555.45061527763
-5554.83159624876
-5556.21457208721
-5554.83159624876
-5554.83159624876
-5556.20139807521
-5554.71479441628
-5555.32711384391
-5554.83159624876
-5554.83159624876
-5554.83159624876
-5555.57729377038
-5554.83159624876
-5556.343643564
-5554.81253577697
-5554.83159624876
-5555.49200843126
-5556.13236783618
-5554.83159624876
-5554.83159624876
-5555.29916386498
-5554.83785031786
-5555.42654541088
-5554.83159624876
-5556.2465075494
-5554.83159624876
-5555.50048271552
-5555.04589108644
-5554.83159624876
-5554.83159624876
-5556.11788364196
-5554.83159624876
-5554.83159624876
-5555.01895116621
-5554.76036033564
-5556.1865567371
-5554.78153962855
-5554.74795081876
-5554.98212951678
-5555.44078252477
-5556.30179764875
-5555.38493931747
-5556.25625754053
-5554.83159624876
-5556.29189351757
-5554.83159624876
-5555.1082701927
-5555.13235009678
-5555.43153007075
-5554.91965442163
-5555.51120865193
-5554.83159624876
-5555.42953070064
-5556.3099761249
-5554.7434906098
-5555.00429250042
-5556.0760470418
-5555.3272572083
-5555.40832400715
-5554.77335707331
-5554.83159624876
-5554.83159624876
-5554.92596614649
-5556.31818777903
-5555.07455477897
-5554.83159624876
-5556.24186812803
-5555.34937307933
-5555.11857728566
-5556.21644681084
-5554.97570244758
-5556.31647300924
-5554.97263996421
-5554.6971130026
-5554.83159624876
-5555.27135846298
-5556.20010499257
-5556.15746564257
-5556.24672699575
-5555.479293321
-5555.00882963291
-5554.83159624876
-5555.03711797393
-5554.75094635604
-5556.3739305157
-5555.44031150409
-5554.78165374543
-5555.24822208692
-5554.79701105873
-5555.32072188135
-5556.22701155249
-5554.73131555979
-5556.19614703169
-5554.83159624876
-5555.10336306552
-5554.77928776767
-5556.22121739261
-5555.06359773647
-5554.755915715
-5556.22962849366
-5556.17405565653
-5554.83159624876
-5554.83159624876
-5554.99396947265
-5555.31188378479
-5555.05366589998
-5554.83159624876
-5555.05117614073
-5554.83159624876
-5554.99728335239
-5554.8176010796
-5554.75930404844
-5555.39474260249
-5555.28296472129
-5554.78267541041
-5554.67599502426
-5555.26358378926
-5554.7712776126
-5554.83159624876
-5555.10567931241
-5555.08933498629
-5554.83159624876
-5555.33316686426
-5556.14156331385
-5556.17045069192
-5555.01002862038
-5555.44822470283
-5556.2359738164
-5556.17385723981
-5554.83159624876
-5554.83159624876
-5554.69770775139
-5556.17587477
-5555.38472244872
-5555.33036126751
-5554.71098148206
-5554.83159624876
-5554.96233397233
-5554.79303197386
-5554.83159624876
-5554.73837173711
-5554.73762975263
-5554.79188541491
-5555.3307173697
-5554.73588690619
-5555.2038686461
-5555.30443706868
-5554.72740805973
-5556.2133122486
-5554.99143103937
-5555.07954025968
-5555.05460342243
-5554.83159624876
-5555.43191356817
-5556.19433094941
-5556.19220642426
-5554.73216030466
-5554.79910763978
-5555.0031727471
-5555.42691302422
-5555.31853265037
-5556.2908717221
-5555.13830065966
-5555.41239289589
-5554.72511203217
-5555.0298910959
-5556.29861588856
-5554.83159624876
-5554.83159624876
-5554.94517962603
-5554.83159624876
-5556.23701433
-5555.38630503563
-5556.20148764964
-5555.3813195875
-5555.33688512208
-5555.12041188341
-5555.32543371558
-5554.9735795493
-5554.73003620209
-5556.20770709968
-5555.12505382694
-5556.36633934614
-5555.04956490749
-5554.73390688199
-5554.89314132
-5554.83159624876
-5556.16396308547
-5556.26829790847
-5556.26579462086
-5554.7424312902
-5556.31989419267
-5554.83159624876
-5554.71280203713
-5555.39136791945
-5554.83159624876
-5556.10219373787
-5555.34991882774
-5556.27617571611
-5555.12934250437
-5555.35126857237
-5554.72292970623
-5555.05629487847
-5556.1257796246
-5554.76591515971
-5554.83159624876
-5556.16517006584
-5554.94589601404
-5554.83159624876
-5554.83159624876
-5555.4142929305
-5554.7882913144
-5554.83159624876
-5554.83159624876
-5554.83159624876
-5554.74982727184
-5554.97410254827
-5554.72032601823
-5556.23194491877
-5554.72072655335
-5554.83159624876
-5554.83159624876
-5556.29246636332
-5554.7271947702
-5555.40861692557
-5554.83159624876
-5555.40826934346
-5554.82875351474
-5555.00714746306
-5555.15826019252
-5556.31307212787
-5556.19742017247
-5554.73975656335
-5556.33055962639
-5554.77519878407
-5554.83159624876
-5554.83159624876
-5555.05263263156
-5554.83159624876
-5556.32860751229
-5555.11113862924
-5555.44404126635
-5554.83159624876
-5554.83159624876
-5555.43428445846
-5554.69815813795
-5554.74181991776
-5556.12366742983
-5556.23947442063
-5556.22545360901
-5555.29850017941
-5554.95072606593
-5555.56781509878
-5554.80592052702
-5554.72213312138
-5554.83159624876
-5555.076959527
-5555.43575554598
-5554.83159624876
-5555.13987576249
-5556.23307815629
-5555.29027151861
-5554.96281926261
-5554.83159624876
-5555.43473384866
-5555.4567188886
-5555.46097246666
-5554.73258449135
-5554.95941514832
-5555.00012798128
-5554.83159624876
-5554.83159624876
-5554.95123392071
-5555.23933861486
-5554.83159624876
-5556.1765806528
-5555.32147271006
-5554.83159624876
-5555.26579021313
-5555.31584598451
-5556.27481667749
-5554.78549214173
-5554.75830622569
-5556.29944434878
-5555.4446986122
-5556.29985475844
-5554.98430691471
-5554.70457161883
-5555.21467758984
-5554.70071241439
-5554.93078698818
-5554.83159624876
-5556.29830016994
-5554.74766004195
-5554.74709072661
-5554.76998689836
-5556.16575231
-5554.83159624876
-5554.83159624876
-5555.35165064382
-5555.31452339849
-5556.08941682032
-5554.83159624876
-5554.75642607096
-5555.37795413557
-5555.40925779789
-5554.90672416733
-5554.83159624876
-5556.21839711223
-5555.45012534488
-5554.83159624876
-5554.83159624876
-5554.76531383657
-5556.3553507771
-5556.29608198007
-5554.74118555417
-5554.83159624876
-5554.72797423288
-5554.83159624876
-5556.32526481501
-5556.22080746212
-5554.83159624876
-5555.3308493963
-5556.20114142303
-5555.26861263642
-5556.30325854161
-5554.83159624876
-5556.45488974022
-5556.39926281871
-5554.83159624876
-5554.72101722323
-5556.18536250205
-5554.83159624876
-5555.00903500901
-5554.8075338738
-5554.83159624876
-5556.35606725943
-5556.49820395763
-5555.08591334785
-5555.11556427198
-5554.70789647808
-5555.42603164671
-5556.42671176586
-5554.76469412248
-5556.04118139407
-5554.83159624876
-5555.39141380961
-5555.03565622484
-5555.33223807535
-5556.21391141426
-5556.32669772606
-5554.74820532083
-5554.71882495064
-5554.83159624876
-5555.37546379588
-5555.06501549932
-5554.80866782949
-5556.22128207822
-5555.10022312567
-5556.32301597774
-5555.04940741356
-5554.80494814174
-5556.14720481767
-5554.83159624876
-5555.10081706709
-5556.0609515974
-5554.99795718046
-5555.31169659194
-5554.79382437152
-5555.01015294731
-5554.83159624876
-5554.75094961953
-5555.48576192307
-5555.02790866523
-5554.78053052292
-5556.22175640135
-5554.82778503288
-5555.03759730998
-5555.47506235678
-5554.78220931412
-5555.01088759376
-5554.94588401295
-5554.83159624876
-5554.83159624876
-5554.97447866054
-5555.36471660536
-5554.83159624876
-5556.14799809406
-5555.32325177778
-5554.83159624876
-5555.33574257227
-5554.76471971854
-5556.15797547228
-5554.83159624876
-5555.38515747344
-5554.82588979187
-5554.83159624876
-5555.50186513921
-5555.01440742801
-5555.36777252202
-5554.83159624876
-5555.37029236964
-5554.83159624876
-5556.25826389045
-5555.06253762544
-5554.83159624876
-5555.08055710964
-5556.27607238902
-5555.42128655626
-5554.72971093676
-5554.71670493996
-5554.83159624876
-5555.09264155717
-5555.39929535924
-5556.22871495569
-5555.47998309064
-5555.04461563166
-5555.19681659758
-5554.75731079659
-5556.34013949378
-5556.36642185357
-5556.22419830278
-5554.94979833231
-5555.43832302801
-5556.39098179158
-5556.31240524705
-5554.83159624876
-5555.47923983712
-5555.09475462679
-5555.07720899333
-5556.24785772254
-5555.22116927757
-5554.79994166271
-5554.79097975498
-5554.69649719101
-5556.48999158762
-5555.12515755039
-5554.79132236935
-5555.3926381948
-5554.76621833897
-5554.96973433189
-5554.62732418259
-5556.25271307811
-5556.34320888202
-5555.42240763937
-5556.28917298709
-5554.83159624876
-5554.83159624876
-5555.07402814842
-5554.72374241081
-5556.29735832584
-5554.83159624876
-5555.02090266837
-5555.03860822616
-5555.46907008991
-5555.17084762403
-5555.36925280894
-5554.70574257475
-5555.15745230951
-5555.11744477075
-5554.84174916851
-5554.77472688256
-5556.18707054854
-5554.83159624876
-5556.13996838951
-5554.83159624876
-5555.26882574084
-5556.18266746116
-5555.31888354975
-5554.82683231217
-5555.44025311635
-5554.83159624876
-5554.73781662067
-5554.76325061272
-5554.91537155759
-5555.33087773884
-5555.29714576576
-5556.05287118723
-5554.92285267811
-5555.30663048892
-5554.73289180141
-5556.18849076231
-5556.09420227133
-5555.0471342013
-5555.44381048113
-5555.05445220527
-5555.31797403054
-5556.13700036209
-5554.83159624876
-5554.83159624876
-5554.83159624876
-5554.83159624876
-5555.01523892736
-5554.83159624876
-5555.037996094
-5554.83159624876
-5555.36487175934
-5554.83159624876
-5554.98249089264
-5554.83159624876
-5555.39805354399
-5555.08266570729
-5554.7588727311
-5556.43198640552
-5555.33521914136
-5555.37667725385
-5555.24642855134
-5555.34825150555
-5554.83159624876
-5554.77339211666
-5554.71600526415
-5556.15197103705
-5555.39027966906
-5555.32005995149
-5556.03308632152
-5554.68833679987
-5554.67520464005
-5554.7478639199
-5556.38384494655
-5555.30961043247
-5554.75763513381
-5556.20903222921
-5555.04632038701
-5554.73239913353
-5556.28332679592
-5555.01976267294
-5554.76936430658
-5554.83159624876
-5556.24244881811
-5554.98116021562
-5556.24421299268
-5556.19799861244
-5555.39347276037
-5554.75359110799
-5554.83159624876
-5555.42178302523
-5555.05342825545
-5554.74295065032
-5554.98132875512
-5554.80923438526
-5555.07840343455
-5554.92743031851
-5554.99459307409
-5556.23917369001
-5555.04411928467
-5554.83159624876
-5555.05835375468
-5556.31402228571
-5556.29139618016
-5554.83159624876
-5554.83159624876
-5555.26671085263
-5555.12253130264
-5554.80585502788
-5555.36516334219
-5554.80418619949
-5554.74043877928
-5555.04112364035
-5554.93651203275
-5555.54405797541
-5555.04926074927
-5556.3261578582
-5554.74395368577
-5555.06224558843
-5554.76964293793
-5555.24061825486
-5555.51332572545
-5554.70064208704
-5556.42942960254
-5554.79003950566
-5556.16073625172
-5555.4128482254
-5556.23979749563
-5554.76235208353
-5555.08202881066
-5556.27772326321
-5556.19296942345
-5556.2696968256
-5555.14792532535
-5555.11998814029
-5554.7283279682
-5554.83159624876
-5555.10916744523
-5555.43806551057
-5554.73339002732
-5555.48657165306
-5554.71284693896
-5555.51495439738
-5556.21612759968
-5556.36516603854
-5556.2064640121
-5555.49974068579
-5554.83159624876
-5554.79335160342
-5555.02976449293
-5554.74816636978
-5554.83159624876
-5555.40679416269
-5554.83159624876
-5556.25301902373
-5555.32649254746
-5554.83159624876
-5554.73043374144
-5554.68588068302
-5556.11649402792
-5556.1036673149
-5555.06480412762
-5554.7320927492
-5556.17264246884
