# type 5 occupying energies
-5586.2428132082
-5585.35643769681
-5585.43984417697
-5587.04183925605
-5585.80694539205
-5585.47413882745
-5585.36459595348
-5587.04183925605
-5587.04183925605
-5585.51923238229
-5585.76658001669
-5585.56200837599
-5585.56943755477
-5585.8018657
-5587.04183925605
-5587.04183925605
-5585.95753879272
-5586.06146055992
-5587.04183925605
-5585.81916754573
-5585.5585635718
-5585.86919202422
-5585.80941293519
-5586.20822912598
-5585.57625897793
-5585.57936552839
-5585.74955149894
-5587.04183925605
-5585.87505332656
-5585.47320441247
-5585.6874806776
-5586.28460807995
-5587.04183925605
-5587.04183925605
-5586.13786186816
-5585.96946057199
-5585.56513946987
-5585.81907187714
-5585.46745359235
-5585.57124174423
-5585.48869003506
-5587.04183925605
-5587.04183925605
-5586.01050117229
-5586.0327626312
-5587.04183925605
-5586.04818520263
-5585.59891422901
-5587.04183925605
-5586.0082353963
-5586.20517118789
-5587.04183925605
-5586.11301094445
-5585.46303059254
-5585.39242061375
-5587.04183925605
-5585.70155186795
-5586.17504115973
-5585.81321171526
-5585.6165724307
-5586.20708911559
-5587.04183925605
-5585.66662632436
-5585.44848290785
-5585.62064426478
-5585.76030351032
-5587.04183925605
-5585.69910562592
-5585.79529928775
-5585.74784110658
-5585.52233801087
-5585.38940040702
-5587.04183925605
-5585.77301044868
-5585.96379967897
-5586.05711128542
-5586.03093701628
-5586.03631494078
-5587.04183925605
-5586.03835228941
-5585.37546716493
-5586.08570113244
-5585.55496897527
-5587.04183925605
-5585.71106220492
-5585.42653446057
-5585.78403530617
-5587.04183925605
-5585.58714740846
-5585.41410586967
-5585.74784687298
-5585.48839143033
-5587.04183925605
-5585.869519165
-5586.15208212844
-5587.04183925605
-5585.47607954769
-5587.04183925605
-5585.7193672775
-5585.49308106401
-5585.45179506194
-5587.04183925605
-5585.75043756387
-5585.75826402619
-5587.04183925605
-5585.72916216148
-5585.81883632554
-5585.42614184229
-5585.66861067073
-5585.44794267851
-5587.04183925605
-5586.217377381
-5585.47633606738
-5585.76734136134
-5586.11700244995
-5586.01351961291
-5587.04183925605
-5585.75669038585
-5585.40102067556
-5587.04183925605
-5587.04183925605
-5585.82470385767
-5585.8200517299
-5585.57069717633
-5585.42197130909
-5585.81487969067
-5586.21822033551
-5585.58961824897
-5587.04183925605
-5585.60352443717
-5585.46131249544
-5585.84685974835
-5586.24244811521
-5585.78609654966
-5585.59040281301
-5586.18542305082
-5585.53187933974
-5585.90162032127
-5586.17047723198
-5586.11810580017
-5586.07392953859
-5585.39613531122
-5586.07380824533
-5587.04183925605
-5585.5428534239
-5587.04183925605
-5585.49862107588
-5587.04183925605
-5585.72933104538
-5585.46393023365
-5585.54268519475
-5585.77454784664
-5585.89682633035
-5585.79882501401
-5587.04183925605
-5585.79262346449
-5585.4388524566
-5587.04183925605
-5585.78502604049
-5585.75576307976
-5585.74983342905
-5585.50768417518
-5585.55716674642
-5585.48620834026
-5585.79877615539
-5585.73877009241
-5585.51149457259
-5585.45228611679
-5585.50462232307
-5585.4767264264
-5585.67067180232
-5587.04183925605
-5585.47337801815
-5587.04183925605
-5585.75105779973
-5585.78464767687
-5587.04183925605
-5585.42255527354
-5585.43813093561
-5585.74644114921
-5585.60945287067
-5585.78232115801
-5587.04183925605
-5585.57705949409
-5585.70671315366
-5585.54139826319
-5585.76315707461
-5585.71372861645
-5585.48490235848
-5585.53771571071
-5585.53792188014
-5585.78046516975
-5585.74469410079
-5585.63007005825
-5587.04183925605
-5585.53906580521
-5586.23829540767
-5585.621675071
-5585.61648140962
-5586.16812995125
-5585.56516994934
-5585.79619294653
-5585.5152568801
-5585.57601775478
-5585.60239233977
-5586.15681841265
-5586.02731132062
-5585.48836515604
-5585.85512782593
-5585.51387371022
-5586.11182399087
-5587.04183925605
-5587.04183925605
-5585.42063977961
-5587.04183925605
-5585.53393902481
-5587.04183925605
-5585.55900446284
-5585.54181222926
-5586.06025021416
-5585.55978186104
-5587.04183925605
-5585.72683608001
-5585.39504707617
-5587.04183925605
-5587.04183925605
-5587.04183925605
-5585.32784176194
-5585.80088380145
-5587.04183925605
-5585.47861283654
-5586.09323774123
-5585.86580566822
-5585.76413843773
-5585.58540832942
-5585.62539332412
-5585.57502585528
-5585.75313538592
-5585.50635768874
-5587.04183925605
-5587.04183925605
-5585.87478922131
-5587.04183925605
-5586.23550052361
-5585.61988128405
-5586.05437486653
-5587.04183925605
-5586.17585853252
-5586.0375426587
-5585.51514297748
-5586.00268207848
-5585.42296794557
-5585.52985021225
-5585.5472665853
-5585.49676677434
-5585.58736275353
-5585.69969435556
-5587.04183925605
-5585.53270492499
-5585.40155689608
-5587.04183925605
-5586.10247832032
-5586.08580198656
-5587.04183925605
-5586.09023655935
-5585.5746084508
-5585.44900834326
-5587.04183925605
-5585.96801886557
-5586.02733319669
-5585.53177778862
-5585.81988010668
-5585.72927900309
-5586.13726677881
-5585.574671778
-5586.09455345514
-5586.08035051437
-5585.46600299799
-5587.04183925605
-5585.9388971542
-5585.79626944708
-5587.04183925605
-5585.76603776254
-5585.61128384595
-5585.66781472995
-5585.70719985753
-5585.53755648646
-5585.87557196156
-5585.73463179853
-5586.14826845311
-5585.48564423981
-5586.23132719783
-5587.04183925605
-5585.45414985498
-5586.23614810361
-5585.56536185839
-5585.5405427559
-5585.52182684294
-5586.04354048854
-5585.48071397045
-5587.04183925605
-5585.87258709769
-5585.58686075045
-5585.49352387104
-5587.04183925605
-5585.7415401892
-5587.04183925605
-5586.15104415299
-5585.8307525132
-5585.5988406477
-5586.13983961193
-5587.04183925605
-5585.78330041862
-5585.61673165045
-5587.04183925605
-5585.46041647441
-5587.04183925605
-5585.51639241511
-5585.42794013673
-5585.73365125353
-5585.54341954659
-5587.04183925605
-5585.70330450413
-5585.87011005326
-5585.78482245288
-5585.73250917024
-5585.4970390186
-5587.04183925605
-5585.82803809291
-5585.50165142264
-5585.40150684498
-5586.12896077551
-5587.04183925605
-5586.09802595334
-5586.25471713433
-5585.51890916283
-5585.56372520091
-5585.45989239867
-5585.78205995268
-5585.80272016099
-5586.14172961025
-5585.99243868439
-5586.18290020501
-5585.96131606647
-5585.92522634846
-5585.50623924679
-5587.04183925605
-5587.04183925605
-5585.52693444194
-5585.52039054923
-5586.04715122301
-5587.04183925605
-5587.04183925605
-5585.46879002764
-5585.71883990559
-5587.04183925605
-5585.4345146071
-5585.70412911075
-5587.04183925605
-5587.04183925605
-5585.72784860692
-5585.54017886761
-5585.47320650422
-5585.55439307281
-5585.58169640498
-5585.61483681345
-5585.48097285859
-5585.47548429386
-5586.09824151415
-5586.11875051446
-5586.02859722825
-5585.38870522198
-5585.53561341716
-5585.73625237953
-5585.53714943007
-5585.76514567852
-5585.60230117
-5585.76727227671
-5587.04183925605
-5585.37741810544
-5585.72169992221
-5587.04183925605
-5587.04183925605
-5585.76889390394
-5585.58329737317
-5585.54548769223
-5585.60128246365
-5587.04183925605
-5585.44614478654
-5585.77642507263
-5585.57926248341
-5585.76614199741
-5586.13069551457
-5587.04183925605
-5587.04183925605
-5585.61131865306
-5585.7956642263
-5585.60016720158
-5585.65445113643
-5585.74753877973
-5587.04183925605
-5587.04183925605
-5585.6297324508
-5585.77776471429
-5586.1682308174
-5585.37277327624
-5585.48813670451
-5585.49843944331
-5587.04183925605
-5586.18836631318
-5585.59573306845
-5585.83943277916
-5585.87830933391
-5585.6679287964
-5585.57817732028
-5587.04183925605
-5585.60818825888
-5585.66466275833
-5587.04183925605
-5586.05914641498
-5587.04183925605
-5585.8647017339
-5585.66939741911
-5585.88399317086
-5585.56243630867
-5586.06451448769
-5586.17210807794
-5586.08873878234
-5586.18687756027
-5587.04183925605
-5586.08383601324
-5585.57371699114
-5585.56064967895
-5585.6275385537
-5585.50489720258
-5585.98339854657
-5586.05538445081
-5586.21911190184
-5585.89401556109
-5585.85377066862
-5586.08577709358
-5587.04183925605
-5586.12477529649
-5585.9243473929
-5585.47522164365
-5587.04183925605
-5586.11872801688
-5585.50731864678
-5587.04183925605
-5585.96031503625
-5587.04183925605
-5587.04183925605
-5586.07061531545
-5586.10559404468
-5587.04183925605
-5586.1356491018
-5585.52393129171
-5587.04183925605
-5586.14472017903
-5586.03565251472
-5586.06836339888
-5587.04183925605
-5586.14731871665
-5587.04183925605
-5586.13253453656
-5585.42708594248
-5585.5126962776
-5587.04183925605
-5586.09056721116
-5586.08285478491
-5585.99147455773
-5587.04183925605
-5586.04070675241
-5585.61882835897
-5585.46065344489
-5586.09228539206
-5587.04183925605
-5586.06822224177
-5586.01594842669
-5586.10820744766
-5586.02372894774
-5586.08710293524
-5586.00602380092
-5587.04183925605
-5587.04183925605
-5586.04780111178
-5585.83711888171
-5586.08016023226
-5586.00961578017
-5586.07146975022
-5586.1246773388
-5586.23221957328
-5586.10140279152
-5587.04183925605
-5586.13729021278
-5586.11722734979
-5586.16006183193
-5585.35996825609
-5585.73367419983
-5585.41808915029
-5585.98992172993
-5587.04183925605
-5585.7652092915
-5586.00847474473
-5586.07999617134
-5586.09261827998
-5586.05655570077
-5586.16674467298
-5587.04183925605
-5587.04183925605
-5586.1173513301
-5587.04183925605
-5587.04183925605
-5587.04183925605
-5587.04183925605
-5585.52255214747
-5586.0756260762
-5586.00467300311
-5585.78841966951
-5585.48022239687
-5585.41359097879
-5585.58135563232
-5585.79930131218
-5585.43436299637
-5585.35598758819
-5585.52091457387
-5587.04183925605
-5585.52153559774
-5586.04767426251
-5586.04268918228
-5587.04183925605
-5586.07334707001
-5585.57018156335
-5585.78161892557
-5585.82674606785
-5585.80557119297
-5587.04183925605
-5586.0197458346
-5586.05144196499
-5585.7600110048
-5585.51358605159
-5585.64864975167
-5585.58908294943
-5587.04183925605
-5587.04183925605
-5585.84302933669
-5587.04183925605
-5585.41930160169
-5585.50525980982
-5587.04183925605
-5585.76451411886
-5585.46213767119
-5585.74856343897
-5587.04183925605
-5585.54317910218
-5585.81869086609
-5585.51560611583
-5585.75809964866
-5586.15071531209
-5585.50724114135
-5585.78876938807
-5585.35501046087
-5585.57789099196
-5585.42502543264
-5585.56002430148
-5585.55201732831
-5585.78605272188
-5585.81439870983
-5585.49448089922
-5587.04183925605
-5585.55184643198
-5585.6165243452
-5585.49840338127
-5585.7159340107
-5585.58884438256
-5585.70182027084
-5585.73019827335
-5587.04183925605
-5587.04183925605
-5585.56129068714
-5587.04183925605
-5585.4627206492
-5585.46350253017
-5587.04183925605
-5585.46161741952
-5586.15709862069
-5585.47422918016
-5586.07134490779
-5585.79560380329
-5585.77050141914
-5585.7791744701
-5585.74776686638
-5587.04183925605
-5585.61505357005
-5586.21553524031
-5585.43700426416
-5585.80734828174
-5585.41644065306
-5587.04183925605
-5585.57842998346
-5586.15910870565
-5585.69956074282
-5585.66955763722
-5586.28047524247
-5586.094927442
-5587.04183925605
-5585.79028524861
-5586.31139211182
-5586.2943141149
-5586.19994584155
-5585.69653777467
-5586.16414086933
-5586.05207328263
-5585.58945719874
-5585.70148129786
-5586.02231575843
-5585.58496775279
-5585.72658959039
-5586.23299485014
-5585.47764669728
-5586.1719293824
-5585.53996267379
-5585.58663259988
-5587.04183925605
-5585.43128504443
-5586.07279321963
-5586.18506807582
-5587.04183925605
-5585.97688702134
-5585.93228633568
-5587.04183925605
-5585.82795835435
-5585.53408877854
-5586.12893962768
-5586.23025748189
-5585.93432384256
-5586.11044144962
-5585.55784503943
-5587.04183925605
-5585.55245445795
-5586.05180707644
-5586.13480830112
-5585.59692278855
-5585.60048250108
-5585.81772331635
-5585.92927835105
-5585.9271877149
-5585.75469362123
-5585.9342118985
-5585.61816054956
-5587.04183925605
-5586.09126634874
-5585.73509344335
-5586.05489853939
-5585.48614443329
-5585.4452306337
-5587.04183925605
-5586.00202757637
-5587.04183925605
-5585.42468809869
-5585.68117040844
-5586.12183584459
-5586.13272321963
-5585.57066204096
-5585.59257029044
-5585.43120163934
-5585.48917159894
-5585.51509852837
-5585.74872508773
-5585.47243420519
-5585.75443502696
-5587.04183925605
-5585.80185882862
-5585.47830451103
-5585.7809405461
-5585.80617429791
-5587.04183925605
-5586.14387134559
-5585.62172984028
-5587.04183925605
-5586.22431618583
-5587.04183925605
-5585.52561865213
-5585.83346665243
-5586.12988931154
-5585.65086278309
-5585.55142220242
-5585.83172154545
-5585.75074881969
-5585.48321628287
-5587.04183925605
-5585.53127226356
-5585.55470145635
-5585.71575106057
-5585.48293408848
-5585.62500575676
-5585.75508480454
-5585.55148814666
-5585.3649612041
-5587.04183925605
-5585.53615611241
-5585.56267489761
-5585.71315154902
-5587.04183925605
-5585.59691876113
-5585.42737404763
-5585.80622677734
-5585.59792753568
-5585.75550080192
-5585.80940071395
-5585.55485902482
-5587.04183925605
-5585.32808584555
-5585.60679946398
-5585.50713627843
-5585.68811037855
-5585.77933347358
-5585.52773491549
-5585.77803920545
-5587.04183925605
-5585.78496501246
-5585.63439745148
-5585.57455892668
-5585.54699616165
-5585.76456694679
-5585.61625091196
-5586.32989606578
-5585.59151534114
-5587.04183925605
-5585.34650473646
-5585.7432405472
-5585.76648371053
-5587.04183925605
-5585.60327321302
-5585.54493261888
-5585.57247029244
-5585.83678024856
-5587.04183925605
-5585.77326313959
-5587.04183925605
-5585.46323434323
-5585.41414014548
-5587.04183925605
-5585.46854796498
-5585.47879397371
-5587.04183925605
-5585.48030102822
-5587.04183925605
-5585.4798461466
-5587.04183925605
-5585.41241456171
-5587.04183925605
-5585.7704642449
-5585.67228655037
-5585.52957291734
-5585.7677355216
-5587.04183925605
-5585.3479402915
-5586.07857671989
-5585.46163775617
-5585.85099182553
-5585.65102928723
-5586.09661125712
-5585.80251956257
-5585.78514698003
-5585.79315341149
-5585.77292602038
-5587.04183925605
-5585.72944162811
-5585.39269931006
-5587.04183925605
-5585.5530015146
-5585.51332545885
-5586.18504349058
-5585.64539706178
-5586.10239297242
-5587.04183925605
-5585.93730527042
-5585.61363599452
-5585.56174015647
-5585.59626108773
-5585.75525705174
-5585.61949132112
-5585.82841349333
-5587.04183925605
-5587.04183925605
-5585.50642120596
-5587.04183925605
-5585.78519797555
-5587.04183925605
-5585.47817965843
-5585.44888695632
-5585.80506159157
-5585.7929200167
-5585.66902856366
-5585.52234767071
-5585.53399668473
-5585.45027883593
-5587.04183925605
-5585.74435911097
-5585.36298835125
-5585.78853097404
-5585.7834393895
-5585.49589411705
-5585.75322280238
-5585.65537400606
-5585.67675445944
-5585.6331207934
-5585.44898109598
-5587.04183925605
-5587.04183925605
-5586.08442268685
-5585.55757751087
-5585.53805007073
-5585.80473504207
-5585.69775575221
-5585.52553663868
-5585.72579985847
-5585.55416327007
-5585.75973158143
-5585.56371539219
-5587.04183925605
-5587.04183925605
-5585.70252081904
-5586.09515539429
-5585.61935497681
-5585.5933314546
-5585.51584433909
-5585.7921831935
-5585.77838616022
-5587.04183925605
-5586.07642626725
-5586.10795334985
-5587.04183925605
-5585.78183526387
-5586.25485527299
-5585.52816265518
-5586.22916608603
-5585.67357248082
-5586.2769472069
-5585.81697379147
-5585.84057315776
-5585.63811375039
-5585.78686447084
-5585.54016003823
-5585.87308087319
-5585.52239103218
-5585.57247482167
-5585.5616209008
-5585.4886573376
-5585.81477575044
-5587.04183925605
-5585.67921689049
-5585.63636407488
-5585.5644486815
-5585.73244170409
-5585.65253006192
-5585.57819991158
-5587.04183925605
-5585.59064237999
-5585.54690831629
-5587.04183925605
-5585.5301990469
-5585.8270832648
-5585.46792731066
-5585.60519352275
-5585.54759250982
-5587.04183925605
-5585.46159422945
-5585.57485439411
-5587.04183925605
-5585.70452321395
-5585.5705156345
-5585.74113291565
-5585.79125685384
-5585.52588686778
-5585.60490811084
-5585.56157940502
-5585.6242964518
-5585.81155387948
-5585.46557441937
-5585.76172642173
-5585.59264584318
-5585.50497294692
-5585.78356515063
-5585.46006200621
-5585.79301260951
-5585.76612368351
-5585.517005371
-5585.75232773834
-5585.7852068106
-5585.60504485799
-5585.55339223513
-5585.59845589921
-5586.08424731015
-5587.04183925605
-5587.04183925605
-5585.4676007232
-5585.68798517582
-5586.26293234667
-5585.60622109015
-5585.55594928352
-5586.0669093332
-5585.56195719534
-5586.06364959789
-5585.74245002256
-5585.74701237009
-5585.59497697066
-5585.57309383243
-5585.40350155856
-5587.04183925605
-5587.04183925605
-5585.56619583925
-5586.09445898563
-5587.04183925605
-5585.60671252179
-5585.45439395956
-5585.76653253353
-5585.5133539639
-5587.04183925605
-5585.50457189364
-5587.04183925605
-5585.44023523663
-5586.20423778339
-5587.04183925605
-5586.08088873886
-5586.13762529242
-5585.55658871689
-5587.04183925605
-5587.04183925605
-5585.72252024191
-5585.53270524391
-5585.43991791421
-5585.73213040279
-5585.77173276852
-5585.97787605037
-5585.6359088612
-5585.86215839919
-5587.04183925605
-5585.43989619844
-5585.63692242177
-5586.06989053048
-5587.04183925605
-5585.44951240827
-5585.68138509448
-5587.04183925605
-5585.48902279575
-5585.48665235036
-5585.545817024
-5585.42439191438
-5587.04183925605
-5585.91365724443
-5585.42293816206
-5585.75627889029
-5585.70242066849
-5585.69197921337
-5587.04183925605
-5585.55965344223
-5587.04183925605
-5585.5265796583
-5585.46994124122
-5585.73638551418
-5587.04183925605
-5587.04183925605
-5585.49519141883
-5585.7634736001
-5585.45973737751
-5587.04183925605
-5585.61861672251
-5585.42890552344
-5586.10690558468
-5586.21017465173
-5587.04183925605
-5585.55634905777
-5585.4697222502
-5587.04183925605
-5585.85452807478
-5585.61091622798
-5585.60706148321
-5585.6482890481
-5585.62332089387
-5587.04183925605
-5585.46839410682
-5585.77171272368
-5585.46467070754
-5585.8032946111
-5585.49314277438
-5585.86665514657
-5585.4763168622
-5586.26099413944
-5585.5275458142
-5585.56230597454
-5587.04183925605
-5585.79644819718
-5585.6251748765
-5585.79428577417
-5585.74342166861
-5585.8702453595
-5585.79880484442
-5585.8139574863
-5585.8051074611
-5585.86417906154
-5585.65968479011
-5585.62830695015
-5586.13235159257
-5585.6050120368
-5585.57493310084
-5585.80267737855
-5585.55860946404
-5585.86611826983
-5587.04183925605
-5585.42594532993
-5585.69933281214
-5587.04183925605
-5585.46834870137
-5585.59209304945
-5585.76142560643
-5587.04183925605
-5585.66303204778
-5585.73497573962
-5585.59593935882
-5587.04183925605
-5586.06495508328
-5586.11935291868
-5587.04183925605
-5585.64921375192
-5585.55063840762
-5585.63043510125
-5585.87255517737
-5587.04183925605
-5585.56221506691
-5585.88744284773
-5585.90691521925
-5585.93749132815
-5586.09929982679
-5585.57477174058
-5586.14264888548
-5586.18419821929
-5586.02491542735
-5585.56194897939
-5586.17912375281
-5587.04183925605
-5586.03318425239
-5586.10476093119
-5585.41761334239
-5587.03932369364
-5587.04183925605
-5586.07579085896
-5585.96302333047
-5585.91130953317
-5585.67235405837
-5585.58651723758
-5587.04183925605
-5585.37683130121
-5585.97860636311
-5585.94493531175
-5587.03932369364
-5585.51462144532
-5585.60838658491
-5585.49570237048
-5586.17824915806
-5585.96643339779
-5587.04183925605
-5585.45660551796
-5586.21104529282
-5585.79933629467
-5585.86950033141
-5585.9562882583
-5587.04183925605
-5585.93091756258
-5586.05866787075
-5585.45147426208
-5586.04613135223
-5585.93886124748
-5587.04183925605
-5585.98474069512
-5585.60526667614
-5586.06451347439
-5587.04183925605
-5586.04483414953
-5586.04764746461
-5585.92995424815
-5587.03932369364
-5585.99239167465
-5586.06016096266
-5585.72642171337
-5587.04183925605
-5585.62835496731
-5587.04183925605
-5586.06006433147
-5587.04183925605
-5585.64512843859
-5585.4094057014
-5585.58713623601
-5585.58537862592
-5586.00131442004
-5586.1028759634
-5587.04183925605
-5585.89441424934
-5587.03932369364
-5586.09600704692
-5587.04183925605
-5585.53195061892
-5585.99915311133
-5585.58392771633
-5586.12182318616
-5586.09764552058
-5587.04183925605
-5585.56559868477
-5585.95699521867
-5586.04730198861
-5587.03932369364
-5586.10254100382
-5585.85420296769
-5585.54687241198
-5585.51436759581
-5585.62072101557
-5586.08086173513
-5585.57714236211
-5585.41538262933
-5587.04183925605
-5585.51980637561
-5585.94845428173
-5586.13684017112
-5586.12627607891
-5585.80589857528
-5586.15591362019
-5585.7039081897
-5585.73861893292
-5585.5912407924
-5587.04183925605
-5587.04183925605
-5585.63765687604
-5585.58019993366
-5585.54033677474
-5585.51656188189
-5587.04183925605
-5586.03418161422
-5587.04183925605
-5585.61054685289
-5585.48965610435
-5585.33137136358
-5585.39778529475
-5585.87017676218
-5585.80813790559
-5585.78553605994
-5585.84592583229
-5585.47951949684
-5586.05707692004
-5586.00471034529
-5587.04183925605
-5586.17430692119
-5586.18099389841
-5587.04183925605
-5585.6225825154
-5585.83044080567
-5585.80341031891
-5585.55099103897
-5585.5849143439
-5585.61672910875
-5585.83318592282
-5585.49720852879
-5585.47422329246
-5585.57765724914
-5585.54481304767
-5585.81727308729
-5585.44765017002
-5585.74031940006
-5585.68223594859
-5586.10835554068
-5585.81447891739
-5585.77842426871
-5585.73885498742
-5586.16225035798
-5586.12833159577
-5586.05305346418
-5585.57795196847
-5585.77335776218
-5585.77911432064
-5585.52093106822
-5586.0454571389
-5587.04183925605
-5587.04183925605
-5587.04183925605
-5585.62014679378
-5585.77158507826
-5585.52632721314
-5585.62059720798
-5586.06611594886
-5585.44926024488
-5587.04183925605
-5585.52537922582
-5585.7158672462
-5586.05987471305
-5586.00463831776
-5585.47220692328
-5586.1880906902
-5585.93557428977
-5585.50914940085
-5585.99194543217
-5587.04183925605
-5585.59023998071
-5585.78728506854
-5585.82130134479
-5586.05156463792
-5586.01697581938
-5587.04183925605
-5585.95269498425
-5586.14353524901
-5586.07498456907
-5587.04183925605
-5585.60795005803
-5585.51078560972
-5586.18565563405
-5585.72830898466
-5585.65026242581
-5585.64348944942
-5585.68775286877
-5586.09123412338
-5585.99546371475
-5586.13853433495
-5586.10333263892
-5587.04183925605
-5585.75407770441
-5587.04183925605
-5586.17507056412
-5587.04183925605
-5586.13638032788
-5587.03932369364
-5587.04183925605
-5585.4543866362
-5585.9759380706
-5587.04183925605
-5585.68311359975
-5585.40310459284
-5585.38825953053
-5587.04183925605
-5585.49537120274
-5585.35644170483
-5585.57018280328
-5585.79555309814
-5585.75411683168
-5587.04183925605
-5585.47114861957
-5586.11510485378
-5587.04183925605
-5587.04183925605
-5585.45891205983
-5585.5239709793
-5586.10767196688
-5586.13406350194
-5587.04183925605
-5585.43056794084
-5585.77961641501
-5585.54586946915
-5585.68114700151
-5585.45633378164
-5585.8067952368
-5585.4887131456
-5585.47937121448
-5585.59760646533
-5585.69435582861
-5587.04183925605
-5585.50241535471
-5585.55818072616
-5587.04183925605
-5585.61830809504
-5586.11153273756
-5585.56306100054
-5585.55877418418
-5585.86802436265
-5587.04183925605
-5585.6658557558
-5586.2009676941
-5585.58189949086
-5586.15688510173
-5587.04183925605
-5585.76168076364
-5585.42222673647
-5585.86869888208
-5585.4927370236
-5585.73071474018
-5585.52690389235
-5585.6274354042
-5585.5454725065
-5585.53166213136
-5585.80480963287
-5587.04183925605
-5586.12660033829
-5587.04183925605
-5585.56083293954
-5585.61659922472
-5586.11887796666
-5587.04183925605
-5585.76955455623
-5585.77180382696
-5587.04183925605
-5585.51727921347
-5585.54801354742
-5586.00249710566
-5585.55427606763
-5587.04183925605
-5587.04183925605
-5585.50019399686
-5587.04183925605
-5585.66993431665
-5585.44323191444
-5586.10435090051
-5586.16685105054
-5587.04183925605
-5585.67663288936
-5587.04183925605
-5585.57459614026
-5585.71682121572
-5587.04183925605
-5585.74252552657
-5585.72597154702
-5587.04183925605
-5585.40817296235
-5587.04183925605
-5587.04183925605
-5585.37306456291
-5585.58223326691
-5585.67600881141
-5585.77300215778
-5585.4993239881
-5585.50997114904
-5585.45219255975
-5585.50337915597
-5587.04183925605
-5587.04183925605
-5587.04183925605
-5585.5855623576
-5587.04183925605
-5587.04183925605
-5586.04945793947
-5585.85399952303
-5585.80600738237
-5585.58950582301
-5585.46924518343
-5587.04183925605
-5586.04042860744
-5585.62640386442
-5585.80120081319
-5586.08494733247
-5585.63450555472
-5585.67222182641
-5585.83764482265
-5585.6576893446
-5585.42398799028
-5585.75503604759
-5587.04183925605
-5587.04183925605
-5585.49757346237
-5585.64117378678
-5585.40906656631
-5585.75750471435
-5587.04183925605
-5585.57026226535
-5587.04183925605
-5586.09805973929
-5585.57541608982
-5587.04183925605
-5587.04183925605
-5585.65257599004
-5585.64407229138
-5586.21354962227
-5585.78270624911
-5585.45022471206
-5587.04183925605
-5585.73683077407
-5585.76444731316
