# type 5 occupying energies
-5560.53284908626
-5561.95075827378
-5561.95075827378
-5561.95075827378
-5560.28196245215
-5561.95075827378
-5561.95075827378
-5560.35970284246
-5561.12428341895
-5560.73946796036
-5560.42938287983
-5560.4304934038
-5560.66854594853
-5560.67556305324
-5561.95075827378
-5561.95075827378
-5560.76792123392
-5560.87370042076
-5560.28009550873
-5561.95075827378
-5560.66436189344
-5561.08243741103
-5560.47197106023
-5560.67911571843
-5560.53686904421
-5560.50349611178
-5560.5365247242
-5560.42980839328
-5560.92072131129
-5561.95075827378
-5561.95075827378
-5561.01333409056
-5560.34137366933
-5560.77674843325
-5560.76322884989
-5561.95075827378
-5561.10666092133
-5560.72788505535
-5561.95075827378
-5561.04862346058
-5560.67980022992
-5560.29007626457
-5560.91993199796
-5561.95075827378
-5560.27743286172
-5561.95075827378
-5560.44112959973
-5560.59952230947
-5561.04034859581
-5561.11849494341
-5560.47702851523
-5560.66268008158
-5561.95075827378
-5561.95075827378
-5560.48207105145
-5561.02194155148
-5561.03711911672
-5560.96139840428
-5560.73840343015
-5560.38961109507
-5561.02944915409
-5560.60972608351
-5561.95075827378
-5561.95075827378
-5560.52460117446
-5561.0639258803
-5560.76813123071
-5560.53216866043
-5561.04759368065
-5560.54171038305
-5560.78953399554
-5561.95075827378
-5560.98387795249
-5560.27704107281
-5560.92349709887
-5561.0335551521
-5561.95075827378
-5560.75274886566
-5561.00921290024
-5561.95075827379
-5560.51103571947
-5560.43179108077
-5561.95075827378
-5561.95075827378
-5560.65796232011
-5561.12116703166
-5560.38134683572
-5561.95075827378
-5560.454681827
-5560.81607300047
-5560.58989235158
-5561.95075827378
-5561.95075827378
-5560.44105580819
-5561.95075827379
-5560.50273578692
-5561.12563391867
-5561.20834402575
-5560.40699752241
-5560.38296747689
-5561.11908197524
-5560.7495227967
-5560.52095486603
-5560.73380856272
-5560.60725401194
-5560.98869364956
-5561.95075827378
-5560.48202377949
-5560.42007042163
-5560.53086606233
-5561.15279818203
-5560.54818469677
-5560.69756924501
-5560.71867871461
-5560.52051433559
-5560.62698190502
-5560.42716999442
-5561.06372746665
-5561.95075827378
-5561.00921422215
-5560.35112727353
-5561.95075827378
-5560.74461155973
-5560.38000006478
-5560.46306946178
-5561.95075827378
-5561.95075827378
-5560.94676138938
-5561.95075827379
-5560.42795538546
-5561.95075827378
-5560.3244488872
-5561.95075827378
-5561.95075827378
-5560.80244514844
-5560.53247874332
-5561.08919459736
-5560.81670761085
-5560.75369599329
-5560.65122176996
-5560.36550304867
-5560.77412539965
-5561.08200703975
-5561.09323496118
-5560.52406334974
-5561.13413196536
-5560.24871856778
-5560.37568751969
-5561.95075827378
-5560.32319539891
-5560.18329376355
-5561.95075827378
-5561.07182336106
-5560.34499179257
-5561.15216500114
-5560.46873282294
-5560.59875130363
-5560.58032076437
-5560.78506115256
-5560.75860460892
-5561.12009352738
-5561.95075827378
-5560.41976591399
-5560.46524161195
-5561.95075827378
-5560.46956057087
-5560.6872265076
-5561.95075827378
-5561.19271934818
-5561.08358907094
-5560.69345504231
-5560.66771783373
-5560.62816040939
-5560.72353025428
-5560.71333317977
-5560.43202770702
-5561.95075827378
-5560.43216998618
-5561.1721777019
-5560.6984256846
-5560.39749419986
-5560.53220680049
-5561.95075827378
-5560.63123274215
-5560.37531433657
-5560.40983652795
-5560.3549799571
-5560.66782337209
-5560.67452575299
-5561.95075827378
-5560.38771763804
-5561.95075827378
-5560.72405172665
-5560.34050297535
-5560.70741191408
-5560.43086010575
-5561.95075827378
-5561.07888965129
-5560.9424476827
-5560.51054242788
-5560.99196090724
-5561.95075827378
-5561.06263673045
-5560.47513254975
-5560.69627184864
-5560.43717694237
-5560.3909716727
-5560.71607273226
-5560.50228091311
-5561.95075827378
-5561.18903127785
-5561.07837619877
-5561.08497478021
-5560.40478252383
-5561.14639224373
-5560.5517647885
-5560.44762265663
-5561.04159041785
-5561.11684015277
-5560.36297757079
-5561.02425308344
-5560.51103129805
-5561.95075827378
-5560.4229662358
-5561.08361184088
-5560.66614249963
-5561.95075827378
-5560.34320462965
-5560.42396566657
-5561.95075827378
-5560.45487540367
-5561.05855195898
-5561.02967664723
-5561.01262970747
-5560.42123126073
-5560.71913805092
-5560.34502712596
-5560.58285835503
-5560.99676738989
-5561.95075827378
-5560.76102433692
-5560.29970829674
-5560.36049857761
-5561.95075827378
-5560.73567248181
-5560.7078498176
-5560.71544188482
-5560.7342170865
-5560.41656158896
-5560.67033333073
-5561.0328250401
-5561.15783218439
-5560.77837039573
-5560.71367135785
-5560.40714183906
-5560.42954145088
-5560.45588752787
-5560.57910744405
-5560.74437388882
-5560.40329493656
-5560.5804986707
-5560.30061354157
-5561.95075827378
-5560.48429245917
-5560.55805319012
-5560.76787873989
-5560.7115603416
-5560.34512453286
-5560.57088940345
-5560.53109092964
-5560.78290243475
-5560.45747564764
-5560.87854819972
-5561.00878496102
-5561.95075827378
-5561.00469966627
-5560.4203862551
-5561.19506776817
-5561.95075827378
-5561.95075827378
-5560.78007089984
-5561.95075827378
-5560.91155780787
-5561.95075827378
-5560.95644481084
-5560.97962458711
-5561.95075827378
-5561.95075827378
-5560.44908085521
-5560.77550437787
-5561.12972616406
-5560.45643078623
-5561.12917433774
-5561.04380082072
-5560.41531281064
-5560.67241761475
-5561.01356142492
-5560.38131324068
-5561.95075827378
-5561.95075827378
-5560.73417105723
-5561.04543408496
-5561.95075827378
-5560.28657360329
-5560.61436281065
-5561.95075827378
-5561.0555632338
-5560.82359884716
-5560.34001839501
-5560.37831099308
-5561.95075827378
-5560.84344150565
-5560.66487068863
-5560.46344594938
-5561.95075827378
-5560.67605042947
-5560.72384273587
-5560.6881257792
-5560.78072049685
-5560.63967669009
-5560.37976807658
-5560.4469951341
-5561.25334931959
-5560.35178386017
-5560.72150198631
-5560.82710430285
-5560.6628171685
-5560.30402422653
-5560.42458595079
-5560.51002936457
-5560.67816864219
-5560.3057940913
-5560.50539842151
-5560.49208632144
-5560.67394688102
-5561.95075827378
-5561.95075827378
-5561.13592244913
-5561.95075827378
-5561.95075827378
-5560.70520756245
-5560.70122599227
-5561.95075827379
-5560.8097212083
-5561.01375439104
-5560.44103999658
-5561.95075827378
-5560.5472650565
-5560.62393426276
-5561.28670233552
-5561.11645993358
-5560.38680832134
-5561.02485381132
-5560.77028477527
-5560.70220697897
-5561.95075827378
-5560.47735827731
-5560.41430270518
-5560.77258077895
-5561.11326660738
-5560.50699396228
-5561.95075827378
-5560.77154995298
-5561.15503197377
-5561.95075827378
-5561.95075827378
-5560.61724813967
-5560.75940496115
-5560.52687026254
-5560.77830118349
-5561.0736650383
-5560.90574100653
-5561.95075827378
-5561.08734131537
-5561.06898734319
-5560.52290818262
-5561.95075827378
-5561.95075827378
-5561.95075827378
-5561.95075827378
-5560.92611871786
-5560.98484384414
-5560.87100389741
-5560.52248559136
-5561.12479737651
-5560.41943382639
-5560.67232778009
-5561.95075827378
-5560.42488394915
-5560.69758112653
-5560.45581917257
-5560.70240449287
-5560.76798375009
-5560.58685927663
-5561.19613490696
-5561.20900881714
-5560.4430406503
-5560.77129411077
-5560.42005693781
-5560.27454827269
-5561.95075827378
-5560.7276627631
-5561.95075827378
-5561.95075827378
-5561.17479407702
-5561.09007576683
-5561.95075827378
-5561.11309620242
-5560.51200094732
-5560.56106870514
-5561.95075827378
-5560.82486774361
-5560.62890981336
-5560.55188251537
-5560.44337468597
-5560.55224346221
-5560.81350108321
-5560.6345420286
-5560.51712074862
-5560.75992275414
-5560.55176975721
-5560.55800955384
-5561.24172949957
-5560.55084600541
-5560.48085210313
-5561.20027323595
-5561.17387856546
-5560.44337754237
-5560.45437416469
-5561.00876707263
-5561.16350227169
-5560.6547179654
-5561.95075827379
-5560.58022612665
-5561.11411593941
-5560.53169743021
-5561.06828718432
-5560.55216387561
-5561.13109926368
-5560.62545665196
-5560.49310206742
-5560.57710196578
-5560.69553519859
-5561.02539162819
-5560.35080148862
-5560.68968222529
-5560.6804883913
-5560.67813885194
-5561.95075827378
-5561.95075827378
-5561.11328251365
-5560.47226786254
-5560.43173189852
-5561.00040274593
-5560.94032896959
-5560.61313054604
-5561.95075827379
-5560.58911096665
-5561.19110003391
-5561.95075827378
-5560.97173561087
-5561.95075827378
-5560.62668671122
-5561.15258100466
-5560.4764795536
-5561.95075827378
-5560.60361535585
-5560.50945526596
-5561.1237415637
-5560.37038170715
-5560.56374488181
-5561.04307299373
-5560.40871289304
-5561.95075827378
-5561.06226020472
-5560.82764791304
-5560.50343208606
-5560.5064706066
-5561.95075827378
-5561.95075827379
-5561.07100708699
-5560.59435572047
-5561.95075827378
-5560.52497074499
-5561.95075827378
-5561.10703642568
-5560.42844284016
-5561.95075827378
-5560.74492300336
-5560.45873610669
-5560.5087835143
-5560.48451061729
-5560.51358695131
-5560.54677042809
-5561.95075827378
-5560.72550291066
-5561.06547958576
-5561.95075827378
-5560.49305269325
-5560.55025364336
-5560.78671212863
-5560.40616717976
-5560.48638568629
-5560.42062266887
-5560.50825430958
-5560.70862137315
-5560.76748883759
-5561.95075827379
-5560.41811191338
-5561.95075827378
-5560.97988802022
-5561.06169330311
-5560.54418349628
-5560.98169360064
-5560.43963458115
-5560.33893355451
-5561.95075827378
-5560.73347039927
-5560.79216940107
-5561.09455913871
-5560.69227909093
-5561.95075827378
-5561.95075827378
-5560.99747430302
-5560.92108587427
-5561.08665709731
-5561.03146632475
-5561.95075827378
-5560.98921331844
-5560.94255745493
-5561.95075827378
-5561.05025299309
-5561.95075827378
-5560.45587141912
-5560.63544638447
-5560.55771952856
-5561.95075827378
-5560.44561241267
-5560.85320143311
-5560.57651826251
-5560.54543901307
-5560.79602882439
-5560.57479435667
-5560.66025639572
-5560.57870483124
-5560.72744309925
-5561.27624790718
-5560.48116011275
-5560.7019982165
-5561.10892433395
-5561.18559460771
-5560.74319777087
-5560.62959692168
-5561.1229056912
-5560.49277109172
-5560.44978336595
-5560.53142600993
-5560.73959266536
-5560.41767207134
-5560.65214284513
-5560.9487926901
-5560.78803368989
-5560.69930520503
-5560.69551599335
-5561.95075827378
-5561.11078122954
-5560.49587820844
-5561.22708985071
-5561.00941935049
-5561.164386706
-5561.02622234142
-5561.24689554851
-5560.8314113023
-5560.67109675636
-5560.81531744838
-5560.59916594562
-5561.13536813386
-5561.09025492255
-5560.57265791264
-5560.70185614548
-5560.40872809933
-5560.57600743544
-5560.71096296734
-5561.18067044495
-5560.79875398108
-5561.95075827378
-5560.80498013911
-5560.84815528643
-5560.54864748418
-5560.47463849869
-5560.42163805211
-5561.95075827378
-5560.84490467154
-5560.53517587919
-5560.72731346021
-5560.71501897146
-5560.61720028064
-5560.79610109778
-5561.16313941841
-5560.63053875238
-5560.82363669773
-5561.06967828375
-5560.81417841356
-5561.95075827378
-5560.46066865427
-5561.03032275992
-5561.95075827378
-5560.28781303124
-5560.47529040104
-5560.47742798113
-5561.17710520449
-5560.52846347961
-5561.07991373033
-5561.95075827378
-5560.45276808271
-5561.95075827378
-5560.78834731985
-5561.95075827378
-5561.95075827378
-5561.09321676902
-5561.95075827378
-5560.70545233304
-5560.61436797055
-5561.03871247239
-5561.09348483616
-5560.52771156522
-5560.67993835643
-5561.04359680941
-5560.55510939935
-5561.01945718781
-5561.95075827378
-5561.95075827378
-5561.95075827378
-5560.33714228709
-5560.31428505602
-5561.09025226583
-5560.76070009171
-5560.99206335148
-5560.48333679639
-5561.95075827378
-5560.76993314753
-5560.38627579973
-5561.95075827378
-5560.75982158826
-5560.48520228657
-5560.25027516973
-5561.14293175301
-5560.49877085196
-5561.95075827378
-5561.95075827379
-5560.67629832744
-5561.18124988927
-5561.95075827378
-5561.03859203092
-5560.76712421333
-5560.70099107798
-5560.7450737428
-5561.04016186993
-5560.50899104779
-5560.82020163754
-5560.48436038115
-5560.51311661527
-5560.48110074054
-5560.518230868
-5560.82835622249
-5561.16777563683
-5560.56610897574
-5561.95075827378
-5561.18934887209
-5561.95075827378
-5560.41682389883
-5561.06558977433
-5561.27132894634
-5560.55625217639
-5560.86444081133
-5560.61380239216
-5560.74310880037
-5561.17646776794
-5560.49983041498
-5561.95075827378
-5560.49185658225
-5560.73886054721
-5561.95075827379
-5560.68905664779
-5560.43080000991
-5560.66110009562
-5560.39665756378
-5560.63302846501
-5560.42353062777
-5560.51385701022
-5561.18250084201
-5561.95075827378
-5560.58060266678
-5560.6127621215
-5560.48223928063
-5561.95075827378
-5561.0789027381
-5560.44693008053
-5560.49415924005
-5561.10007212764
-5561.95075827378
-5561.14569134719
-5560.64963256706
-5560.59159587941
-5561.12724736701
-5560.41153697637
-5561.06970199173
-5561.08996352385
-5560.73770549121
-5560.34629629953
-5560.63535952459
-5561.95075827378
-5561.95075827378
-5560.29294898459
-5560.68256224596
-5560.73839840017
-5560.49193626302
-5560.45500468695
-5560.5435773204
-5560.4426354119
-5560.73890653146
-5560.69529739503
-5560.44600147794
-5560.4893353935
-5560.43809973978
-5560.9686255035
-5561.95075827379
-5561.1624377233
-5560.55476447335
-5560.73464885277
-5561.95075827378
-5560.58811334339
-5560.70659405679
-5560.77244499672
-5560.54449088042
-5560.72415168389
-5560.4709690692
-5560.48807047685
-5561.95075827378
-5561.01449715267
-5560.39288257925
-5561.95075827378
-5561.05248059267
-5561.95075827378
-5561.00464800613
-5560.4660580679
-5560.52579097874
-5560.6096181195
-5560.61632683131
-5560.65707335222
-5561.95075827378
-5560.60816432325
-5560.61375499462
-5560.52693982465
-5560.34747477058
-5560.55358226821
-5561.03742398045
-5560.51362725102
-5561.95075827378
-5561.95075827378
-5560.49265528476
-5560.51057923904
-5560.67226068019
-5561.1242798238
-5560.47072023658
-5561.95075827378
-5560.54609794146
-5560.46188714881
-5561.95075827378
-5560.36612075532
-5561.19060404247
-5561.95075827378
-5560.58120535528
-5560.46140634951
-5560.41488236353
-5560.33579906451
-5561.95075827378
-5560.57636425674
-5560.75782845833
-5560.47617423364
-5561.95075827378
-5560.54392012141
-5560.55974547483
-5561.01850140463
-5560.56349953129
-5561.19994870528
-5560.62902369387
-5561.95075827378
-5560.44240831736
-5561.11791344377
-5560.69412118205
-5560.55220142744
-5560.56388161124
-5560.7542026275
-5560.51907114591
-5560.54469730913
-5560.66769251697
-5560.50519562593
-5560.72911632629
-5560.43280005271
-5560.53053527984
-5560.66419837552
-5560.50487539929
-5560.66735105583
-5560.45755643275
-5560.68171203628
-5560.46243767938
-5561.95075827378
-5560.34508409622
-5560.72656781837
-5560.77654315241
-5561.11917256825
-5560.72591439363
-5561.14651255169
-5560.50690031021
-5560.62036319043
-5561.95075827378
-5560.41089318735
-5560.7104042079
-5561.95075827378
-5561.0478467879
-5561.14390016403
-5560.48467221073
-5560.56327359799
-5560.55535552103
-5560.79031500629
-5561.95075827379
-5560.74810972294
-5560.39824841308
-5560.69944386898
-5561.07457471923
-5560.66824857732
-5561.95075827378
-5560.69900326357
-5560.40434939831
-5560.74355435196
-5560.38190027949
-5560.49212469755
-5560.96829493971
-5561.11330411732
-5561.95075827378
-5561.95075827379
-5560.33750313675
-5560.68669565085
-5560.38754887938
-5560.66218459538
-5560.40655816045
-5561.95075827378
-5561.95075827378
-5560.3320943683
-5561.95075827378
-5560.46931367319
-5561.95075827378
-5561.95075827378
-5560.49432864345
-5560.73879717897
-5560.42681006702
-5560.59818170036
-5560.54462459993
-5560.83370586658
-5560.6712764425
-5561.95075827378
-5561.95075827378
-5561.13475520611
-5560.34903816912
-5560.51077737106
-5560.7319685468
-5560.52968524975
-5560.71295633057
-5560.76583677542
-5561.18447505955
-5560.63849649153
-5560.65677455716
-5560.5036525317
-5560.50113080877
-5560.8035528926
-5561.1355076284
-5561.13809781095
-5560.39303082789
-5560.58882173258
-5560.51397279195
-5560.62285079124
-5560.71145303209
-5560.68328200271
-5560.49906845929
-5561.03611413543
-5561.95075827378
-5561.95075827378
-5561.95075827378
-5561.14699254893
-5560.76690783934
-5561.95075827379
-5560.57920138718
-5560.63223394958
-5560.49670344332
-5560.58592777637
-5561.07399873125
-5561.05875625618
-5560.58945263929
-5560.68725595229
-5560.71977730061
-5560.51506822315
-5560.68767298268
-5560.38625257432
-5560.49095233827
-5560.55275087371
-5561.0564741059
-5560.57447155313
-5561.08784673441
-5561.14287356937
-5560.41988226534
-5560.76197930637
-5560.86122359878
-5560.80401121713
-5560.88955580564
-5560.55479876801
-5561.09430902313
-5561.95075827378
-5561.0459629237
-5560.55565959107
-5560.58905436706
-5560.71051854859
-5561.14523162973
-5560.95128990522
-5561.95075827379
-5560.82937291178
-5561.11348029642
-5560.6592664191
-5560.74025090874
-5560.43370642325
-5560.51870714874
-5560.47546000911
-5560.66432725238
-5560.64859309209
-5561.95075827378
-5560.97436281321
-5561.95075827378
-5560.9375910652
-5561.0270974282
-5560.99675588994
-5561.14773155911
-5560.56626176654
-5560.47253204334
-5561.95075827378
-5560.67051547651
-5560.59940225866
-5560.78471685588
-5560.4235104387
-5560.65491103993
-5560.48823391092
-5561.95075827378
-5561.95075827378
-5561.95075827378
-5560.58831466682
-5561.95075827378
-5560.53627341209
-5560.47225859876
-5561.08181058954
-5560.46714324408
-5561.95075827378
-5561.07618483902
-5561.95075827379
-5560.50025910388
-5560.71984559746
-5560.3579895162
-5560.71442107499
-5561.95075827378
-5560.55352988495
-5560.53178070794
-5561.95075827378
-5560.64414287757
-5560.42031513957
-5560.51944922696
-5561.09251592897
-5560.30297399289
-5561.95075827378
-5560.56890528802
-5560.44538537148
-5560.42174125711
-5561.95075827378
-5560.31540317743
-5561.95075827378
-5560.32509004852
-5560.4926592993
-5560.490576666
-5560.73671595821
-5560.67867163228
-5561.17659596108
-5560.75827990085
-5560.68869686362
-5560.69774894671
-5560.65608311662
-5560.69082277455
-5561.95075827378
-5561.95075827378
-5560.46521031161
-5561.95075827378
-5560.45822170845
-5560.4751743839
-5560.44653853419
-5560.6744082524
-5560.47532521038
-5560.49886645505
-5560.70329038274
-5561.05462124626
-5560.45770970991
-5560.53116521082
-5561.03826253941
-5560.35601399941
-5560.41001046853
-5561.95075827378
-5560.56147182175
-5560.7693765596
-5561.0858159307
-5560.78006341676
-5561.20137824205
-5560.49301959933
-5560.48744535212
-5560.44237709051
-5560.77726819388
-5561.10718136368
-5561.95075827378
-5560.72758869945
-5561.95075827378
-5561.04703348193
-5560.78512951089
-5560.66059791037
-5561.11667037526
-5561.11251545303
-5560.76781028045
-5561.11305307868
-5560.90546608205
-5560.57531379085
-5560.701741357
-5560.54036550454
-5560.73990601956
-5561.074825793
-5560.61023856964
-5561.95075827378
-5561.95075827378
-5561.13642728642
-5561.04633594925
-5560.76489857725
-5561.95075827378
-5560.42988739814
-5560.42518269634
-5561.95075827378
-5560.98164556025
-5561.95075827378
-5560.65100484331
-5560.39514177936
-5561.00288961324
-5560.41581121119
-5560.70699676306
-5560.47495984132
-5561.95075827378
-5560.43305181952
-5560.44173886882
-5560.63451234839
-5561.95075827378
-5560.57077360511
-5560.51792834547
-5560.97902924717
-5560.9543388679
-5561.95075827378
-5560.48653216895
-5560.48025849823
-5560.76419799574
-5561.1218755338
-5560.64409507487
-5560.55481218613
-5561.95075827378
-5561.95075827378
-5560.3604294033
-5560.45404651631
-5560.18857248604
-5561.95075827378
-5561.95075827378
-5560.41958241412
-5560.45596527426
-5561.95075827378
-5560.5644984966
-5561.95075827378
-5561.95075827378
-5561.95075827379
-5560.34080994434
-5561.95075827378
-5560.96650383832
-5561.95075827378
-5560.52211394162
-5561.95075827378
-5561.95075827378
-5560.49210481799
-5560.54217336309
-5561.95075827378
-5560.46012236727
-5560.66345233354
-5560.39108702172
-5560.3144499475
-5561.95075827378
-5561.95075827378
-5560.58969435062
-5560.11481344655
-5560.32713602216
-5560.9459947778
-5561.95075827378
-5560.55263379225
-5561.95075827378
-5560.62454860582
-5561.02649002297
-5560.63990231591
-5560.87741060617
-5561.95075827378
-5561.95075827378
-5560.3607694779
-5560.29462732367
-5560.4506445678
-5561.95075827378
-5561.95075827378
-5560.54123564614
-5561.95075827378
-5560.34260821291
-5561.95075827378
-5561.03783295875
-5560.56925876454
-5561.95075827378
-5560.37279044872
-5560.7166614933
-5561.95075827378
-5560.73255965698
-5560.3012024997
-5560.40728018896
-5560.77760127683
-5560.4460762435
-5561.19177343831
-5561.19928579462
-5560.66435903165
-5560.35981889587
-5560.44998940696
-5560.51862063521
-5560.73405711764
-5561.1002148754
-5560.44836338407
-5560.76355682751
-5560.7046204504
-5560.70415112507
-5560.48101370982
-5561.1845459514
-5561.03774155241
-5560.62647752682
-5561.95075827378
-5561.05297103768
-5561.13795652575
-5561.05167171093
-5560.53282048452
-5560.77146891385
-5560.58452992461
-5561.1724119259
-5560.50139053468
-5560.51879245819
-5561.1818180412
-5560.67978511236
-5561.01110740655
-5560.98773769805
-5561.06467979829
-5560.65618390594
-5560.49022949472
-5560.72780203466
-5560.43490342825
-5560.38438278087
-5561.95075827378
-5561.18425697412
-5560.3718625632
-5560.33466882863
-5560.4720999132
-5560.81732179095
-5560.35368391317
-5561.95075827379
-5560.58444466507
-5560.72167017294
-5560.75516832893
-5560.47586535966
-5560.53748581126
-5561.95075827378
-5561.10968157867
-5560.82436260801
-5561.11343215057
-5561.95075827378
-5561.95075827378
-5560.62267262035
-5560.49333389548
-5560.76911874912
-5560.51135759443
-5561.95075827378
-5560.69044743626
-5560.32501585799
-5560.43365998114
-5560.24259621428
-5561.95075827378
-5560.74729652654
-5560.52043450212
-5561.15705744779
-5560.36649186015
-5560.75925710738
-5560.35158965685
-5561.17014084095
-5560.49519324719
-5560.38282322968
-5560.66513020809
-5560.72713688864
-5560.52749123743
-5560.64024222338
-5560.35941685973
-5561.95075827378
-5560.52680095995
-5560.67521878827
-5560.72704948064
-5560.39977165546
-5561.02222568878
-5560.34331879748
-5560.34213716836
-5561.95075827378
-5560.53125078449
-5561.95075827378
-5560.26139653546
-5561.95075827378
-5560.54666142715
-5561.95075827378
-5560.52691125621
-5561.14668852117
-5561.04108956172
-5560.98128469005
-5560.66875903395
-5560.31479957991
-5560.40659852806
-5560.43292356482
-5560.59017070533
-5560.72871560804
-5561.09771556409
-5560.95025730621
-5561.95075827378
-5560.75202336494
-5560.99059135131
-5560.54158465156
-5561.02919828796
-5561.95075827378
-5560.78270449181
-5561.11499456006
-5561.95075827378
-5561.06073775981
-5560.40997779008
-5560.57622964321
-5560.46650997039
-5560.3492544935
-5560.36465921373
-5560.68348443333
-5560.48184953268
-5560.72253274625
-5561.95075827378
-5561.17787696178
-5560.55091076681
-5560.55064053455
-5560.51682648981
-5561.06137804428
-5560.9507074542
-5560.46429571741
-5560.66562273059
-5560.49527373464
-5561.04471342254
-5561.15586207586
-5561.95075827378
-5560.63387580157
-5560.35204154493
-5561.95075827378
-5561.95075827378
-5561.10334912244
-5560.58587224965
-5561.95075827379
-5560.44456706817
-5560.95364112059
-5560.36917910522
-5561.95075827378
-5560.90307862247
-5561.95075827378
-5561.95075827378
-5560.67793805504
-5560.21486137835
-5561.95075827378
-5560.77594542007
-5560.58915767529
-5560.37995432667
-5561.95075827379
-5560.79657655247
-5561.95075827378
-5561.0512053798
-5561.18608910348
-5560.41098579663
-5561.95075827378
-5560.67904659084
-5560.78386584082
-5560.52502905625
-5560.70733448992
-5560.35860968845
-5560.50407179623
-5560.77458184123
-5560.74622751333
-5560.59068567761
-5560.73868192078
-5561.95075827378
-5560.83502958026
-5561.95075827378
-5561.95075827378
-5561.09106217641
-5561.07591308742
-5561.08274742116
-5560.79608987299
-5560.53677303522
-5561.00685903523
-5560.4154776649
-5560.60430767003
-5560.77517389022
-5560.74529565968
-5561.06182373534
-5561.95075827378
-5561.95075827378
-5560.48632371654
-5561.95075827378
-5560.34948007469
-5561.03107677971
-5560.38091165025
-5560.36230490443
-5560.34271905256
-5561.12196486049
-5560.80486410688
-5561.00383578317
-5561.95075827378
-5560.37951834191
-5560.49272673645
-5560.67663003532
-5561.95075827378
-5561.95075827378
-5560.72335182779
-5560.68229285905
-5561.05436729448
-5560.9689464435
-5561.95075827378
-5560.96103892479
-5560.71726279197
-5561.15639061626
-5560.3633887155
-5560.665844308
-5561.95075827378
-5561.95075827378
-5561.95075827378
-5561.95075827378
-5560.48128538819
-5560.48687896781
-5561.95075827378
-5561.95075827378
-5560.39137738932
-5560.85854063753
-5560.47779787748
-5561.95075827378
-5561.95075827378
-5560.39753949232
-5560.28296372979
-5560.35068669197
-5561.95075827378
-5561.95075827378
-5560.7139388028
-5560.4978024545
-5561.95075827378
