# type 4 occupying energies
-5569.76184622886
-5568.57313994599
-5569.66821445595
-5569.70749567842
-5568.18512943114
-5569.84298638052
-5569.74954443725
-5568.3274913467
-5569.00820832009
-5568.57313994599
-5568.26779065479
-5568.28209298728
-5568.57313994599
-5569.83983721756
-5569.79431017101
-5569.01223763665
-5568.20582666201
-5568.12212288335
-5568.26422777805
-5569.81910298288
-5568.38246047497
-5569.72807135849
-5568.31465944988
-5568.57313994599
-5568.16903216883
-5568.57313994599
-5568.3259286896
-5568.25720865668
-5568.66118330088
-5568.84788730243
-5569.5862570517
-5568.24267765031
-5568.27648206598
-5568.57313994599
-5568.35616635473
-5569.70466584737
-5569.0210187377
-5568.57313994599
-5569.6444584346
-5568.88090131835
-5568.57313994599
-5568.24441248087
-5568.79175883799
-5569.5889095919
-5568.1189298249
-5568.81972236244
-5568.33853231038
-5568.22141366924
-5568.83534359167
-5568.76874716185
-5568.32595700888
-5568.57313994599
-5568.21842302557
-5569.74206731843
-5568.33335032007
-5568.96884398481
-5568.2560604133
-5568.81661177699
-5568.87017895064
-5568.29592912389
-5568.90102303091
-5568.37693195756
-5569.75166005921
-5568.35993046304
-5568.41537916546
-5568.95737484125
-5568.44540295956
-5568.2749786706
-5568.57313994599
-5568.28390171918
-5568.57313994599
-5569.5664050839
-5568.97554974799
-5568.20509603991
-5568.8041891617
-5569.65775048273
-5569.81425721308
-5568.57313994599
-5568.79252589232
-5569.69336283628
-5568.2315043273
-5568.17332081401
-5568.24916891126
-5569.6232007796
-5568.23785765534
-5568.42568205575
-5568.40395432773
-5568.57313994599
-5568.39236255069
-5568.57313994599
-5568.54190752834
-5568.34072961238
-5569.75274978599
-5568.35654584111
-5569.76886634424
-5569.71557933646
-5568.96434380734
-5568.57313994599
-5568.32988982589
-5569.75747805961
-5568.90991743201
-5568.57313994599
-5568.44323176475
-5568.29920208759
-5568.351101544
-5568.92778949332
-5568.86924750397
-5568.23524651632
-5568.21065679228
-5568.23390887384
-5568.93856865659
-5568.3382504106
-5568.96902812959
-5568.57313994599
-5568.33069832371
-5568.57313994599
-5568.1797545738
-5568.84852057991
-5569.63808601019
-5568.73030015888
-5568.21790333431
-5569.78861929881
-5568.57313994599
-5568.12333352646
-5568.37223922604
-5568.57313994599
-5569.77866729218
-5568.71279323523
-5569.75564281146
-5568.24819889001
-5569.67544552422
-5568.2087674917
-5569.68586426469
-5569.71569682499
-5569.66551085235
-5568.29661167427
-5568.88764883188
-5568.19358628443
-5568.57313994599
-5568.2784963913
-5568.2628262286
-5568.84833105113
-5568.75054051613
-5568.78648219911
-5568.19695398137
-5568.91768924876
-5568.10766709169
-5568.32736683453
-5569.81479858848
-5568.70731532085
-5568.21134760786
-5569.64319939091
-5568.88407212498
-5568.21132268976
-5568.89856871389
-5568.35652041409
-5569.67989233697
-5568.18110323703
-5568.57313994599
-5568.57313994599
-5568.97658581483
-5569.76625646271
-5568.33532987094
-5568.15259307922
-5569.79194948653
-5568.31437582054
-5568.57313994599
-5569.76093747865
-5569.05326799798
-5569.01067019579
-5568.57313994599
-5568.57313994599
-5568.32823314814
-5568.57313994599
-5568.57313994599
-5568.26480591565
-5568.23467132542
-5568.19319085555
-5569.05991131835
-5568.57313994599
-5568.23753369482
-5569.8214961198
-5569.84798692253
-5568.57313994599
-5568.32989599468
-5568.33152195299
-5568.25829672887
-5568.57313994599
-5568.57313994599
-5569.7745922606
-5568.2944033624
-5569.85202715571
-5568.57313994599
-5568.14282289454
-5568.57313994599
-5568.2959047085
-5569.74732864148
-5568.86779483996
-5568.36472760568
-5568.117322249
-5568.22186404878
-5569.71253642371
-5568.83081334605
-5568.16604738072
-5568.57313994599
-5568.22758749923
-5568.29799776167
-5568.96574893306
-5568.37549497013
-5569.81587128614
-5568.8273727914
-5568.69928433335
-5568.88346772137
-5568.18676823061
-5568.36437518431
-5568.57313994599
-5568.26133172255
-5568.80695688924
-5568.73319732968
-5568.0909099675
-5568.74240414812
-5568.73739489639
-5569.5768683846
-5568.81868631893
-5568.71217044066
-5568.57313994599
-5569.85082404445
-5568.29087939501
-5568.3592071416
-5569.78944520749
-5568.41963542204
-5568.12845424861
-5569.53011929827
-5568.67866799898
-5568.19141975082
-5568.57313994599
-5568.43198183036
-5568.34066263529
-5568.88327186188
-5569.65488472859
-5568.57313994599
-5568.20522807536
-5568.09797878718
-5569.76698970726
-5568.57313994599
-5568.57313994599
-5568.57313994599
-5568.47719035984
-5568.28339889868
-5568.57313994599
-5568.8029653228
-5568.91298397624
-5568.57313994599
-5568.57313994599
-5568.17680542256
-5568.32935831619
-5568.42249282091
-5568.38182250491
-5568.43164831639
-5568.33573808242
-5568.33073743637
-5568.57313994599
-5569.7581207333
-5568.35022389687
-5568.36165074868
-5568.57313994599
-5568.33127940633
-5568.34109092566
-5568.46375155869
-5568.57313994599
-5569.72281731889
-5568.32045061036
-5568.22580409927
-5568.92681764422
-5568.57313994599
-5569.01816936992
-5568.28145877674
-5568.36603793671
-5568.39872420016
-5569.80595794473
-5568.57313994599
-5569.72570331904
-5568.78611132823
-5568.31733538019
-5568.67798572438
-5568.84835789053
-5568.90376089633
-5569.71731713207
-5568.30052334721
-5568.57313994599
-5568.96393089735
-5568.30339732985
-5569.00971198673
-5568.25851567783
-5568.30395711941
-5568.38159393537
-5568.57313994599
-5568.19051409499
-5569.76957372765
-5568.28079960605
-5568.57313994599
-5568.57313994599
-5569.81988224155
-5568.31344704524
-5568.57313994599
-5569.66909852287
-5569.7544742892
-5568.57313994599
-5568.40175447881
-5568.37121992607
-5569.81302949224
-5569.73266007699
-5568.3000377
-5568.35507438651
-5568.33078027732
-5568.57313994599
-5568.82723954071
-5568.26463997516
-5568.85705486823
-5568.57313994599
-5568.33141010283
-5568.24000003905
-5568.57313994599
-5568.35906219336
-5568.57313994599
-5568.13706528914
-5568.39956561756
-5568.41048429922
-5568.34855073004
-5568.4078136697
-5568.57313994599
-5568.20780776447
-5568.33851837608
-5569.79208624625
-5568.57313994599
-5569.80019751801
-5569.76859032421
-5569.71827713112
-5568.57313994599
-5568.22892911949
-5568.57313994599
-5568.57313994599
-5568.57313994599
-5568.35825202258
-5568.72233123072
-5569.76221483193
-5569.72233278869
-5568.2471560601
-5568.35064837867
-5568.92843669885
-5568.88944867456
-5568.37455720467
-5568.82221230806
-5568.74332815314
-5568.44894161969
-5569.72819285254
-5568.28479015305
-5568.21524406821
-5568.57313994599
-5568.66293666003
-5568.26673599634
-5569.87647045854
-5568.67331118172
-5568.80637344689
-5569.68624104732
-5569.77902315522
-5568.98708830562
-5568.57313994599
-5569.7908948351
-5568.57313994599
-5568.8031757291
-5568.60730791009
-5568.73827708321
-5569.7813490792
-5568.7444038941
-5568.33708266173
-5569.73558826369
-5569.69671819593
-5569.65338694935
-5569.68170980263
-5568.74837066247
-5568.57313994599
-5568.57313994599
-5569.79868770567
-5568.90078821628
-5568.09754834843
-5569.84121352245
-5569.76953339816
-5568.29444370661
-5568.57313994599
-5568.25293184468
-5569.80669969001
-5569.74741783333
-5568.23569880439
-5568.9690362327
-5568.57313994599
-5568.25728722102
-5568.57313994599
-5568.16830545963
-5568.13834377715
-5568.86215989464
-5568.57313994599
-5569.78656924387
-5568.34157301996
-5569.10906146
-5568.84054721933
-5568.14499909498
-5568.86348238811
-5568.84973191381
-5569.6969972384
-5569.66295983713
-5568.57313994599
-5568.57313994599
-5568.32643051995
-5568.30312672036
-5568.33015004115
-5568.57313994599
-5568.20192514056
-5568.36663609389
-5568.57313994599
-5568.36117746813
-5568.29930738536
-5568.95522241241
-5568.35076335442
-5568.31869623222
-5568.57313994599
-5568.36356687287
-5568.18734612589
-5568.34461090271
-5568.80834233268
-5568.82908164514
-5568.36592008425
-5569.87556127362
-5569.73462602594
-5568.57313994599
-5568.197390545
-5568.78840934624
-5568.26909335984
-5568.96293002948
-5568.92959016293
-5569.80629709578
-5569.63210159704
-5568.57313994599
-5568.31103389964
-5568.77163324531
-5568.57313994599
-5568.57313994599
-5568.57313994599
-5569.81674547153
-5569.66750697737
-5568.83841114822
-5568.09637773213
-5568.16982463929
-5568.73643994977
-5568.57313994599
-5569.77171076851
-5569.73738511821
-5568.32572412576
-5569.04137149355
-5569.79184237565
-5568.84719702329
-5569.79360781
-5568.83716101004
-5568.91318591456
-5568.22334615642
-5569.76547442409
-5568.3347744857
-5568.33010531525
-5568.91915208033
-5568.32782027706
-5568.3376277352
-5568.84203129877
-5568.19726947085
-5569.72349083998
-5568.80878292339
-5568.57313994599
-5569.65325043693
-5568.57313994599
-5569.73712666849
-5569.8389384157
-5568.87325120317
-5568.19449524063
-5569.66187884155
-5568.36330952817
-5569.72481424392
-5568.92782018308
-5568.57313994599
-5568.57313994599
-5568.57313994599
-5568.26407634279
-5568.30576177322
-5568.25577474913
-5569.72848799883
-5568.28610233224
-5568.3091857602
-5568.57313994599
-5568.79472216395
-5568.34618247545
-5568.36516477841
-5568.28508130647
-5568.29625577829
-5568.29556370825
-5568.1828613938
-5568.24256784049
-5568.57313994599
-5568.57313994599
-5568.57313994599
-5569.7318747894
-5569.77691879622
-5569.81830119237
-5568.75828635843
-5568.31590390786
-5568.57313994599
-5569.7620562738
-5568.27909080508
-5569.75778784773
-5568.85190258166
-5569.6718591018
-5568.57313994599
-5568.95685253946
-5568.38930913054
-5569.69614060497
-5569.73185531739
-5568.81993589845
-5568.72151434792
-5568.88238545706
-5569.69817498976
-5569.65153603589
-5568.59884336886
-5568.71861134996
-5568.75702060814
-5568.55026892456
-5569.69427128397
-5568.25769543439
-5568.31567777685
-5568.3393241668
-5569.70887534262
-5568.1574271055
-5568.68270880884
-5568.37015485769
-5568.165028612
-5568.31996663228
-5568.25382638706
-5568.41403469466
-5568.41568792009
-5568.40221581724
-5568.9149191126
-5568.20582614363
-5568.27384592692
-5568.69598566373
-5568.57313994599
-5569.80925345758
-5568.57313994599
-5568.89861148777
-5568.57313994599
-5568.30540472601
-5568.42045276127
-5568.34578048194
-5568.41951862034
-5568.57313994599
-5568.57313994599
-5568.3240620945
-5568.34363389029
-5569.66841136654
-5569.73721463352
-5568.7760577381
-5568.20103595072
-5568.70982384414
-5568.67146271881
-5569.62526622325
-5568.7301058875
-5568.94977802871
-5568.57313994599
-5568.31839178759
-5568.57313994599
-5568.3641450222
-5568.57313994599
-5568.89674547335
-5568.31219349859
-5568.57313994599
-5568.19725767374
-5568.31047050683
-5568.57313994599
-5568.89077860587
-5568.57313994599
-5569.62153109866
-5568.32893158188
-5568.30294230212
-5568.36021382629
-5568.16823689176
-5568.243533383
-5569.67655613115
-5568.57313994599
-5568.33857396866
-5568.57313994599
-5568.95241920639
-5568.91375506669
-5568.57313994599
-5568.36979854113
-5568.47806796371
-5568.57313994599
-5568.36160538103
-5568.57313994599
-5569.77733807027
-5568.41766790303
-5568.89193395039
-5569.72161052832
-5568.27476926305
-5568.29450198644
-5568.50105193019
-5568.48391367731
-5568.57313994599
-5568.83920771245
-5569.73450512235
-5568.29392588635
-5568.2159603427
-5568.32813661905
-5568.83186365342
-5569.7556235204
-5568.96209020929
-5568.43972673686
-5568.57313994599
-5568.56591226778
-5568.80212009179
-5568.80391319742
-5568.2495791529
-5568.57313994599
-5568.57313994599
-5568.2818848952
-5568.77427993611
-5568.72714632503
-5569.70849059094
-5569.77582044752
-5568.32303964838
-5568.14478958353
-5568.82515011468
-5568.57313994599
-5568.87372353926
-5568.29913268813
-5569.85179024283
-5568.57313994599
-5568.19729829608
-5569.77432476894
-5568.57313994599
-5568.4163512888
-5568.32947731289
-5568.79030178322
-5568.38484145275
-5569.77122215343
-5568.39048102573
-5568.57313994599
-5569.02079403801
-5569.70714848818
-5568.70704608683
-5568.37907620305
-5568.57313994599
-5568.57313994599
-5568.7078437139
-5568.50844247603
-5568.57313994599
-5568.38058807839
-5568.31184007015
-5568.23220024268
-5568.3085957601
-5568.57313994599
-5569.02607884615
-5568.28088312054
-5568.57313994599
-5569.04289348333
-5568.86279490143
-5568.35410159603
-5568.24693235524
-5568.41119883108
-5568.42057478175
-5568.57313994599
-5568.33597920076
-5568.39250105358
-5569.0247114588
-5568.29865060101
-5569.8003451233
-5568.34030558674
-5568.57313994599
-5569.78097887889
-5568.57313994599
-5568.28851092152
-5568.57313994599
-5568.27290380367
-5568.57313994599
-5568.30042424524
-5568.20582748902
-5568.57313994599
-5569.68511447054
-5568.25390537573
-5568.34839897796
-5569.87289542876
-5569.80537809231
-5568.91360391529
-5568.23080907651
-5568.18444602836
-5568.57313994599
-5569.73315448284
-5569.05923973762
-5568.57313994599
-5568.30928509528
-5568.57313994599
-5568.28292316677
-5568.93284168112
-5568.57313994599
-5568.57313994599
-5568.26297636422
-5568.32692180213
-5569.83833311958
-5568.57313994599
-5568.21085569377
-5568.57313994599
-5568.57313994599
-5568.28981595374
-5568.30136822153
-5569.77978226891
-5568.26766233071
-5568.57313994599
-5568.57313994599
-5568.35693027171
-5568.21603352427
-5568.30388464132
-5568.88562844762
-5568.22148024574
-5568.57313994599
-5568.32642490782
-5568.57313994599
-5568.35842038228
-5568.38474854278
-5569.81060867301
-5568.57313994599
-5568.36508200225
-5568.57313994599
-5568.40921366061
-5568.34744783133
-5569.74115321711
-5568.79954913762
-5568.22801339946
-5569.80537187641
-5568.95920784177
-5569.72211303552
-5568.83705284859
-5568.23472604883
-5568.8625187557
-5568.57313994599
-5568.57313994599
-5568.57313994599
-5569.89862026982
-5568.57313994599
-5569.86219423992
-5568.57313994599
-5568.27736367617
-5568.57313994599
-5568.86298328951
-5568.57313994599
-5568.57313994599
-5569.81641920119
-5568.34047807018
-5568.38729049833
-5568.57313994599
-5568.99755416728
-5568.38452982384
-5569.85144816771
-5568.32864022757
-5568.39577287379
-5569.80468263974
-5568.36316950204
-5569.08669795993
-5569.70988421055
-5568.38683751321
-5568.34122321903
-5568.43544117845
-5568.30555524043
-5569.81835077826
-5568.29685386822
-5568.53966541528
-5568.33742934977
-5569.80755991602
-5568.39766215577
-5568.42316688954
-5568.93269963245
-5568.39802114473
-5568.57313994599
-5568.30590493246
-5569.77259890418
-5568.45937255526
-5568.8563353515
-5569.0359444151
-5568.57313994599
-5568.43366781106
-5568.57313994599
-5568.51841131743
-5568.47305354427
-5568.57313994599
-5568.34766408746
-5568.57313994599
-5568.18550885586
-5568.3822340637
-5568.57313994599
-5568.39729525064
-5568.57313994599
-5568.41775161106
-5568.57313994599
-5568.33125569907
-5569.75037105529
-5568.21980255946
-5568.57313994599
-5568.57313994599
-5568.94883371231
-5569.02201941817
-5569.02534913808
-5568.40354327843
-5568.44680553941
-5569.80068363872
-5568.29600706142
-5568.44753092797
-5569.69615808063
-5568.78923857774
-5569.0104116299
-5568.29791633837
-5568.30235860411
-5568.34281451986
-5568.57313994599
-5569.70519800566
-5568.35653440956
-5568.38644978745
-5568.57313994599
-5568.78333903426
-5568.57313994599
-5569.75838135195
-5568.57313994599
-5568.25126037881
-5568.57313994599
-5568.90726127813
-5568.29393738593
-5568.78349918196
-5569.06362788415
-5569.65908235331
-5569.76943570814
-5568.33318299622
-5568.29082656695
-5568.31050643822
-5568.57313994599
-5568.93033249024
-5568.57313994599
-5568.57313994599
-5568.31408531422
-5569.7073757715
-5568.3233648607
-5569.80176724574
-5568.30246111833
-5568.25145407876
-5568.30937484903
-5568.26238515493
-5568.34147438286
-5569.805148432
-5568.57313994599
-5568.57313994599
-5569.77572866908
-5569.81146235231
-5568.90640670998
-5568.30238307118
-5568.35964887753
-5569.80687750075
-5568.38817224574
-5568.2934628727
-5568.57313994599
-5569.05559370668
-5568.39441549558
-5568.35518221588
-5568.32201720646
-5568.30686612255
-5568.57313994599
-5568.95189268861
-5569.79440030884
-5568.33518261851
-5568.43143044735
-5568.46905960954
-5568.35584397185
-5568.57313994599
-5568.57313994599
-5568.27500911868
-5568.76762504242
-5569.69989069696
-5568.80158870475
-5569.77128992831
-5569.05791290865
-5568.57313994599
-5568.80947025668
-5568.57313994599
-5569.76530531141
-5569.70583766895
-5568.18324866726
-5568.19003810962
-5569.65843105067
-5568.17531009263
-5568.37913823034
-5568.57313994599
-5568.57313994599
-5568.57313994599
-5568.87527872277
-5568.23209116127
-5568.57313994599
-5568.71909839525
-5568.27230555076
-5568.80026336127
-5568.94705410552
-5568.21394987301
-5568.57313994599
-5568.57313994599
-5568.57313994599
-5569.65353010754
-5568.36933803517
-5568.17626831722
-5569.76334297358
-5568.74204559667
-5568.79175166352
-5569.65931963664
-5568.57313994599
-5568.95925863199
-5568.74708335803
-5569.70144015324
-5568.88184058882
-5568.30634058016
-5568.57313994599
-5568.57313994599
-5568.29147521493
-5568.38049940157
-5568.32296125832
-5568.57313994599
-5568.30709146829
-5568.43457935505
-5568.83434657309
-5569.70886889628
-5568.88266977841
-5568.78599877124
-5568.59815493602
-5568.93186842362
-5568.37836293111
-5569.82114790052
-5569.7493010853
-5568.57313994599
-5568.37680074815
-5568.57313994599
-5568.20935312561
-5569.84739608665
-5568.25529436638
-5569.69714737631
-5568.78251103228
-5569.65783322429
-5568.57313994599
-5569.79320818589
-5568.35699666207
-5568.34438515197
-5568.96566776393
-5568.57313994599
-5569.83681966524
-5568.86237435597
-5569.75274256034
-5568.17370995447
-5568.57313994599
-5568.25418077679
-5568.96387648484
-5569.73422727557
-5568.57313994599
-5568.18996540817
-5569.79981302231
-5568.57313994599
-5568.30576804419
-5568.32329176044
-5568.81894014524
-5568.20180861212
-5569.81404457028
-5568.91331211571
-5568.2895892712
-5568.57313994599
-5569.81497667752
-5568.17274093323
-5569.76989144029
-5568.23684399416
-5568.57313994599
-5568.27003079229
-5568.57313994599
-5568.57313994599
-5568.99752998327
-5568.57313994599
-5568.43063273173
-5568.57313994599
-5568.57313994599
-5568.57313994599
-5569.87482384683
-5569.77607579691
-5568.37946694479
-5569.81989403585
-5568.30025816054
-5568.31376624007
-5568.44581220497
-5568.57313994599
-5568.3837278972
-5568.31853973567
-5568.57313994599
-5568.92655449756
-5568.39049200101
-5568.34533557069
-5568.38377989396
-5568.32790775173
-5568.31490948615
-5569.77990675956
-5568.23481450071
-5569.72743285897
-5568.8505403631
-5568.57313994599
-5568.30245496577
-5568.25284326854
-5568.29280221775
-5568.57313994599
-5568.27095183682
-5568.97943734696
-5569.72585322039
-5568.3105335402
-5569.81090841542
-5568.84470569108
-5568.57313994599
-5568.31758450612
-5568.93539804805
-5568.77952253282
-5568.57313994599
-5568.96673844547
-5568.57313994599
-5569.8332069213
-5568.32870632478
-5568.09710215512
-5568.57313994599
-5568.66020701047
-5568.27351911703
-5569.70752450361
-5569.73936923336
-5568.88705709217
-5568.84699802839
-5568.57313994599
-5569.76543905496
-5568.24174511211
-5568.1801130849
-5569.79489166658
-5568.78143649398
-5569.73251356802
-5569.72178637934
-5568.18387368947
-5568.81413194786
-5568.19192868417
-5568.57313994599
-5568.16561110269
-5568.87376481054
-5568.15485017479
-5568.57313994599
-5568.57313994599
-5569.64973190224
-5568.34210170546
-5568.25461504161
-5568.83443244088
-5568.36610715287
-5569.74539068804
-5568.22817793456
-5568.18689452551
-5568.57313994599
-5568.92506425398
-5568.57313994599
-5568.93526171016
-5569.7562146058
-5569.77441310177
-5568.11118160304
-5568.36992280113
-5568.14212473775
-5569.72762668848
-5568.92641137746
-5568.57313994599
-5568.22327763503
-5569.75396032339
-5569.71166799387
-5569.78041834211
-5568.17771048172
-5569.77216175798
-5568.74692075758
-5568.82273194532
-5568.66225708478
-5568.39493632976
-5568.3852973592
-5569.74762276452
-5569.83841998273
-5568.33890724762
-5568.19184312913
-5569.68685147265
-5568.28684717735
-5568.57313994599
-5568.34212818601
-5568.37402200112
-5569.79864502339
-5568.38122183171
-5568.57313994599
-5568.20933851709
-5568.23620661366
-5568.8265651784
-5568.57313994599
-5568.41414101386
-5568.57313994599
-5568.39516692525
-5568.88477497708
-5568.57313994599
-5568.30006295504
-5569.02060922786
-5569.58913256944
-5568.17017631814
-5568.09681653067
-5568.29155387847
-5569.77203031019
-5569.70641079901
-5568.90961415651
-5569.75862769976
-5568.30211729852
-5569.82688069547
-5569.77176530302
-5568.30694613225
-5569.02313186683
-5568.27010480698
-5568.57313994599
-5568.57313994599
-5568.57313994599
-5568.13170680878
-5568.22175307465
-5569.73597018347
-5568.32165643174
-5568.96013294243
-5568.94875199239
-5568.57313994599
-5569.7367321585
-5568.4364197903
-5568.39680556025
-5568.57313994599
-5568.57313994599
-5568.28552679754
-5568.57313994599
-5568.57313994599
-5569.04317405016
-5568.16886709643
-5569.07719946473
-5568.87620330822
-5568.19401823962
-5568.27308655162
-5568.87629777507
-5568.84906151848
-5568.57313994599
-5568.21573605989
-5568.57313994599
-5568.31893504573
-5568.8505936546
-5568.31146699535
-5568.22491835178
-5569.80531640059
-5568.57313994599
-5569.71065875914
-5568.77334041695
-5568.85978399633
-5568.41162968902
-5568.2483640338
-5568.57313994599
-5568.18934858158
-5568.1609494179
-5569.77252126801
-5569.83734029963
-5568.28863155657
-5568.05968872966
-5568.79574181005
-5568.57313994599
-5568.12689075368
-5568.57313994599
-5568.30142115211
-5569.79769592284
-5569.74138056797
-5568.27757171027
-5568.34646178574
-5569.79436175168
-5568.57313994599
-5568.57313994599
-5568.81778435116
-5569.75258641524
-5568.77812040156
-5569.85391773516
-5568.27179358115
-5568.57313994599
-5568.31045879363
-5569.65138033251
-5568.13655385783
-5568.27041518817
-5568.29869740167
-5568.19010596479
-5568.57313994599
-5568.32393604483
-5568.26140792828
-5569.80866527084
-5568.91718282159
-5568.90449594963
-5568.07939774886
-5568.80237207347
-5569.70298911129
-5568.24446831038
-5568.17935475556
-5568.36597209319
-5569.8287883272
-5568.57313994599
-5568.14088932385
-5569.78314709755
-5568.57313994599
-5568.86332143649
-5568.57313994599
-5568.28983443603
-5568.65447779626
-5568.85647451256
-5568.26852951888
-5569.78303351193
-5568.20439979218
-5568.57313994599
-5568.13726992622
-5569.68711443021
-5568.42194272175
-5569.77170982921
-5568.38170310988
-5568.84966933433
-5568.73535426377
-5568.63301582223
-5568.57313994599
-5568.29621338396
-5568.38049276037
-5568.33937790887
-5568.26568344979
-5568.57313994599
-5569.04143432988
-5569.79809809275
-5569.56146767153
-5568.57313994599
-5568.7876376804
-5568.1785102893
-5568.60362263073
-5568.57313994599
-5569.77187769364
-5568.89383018271
-5569.77361895491
-5568.68755177583
-5568.07855913011
-5569.62864747203
-5568.35142015957
-5568.33382447257
-5568.25988947202
-5568.57313994599
-5568.3559047372
-5568.57313994599
-5568.2559610718
-5568.87511569047
-5568.32460074648
-5568.8627084043
-5568.21637328592
-5568.74649593771
-5569.5142611134
-5568.27199945924
-5568.2807038083
-5568.32740689209
-5568.83716347576
-5569.00411437301
-5569.730445714
-5568.81481116086
-5568.43427123555
-5569.8045428253
-5569.66547559543
-5568.18967630355
-5568.57313994599
-5569.71549669037
-5568.12875761223
-5568.74774705106
-5568.14758139294
-5569.78502106842
-5568.74292242559
-5569.71919579711
-5569.76098518058
-5568.57313994599
-5568.13930660794
-5569.8423152349
-5569.71478497395
-5568.45472118636
-5568.2221271677
-5569.7836083939
-5568.32601168872
-5569.70393259873
-5568.88299717222
-5568.89212725175
-5568.13815158528
-5569.78438912412
-5568.57313994599
-5568.96394464407
-5568.47577007744
-5568.57313994599
-5568.32950175709
-5568.43227757617
-5568.57313994599
-5568.57313994599
-5568.57313994599
-5568.57313994599
-5569.79833576133
-5568.13935043966
-5568.33876721805
-5569.69867075146
-5568.97708573763
-5568.94189969164
-5568.75395972834
-5569.68215427951
-5568.43109604232
-5568.82892806848
-5568.31441859261
-5568.40171394873
-5568.57313994599
-5568.57313994599
-5568.39469172864
-5568.37243543731
-5569.7480665662
-5568.34286157371
-5569.73320043339
-5568.17692419703
-5568.82599130747
-5568.97770608088
-5568.03017484514
-5568.30823801094
-5568.9691278125
-5568.57313994599
-5568.77463430696
-5569.6791867353
-5568.36987024963
-5568.24154490246
-5569.71780210191
-5568.14751675365
-5568.57313994599
-5568.57313994599
-5568.57313994599
-5569.81848014409
-5568.72994810018
-5568.57313994599
-5568.86282973393
-5568.57313994599
-5569.00601728879
-5568.2880186777
-5568.57313994599
-5569.68517665811
-5568.40565438349
-5568.93264871133
-5569.87072122311
-5568.49366184364
-5568.57313994599
-5569.68105022084
-5568.79303251095
-5568.34957392603
-5569.79066151133
-5568.30024340882
-5568.44326933662
-5569.85485939068
-5568.38710992541
-5568.2959511478
-5568.22629913497
-5568.57313994599
-5569.83065593241
-5568.57313994599
-5568.26325619432
-5569.77944579428
