# type 4 occupying energies
-5573.67981237252
-5572.55355683217
-5573.58479927315
-5572.70768317655
-5572.19323449944
-5573.82426547012
-5572.33767652431
-5572.36812767839
-5572.28230155712
-5572.55355683217
-5572.25429549642
-5572.34013283459
-5572.55355683216
-5573.83110994974
-5573.78428888528
-5572.35488741088
-5572.27043059047
-5572.08263715784
-5572.27671726206
-5573.73065889261
-5572.36538141361
-5573.70884979248
-5572.25656916501
-5572.55355683217
-5572.21261373898
-5572.55355683217
-5572.29649724467
-5572.24995962809
-5572.62487685133
-5572.8737202282
-5573.56430957406
-5572.27282497596
-5572.17079295147
-5572.55355683217
-5572.31348003045
-5573.69217686603
-5572.55355683217
-5572.55355683217
-5573.6797281302
-5572.87279569453
-5572.55355683217
-5572.2696158944
-5572.788366165
-5573.58240878905
-5572.30997878921
-5572.79611756412
-5572.35368501598
-5572.2008526471
-5572.77932073542
-5572.80513179852
-5572.32489357474
-5572.55355683216
-5572.15834862979
-5573.76335871102
-5572.33567317309
-5572.88561859741
-5572.32814954086
-5572.78464412974
-5572.80578615523
-5572.2618012554
-5572.87231915534
-5572.20780140533
-5572.35531926442
-5572.29275303595
-5572.39073955085
-5572.85604281727
-5572.37104051327
-5572.86165666236
-5572.19894107882
-5572.55355683217
-5572.55355683217
-5573.51724845061
-5572.84911592821
-5572.11423291457
-5572.72815662108
-5573.61701304781
-5573.70996432551
-5572.75857665879
-5572.69587734996
-5573.61119326807
-5572.13096095669
-5572.1741883936
-5572.81000751153
-5572.80791485074
-5572.22665911838
-5573.78789194474
-5572.55355683217
-5572.55355683217
-5572.55355683217
-5572.55355683217
-5572.42385115505
-5572.26221761537
-5573.64796911724
-5572.26153655326
-5573.73463515408
-5573.74889950236
-5572.98396389494
-5572.35078517764
-5572.32747617843
-5573.86059556596
-5572.99471839357
-5572.55355683216
-5572.40227159794
-5572.33813580681
-5572.38894848387
-5572.55355683217
-5572.86591617374
-5572.28309235369
-5572.21387995503
-5572.34279960041
-5572.55355683217
-5572.37116235141
-5572.36073348947
-5572.30544428316
-5572.40398413788
-5572.55355683217
-5572.2872468887
-5572.25628946117
-5573.56903328214
-5572.72456384248
-5572.2298552941
-5573.77456327132
-5572.55355683217
-5572.18999691668
-5572.36357409362
-5573.77833970038
-5573.81026870956
-5572.72914206488
-5573.70448415271
-5572.19982236474
-5573.66527565364
-5572.14426412825
-5572.71881466858
-5573.61194083
-5573.68733186014
-5572.27873560935
-5572.55355683217
-5572.17390378714
-5572.55355683217
-5572.55355683217
-5572.21373727342
-5572.76357544085
-5572.67701009565
-5572.62240266687
-5572.19199002486
-5572.20656712614
-5572.88232096873
-5572.30113090713
-5572.89795286374
-5572.51949177177
-5572.13536247191
-5573.53358650442
-5572.8021422884
-5572.18700664699
-5572.88224731932
-5572.36645543014
-5573.70339043032
-5573.59438042537
-5572.55355683216
-5572.55355683217
-5572.85390329863
-5573.74924394889
-5572.28619090023
-5572.74546376
-5573.65323253763
-5572.55355683217
-5572.74485552154
-5573.72412417191
-5572.29260083162
-5572.98591863407
-5572.55355683217
-5572.55355683217
-5572.29660238975
-5572.55355683216
-5572.55355683217
-5572.22089077324
-5572.18645712234
-5572.26110562829
-5573.0421055385
-5573.74937089013
-5572.25394875138
-5573.77468762727
-5573.73956673861
-5572.55355683217
-5572.55355683217
-5572.26474407023
-5572.10808039768
-5572.89919933206
-5572.55355683217
-5572.31324118964
-5572.04041045606
-5572.28175513942
-5572.55355683217
-5572.28191927954
-5572.55355683217
-5573.80144440401
-5573.76768825066
-5572.77064519904
-5572.76534897658
-5572.05594639512
-5572.29068055572
-5572.31212012348
-5572.83684784112
-5572.11611170466
-5572.55355683217
-5572.26918837665
-5572.27931444896
-5572.91350759114
-5572.34561460459
-5572.26381648381
-5572.77463512834
-5572.67368884547
-5572.8377926335
-5572.81396160832
-5572.33715201813
-5573.7464743425
-5572.2510256038
-5572.65623280023
-5572.5986545271
-5572.04501470147
-5572.74922344018
-5572.63154652117
-5573.5627808398
-5572.84955832666
-5572.74901605977
-5572.55355683217
-5572.55355683217
-5573.82913998697
-5572.29310228223
-5573.80576677551
-5572.22418520311
-5572.07482394598
-5573.5601350143
-5572.64354278518
-5572.19917514182
-5572.55355683217
-5572.34901415956
-5572.55355683216
-5572.74872936212
-5573.66645890546
-5572.88580444702
-5572.2133589223
-5572.14811430232
-5572.55355683217
-5572.55355683217
-5572.38305595083
-5572.29286176284
-5572.38009490341
-5572.27508849607
-5572.55355683217
-5572.8309165566
-5572.92974090827
-5572.12452071916
-5572.55355683217
-5572.2770363832
-5572.34913860339
-5572.37359824034
-5572.55355683217
-5572.55355683216
-5572.14655823036
-5572.38511740834
-5572.1836327046
-5573.75629203358
-5572.29504078547
-5572.28568602924
-5572.55355683217
-5572.22149009265
-5572.36751525121
-5572.43310096384
-5572.55355683217
-5573.63560579888
-5573.63485131248
-5572.55355683217
-5572.87980882067
-5572.55355683217
-5572.33374785201
-5572.23370476888
-5572.3344571671
-5572.43153511892
-5573.77702343904
-5572.20403323463
-5572.78399948708
-5572.785700792
-5572.33437460295
-5572.61957849682
-5572.82124959467
-5572.85775174329
-5573.69440387158
-5572.86632071552
-5572.95772533173
-5572.91860366669
-5572.25700402512
-5572.34309727785
-5572.1693660328
-5572.23315720256
-5572.33869331956
-5572.20972311162
-5573.79369872849
-5573.77754375889
-5572.29864631286
-5572.55355683217
-5572.55355683216
-5573.74837895501
-5572.31235408263
-5572.55355683217
-5573.58967647102
-5573.66787234679
-5572.55355683217
-5572.27653997156
-5572.299849425
-5573.82652747855
-5572.55355683217
-5572.25472770654
-5572.31698806811
-5572.28666702691
-5572.55355683217
-5572.78947865523
-5572.20744616348
-5572.79677738207
-5572.94728317824
-5572.30547078278
-5572.9021318064
-5572.55355683217
-5572.30136842087
-5573.75858785563
-5572.09519569778
-5572.40694809345
-5572.38188860959
-5572.40348061468
-5572.41284752644
-5573.72236737689
-5572.16649532799
-5572.34214702712
-5573.77559702272
-5572.55355683216
-5573.76058679688
-5573.73598686879
-5573.72027978545
-5572.55355683217
-5572.28240034617
-5572.55355683217
-5572.55355683217
-5572.20249157621
-5572.28784562283
-5572.67353012454
-5573.73307850161
-5573.66350233469
-5572.3067065656
-5572.38979507598
-5572.3327378276
-5572.74911048772
-5572.32534951036
-5572.83311799179
-5572.73869158715
-5572.35639850744
-5573.79898511146
-5572.322510045
-5572.28357252599
-5572.55355683217
-5572.72712313572
-5572.33337042315
-5572.34532338674
-5572.77839736904
-5572.79012930512
-5573.62509284553
-5573.73509475735
-5572.37429441807
-5572.55355683217
-5573.71141043979
-5572.55355683216
-5572.75368432814
-5572.65893037953
-5572.74094470909
-5573.7622875119
-5572.18445851291
-5572.38487206113
-5573.73030416889
-5573.75083227837
-5572.133240966
-5572.22238985845
-5572.85885521046
-5573.78064933956
-5572.55355683216
-5573.75441266308
-5573.01413524251
-5572.28444129643
-5572.40878495505
-5573.70898902648
-5572.35534816705
-5572.55355683216
-5572.28574056891
-5572.55355683217
-5573.73035819496
-5572.35890546016
-5572.98735936754
-5572.85781139189
-5572.25734085707
-5572.55355683217
-5572.16648597772
-5572.19360353944
-5572.80426327197
-5572.55355683217
-5572.55355683217
-5572.29503730917
-5573.07472775327
-5572.14776811874
-5573.65108829602
-5572.55355683217
-5572.89462972363
-5573.79075664848
-5573.69631612648
-5572.55355683217
-5572.55355683217
-5572.29149762973
-5572.27699737343
-5572.31473429784
-5572.55355683217
-5572.18535317849
-5572.33495305598
-5572.55355683217
-5572.37294821408
-5572.31359406126
-5572.99930494232
-5572.28856947594
-5572.22780810135
-5572.55355683217
-5572.31515169584
-5572.17467096759
-5572.30986709228
-5572.82663367353
-5572.76224146936
-5572.35279431099
-5573.84625903981
-5573.74315807868
-5572.55355683217
-5572.17728831227
-5572.77841981711
-5572.23986367932
-5572.97181895272
-5572.55355683217
-5573.81171922884
-5573.58926051603
-5572.55355683216
-5572.2775347512
-5572.82258985733
-5572.55355683216
-5572.55355683217
-5572.55355683217
-5573.75830347348
-5573.61920565352
-5572.7175440287
-5572.06682498549
-5572.19404848035
-5572.74683203362
-5573.66839939535
-5573.71689890279
-5573.6810961525
-5572.22571978276
-5572.55355683217
-5572.27596673652
-5572.80906545855
-5573.71117830488
-5572.81330365786
-5572.891768361
-5572.21190038242
-5572.21804485055
-5572.25373203378
-5572.72218035488
-5572.86400540037
-5572.2526076046
-5573.65694036493
-5572.73345408576
-5572.10981973467
-5573.63307806456
-5572.83474727455
-5572.55355683217
-5573.63156607984
-5573.68569226952
-5573.68924338905
-5573.77483224475
-5572.81194850122
-5572.11288038669
-5573.59360000093
-5572.93500040301
-5573.74243662274
-5572.85897515643
-5572.55355683217
-5572.55355683217
-5572.55355683217
-5572.19878870001
-5572.24077477583
-5572.8014200951
-5573.63710628144
-5572.24245894242
-5572.2964836945
-5572.55355683217
-5572.68737238887
-5572.15960157219
-5572.2117131357
-5572.27841995652
-5572.30051430664
-5572.15728661622
-5572.19705786865
-5572.22048083345
-5572.55355683217
-5572.7970845839
-5572.55355683217
-5573.61307864158
-5573.74021062121
-5572.22530396726
-5572.60449126188
-5573.72490794737
-5572.55355683217
-5573.70694387368
-5572.16439729386
-5573.6790948987
-5572.86480494327
-5573.61767758583
-5572.55355683217
-5572.85613805157
-5572.55355683217
-5573.73825500126
-5573.7461669524
-5572.55355683217
-5572.8252452018
-5572.55355683217
-5573.70535403159
-5573.62384801554
-5572.06392388032
-5572.82045502011
-5572.72642646034
-5572.57738604968
-5572.93537595016
-5572.26747305042
-5572.93605563814
-5572.26827269001
-5573.68761976365
-5572.13261936735
-5572.64189599888
-5572.33156486575
-5572.65368485048
-5572.30898659494
-5572.26883367922
-5572.38561045254
-5572.43278420383
-5572.39532301278
-5572.78919840162
-5572.14453461937
-5572.68652390064
-5572.6329800015
-5572.55355683217
-5573.73970664857
-5572.55355683217
-5572.84615043842
-5572.55355683217
-5572.41312013123
-5572.37503161143
-5572.38996140086
-5572.4200875739
-5572.55355683217
-5572.55355683217
-5572.17037402823
-5572.35899552919
-5573.67300002671
-5573.72489826093
-5572.79758252976
-5572.17602154645
-5572.58353127448
-5572.62384405094
-5573.64880030362
-5572.71859155084
-5572.86356607575
-5572.55355683217
-5572.28351303203
-5572.55355683217
-5572.2754576589
-5572.55355683217
-5572.88435743178
-5572.32867078466
-5572.55355683217
-5572.22400445116
-5572.31877507683
-5572.55355683216
-5572.80632149628
-5572.55355683217
-5573.60168304364
-5572.33933427227
-5572.3051824502
-5572.55355683217
-5572.11948051961
-5572.21797878892
-5573.66792121877
-5572.55355683217
-5572.35342091053
-5572.55355683216
-5573.00113561472
-5572.89295126679
-5572.55355683217
-5572.36099631424
-5572.4206898603
-5572.55355683217
-5572.34189267895
-5572.55355683217
-5573.78420162338
-5572.38855534948
-5572.89282646817
-5572.55355683217
-5572.28800677954
-5572.35020072021
-5572.49144976471
-5572.43169204019
-5572.55355683217
-5572.75544252304
-5572.2296797044
-5572.37956262126
-5572.1947670919
-5572.80880685753
-5572.24457976848
-5573.74932072377
-5572.29616125763
-5572.39119896211
-5572.55355683217
-5572.4909233607
-5572.72559449749
-5572.74794666629
-5572.34777096766
-5572.55355683217
-5572.55355683217
-5572.25020115714
-5572.75459118123
-5572.67318207698
-5573.71853826969
-5573.71581633221
-5572.32930116831
-5572.14268964823
-5572.80864042117
-5573.73152251924
-5572.84804104991
-5572.26557850624
-5573.83251761554
-5572.55355683217
-5572.55355683217
-5573.80308535396
-5572.55355683217
-5572.55355683217
-5572.12539775162
-5572.77087580091
-5572.30646443544
-5573.73418698954
-5572.33408549553
-5572.55355683216
-5572.55355683217
-5573.69906644881
-5572.74259847897
-5572.30565304826
-5572.55355683217
-5572.86257183477
-5572.66830534053
-5572.40929014482
-5572.55355683217
-5572.30795448237
-5572.33963571311
-5572.20542186712
-5572.27862131296
-5572.55355683217
-5573.73567109725
-5572.26577287504
-5572.55355683217
-5572.55355683217
-5572.80322105287
-5572.31684279703
-5573.67674853171
-5572.37069870178
-5572.42801800015
-5572.55355683217
-5572.3673849577
-5572.35644928074
-5572.99706701948
-5572.33467054469
-5572.36037380176
-5573.69317938808
-5572.33531126653
-5572.55355683216
-5572.90454447614
-5572.32946328892
-5572.40947683094
-5572.37160795122
-5573.85023285814
-5572.33051260959
-5572.18621403201
-5572.55355683217
-5572.34754927957
-5572.2974816798
-5572.3644938529
-5572.34946660246
-5572.55355683217
-5573.7848313603
-5572.27237714073
-5572.21550493544
-5572.38763808083
-5573.69440843402
-5573.01907556936
-5572.95658405339
-5572.32284485485
-5572.55355683217
-5573.7872820807
-5573.84597304835
-5572.55355683217
-5572.55162557834
-5572.33216104813
-5572.3571445882
-5573.83100242179
-5573.72320478124
-5572.16842363347
-5572.55355683216
-5572.55355683217
-5572.33925243732
-5572.3507953983
-5573.7567791996
-5572.26559117836
-5572.55355683217
-5572.55355683217
-5572.32839703668
-5572.22098060023
-5572.36592747728
-5572.88339779256
-5572.33496923918
-5572.55355683216
-5572.33795049237
-5572.55355683217
-5572.37913124356
-5572.4668764169
-5573.81228463575
-5572.41600348987
-5572.42537138943
-5572.35440047656
-5572.38262331835
-5572.45170661154
-5572.55355683216
-5573.64815926839
-5572.55355683217
-5573.78392059787
-5572.73912477789
-5573.70034390248
-5572.7333990817
-5572.23962665536
-5572.8132072188
-5572.86945933449
-5572.55355683217
-5572.55355683217
-5572.32046467465
-5572.55355683217
-5572.4075537839
-5572.27740352812
-5572.33741796491
-5572.55355683217
-5572.26781192194
-5573.64183068959
-5572.30360892667
-5573.81693130376
-5572.3731572886
-5572.38591742442
-5572.55355683217
-5573.05027743133
-5572.31672868874
-5573.83585242619
-5572.36476994936
-5572.55355683217
-5573.77861629695
-5572.21448095445
-5572.33433041472
-5573.66120995685
-5572.40888750518
-5572.34363889621
-5572.30483937056
-5572.32598685453
-5573.7742089943
-5572.28258696631
-5572.45919759214
-5572.30737433592
-5573.82357991642
-5573.8200173882
-5572.32224557664
-5572.87800403937
-5572.42885395545
-5572.55355683217
-5572.25359446483
-5573.80112595925
-5572.37302084666
-5573.04325033644
-5572.55355683217
-5572.55355683217
-5572.4290599277
-5572.55355683217
-5572.31002449672
-5572.55355683217
-5572.55355683217
-5572.55355683217
-5572.55355683217
-5572.30964773757
-5572.30751888338
-5572.55355683217
-5573.80614231981
-5572.55355683217
-5572.55355683217
-5572.55355683217
-5572.3254976004
-5573.69030259269
-5572.31864312385
-5572.55355683217
-5572.55355683217
-5572.78935514721
-5572.9687767305
-5573.04403832323
-5572.33868942341
-5572.39809294513
-5573.02252320035
-5572.34833490985
-5572.3678240989
-5573.68126478891
-5572.7009796469
-5572.96121447244
-5572.93786152707
-5572.21204664781
-5573.70070247321
-5572.55355683216
-5572.35061596636
-5572.336678114
-5572.35023750568
-5572.24686439821
-5572.71210977262
-5572.55355683217
-5573.72743815124
-5572.2905323492
-5572.36713789731
-5572.55355683216
-5572.84816423118
-5572.32912205497
-5572.69412426067
-5573.00958400918
-5573.66809846938
-5573.74776324297
-5572.55355683217
-5573.74109691333
-5572.24132865487
-5573.79178400334
-5572.82446558684
-5573.70858490213
-5572.55355683217
-5572.32690022211
-5573.70275121409
-5572.35304189634
-5573.79253037844
-5572.22596897968
-5572.20818778847
-5572.32781797484
-5572.16229831931
-5572.3023806305
-5573.87116748032
-5572.55355683217
-5572.28263924401
-5573.83736465804
-5573.93076956064
-5573.9363761251
-5572.19132599381
-5572.31291996577
-5572.55355683217
-5572.3727727716
-5572.21878637465
-5572.25701328559
-5572.96637096884
-5572.26847131295
-5573.79279206897
-5572.27160372279
-5572.32977882995
-5572.15521564649
-5572.55355683217
-5573.84042027658
-5572.55355683217
-5572.55355683217
-5572.35822744249
-5572.24778068415
-5573.70230957821
-5572.55355683217
-5572.13640669771
-5572.64588855574
-5573.70512928582
-5572.69659653252
-5572.1585661251
-5573.82484272698
-5572.55355683217
-5572.79178017718
-5572.55355683217
-5573.72139696882
-5573.77114158814
-5572.19915228481
-5572.15050748124
-5573.61616675782
-5572.6765944526
-5573.72487714821
-5572.55355683217
-5572.55355683217
-5572.55355683217
-5573.63870446796
-5572.55355683216
-5572.23718246966
-5572.73558982317
-5572.44093005453
-5572.83058230724
-5572.39300928782
-5572.26186522582
-5573.69668834721
-5572.55355683216
-5572.86293667428
-5573.66289330117
-5572.73081548115
-5572.55355683217
-5572.07594917555
-5572.66510610451
-5572.77861625411
-5573.68311905992
-5572.55355683217
-5572.22482396562
-5572.55355683217
-5573.71600511647
-5572.91820109261
-5572.35045177512
-5572.55355683217
-5572.55355683217
-5572.29738909288
-5572.38654091307
-5572.31288727221
-5572.55355683217
-5572.28257566692
-5572.24132127651
-5572.55355683217
-5573.63003700276
-5572.90728673148
-5573.78288293304
-5572.68899210429
-5572.82565396528
-5572.29696312353
-5573.72335036103
-5572.2458114644
-5572.55355683217
-5572.32227323598
-5572.55355683217
-5572.2866661455
-5572.55355683217
-5572.27104942316
-5573.69627399132
-5572.72064940175
-5573.76423520589
-5572.55355683216
-5573.69774308037
-5572.98129452537
-5572.2356129755
-5572.95662649211
-5572.92216670335
-5572.2671179465
-5572.86337795009
-5573.70194045333
-5572.23753186471
-5572.55355683217
-5572.27173187736
-5572.90023587357
-5573.69671221831
-5572.55355683217
-5572.15161409998
-5573.73872147504
-5572.55355683217
-5572.298431787
-5572.34524509828
-5572.81136063255
-5572.25751888301
-5573.80023108342
-5572.19232379637
-5572.28757788127
-5572.55355683217
-5573.82541730516
-5572.24936285696
-5573.80546465336
-5572.26678880162
-5572.55355683217
-5572.33623929117
-5572.55355683217
-5572.55355683217
-5572.95668396817
-5572.55355683217
-5572.45609895519
-5572.38852004275
-5572.55355683216
-5572.55355683217
-5573.85717236253
-5573.78737439504
-5572.401490928
-5573.82625259558
-5572.27742866801
-5572.42772645982
-5572.42278765707
-5572.55355683217
-5572.43664482307
-5572.22795991303
-5572.55355683217
-5572.92304707377
-5572.37834276152
-5572.30506040678
-5572.55355683217
-5572.311029826
-5572.21990619563
-5573.77083027536
-5572.22648602811
-5573.66183411269
-5572.77260490688
-5572.55355683217
-5572.2384070907
-5573.78442174416
-5572.15918676358
-5572.55355683217
-5572.22310978201
-5572.95399945901
-5573.72541062293
-5573.81955503401
-5573.76568540774
-5572.74428125593
-5572.55355683217
-5572.21092999881
-5572.85453212494
-5572.67134374957
-5572.55355683217
-5572.88457674428
-5572.55355683217
-5573.78466680675
-5572.30148304829
-5572.71716749548
-5572.55355683217
-5573.54414329239
-5572.28812375294
-5573.73371488912
-5572.8749606171
-5572.34400321212
-5572.90993703902
-5572.81777866764
-5573.62560730461
-5572.16173374151
-5572.18111466827
-5572.55355683217
-5572.68132701086
-5573.5158403578
-5573.60536805613
-5572.18317349489
-5572.78492366114
-5572.2086392129
-5572.55355683216
-5572.71935198824
-5572.71030154976
-5572.60277826049
-5573.73579236634
-5572.55355683217
-5573.65008267421
-5572.26080525766
-5572.55355683217
-5572.76413880901
-5573.59135468447
-5573.71059372727
-5572.2190212579
-5572.25930837777
-5572.32493657256
-5572.55355683217
-5572.55355683217
-5573.03608525181
-5573.67042409102
-5573.68085947454
-5572.0915064839
-5572.75548151494
-5572.06589933028
-5572.7014509882
-5572.80477721633
-5572.55355683217
-5572.26971904252
-5573.71267141833
-5573.655905654
-5573.75122522953
-5572.08550890325
-5573.77726345505
-5572.78315681268
-5572.7304280521
-5572.64188526533
-5572.15907996454
-5572.82875679788
-5573.58227451982
-5572.84933590944
-5572.30226525727
-5572.83929776311
-5573.64760851942
-5572.8729452487
-5572.55355683217
-5572.22906365732
-5572.7894945705
-5573.68303347888
-5573.70770760068
-5572.14781591459
-5572.10549645397
-5572.30477909872
-5572.75596895629
-5572.55355683217
-5572.36103304803
-5572.55355683217
-5572.25832408445
-5572.15847285375
-5572.55355683217
-5572.15230579557
-5572.95058297818
-5573.67201189648
-5572.13743680343
-5571.98314626841
-5572.11153620245
-5573.7139515969
-5573.68162907563
-5573.61798619307
-5573.72730992681
-5572.31890067898
-5573.74362378528
-5573.72940451622
-5572.25611855099
-5572.88407047082
-5572.95634728464
-5572.55355683217
-5572.55355683217
-5572.55355683217
-5572.16469694834
-5572.14927463569
-5572.1661745011
-5572.37474937332
-5572.92675576515
-5572.92362274677
-5572.3564168697
-5573.66617791101
-5572.73774638651
-5572.34887703106
-5572.55355683217
-5572.55355683217
-5572.30700575011
-5572.55355683216
-5572.55355683217
-5572.55355683216
-5572.21385074214
-5572.39176732783
-5572.82747264506
-5572.17687020153
-5572.28700855878
-5573.65730979299
-5572.25730903731
-5572.55355683217
-5572.34851222914
-5572.55355683217
-5572.43922919677
-5572.9822163582
-5572.42079570532
-5572.29558192207
-5573.76949156239
-5572.55355683216
-5572.75942171793
-5572.73806482024
-5572.55355683216
-5572.32749401987
-5572.30348701096
-5572.55355683217
-5572.16615300948
-5572.14290923229
-5572.3090937813
-5572.41053483632
-5572.25658286167
-5572.04798574814
-5573.70794443562
-5572.55355683217
-5572.26977611517
-5572.55355683216
-5572.39451382615
-5572.55355683217
-5572.55355683217
-5572.38111465237
-5572.30194478825
-5573.77243781568
-5572.55355683217
-5572.55355683216
-5572.80724160772
-5572.55355683217
-5572.83879085665
-5572.38922880366
-5572.37560036905
-5572.55355683217
-5572.18514244356
-5573.63201584776
-5572.33891314244
-5572.27423441275
-5572.55355683217
-5572.13141311134
-5572.94607315629
-5572.26017920251
-5572.89407984972
-5573.63221443254
-5572.82435925772
-5572.66715040402
-5572.07616285294
-5572.80580007609
-5573.66187762009
-5572.26859682807
-5572.55355683217
-5572.30118139319
-5572.18999540882
-5573.74103050421
-5572.70229499075
-5573.67534491799
-5572.55355683217
-5572.22018229377
-5573.60776309712
-5572.1484610492
-5572.61958411513
-5572.8721942362
-5572.22956083095
-5573.75410618419
-5572.13193148334
-5572.55355683217
-5572.15577396877
-5572.84787068854
-5572.35833069959
-5573.70403828481
-5572.31328010356
-5572.82937095815
-5572.6266593731
-5572.5447508597
-5572.55355683217
-5572.25534152584
-5572.38438259723
-5572.29722843601
-5572.21678676838
-5572.55355683216
-5572.9405636368
-5573.82368281615
-5573.5837934555
-5572.55355683217
-5572.79303937641
-5572.19100479189
-5572.52550380289
-5572.55355683217
-5573.7578714018
-5572.90483863284
-5573.78096079357
-5572.69090418783
-5572.10979942363
-5573.62862145187
-5572.28980191718
-5572.32161733631
-5572.23118753773
-5573.80697050343
-5572.3058709477
-5572.55355683217
-5572.29151960368
-5572.55355683217
-5572.34949220395
-5572.91894531068
-5572.07151154084
-5572.7363743751
-5572.71043392846
-5573.73580261113
-5572.29276179669
-5572.31267151305
-5572.90918246913
-5572.55355683217
-5573.73657749188
-5573.63048279541
-5572.34371513365
-5573.78070831327
-5573.72335602491
-5572.15122646461
-5572.55355683217
-5573.69333618153
-5572.10300322522
-5572.73641875041
-5572.14516798553
-5573.72576890794
-5572.73429194066
-5573.67540085146
-5573.85396446746
-5572.55355683217
-5572.20820546871
-5573.7973148958
-5573.72712104028
-5572.20495934322
-5572.11249696327
-5573.72850440573
-5572.55355683217
-5573.67995599295
-5572.86368965298
-5572.7941757863
-5572.20576735663
-5573.71338012038
-5572.55355683217
-5572.81468936651
-5573.62446264984
-5572.13779138692
-5572.28302814074
-5572.35515977382
-5572.55355683216
-5572.86377465221
-5572.55355683217
-5572.55355683217
-5572.24683163346
-5572.11605397791
-5572.29649016569
-5573.70678687683
-5572.9568705341
-5572.39423884049
-5572.76304997081
-5573.65294310812
-5572.44667487791
-5573.7285467778
-5572.27705397382
-5572.3045642559
-5572.55355683216
-5572.55355683217
-5572.38669356216
-5572.39740085002
-5573.81051999853
-5572.2932567095
-5573.67686307693
-5572.31087078285
-5572.82505736555
-5572.32401920875
-5572.05225561624
-5572.3411900469
-5573.01787102125
-5572.55355683217
-5572.78420105362
-5573.76623829004
-5572.31496571706
-5572.25056211709
-5573.75108377489
-5572.17762664107
-5572.55355683217
-5572.30935960945
-5572.55355683217
-5573.81651487485
-5572.78645057086
-5572.55355683217
-5572.86651527593
-5572.55355683217
-5572.93311927336
-5572.23466238396
-5572.55355683217
-5573.77439401805
-5572.38906080611
-5572.88546188348
-5572.55355683217
-5573.06628534733
-5572.55355683217
-5573.65742020854
-5573.768631992
-5572.34721973995
-5573.81008014058
-5572.34558030837
-5572.4156422562
-5573.85463578226
-5572.28476735683
-5572.55355683216
-5572.12866306443
-5573.81610968107
-5573.82222172461
-5572.55355683217
-5572.25336357414
-5572.55355683217
