# type 3 occupying energies
-5578.19511014464
-5576.84451378589
-5578.28399020355
-5577.4232646352
-5578.20084291372
-5578.1903247254
-5576.81190330602
-5576.79473772393
-5576.75682197788
-5576.900603867
-5576.7229122294
-5576.72340141314
-5578.23952241761
-5576.75846168183
-5576.84040173468
-5576.89802478051
-5577.4232646352
-5576.90687386257
-5577.4232646352
-5578.20970335177
-5576.78270432814
-5577.22636356956
-5576.77322474924
-5576.90389701971
-5576.76190699158
-5576.7760848742
-5576.81763745336
-5576.86398536162
-5577.4232646352
-5577.4232646352
-5577.4232646352
-5576.99885231372
-5576.95516562391
-5576.98177637805
-5576.77601405578
-5578.31520489394
-5578.10480348749
-5576.76893658805
-5576.8040725779
-5577.06342283048
-5578.18195531321
-5578.30274804913
-5578.20977098412
-5576.90579872406
-5577.02761092517
-5577.4232646352
-5578.23206804603
-5576.81847935691
-5577.4232646352
-5577.4232646352
-5576.9930475052
-5576.80287237266
-5576.77304254004
-5578.38581414329
-5576.94142363242
-5577.4232646352
-5576.92762691774
-5577.4232646352
-5577.4232646352
-5576.75305027596
-5577.4232646352
-5576.79101654301
-5576.75135137967
-5578.23148902373
-5576.98104061698
-5578.30417332249
-5577.4232646352
-5577.4232646352
-5576.80083904001
-5577.4232646352
-5576.88696487607
-5578.26919857686
-5577.4232646352
-5576.80309862019
-5577.4232646352
-5577.4232646352
-5576.96936658017
-5577.4232646352
-5577.4232646352
-5578.34318314113
-5576.99969864786
-5576.84442265162
-5577.4232646352
-5578.33691728382
-5576.97351110614
-5578.26477853718
-5577.4232646352
-5576.78217799699
-5577.03426691703
-5578.25659868698
-5577.4232646352
-5576.75901618415
-5578.23117060896
-5576.85626007054
-5576.73562101544
-5577.06603779732
-5577.4232646352
-5576.76990838908
-5577.4232646352
-5577.1081539559
-5576.73766188234
-5576.95006795995
-5577.4232646352
-5576.71290162201
-5576.73309985939
-5576.97691291557
-5577.04670744163
-5576.75731603503
-5576.9765213555
-5577.4232646352
-5577.4232646352
-5576.80808758996
-5578.25199173616
-5576.88304419159
-5576.84125436261
-5578.3259181409
-5576.76919674461
-5577.10656621848
-5578.24680326604
-5577.4232646352
-5578.23589094896
-5577.06123194927
-5576.71617623918
-5576.72022991313
-5576.72617496988
-5576.90842804584
-5577.4232646352
-5576.83752944187
-5578.35151908904
-5576.74238271076
-5576.76820850683
-5576.9773248854
-5577.4232646352
-5577.4232646352
-5578.17747228966
-5576.84928327375
-5576.93913422294
-5576.70741991107
-5576.97968353
-5576.68802269827
-5576.8921939904
-5577.4232646352
-5577.4232646352
-5576.91744943529
-5576.82284062578
-5576.75775531823
-5576.74769306042
-5577.4232646352
-5578.4384593904
-5577.4232646352
-5576.89577470747
-5578.13294917794
-5576.91571412575
-5577.0166291495
-5577.4232646352
-5576.85495234967
-5578.27109367127
-5577.4232646352
-5576.95388766283
-5576.74392931001
-5578.26632556832
-5577.4232646352
-5576.81180740356
-5576.85840915894
-5578.15101966383
-5576.96623025566
-5577.4232646352
-5576.81273386322
-5577.00051839081
-5578.23031017678
-5577.4232646352
-5577.16315466343
-5577.02533497462
-5578.15718247202
-5576.8143938979
-5577.11710080358
-5576.87152090691
-5576.79644780559
-5576.71179243949
-5576.85735978659
-5576.72007008788
-5578.23321478343
-5576.73313317201
-5576.97388936656
-5578.13587857845
-5576.78683087892
-5576.76296479891
-5576.83293812817
-5576.82351581141
-5576.82180264677
-5576.73887113341
-5576.99960831148
-5576.9483390495
-5578.14367852914
-5577.4232646352
-5577.04945317314
-5577.4232646352
-5578.24756667312
-5577.4232646352
-5576.85099478764
-5577.06702564064
-5576.8912890938
-5577.4232646352
-5576.86354503667
-5576.85131577485
-5576.79392588994
-5578.21965200205
-5577.4232646352
-5576.72505963973
-5576.778783237
-5577.4232646352
-5577.4232646352
-5576.80037435387
-5578.16988686678
-5576.69611278495
-5578.19259742866
-5576.74586575261
-5577.4232646352
-5578.2793414331
-5576.89009193002
-5576.80231486541
-5577.4232646352
-5578.39755373046
-5578.34871264017
-5576.76510793163
-5578.35509632857
-5577.04269765834
-5576.76654116917
-5576.72824360675
-5578.25300729939
-5576.83209382519
-5576.79435401989
-5578.23228623338
-5577.4232646352
-5578.17173627727
-5576.7349791583
-5576.69911603463
-5576.69818680838
-5578.24961661238
-5577.1466063015
-5577.4232646352
-5576.7862907333
-5577.4232646352
-5576.70283527436
-5577.24494707488
-5578.27160990603
-5577.4232646352
-5577.00368483682
-5576.87406812146
-5576.92319516272
-5577.4232646352
-5577.4232646352
-5576.76215894265
-5578.19067982521
-5577.02265353734
-5576.94067543842
-5576.9535551024
-5576.67812866995
-5576.91303858112
-5576.86845567221
-5576.89982835548
-5577.4232646352
-5578.20000093459
-5576.97895535361
-5576.76588202392
-5578.33124432541
-5578.28365167354
-5576.82689689602
-5576.77316250584
-5578.28702032278
-5576.7921397225
-5578.15733044379
-5576.81793838174
-5577.4232646352
-5576.8123882354
-5576.99706521235
-5577.04728458197
-5576.8204943495
-5576.81816386305
-5577.4232646352
-5576.93674384161
-5576.87645264692
-5578.32206542072
-5576.87749251018
-5577.4232646352
-5577.4232646352
-5578.33651087471
-5578.31037391922
-5578.22954428251
-5576.87937718272
-5578.19751678362
-5576.79769702912
-5576.84580971196
-5576.71507569975
-5576.84760724246
-5576.8966037959
-5576.75849371836
-5578.29974633352
-5576.81410119847
-5578.17082786003
-5577.4232646352
-5578.2066387489
-5577.4232646352
-5576.81831913537
-5577.4232646352
-5578.31821616772
-5577.4232646352
-5577.01139848618
-5576.77864723902
-5576.70057041994
-5577.13020046962
-5577.03755281039
-5576.78300268365
-5576.84973767066
-5576.82006433511
-5576.95437663911
-5577.4232646352
-5577.4232646352
-5576.69757048808
-5576.91966929502
-5576.90597951251
-5578.19450493778
-5576.86662545304
-5576.80830342802
-5576.81926908032
-5576.78405221315
-5576.76762607088
-5576.76040918135
-5576.84520964117
-5576.72298413251
-5577.03839575166
-5576.96492903187
-5576.58597215248
-5576.65563922709
-5576.94222457204
-5576.8666472932
-5576.86460720148
-5578.19595104167
-5578.23259219525
-5578.14805437245
-5576.922445278
-5576.90677025929
-5576.80305530053
-5576.91643482378
-5578.29058493802
-5576.86402406582
-5577.19649569697
-5576.97533771229
-5576.7833668646
-5578.23906241554
-5577.4232646352
-5577.16433554255
-5576.85835729633
-5577.4232646352
-5577.4232646352
-5576.77817747883
-5576.71051919508
-5576.70695404168
-5576.84897842762
-5576.88347534398
-5576.70822364013
-5576.9720171599
-5578.22239756022
-5577.4232646352
-5578.3498567311
-5576.97187527778
-5576.5657924227
-5576.8359915239
-5578.07468471412
-5576.74633763727
-5577.4232646352
-5577.4232646352
-5577.4232646352
-5576.72782161589
-5576.80239616293
-5576.96154173142
-5576.91332697557
-5576.85572986914
-5576.83503685463
-5576.76096688824
-5576.81548412902
-5578.14592340225
-5576.92263854728
-5576.89082826045
-5576.66888263842
-5576.68106192803
-5576.8424588676
-5576.75082071216
-5576.9829054605
-5576.69464176118
-5576.79296887044
-5578.20449862052
-5576.92277279514
-5576.7562624621
-5576.86957631478
-5576.66005896902
-5576.82381825247
-5576.78226116696
-5576.83966443251
-5577.08045363302
-5577.4232646352
-5576.93028060878
-5576.7896980181
-5576.70486724098
-5576.85949538224
-5577.12839838102
-5576.86760511855
-5576.95853969071
-5577.4232646352
-5577.05170936314
-5578.1586960025
-5576.92598236895
-5576.91109855415
-5576.76710270172
-5576.61637795301
-5578.17624986568
-5576.81392904137
-5576.99188909063
-5576.90242958592
-5578.22094188789
-5576.83137577138
-5578.11909194976
-5576.89067890959
-5576.71266738283
-5576.76745836202
-5577.07042445971
-5576.80611319931
-5576.88383801704
-5576.70651889531
-5577.4232646352
-5577.4232646352
-5576.80184935025
-5578.14124245972
-5576.70992079149
-5577.04615059356
-5577.4232646352
-5577.4232646352
-5576.78432193144
-5576.99961136247
-5578.26022362216
-5576.86281391966
-5577.4232646352
-5578.20539181559
-5577.14618064869
-5577.4232646352
-5576.77646095863
-5576.96933261349
-5576.80794760128
-5577.00552946943
-5577.4232646352
-5576.86777961933
-5577.4232646352
-5576.7868991406
-5577.4232646352
-5578.29356804369
-5578.15889931695
-5576.74606120863
-5578.27099863474
-5576.97786713767
-5577.4232646352
-5577.4232646352
-5576.88809870683
-5577.03532593118
-5576.74008392482
-5576.73743407391
-5577.06042388938
-5576.77780859471
-5577.4232646352
-5577.4232646352
-5578.38339917708
-5578.26447284656
-5577.4232646352
-5577.02354556219
-5577.4232646352
-5577.4232646352
-5578.32041229402
-5578.34630267614
-5577.4232646352
-5578.46002315009
-5578.44536477765
-5577.4232646352
-5577.4232646352
-5578.39767682349
-5576.76121179586
-5577.4232646352
-5576.8510383712
-5576.90512175878
-5576.83564761669
-5577.4232646352
-5577.4232646352
-5577.4232646352
-5577.4232646352
-5577.4232646352
-5576.82766649319
-5576.81515384449
-5576.94203564539
-5577.4232646352
-5576.71654873638
-5577.07629782437
-5577.4232646352
-5576.85215947414
-5577.08809567017
-5577.4232646352
-5576.90038193287
-5578.39960684307
-5578.26035398536
-5576.86423960641
-5576.88182404508
-5578.27349726357
-5577.4232646352
-5577.4232646352
-5576.86424419967
-5577.4232646352
-5577.4232646352
-5576.84694472987
-5577.4232646352
-5576.84919923247
-5578.26548824184
-5578.30154911774
-5577.4232646352
-5578.32422812118
-5578.46276498473
-5576.78877046144
-5578.22723897085
-5576.79486277289
-5577.07592830469
-5578.25538679171
-5576.91312912553
-5576.77375992438
-5576.96346610391
-5576.87674516239
-5577.01534416133
-5577.4232646352
-5576.78280381137
-5577.4232646352
-5576.74914614568
-5576.87520026653
-5576.78998208197
-5577.4232646352
-5576.83921919506
-5577.4232646352
-5576.88118453578
-5576.9061795165
-5576.80859154995
-5576.69322308494
-5576.88177248381
-5577.4232646352
-5576.82350327992
-5576.90330458444
-5577.4232646352
-5576.91727595311
-5576.74537883297
-5576.89791773552
-5576.75651195673
-5576.84775710038
-5576.91008809192
-5576.85357910017
-5576.71189842429
-5576.67530365792
-5576.92263464465
-5576.72672673153
-5578.34202058763
-5576.67472608432
-5578.19316873853
-5576.86258398682
-5576.88417358437
-5576.93609259668
-5577.4232646352
-5577.4232646352
-5578.40699422026
-5577.4232646352
-5577.4232646352
-5576.9647866668
-5577.4232646352
-5578.30218724783
-5576.71656751276
-5576.69780364927
-5576.71982674874
-5576.80259139422
-5576.7454478075
-5576.83961857193
-5576.86565847503
-5577.4232646352
-5576.83977657676
-5576.86434618098
-5576.74221146984
-5576.82392832279
-5576.90568370333
-5577.4232646352
-5576.80041045515
-5576.93163607702
-5578.17592921051
-5576.86960208595
-5576.70089963957
-5576.76421239842
-5577.10877814689
-5576.9450886282
-5576.68413715348
-5576.75006780737
-5576.94926149818
-5576.84394548496
-5577.13486064344
-5576.82946513334
-5578.24235447543
-5577.00039879542
-5577.4232646352
-5577.30162070883
-5577.4232646352
-5577.04970490343
-5576.68851490794
-5577.11108459343
-5577.4232646352
-5578.36851310968
-5577.4232646352
-5577.24303699964
-5576.79919380201
-5577.4232646352
-5577.4232646352
-5577.4232646352
-5576.85010148605
-5576.69731995691
-5576.98328080181
-5578.25955562458
-5578.48823255845
-5577.4232646352
-5577.4232646352
-5577.4232646352
-5577.4232646352
-5578.2807318097
-5576.94409390311
-5577.4232646352
-5578.31765170291
-5577.20609971883
-5576.74594613114
-5577.4232646352
-5578.22657224423
-5576.81577772293
-5576.76376979605
-5576.80143758984
-5576.71112661463
-5576.99749848531
-5576.97018716433
-5576.97924646725
-5576.80742547559
-5576.90370010936
-5576.83000695356
-5577.4232646352
-5576.80766085963
-5578.18291737935
-5578.1631181944
-5577.10977462728
-5576.78201706129
-5578.16906243297
-5576.82442826282
-5578.18574133444
-5576.9115613836
-5577.4232646352
-5577.4232646352
-5576.9614169682
-5576.7510392463
-5577.11706369172
-5576.7342483046
-5577.4232646352
-5578.29629855912
-5576.76266109936
-5576.7926316363
-5577.4232646352
-5578.19612457356
-5576.99189195061
-5577.4232646352
-5576.78253530473
-5578.30524543479
-5577.4232646352
-5576.85026967698
-5578.19317717933
-5576.87652716916
-5578.21880111444
-5577.4232646352
-5576.7709364081
-5576.74889990932
-5576.94617650599
-5578.13201702192
-5576.92731053459
-5576.73779995748
-5577.02765614094
-5577.08369336216
-5576.81438081752
-5576.97906137565
-5576.8019148621
-5578.25623131858
-5578.20019931254
-5576.76791132012
-5576.70098581929
-5578.18858457625
-5576.70034615118
-5576.94302541208
-5576.96536077036
-5577.09943626326
-5576.82535662627
-5578.13258747113
-5576.85158062363
-5578.17367926131
-5577.4232646352
-5576.75851353866
-5577.00942323158
-5578.21314457111
-5576.97952826715
-5576.8947130356
-5576.99077271975
-5576.94530179218
-5576.70383213787
-5576.87064480337
-5576.94843118342
-5576.96746337078
-5577.00376609115
-5576.91966494792
-5576.71036613202
-5576.83253092959
-5578.25161873818
-5576.82955479798
-5576.9049682226
-5576.78310732714
-5576.76782942189
-5576.79431154547
-5576.92552648259
-5577.4232646352
-5578.15857645917
-5577.021764449
-5577.4232646352
-5578.34091615745
-5576.81994742741
-5576.88278335032
-5577.4232646352
-5577.4232646352
-5578.1131600924
-5576.70032107841
-5576.81730101405
-5576.75166130928
-5577.4232646352
-5576.9557517164
-5578.24113319253
-5576.76384400539
-5577.4232646352
-5578.34921693765
-5577.4232646352
-5577.20410845487
-5577.4232646352
-5577.4232646352
-5577.4232646352
-5576.88868614796
-5576.68406507491
-5576.96737248712
-5576.92086906233
-5576.89614592484
-5576.745153639
-5576.91105001617
-5577.4232646352
-5577.11856359498
-5577.4232646352
-5578.23466306602
-5576.78625561383
-5577.05717945136
-5576.69490480478
-5576.87010865952
-5577.03176216297
-5577.04413675031
-5576.92092645973
-5576.72532138601
-5576.95355650164
-5577.01264455453
-5578.30687512743
-5577.26790261037
-5576.72785107565
-5576.7959366092
-5577.02782443234
-5576.75921018507
-5578.18241034195
-5578.32289180499
-5576.70729632169
-5576.75348821764
-5578.19650123774
-5576.89039642347
-5576.65128974103
-5576.76199812479
-5578.31474511254
-5576.96660316229
-5576.99485485553
-5578.28248753183
-5578.20205648773
-5577.4232646352
-5577.4232646352
-5577.05237075138
-5576.70962473586
-5577.10807816396
-5576.78393908017
-5578.22382391305
-5578.23872699172
-5576.98747440468
-5576.97440669435
-5576.64063724794
-5576.6256081016
-5576.96204604168
-5576.93496300292
-5576.96470620556
-5576.68431710204
-5577.12697134664
-5576.79274813006
-5578.14767374423
-5578.22016060256
-5576.78028078429
-5577.03354240332
-5577.4232646352
-5577.4232646352
-5576.96027056449
-5576.672856838
-5576.94016323174
-5576.74188914057
-5576.73698159194
-5576.82588358074
-5578.25004977373
-5577.4232646352
-5578.21016885924
-5578.34032940402
-5576.73327535507
-5578.3428778771
-5576.77493991003
-5578.23745703578
-5576.98414838534
-5576.89761279356
-5576.78186789362
-5577.4232646352
-5577.07677923878
-5577.4232646352
-5576.75091052864
-5576.73712818656
-5577.00086511038
-5577.4232646352
-5577.11364795355
-5577.4232646352
-5577.00919407833
-5577.07217176489
-5578.16464083081
-5576.74703695239
-5576.79652653604
-5577.4232646352
-5576.95499643617
-5577.4232646352
-5578.26803126517
-5578.22385949632
-5577.4232646352
-5578.28242003136
-5576.74095708971
-5578.17715535319
-5576.67443879297
-5576.99944783851
-5578.22340069286
-5576.793035195
-5577.01874302662
-5576.82822175285
-5577.4232646352
-5576.83847065996
-5578.19834328239
-5576.91395052343
-5576.67687459303
-5576.94356665399
-5577.06152837677
-5576.65254551768
-5577.02780554998
-5577.4232646352
-5577.4232646352
-5576.86297816183
-5577.4232646352
-5578.26501041837
-5576.85668786858
-5576.85277110322
-5576.75351907532
-5576.87882585851
-5578.17963094959
-5576.84142599969
-5576.73570837759
-5576.88275405379
-5576.68690897266
-5577.05226190185
-5577.01085554657
-5576.83816395803
-5577.4232646352
-5578.22829825739
-5576.85300924895
-5576.70652706615
-5577.4232646352
-5577.08892148787
-5578.3331537539
-5576.85014068221
-5578.3546891487
-5578.19478215757
-5577.4232646352
-5576.9031131227
-5577.4232646352
-5577.4232646352
-5578.25452865709
-5577.4232646352
-5577.4232646352
-5578.44984649097
-5578.17051060507
-5577.13846301082
-5576.76966669764
-5577.4232646352
-5578.26520082585
-5577.4232646352
-5577.11320285542
-5576.77277786368
-5578.14568915334
-5577.23401124333
-5577.4232646352
-5577.19466829122
-5577.11467821307
-5576.73324072983
-5577.4232646352
-5576.84697260637
-5577.4232646352
-5577.4232646352
-5578.22397804638
-5578.29671511708
-5576.77648765217
-5578.16611105161
-5577.4232646352
-5576.92562359657
-5577.14753900192
-5576.7269704659
-5576.77761237448
-5578.26881130272
-5576.81702720017
-5577.0285411441
-5576.68978374313
-5576.75048257698
-5576.97604266973
-5578.14077283566
-5576.74617934438
-5576.87034369481
-5577.4232646352
-5578.28816724605
-5578.34723598477
-5577.4232646352
-5576.83934031517
-5578.22366023697
-5576.8315985229
-5578.24714611673
-5577.08601211241
-5578.20004128837
-5576.80699957329
-5576.79107379218
-5577.4232646352
-5577.4232646352
-5577.04336667646
-5577.04991355762
-5577.4232646352
-5576.65002996328
-5578.30044539825
-5576.77025262671
-5578.18854820992
-5577.4232646352
-5578.16737594194
-5577.23103067682
-5576.73392210429
-5576.61961856598
-5576.91684404996
-5576.72329160168
-5576.94519882154
-5578.2059412473
-5576.75271640456
-5576.88936833838
-5576.62163506313
-5576.76260537986
-5576.7515547187
-5576.65324722619
-5576.89487921485
-5576.99179368244
-5576.68106078232
-5576.78949017684
-5578.21671901776
-5576.80075371354
-5578.25003243845
-5576.86148550433
-5578.19867990724
-5576.9615470293
-5576.95261841422
-5578.17319503965
-5576.83808264079
-5576.90214207055
-5576.82807988064
-5576.66390288235
-5576.93982197243
-5576.78096610309
-5576.79318074842
-5576.59597704351
-5576.68573598124
-5578.19458728779
-5576.69694924652
-5576.72262417143
-5576.9158783886
-5576.90822945658
-5576.68172413366
-5576.73404677507
-5576.83009049599
-5577.00112406604
-5576.6969332917
-5576.76847755066
-5577.4232646352
-5576.79368653929
-5578.19779652068
-5578.22549048465
-5577.07777876336
-5577.1233155818
-5577.4232646352
-5576.95959292994
-5576.94280067531
-5576.80606944439
-5576.7936276532
-5576.89575725625
-5578.1937446523
-5577.00764138227
-5577.4232646352
-5578.32580497434
-5577.4232646352
-5576.8210067423
-5578.22477672046
-5577.4232646352
-5577.4232646352
-5577.4232646352
-5576.73783705294
-5576.7863192882
-5578.23738141758
-5576.81766497433
-5576.96418643788
-5577.4232646352
-5578.3754035781
-5576.90100622279
-5576.9086820632
-5578.32472728767
-5577.4232646352
-5576.7532393444
-5578.25642376987
-5578.26435379547
-5577.4232646352
-5576.77851350611
-5577.4232646352
-5578.35487366584
-5577.4232646352
-5578.34967637208
-5577.4232646352
-5576.84930110879
-5577.4232646352
-5577.4232646352
-5577.4232646352
-5577.4232646352
-5577.4232646352
-5577.4232646352
-5578.23130278134
-5577.15427824025
-5576.86063188905
-5576.82300577371
-5577.21820319244
-5577.19250373422
-5576.83643036556
-5578.27989705357
-5577.4232646352
-5577.11894738448
-5576.83933387632
-5578.2695607837
-5576.7398315808
-5578.1893761766
-5578.31958014614
-5576.75797570639
-5576.71174023752
-5577.16953668855
-5576.82173292352
-5577.4232646352
-5577.4232646352
-5577.08857438425
-5577.4232646352
-5578.19897085293
-5576.97573668365
-5578.27896202526
-5578.33937672501
-5577.12136941575
-5577.4232646352
-5577.4232646352
-5577.4232646352
-5576.7847562149
-5577.4232646352
-5578.26485943388
-5577.1235759953
-5576.89881504679
-5577.4232646352
-5578.27364436216
-5576.96081947674
-5576.85583035178
-5576.85741812199
-5578.25166953154
-5578.3285492934
-5576.77563264866
-5577.4232646352
-5578.29146554755
-5578.30210972595
-5577.14772660836
-5576.76379859884
-5576.86456946378
-5578.1979606139
-5576.74966031488
-5577.1596449578
-5578.34643033183
-5576.73712111941
-5577.4232646352
-5578.40735005685
-5576.85619616351
-5578.26114864745
-5576.7641770394
-5577.4232646352
-5578.35621964821
-5578.36524759633
-5578.25511788883
-5576.90472201645
-5578.22786205973
-5578.30583484469
-5577.4232646352
-5578.37618471402
-5577.4232646352
-5577.20548167308
-5576.80527129573
-5576.74829605769
-5577.4232646352
-5577.4232646352
-5576.8047099077
-5576.92818785474
-5577.05521852582
-5578.24120863927
-5576.69248037428
-5577.4232646352
-5578.22034205671
-5576.95494164315
-5576.98154304002
-5578.26282208763
-5578.23750466
-5576.95636085238
-5576.90404473321
-5576.71632820354
-5576.70363061797
-5576.79776036619
-5578.32243396675
-5576.76483742739
-5576.78860066211
-5576.96212108138
-5576.8728347115
-5576.70033603325
-5576.95226847471
-5576.61514245557
-5576.65550664574
-5576.88711454951
-5576.75358555677
-5576.72531984543
-5578.10027338839
-5576.91283142579
-5577.0209934289
-5577.0374259876
-5576.89162167945
-5576.58315703616
-5576.94228597173
-5576.81917983958
-5577.4232646352
-5576.80098696153
-5576.69186779486
-5576.92490715008
-5576.81779894283
-5576.88738932989
-5578.14575150932
-5576.70268738432
-5576.70382769536
-5577.05583053928
-5576.72737586481
-5576.75602147022
-5578.13222948918
-5578.24538095546
-5576.78297598034
-5577.03794615166
-5578.14908731071
-5576.90460937087
-5577.4232646352
-5577.00875265939
-5576.90985470153
-5576.82264841193
-5577.4232646352
-5577.0968648467
-5578.17734889689
-5577.28544134555
-5577.4232646352
-5577.4232646352
-5577.4232646352
-5577.4232646352
-5577.08183937557
-5578.28153728827
-5577.4232646352
-5578.27698271759
-5576.97224961915
-5578.28239346947
-5578.21554846235
-5577.4232646352
-5576.90302170084
-5577.4232646352
-5576.78821754478
-5578.28873764142
-5576.82376282332
-5577.4232646352
-5576.93744742412
-5577.4232646352
-5577.4232646352
-5576.80244004408
-5577.4232646352
-5576.92358869576
-5577.4232646352
-5577.4232646352
-5577.4232646352
-5576.96928985702
-5578.1945371511
-5577.17636179351
-5578.38442059293
-5578.28202016066
-5577.4232646352
-5576.88703072977
-5576.9161535949
-5576.83935339491
-5577.4232646352
-5577.4232646352
-5576.82344563218
-5576.74783268071
-5576.88012191657
-5576.92531221953
-5576.72126787146
-5576.9036382366
-5576.78965149737
-5576.7618880345
-5578.20348471527
-5576.89116314116
-5576.86245051657
-5576.95255122691
-5577.4232646352
-5577.4232646352
-5578.09660072353
-5577.03319973927
-5576.80924050819
-5577.4232646352
-5576.65426398473
-5578.32907288
-5576.84055883213
-5576.76332379601
-5576.77145858875
-5576.81502407625
-5576.95832839618
-5578.2091985183
-5578.26110492725
-5576.81319287412
-5578.20446868843
-5577.4232646352
-5576.81571362865
-5577.4232646352
-5577.4232646352
-5577.4232646352
-5576.82703011708
-5577.4232646352
-5578.30780569201
-5576.88848030288
-5577.12475352531
-5578.36646058313
-5578.43293569027
-5577.17821338761
-5576.76680464724
-5576.83355053587
-5576.86315767593
-5578.40641892597
-5577.4232646352
-5578.34949197015
-5576.91590030853
-5578.18325061192
-5576.7101736949
-5576.82337138767
-5577.4232646352
-5576.92411731392
-5578.36167152971
-5577.06333187327
-5578.0887352376
-5576.94320069726
-5578.34295347389
-5577.01167563337
-5577.4232646352
-5576.92487080011
-5578.29865939822
-5578.31859235108
-5578.16665301484
-5576.77363153228
-5577.4232646352
-5576.77489604154
-5576.98499484088
-5576.84965079971
-5577.11533668074
-5576.67414893946
-5578.2310784302
-5576.78495741207
-5576.96500935792
-5578.30523584158
-5576.84084086898
-5576.69011950653
-5576.90263109954
-5576.6728616219
-5576.72031290326
-5576.96192388468
-5577.4232646352
-5578.25303668538
-5577.06964998595
-5577.4232646352
-5576.91166278065
-5576.63612004782
-5576.88330969641
-5576.98736225061
-5576.70278879856
-5576.99400955157
-5577.079335899
-5578.16048074261
-5577.4232646352
-5576.842786611
-5577.4232646352
-5576.73612476548
-5576.78460263701
-5576.77731147168
-5576.70142980233
-5577.2158460459
-5578.24314887324
-5577.08113469334
-5576.8019983459
-5576.71648442839
-5578.211576302
-5578.22582952196
-5576.71700842266
-5577.4232646352
-5578.16375881467
-5576.70963846681
-5578.28189895792
-5577.07953826394
-5577.4232646352
-5576.99863210643
-5577.4232646352
-5576.64236333476
-5576.927985463
-5577.4232646352
-5576.88211495436
-5577.4232646352
-5577.0355719943
-5577.4232646352
-5577.19666697618
-5578.20451597374
-5577.4232646352
-5577.4232646352
-5578.29567891168
-5576.92324835285
-5576.85321904908
-5576.85744943578
-5576.80333296729
-5576.65539177554
-5576.78987351478
-5578.03619734313
-5576.89370635222
-5576.92185554643
-5576.80074772899
-5576.86866287426
