# type 1 occupying energies
-5573.80720403193
-5572.94405318363
-5573.67157957543
-5572.82996242569
-5572.29170664837
-5573.69475661237
-5572.3581128176
-5572.39589125765
-5572.37644238294
-5572.55198811221
-5572.46750478484
-5572.46750478484
-5572.46750478484
-5573.85897948447
-5573.7299275364
-5572.46750478484
-5572.31541832832
-5572.31300804306
-5572.37647470139
-5573.76583952786
-5572.46750478484
-5573.72990921158
-5572.41418940266
-5572.56268032128
-5572.39840769979
-5572.65266954488
-5572.36525967713
-5572.41138393053
-5573.60702542265
-5572.89491620969
-5573.74110701521
-5572.35656240385
-5572.46750478484
-5572.54098342874
-5572.46750478484
-5573.73564856844
-5572.64156493522
-5572.54803153833
-5573.72179079048
-5573.00787631455
-5572.69547821773
-5572.46750478484
-5572.83154949131
-5573.64662287061
-5572.46750478484
-5572.98613433789
-5572.46750478484
-5572.29915430417
-5572.88190236562
-5572.89419430615
-5572.46750478484
-5572.58366902738
-5572.35645990183
-5573.81805321073
-5572.46750478484
-5573.00243435189
-5572.37606075233
-5572.81327521815
-5572.90659730302
-5572.36631231016
-5572.95182034172
-5572.7879916204
-5572.37451737592
-5572.8182073941
-5572.46750478484
-5572.5865373252
-5572.46750478484
-5573.05794702918
-5572.33630127177
-5572.99160809973
-5572.64142337987
-5573.63375965539
-5572.8980483307
-5572.3304307274
-5572.77230941142
-5573.75894503732
-5573.86235623139
-5572.95664268282
-5572.85866677134
-5573.67360270496
-5572.32128093865
-5572.31519746002
-5572.95579621973
-5572.86137435754
-5572.36416253576
-5573.8292492688
-5572.6693320328
-5573.96814318145
-5572.64108169042
-5572.60123112259
-5572.38611593077
-5572.46750478484
-5573.64002748781
-5572.46750478484
-5573.94001936049
-5573.93435272081
-5572.95065475604
-5572.35962169173
-5572.46750478484
-5573.99511521503
-5572.46750478484
-5572.68172740922
-5572.46750478484
-5572.46750478484
-5573.95226152211
-5572.66781972769
-5573.10361738612
-5572.69768714097
-5572.42107302118
-5572.46750478484
-5573.96859498167
-5572.43088964517
-5572.46750478484
-5572.46750478484
-5572.46750478484
-5572.68376252439
-5572.38211593988
-5572.67716586811
-5573.76983295549
-5572.86193409041
-5572.40177928797
-5573.95886076232
-5572.66086516402
-5572.38179412608
-5572.46750478484
-5573.94320802179
-5574.00300179831
-5572.9110864205
-5573.81764298875
-5572.33871885645
-5573.89787590666
-5572.3585119743
-5572.88546392419
-5573.74444521336
-5573.8938289447
-5572.48157558435
-5572.72811586113
-5572.36950933293
-5572.73824273243
-5572.77931112865
-5572.40354546232
-5572.83248080872
-5572.84448178723
-5572.83099334257
-5572.46750478484
-5572.46750478484
-5572.46750478484
-5572.46750478484
-5572.91221294671
-5572.67844510246
-5572.27973694073
-5573.75448843339
-5572.37805406124
-5572.75484441739
-5572.88020585805
-5572.46750478484
-5573.78653036834
-5572.8242552504
-5572.58466276558
-5572.73887185239
-5573.10986169177
-5573.75501062117
-5572.46750478484
-5572.93266805893
-5573.65803012762
-5572.75547651002
-5572.96222995094
-5573.93550522929
-5572.45079296381
-5573.80125286459
-5572.58099251669
-5572.65742326593
-5572.46750478484
-5572.69393756917
-5572.61660653216
-5572.46750478484
-5572.46750478484
-5572.46750478484
-5573.03409820943
-5573.88882220366
-5572.35592852583
-5573.7485200343
-5572.38880978346
-5572.62161403725
-5573.04543674224
-5572.46750478484
-5572.34094857493
-5572.95204495508
-5572.46750478484
-5572.41585726851
-5572.72802221159
-5572.73415633858
-5572.64063417704
-5572.46750478484
-5572.40918288539
-5572.6114143301
-5573.87274555156
-5572.91563375056
-5572.86615508401
-5572.25651967542
-5572.3631257666
-5572.35725096898
-5572.96577328707
-5572.24848786784
-5572.63684695443
-5572.39737651292
-5572.46750478484
-5573.03916024515
-5572.46750478484
-5572.4186814231
-5572.94283324625
-5572.75864375031
-5572.87344576019
-5572.91711062109
-5572.46750478484
-5573.75731029674
-5572.38528205317
-5572.79023352162
-5572.70691913886
-5572.21514051487
-5572.93971161534
-5572.77404438413
-5573.7357752719
-5572.94831799209
-5572.91573461782
-5573.85270062524
-5572.6562458194
-5572.36351256397
-5572.46750478484
-5573.86456969023
-5572.40093418315
-5572.32549356655
-5573.64198212519
-5572.81130116426
-5572.46750478484
-5572.61204255241
-5572.46540763643
-5572.50658561223
-5572.95253667834
-5573.73743827983
-5572.91430298733
-5572.38742833741
-5572.31597055696
-5572.53279030957
-5572.64283975802
-5572.46750478484
-5572.46750478484
-5572.46750478484
-5572.34166561478
-5572.57220233782
-5572.85665491927
-5573.07552504299
-5572.35031358793
-5572.53722163404
-5572.46750478484
-5572.46750478484
-5572.33068460451
-5572.71849836054
-5572.59633028536
-5572.3404740222
-5572.46750478484
-5572.36115401131
-5573.77550099831
-5573.0927071682
-5572.46750478484
-5573.65011285025
-5572.40394504618
-5573.06614028179
-5572.46750478484
-5572.72381563167
-5572.34009210825
-5573.64107755302
-5572.68492430249
-5572.86439160888
-5572.62586504323
-5572.46750478484
-5572.36555525246
-5572.36288901815
-5572.46750478484
-5573.83603609702
-5572.35861151459
-5572.86975167727
-5572.85523929218
-5572.46750478484
-5572.79841984148
-5572.94200029601
-5572.9350278858
-5573.70146241418
-5572.69250199761
-5573.02173108791
-5573.06352243588
-5573.86993557759
-5572.46750478484
-5572.40254593151
-5572.3999450823
-5572.46750478484
-5572.31862141583
-5572.90542368638
-5573.81060251417
-5572.29194259326
-5573.03058751646
-5572.38629746102
-5573.74653707039
-5572.46750478484
-5573.00454645369
-5573.69882554438
-5574.03540465217
-5572.71500746344
-5572.38400024432
-5572.46750478484
-5573.86338450396
-5572.76784867076
-5572.42625624445
-5572.46750478484
-5572.35061652346
-5572.55313852964
-5573.10026504151
-5572.46750478484
-5572.77448784607
-5573.03447587643
-5572.46750478484
-5573.93959249433
-5572.61486872286
-5572.44689361782
-5572.58293347897
-5572.33915069841
-5572.46750478484
-5572.46750478484
-5572.46750478484
-5572.46750478484
-5573.754664485
-5572.42190577301
-5572.46750478484
-5573.88486995456
-5572.6843816034
-5573.04283137138
-5572.46750478484
-5573.74070918866
-5572.60707464896
-5573.83873237554
-5572.63008311939
-5572.6542384664
-5572.35608797115
-5572.35253077578
-5572.32287433991
-5573.844686196
-5573.79835991752
-5572.40592893521
-5572.46750478484
-5572.46750478484
-5572.9675293494
-5572.75337633201
-5573.01610987455
-5572.8850083101
-5572.46750478484
-5573.91115330515
-5572.46750478484
-5572.65717472557
-5572.62603657617
-5572.8785009447
-5573.72238374733
-5572.46750478484
-5572.88740987168
-5572.86602345828
-5573.74466837807
-5573.87502268224
-5572.46750478484
-5572.46750478484
-5573.73178084045
-5572.3474272552
-5572.84159311494
-5572.90600525857
-5572.96510791185
-5573.85735788364
-5572.3437563437
-5572.46750478484
-5573.79732055339
-5572.42077590241
-5572.28462685827
-5572.37650335115
-5573.84478329584
-5573.86295626589
-5572.67711154828
-5573.81416231124
-5573.17096159271
-5572.46750478484
-5572.46750478484
-5573.79608940849
-5572.44601068346
-5572.57709669653
-5572.37870482799
-5572.59292724629
-5573.89117106199
-5572.46750478484
-5572.42324939499
-5572.46750478484
-5572.46750478484
-5572.61422265164
-5572.4041467118
-5572.33212144494
-5572.96907275881
-5572.6202873864
-5573.88694573267
-5572.49472814542
-5572.61998016844
-5572.78805700732
-5572.46750478484
-5572.62305593311
-5573.00159467324
-5573.75289980488
-5573.94391951225
-5572.58510456651
-5572.69955153205
-5572.36079582165
-5572.46750478484
-5572.46750478484
-5572.6535954433
-5572.46750478484
-5572.46750478484
-5572.58343868338
-5572.46750478484
-5572.46750478484
-5573.1171033537
-5572.46750478484
-5572.37864254892
-5572.66841387602
-5572.35758002799
-5572.3485017649
-5572.46750478484
-5572.95468593111
-5572.91528885013
-5572.46750478484
-5573.95519486139
-5573.89736468681
-5573.09688373369
-5572.74878868479
-5573.06667863377
-5572.46750478484
-5573.03607346871
-5572.69559907537
-5572.71430947246
-5572.56699621399
-5573.82190012546
-5573.91920374558
-5572.95145863419
-5572.46750478484
-5572.56290290981
-5572.6967962098
-5573.8666559794
-5573.8637484296
-5572.94776236944
-5572.76871279828
-5572.35863693896
-5572.90750379734
-5573.93659855454
-5573.84170442462
-5573.78335296853
-5572.98643893418
-5572.61374132572
-5572.46750478484
-5572.82745399307
-5573.78717015492
-5573.0247501004
-5572.39661840869
-5572.41381522834
-5572.39525586955
-5572.46750478484
-5572.96098969867
-5572.97815671011
-5572.63013786427
-5573.8685729329
-5572.96309959114
-5572.26648079208
-5573.85158248966
-5573.04240064429
-5572.68930563731
-5573.67155869353
-5573.8985730798
-5573.88596633959
-5573.85411609379
-5572.89019500501
-5573.8268996851
-5573.8866856934
-5572.99874475087
-5573.7532768794
-5572.91854573927
-5572.66442294284
-5572.66440885807
-5573.07354738502
-5572.46750478484
-5573.7771763343
-5572.97875848312
-5573.79042282652
-5572.37963434032
-5572.44398775743
-5572.30873251572
-5572.94030146347
-5572.41116931351
-5572.38375947071
-5572.97584827831
-5572.92987150137
-5572.46750478484
-5572.38705063396
-5572.36967592075
-5572.66803244633
-5573.96962749552
-5572.46750478484
-5573.82512383804
-5573.77119930948
-5573.03452955549
-5572.69245523072
-5573.95021210125
-5572.74855719797
-5573.0022920499
-5572.36661455142
-5573.9482972801
-5573.07111444486
-5573.81832711575
-5572.71512926809
-5573.1295022544
-5572.7817742256
-5573.92537900591
-5572.70031476755
-5572.44644786503
-5572.3991422112
-5572.64846518442
-5573.81301892441
-5573.91364532414
-5572.29808931716
-5572.67321435717
-5572.79707631786
-5572.71955408985
-5573.0494976684
-5572.40078184127
-5572.99431911821
-5572.46750478484
-5573.77199793666
-5572.28706607265
-5572.82646103731
-5572.46750478484
-5572.83704676945
-5572.45089708191
-5572.41746479402
-5572.46750478484
-5572.46750478484
-5572.46750478484
-5572.81847053484
-5572.84870175425
-5572.68909617813
-5572.74414601252
-5573.86641777243
-5573.86725661838
-5572.67419990388
-5572.92860721311
-5572.60406716032
-5572.46750478484
-5572.65731420825
-5572.46750478484
-5572.46750478484
-5572.5350967321
-5572.68655019353
-5572.34429218967
-5572.46750478484
-5573.79083620825
-5572.6089286738
-5572.99940810216
-5572.42038238882
-5572.77838510127
-5572.8144362524
-5573.82346199697
-5572.89694965316
-5572.99377297862
-5572.61962227294
-5572.42830389852
-5572.74297089526
-5572.46750478484
-5572.60356985878
-5573.18803651765
-5572.41852387061
-5572.59677203148
-5572.46750478484
-5572.46750478484
-5572.5717376227
-5573.10061423165
-5572.72886307967
-5573.83394614022
-5573.98455707046
-5572.43477426628
-5572.61990045355
-5572.36347160063
-5572.38785191208
-5573.76624523512
-5572.74381469255
-5572.72286209156
-5572.79578000132
-5573.8696451398
-5572.72105495531
-5572.61790660959
-5572.43535629738
-5572.63049062163
-5572.59722780324
-5572.46750478484
-5572.65440704919
-5574.00706180589
-5572.46750478484
-5573.04616350406
-5572.60998725051
-5572.73918419675
-5572.47773593156
-5572.46750478484
-5572.44720960026
-5573.7128056469
-5572.79791382806
-5572.36831536267
-5572.46750478484
-5572.32579492003
-5572.37490570285
-5572.37805256627
-5573.79969283624
-5572.46750478484
-5572.46750478484
-5572.51965525008
-5572.50968801652
-5572.89657222348
-5572.90051674157
-5572.46750478484
-5572.66968946879
-5573.92600649968
-5572.46750478484
-5572.46750478484
-5572.72835444433
-5573.65596400438
-5573.83727036873
-5572.38733534167
-5572.46750478484
-5573.07474872692
-5573.81295525667
-5572.33333327378
-5572.37693425418
-5574.00446676753
-5572.74111114836
-5572.74726359936
-5573.89734002645
-5572.62561012395
-5572.64674191602
-5572.42648126697
-5572.95492876782
-5572.46750478484
-5573.68871888627
-5572.46750478484
-5572.63607723455
-5572.66219372803
-5573.84099209805
-5572.40171155501
-5572.46750478484
-5572.60457217459
-5572.92440334814
-5572.8004998306
-5572.46750478484
-5572.46750478484
-5572.46750478484
-5572.35511212988
-5572.33944677324
-5572.46750478484
-5572.36578160456
-5572.61777632916
-5572.42389134472
-5572.70022107448
-5572.63792761835
-5572.9025509568
-5572.46750478484
-5573.80276828614
-5572.4586705741
-5572.46750478484
-5572.6077877881
-5572.46750478484
-5572.4899083665
-5573.09696357939
-5572.66799061323
-5572.46750478484
-5573.89037824877
-5573.78077202739
-5572.62784266085
-5573.0476696482
-5572.46750478484
-5572.39531183722
-5572.46750478484
-5573.97518368492
-5572.46750478484
-5572.3594682386
-5572.46987759452
-5572.46750478484
-5572.46750478484
-5572.46750478484
-5572.46750478484
-5572.57137724468
-5573.88717213605
-5572.46750478484
-5572.35941025921
-5572.46750478484
-5573.73209951221
-5572.99949108579
-5573.01538786802
-5572.46750478484
-5572.60770262111
-5573.82833241775
-5572.50423731215
-5572.70469200978
-5572.66670079601
-5572.60639897129
-5572.46750478484
-5572.60178284052
-5572.35528278738
-5572.37234995307
-5572.62850622443
-5573.82867533199
-5572.46750478484
-5572.46750478484
-5573.72968100023
-5572.34539173186
-5572.55523339457
-5572.56855427037
-5572.46750478484
-5572.46750478484
-5572.60143563936
-5572.97873333296
-5572.39161637824
-5572.63663857478
-5573.0585450223
-5572.59245643422
-5572.46750478484
-5572.3583035595
-5572.46529390931
-5572.46750478484
-5572.46750478484
-5572.67249730619
-5572.39413796765
-5572.46750478484
-5573.14008494132
-5573.68190406706
-5572.46750478484
-5573.92515051277
-5572.86841750131
-5573.75242114705
-5572.79821538227
-5572.3982600765
-5572.98606537118
-5572.92872529225
-5572.63673554936
-5573.79268151145
-5572.43617726303
-5572.57746724278
-5572.46750478484
-5572.46750478484
-5572.46750478484
-5572.57150967455
-5573.72226327374
-5573.71209779144
-5572.36016291132
-5573.77580335191
-5572.38624353175
-5572.42743586883
-5572.97599315591
-5573.02767043806
-5573.02689546383
-5573.85533343609
-5572.7060604555
-5572.6827609173
-5573.81333305951
-5572.38943253284
-5573.88235468401
-5572.66549364366
-5572.46750478484
-5572.46750478484
-5572.46750478484
-5572.40364332904
-5573.87244727786
-5572.46750478484
-5572.46750478484
-5572.66944467847
-5573.78139615274
-5572.40979806773
-5572.46750478484
-5573.06884373596
-5572.46750478484
-5572.6307906267
-5572.44724881569
-5573.76976608697
-5572.46750478484
-5573.07582956319
-5572.6621089993
-5572.66157412402
-5572.46750478484
-5572.61394073996
-5572.46750478484
-5572.58949193733
-5572.71519348313
-5572.65091132935
-5572.56655275257
-5572.43370562234
-5572.45401889411
-5572.53845797037
-5573.81140758776
-5572.38858634337
-5572.64842873923
-5572.60428371023
-5572.46750478484
-5573.7470874945
-5572.45126134123
-5572.78016861097
-5572.68524821624
-5572.97599555092
-5573.12456441796
-5573.1420093806
-5572.46750478484
-5572.46750478484
-5573.00436966599
-5572.43168308105
-5572.46750478484
-5573.72786132645
-5572.80204947187
-5572.99740087174
-5573.06206522674
-5572.46750478484
-5573.85860198926
-5572.37154466872
-5572.46750478484
-5572.46750478484
-5572.46750478484
-5572.31200120224
-5572.85172402602
-5572.77017993134
-5573.84116634691
-5572.46750478484
-5572.46750478484
-5572.61635155952
-5572.94676722466
-5572.46750478484
-5572.77865061986
-5573.76940986075
-5573.76234388267
-5573.70754785842
-5572.5753460885
-5573.85287948063
-5572.33806829721
-5573.80104269748
-5572.96317283881
-5573.77452007149
-5572.57315743375
-5572.44883434981
-5573.73264204483
-5572.46750478484
-5572.99805205075
-5572.41272673342
-5572.46750478484
-5572.3969880212
-5572.325858616
-5572.46750478484
-5573.88149295292
-5572.54247558628
-5572.46750478484
-5573.88398382134
-5573.92412409453
-5572.46750478484
-5572.41359624496
-5572.46750478484
-5572.6304463377
-5572.36459219136
-5572.39006640471
-5573.01081193467
-5573.05976807689
-5572.38479525206
-5573.8106243411
-5572.31668083217
-5572.46750478484
-5572.3900835316
-5572.59607265916
-5573.93047369431
-5572.62366335696
-5572.63220357386
-5572.46750478484
-5572.46750478484
-5573.74512423171
-5572.67453609217
-5572.30133779869
-5572.81397554563
-5573.75664340666
-5572.86493743988
-5572.39872620777
-5574.00735603466
-5572.71600614382
-5572.9632737863
-5572.74864097435
-5573.85304429473
-5573.94514371577
-5572.46750478484
-5572.33000524448
-5573.79966263271
-5572.82467937756
-5573.89056807095
-5572.65025291163
-5572.97342583746
-5572.68456638925
-5573.79088774268
-5572.68088189565
-5572.33905349818
-5572.85745859453
-5572.46750478484
-5572.95475391873
-5572.46750478484
-5572.43178673255
-5573.85636257126
-5572.55913689412
-5573.05705974885
-5573.83378704463
-5572.93200339027
-5572.60902222808
-5572.28853723064
-5572.835241462
-5573.02856863096
-5573.83642225138
-5572.47314155196
-5572.46750478484
-5572.7441853903
-5573.80322034583
-5572.89524080926
-5572.39866837248
-5572.5829076145
-5572.65266772694
-5572.46750478484
-5572.46750478484
-5572.46750478484
-5572.57438955006
-5572.46750478484
-5572.46750478484
-5572.73876448064
-5573.74942612342
-5573.0880259406
-5573.97977229047
-5572.86256177122
-5572.96419158971
-5572.46750478484
-5573.77112630692
-5572.46750478484
-5572.6257849075
-5572.3607881884
-5572.6037650266
-5572.46750478484
-5572.64188027789
-5572.46750478484
-5573.86266923028
-5572.9598450914
-5573.77491812666
-5572.55831811577
-5573.82796263464
-5573.03916943278
-5572.48508454732
-5572.41510321265
-5573.09509796383
-5572.3779129873
-5572.63324829481
-5573.84776929552
-5572.46750478484
-5572.43837537461
-5572.46750478484
-5573.06519874499
-5573.78565644339
-5572.67961377258
-5572.43057748105
-5572.61163277403
-5572.59144593486
-5572.46750478484
-5572.46750478484
-5573.03034098159
-5572.3904134778
-5573.81694081348
-5572.37939596395
-5572.46750478484
-5572.54678138319
-5573.95307329869
-5572.74591491254
-5573.89650063757
-5572.46750478484
-5572.56897063603
-5572.46750478484
-5572.66157635994
-5572.59309804075
-5573.20755500688
-5572.57906412359
-5572.46750478484
-5572.46750478484
-5572.6539257165
-5572.69945736287
-5573.97901223497
-5573.78896182103
-5572.46750478484
-5573.9832210634
-5572.46296406028
-5572.4944239305
-5572.46750478484
-5572.67414654661
-5572.46678994579
-5572.46750478484
-5572.74944541698
-5572.69074097342
-5572.46750478484
-5572.43228849729
-5572.59156512095
-5572.39992227599
-5572.37110424017
-5573.58964326839
-5572.36044377732
-5573.76204102755
-5572.88473534736
-5572.59421011587
-5572.3697571136
-5572.74793739315
-5572.46750478484
-5572.6831508284
-5572.43545629402
-5573.09935451962
-5573.79439601131
-5573.87362733461
-5573.8065426793
-5572.96826008702
-5572.52112103753
-5572.46750478484
-5573.06448577676
-5572.81961333479
-5572.62517691784
-5572.98981644615
-5573.92512488176
-5573.88737648753
-5572.46750478484
-5572.96771553514
-5572.71260648362
-5573.65995094744
-5572.46750478484
-5573.93573910419
-5573.01568871991
-5572.46750478484
-5572.91934577213
-5572.92243253407
-5573.76992843368
-5572.34703387383
-5572.33080270711
-5572.75051046323
-5572.87890505471
-5573.70059926877
-5573.78985347343
-5572.24324262716
-5572.84092088665
-5572.31142311455
-5572.65300458871
-5572.88514628408
-5572.80608345528
-5572.76937184778
-5573.76113351428
-5572.71266230952
-5573.83932395974
-5572.46750478484
-5572.70565089571
-5572.99568684575
-5573.82984601972
-5573.70585386793
-5572.38002093029
-5572.46750478484
-5572.38255603944
-5572.69203586698
-5572.40868622647
-5573.11104860267
-5573.81959561561
-5573.87814204253
-5572.27708855123
-5572.90677811344
-5572.24305346298
-5572.80563173274
-5572.87867454989
-5572.63225132776
-5573.00299501502
-5573.79966433084
-5573.76135410666
-5573.87081806146
-5572.25660235959
-5573.76516889409
-5572.94864720672
-5572.97404211075
-5572.83167182745
-5572.33686379089
-5573.04418761157
-5573.86980924879
-5573.03795555035
-5572.46750478484
-5572.99577741025
-5573.76008764088
-5573.03108404739
-5572.72977374746
-5572.38666391597
-5573.06628832769
-5573.91216563226
-5572.70034395544
-5572.33294541219
-5573.91848865175
-5572.31591054528
-5572.91454475488
-5572.7267417177
-5572.46750478484
-5572.6023479257
-5572.3499085984
-5572.93231411786
-5573.89657858062
-5572.35031727409
-5572.99971498175
-5573.94655813322
-5572.35832522044
-5572.33022863071
-5572.31382130846
-5572.42812873039
-5573.77410396415
-5573.72797608823
-5573.8334363404
-5572.46750478484
-5573.8233302621
-5573.77755835423
-5572.36540695688
-5572.9348731627
-5573.01128657152
-5572.58090522216
-5572.55299700693
-5572.5975979307
-5572.3896058233
-5572.3575616187
-5572.32614980672
-5572.46750478484
-5572.96851994292
-5573.04598583501
-5572.46750478484
-5572.93797349611
-5572.87440937275
-5573.84937635329
-5573.00056315781
-5572.67925389889
-5572.46750478484
-5572.60793721878
-5572.54458024215
-5572.46442464049
-5572.3983483859
-5572.46750478484
-5573.02725603356
-5572.40271786314
-5572.46750478484
-5573.71300998499
-5572.36757612598
-5572.73531459433
-5572.46750478484
-5573.77789215065
-5572.46750478484
-5573.1248601767
-5572.46750478484
-5572.46750478484
-5573.77148393126
-5572.61589928913
-5572.74988468498
-5572.98665377291
-5572.66826389299
-5572.46750478484
-5572.4175160753
-5572.66877471593
-5572.46750478484
-5572.38864950972
-5572.46750478484
-5572.46750478484
-5572.43034561189
-5572.39002417316
-5573.8209085227
-5572.66778211047
-5572.39828953036
-5572.53150397012
-5572.46750478484
-5572.59187021614
-5572.72056132468
-5572.47416060378
-5572.46750478484
-5572.33769136002
-5572.46750478484
-5572.68450069026
-5572.86698732766
-5572.62302636774
-5572.37840684182
-5572.46750478484
-5572.46750478484
-5572.64239495283
-5572.43490260812
-5573.75141758172
-5572.44914217876
-5572.75093668738
-5573.8654639601
-5572.91352043114
-5572.67680855698
-5572.46750478484
-5573.85209305301
-5573.90878231662
-5572.4144490948
-5572.86830641873
-5572.26487812474
-5572.93127604268
-5573.78174043311
-5573.07718989146
-5572.69816292028
-5572.46750478484
-5572.37489335402
-5573.87132811225
-5572.94401094373
-5573.8706096172
-5572.66795142242
-5572.46750478484
-5573.85845383464
-5572.37405205863
-5572.77040436905
-5572.86778641517
-5572.29377921179
-5573.87957201922
-5572.36041616854
-5572.70202294858
-5572.34829362857
-5573.69156225587
-5573.76586413454
-5573.83194351895
-5572.46750478484
-5572.95742269225
-5572.75685493042
-5572.67874910764
-5573.81338054598
-5572.40583689967
-5572.46750478484
-5572.59577139501
-5572.46750478484
-5572.57099315034
-5573.0096245863
-5573.97615886748
-5573.68727464943
-5572.61410204299
-5572.9945245761
-5572.38399260013
-5572.75932164747
-5572.6652620775
-5573.84404219222
-5572.46750478484
-5573.97741795633
-5572.77443387421
-5572.30966259547
-5573.74449593802
-5572.46750478484
-5572.46750478484
-5572.39043207058
-5573.88091651203
-5572.46750478484
-5572.60259174706
-5572.46750478484
-5572.39326817749
-5572.46750478484
-5572.95269232487
-5572.3884531477
-5572.93731177456
-5572.33215615125
-5573.74265990231
-5572.46750478484
-5573.10275480492
-5573.09663392479
-5572.46750478484
-5573.82058889006
-5573.77856016384
-5572.46750478484
-5572.61521081761
-5573.84441740412
-5572.36732641327
-5572.64691033466
-5572.97951262833
-5572.99021207961
-5572.96278103102
-5572.46750478484
-5573.74478771561
-5573.0371566859
-5572.35189828031
-5572.46750478484
-5572.3976680123
-5572.46750478484
-5573.7858544361
-5573.74402881551
-5572.46750478484
-5572.29399211884
-5572.88757858835
-5572.46750478484
-5573.77792637816
-5572.33792087095
-5572.94075338393
-5572.38507139759
-5572.67142551869
-5572.62952272154
-5572.86703923074
-5573.74254956221
-5572.36206295747
-5572.2885064655
-5572.46750478484
-5572.51698399192
-5573.05533091416
-5572.59510508657
-5572.90125692444
-5572.4228342656
-5572.36026131505
-5572.35916638379
-5573.87620197107
-5572.62138233968
-5572.46750478484
-5572.85345161377
-5573.86020196618
-5572.46750478484
-5572.46750478484
-5572.4324841892
-5572.46750478484
-5572.5443641122
-5572.52425877844
-5572.46750478484
-5572.46750478484
-5573.79291230878
-5572.39596102596
-5572.46750478484
-5572.40509513798
-5572.94969099937
-5572.46750478484
-5572.36880652641
-5572.46750478484
-5573.10253415587
-5572.56961521842
-5572.9883600613
-5573.84731959844
-5572.46750478484
-5572.38586857485
-5573.84946462662
-5572.36442261337
-5572.62550150096
-5572.36164898695
-5572.71130326958
-5574.03860573841
-5572.88782076822
-5572.59695878467
-5572.97931156709
-5572.71354892365
-5573.10287042832
-5572.46750478484
-5572.71126350839
-5573.83776195197
-5572.46750478484
-5572.9059837251
-5572.7980956036
-5573.05622798671
-5572.59616345083
-5573.8753438347
-5573.72696924518
-5572.29304301646
-5573.82393016445
-5572.46750478484
-5572.33315527957
-5573.87544338647
-5572.46750478484
-5572.46750478484
-5572.35070731125
-5573.84531907643
-5574.04780396135
-5572.61814317559
-5572.46750478484
-5572.67030944793
