# type 2 occupying energies
-5573.89354234034
-5573.03066331857
-5573.86720974658
-5572.99214238239
-5572.46750478484
-5573.69642237938
-5572.46750478484
-5572.46750478484
-5572.46750478484
-5572.62801556859
-5572.42030772539
-5572.44165208647
-5572.55346795262
-5573.93468114051
-5573.76613057112
-5572.55293322195
-5572.46750478484
-5572.46750478484
-5572.46750478484
-5573.77646857963
-5572.49554167885
-5573.83223337023
-5572.46750478484
-5572.50307214244
-5572.46750478484
-5572.70834630178
-5572.46750478484
-5572.46750478484
-5573.78360556333
-5573.02766179623
-5573.87425133863
-5572.46750478484
-5572.57043042551
-5572.58386349896
-5572.54920928152
-5573.86669637402
-5572.72616206616
-5572.58096698972
-5573.81656103541
-5573.11044243292
-5572.75545478955
-5572.4914342415
-5572.95267151997
-5573.7971908115
-5572.65379295802
-5573.10899820304
-5572.57869880897
-5572.46750478484
-5573.0389192377
-5573.03192404654
-5572.50576734745
-5572.64361400594
-5572.46750478484
-5573.92237518906
-5572.52771077399
-5573.09679628131
-5572.46750478484
-5572.942103102
-5573.01068679478
-5572.46750478484
-5573.05803916476
-5572.97350415993
-5572.46750478484
-5572.98568291703
-5572.51791156628
-5572.70254731322
-5572.46267045425
-5573.13120586939
-5572.46750478484
-5573.07581558555
-5572.72737493773
-5573.76588888077
-5573.0203711641
-5572.46750478484
-5572.99061747511
-5573.91218193203
-5574.0603306807
-5573.11390172361
-5573.01529438686
-5573.78974467343
-5572.46750478484
-5572.46750478484
-5573.08115900374
-5573.02718109648
-5572.46750478484
-5573.88261519919
-5572.7490180798
-5574.01485886105
-5572.67314619186
-5572.66528350398
-5572.46750478484
-5572.62365353717
-5573.71397898259
-5572.61220903385
-5574.02968140102
-5574.03589732318
-5573.03899235717
-5572.46750478484
-5572.49808982988
-5574.03156276595
-5572.47624587964
-5572.72719615447
-5572.49770980256
-5572.50730204249
-5573.96307931941
-5572.8024919978
-5573.12624148332
-5572.81164269732
-5572.46750478484
-5572.57294982844
-5574.05905730204
-5572.46750478484
-5572.48892975877
-5572.53306442986
-5572.57039549
-5572.74782427269
-5572.46750478484
-5572.75384718587
-5573.80326757746
-5573.02499245717
-5572.46750478484
-5573.99470656026
-5572.72543882347
-5572.46750478484
-5572.50235011238
-5573.94358949741
-5574.0663612062
-5573.0469564821
-5573.97640760607
-5572.46750478484
-5573.97480696624
-5572.46750478484
-5573.0227249721
-5573.93051635598
-5573.90083140437
-5572.46750478484
-5572.7736891194
-5572.46750478484
-5572.79979231639
-5572.77566967194
-5572.46750478484
-5572.98627200464
-5573.01112427594
-5573.00989646586
-5572.52470890157
-5572.51799606943
-5572.54668887047
-5572.61455764384
-5573.03683573529
-5572.93223048484
-5572.46750478484
-5573.80420837409
-5572.46750478484
-5572.81639220939
-5572.99522549382
-5572.59073687006
-5573.8605576579
-5573.00838943873
-5572.645345745
-5572.79849216301
-5573.1568096246
-5573.86603794175
-5572.52342056296
-5573.04232407643
-5573.74936149169
-5572.78591049154
-5573.05455202376
-5573.9251794357
-5572.46750478484
-5573.8485207764
-5572.65722436947
-5572.7549595229
-5572.56589789422
-5572.7283586272
-5572.714516891
-5572.52424548201
-5572.55960901261
-5572.5080898302
-5573.10376775275
-5573.89137598257
-5572.46750478484
-5573.75520343105
-5572.46750478484
-5572.67075163264
-5573.07899523721
-5572.54338577159
-5572.46750478484
-5573.01913345716
-5572.50855794599
-5572.46750478484
-5572.78396932783
-5572.78172842246
-5572.72322926371
-5572.45964354827
-5572.46750478484
-5572.66588576457
-5573.93338137758
-5573.02701479726
-5573.00462363934
-5572.46750478484
-5572.46750478484
-5572.46750478484
-5573.07641787105
-5572.46750478484
-5572.70628094941
-5572.46750478484
-5572.5247268618
-5573.10217218575
-5572.49673250154
-5572.46750478484
-5573.03021540494
-5572.9102112788
-5573.02581725558
-5573.06019402364
-5572.58678127456
-5573.76682742322
-5572.46750478484
-5572.98592246398
-5572.88219356051
-5572.46750478484
-5573.05988635393
-5572.96989439431
-5573.88007849183
-5573.08002834703
-5573.05664491434
-5573.92089209775
-5572.71787295909
-5572.46750478484
-5572.47893785109
-5573.87945802917
-5572.46750478484
-5572.46750478484
-5573.78383710411
-5572.99530468155
-5572.56760174847
-5572.72276109433
-5572.46750478484
-5572.54924445883
-5573.06855116697
-5573.82422829003
-5573.01440929578
-5572.46750478484
-5572.46750478484
-5572.55952904417
-5572.73266981582
-5572.49976740855
-5572.51771166473
-5572.46815892093
-5572.46750478484
-5572.60601926886
-5572.99814068202
-5573.13844565349
-5572.46750478484
-5572.6102894424
-5572.53923046957
-5572.52409913064
-5572.46750478484
-5572.7351343775
-5572.65198107726
-5572.46750478484
-5572.53015808264
-5572.46750478484
-5573.81547098995
-5573.15047240532
-5572.48130283421
-5573.73425843572
-5572.46750478484
-5573.14175918216
-5572.53136272725
-5572.8172323806
-5572.46750478484
-5573.68027226762
-5572.81202690395
-5572.96121748947
-5572.71029726252
-5572.54394796944
-5572.46750478484
-5572.46750478484
-5572.63122551459
-5573.93474901316
-5572.46750478484
-5572.96652332502
-5573.00470914042
-5572.52117756875
-5572.9489160082
-5573.06251951096
-5573.06288584374
-5573.87087242735
-5572.79343627901
-5573.10495406165
-5573.10207760778
-5574.06517340934
-5572.52650072915
-5572.46750478484
-5572.46750478484
-5572.57573341692
-5572.46750478484
-5573.08784046422
-5573.9844973537
-5572.46750478484
-5573.10284812423
-5572.46750478484
-5573.79254719063
-5572.63583766339
-5573.12618091991
-5573.85362297799
-5574.12322373416
-5572.77198930729
-5572.46750478484
-5572.59065876664
-5574.04881698684
-5572.8633075384
-5572.46750478484
-5572.50454491319
-5572.46750478484
-5572.6159114516
-5573.17478382423
-5572.60418241853
-5572.81040034456
-5573.07895299142
-5572.52854404639
-5574.02013207224
-5572.62864600151
-5572.46750478484
-5572.59407894549
-5572.46750478484
-5572.46325279915
-5572.49339891654
-5572.53519666741
-5572.52682388483
-5573.82274646915
-5572.46750478484
-5572.49067368649
-5573.88961358077
-5572.71053022928
-5573.04332072973
-5572.51173199064
-5573.78855284365
-5572.70402452313
-5573.93643596395
-5572.77680480282
-5572.74286067207
-5572.46750478484
-5572.46750478484
-5572.46750478484
-5573.92176847495
-5573.95058139549
-5572.46750478484
-5572.54713781777
-5572.51757961738
-5573.08333881435
-5572.85115940737
-5573.05833022716
-5573.03838252639
-5572.50117326141
-5573.96465209677
-5572.52929859441
-5572.71334619147
-5572.72500601786
-5572.98082593975
-5573.83825653133
-5572.60195717694
-5573.01922848939
-5573.0140583805
-5573.88305754536
-5573.92109461585
-5572.47872692639
-5572.52675827038
-5573.78007469647
-5572.46750478484
-5572.98225922872
-5573.03523845192
-5573.06699879119
-5573.9456837233
-5572.46750478484
-5572.50219261948
-5573.81877500153
-5572.46750478484
-5572.46750478484
-5572.46750478484
-5573.89197871119
-5573.92420783093
-5572.81483659876
-5573.81434863462
-5573.22555180735
-5572.54425911732
-5572.58494460593
-5573.82244907436
-5572.46750478484
-5572.62404386127
-5572.46750478484
-5572.64666245336
-5574.02656071294
-5572.53625787558
-5572.46750478484
-5572.53887584591
-5572.51287573251
-5572.64071353183
-5572.46750478484
-5572.46750478484
-5573.05695330774
-5572.70042175446
-5573.94281667224
-5572.46750478484
-5572.62399082598
-5572.86760612621
-5572.65339639797
-5572.75118473509
-5573.09586226009
-5573.84866612138
-5573.99112028506
-5572.62092798735
-5572.77855041244
-5572.46750478484
-5572.44929806988
-5572.4369191203
-5572.67130705202
-5572.4346166627
-5572.49719171257
-5572.63608885761
-5572.54216021589
-5572.51698009201
-5573.17089406109
-5572.5497727316
-5572.46750478484
-5572.65690143157
-5572.46750478484
-5572.46750478484
-5572.56210322993
-5573.12705268164
-5573.03891916662
-5572.57477586393
-5574.03178532424
-5573.99370023131
-5573.20383516588
-5572.86158698949
-5573.13165175526
-5572.55376320462
-5573.10277053105
-5572.78838001237
-5572.73305140157
-5572.66914150799
-5573.88099898977
-5574.05817601746
-5573.06153193235
-5572.56508562503
-5572.68637211951
-5572.92163763708
-5573.97809717212
-5574.01879919916
-5573.10638274349
-5572.90592246897
-5572.46750478484
-5573.06592729402
-5574.00045164284
-5573.8662751734
-5573.84176027951
-5573.11397672918
-5572.7529766891
-5572.66481516209
-5573.01756493829
-5573.80985496907
-5573.08959574749
-5572.46750478484
-5572.46750478484
-5572.46750478484
-5572.56511992606
-5573.12923286354
-5573.13872365095
-5572.74601127664
-5574.04250037052
-5573.14195561286
-5572.46750478484
-5574.04215732279
-5573.0977504084
-5572.84509922023
-5573.78748545935
-5573.94374700863
-5573.99322402868
-5573.90700594452
-5573.08873857219
-5573.9838633436
-5573.97511525689
-5573.02987800416
-5573.88204770412
-5573.09787688575
-5572.72041757563
-5572.69046313019
-5573.12475171623
-5572.56376505784
-5573.95209531126
-5573.12836615578
-5573.91897196507
-5572.46750478484
-5572.46750478484
-5572.46750478484
-5573.04904863627
-5572.46750478484
-5572.46750478484
-5573.1653583844
-5573.07567600975
-5572.49979828331
-5572.46750478484
-5572.46750478484
-5572.73721930542
-5574.20870657001
-5572.64288714264
-5574.0330429104
-5573.87517138004
-5573.0607645364
-5572.91650794377
-5573.93777037941
-5572.86380517154
-5573.0832409707
-5572.46750478484
-5574.08488628634
-5573.13290406176
-5573.90893754893
-5572.74893189882
-5573.16718952831
-5572.81313438634
-5573.99909480032
-5572.71308209392
-5572.46750478484
-5572.46750478484
-5572.67056587842
-5573.92039104939
-5574.05805692641
-5572.46750478484
-5572.78586467911
-5573.01204735682
-5572.91130662804
-5573.12844022468
-5572.46750478484
-5573.13978757599
-5572.53128433957
-5573.83615764673
-5572.46750478484
-5573.04151413675
-5572.56128524495
-5573.04869775635
-5572.46750478484
-5572.46750478484
-5572.55810619461
-5572.53318839486
-5572.49877854105
-5572.9297083489
-5573.05731506264
-5572.85934567458
-5572.9293315168
-5573.9272147813
-5573.90408820375
-5572.75067730625
-5573.04481932018
-5572.78544673886
-5572.51488288387
-5572.67243540098
-5572.5149393849
-5572.53845680046
-5572.626297519
-5572.85580804278
-5572.46750478484
-5572.50854950379
-5573.84796786928
-5572.62717729982
-5573.06672234262
-5572.46750478484
-5572.96836062473
-5573.01052478873
-5573.9129396414
-5573.02102675873
-5573.0764552674
-5572.61309104426
-5572.46750478484
-5572.82180612748
-5572.52351173927
-5572.67023361029
-5573.20261949558
-5572.46750478484
-5572.61798849791
-5572.5236019285
-5572.52229070568
-5572.60644487416
-5573.13691865492
-5572.76223731254
-5573.87103076264
-5573.99793612902
-5572.46750478484
-5572.69448979404
-5572.46750478484
-5572.46750478484
-5573.7824770419
-5572.76019699417
-5572.70847218673
-5572.85981635457
-5573.85910953649
-5572.79964900271
-5572.61352271129
-5572.46750478484
-5572.57948532458
-5572.65308316588
-5572.50448484307
-5572.70020377043
-5574.03286680178
-5572.48738351583
-5573.12529184799
-5572.67912062147
-5572.76249177102
-5572.46750478484
-5572.50507007393
-5572.46750478484
-5573.71485610709
-5572.95124591193
-5572.46750478484
-5572.57851488485
-5572.46750478484
-5572.46750478484
-5572.46750478484
-5573.81661223466
-5572.50216450531
-5572.53160659399
-5572.59063897457
-5572.58181986152
-5573.03659081978
-5573.05417274993
-5572.5733901008
-5572.77503447716
-5574.01936351693
-5572.5640978805
-5572.56181336478
-5572.90625435062
-5573.70386992877
-5573.93158782044
-5572.46750478484
-5572.5734501989
-5573.11345407952
-5573.79345033378
-5572.46750478484
-5572.46750478484
-5574.02256904601
-5572.80342026526
-5572.82532358662
-5573.92178976922
-5572.69037621921
-5572.72012813299
-5572.46750478484
-5573.01571877567
-5572.55787779591
-5573.75028200276
-5572.52148617736
-5572.68699230102
-5572.72291795429
-5573.84659644112
-5572.46750478484
-5572.52965081641
-5572.65517283659
-5573.03347851981
-5572.97614399346
-5572.45870944007
-5572.51697389415
-5572.47405328074
-5572.46750478484
-5572.46750478484
-5572.53712766514
-5572.46750478484
-5572.65350760109
-5572.46750478484
-5572.76586418697
-5572.66186967395
-5573.04030441291
-5572.49132645893
-5573.92712131175
-5572.46750478484
-5572.46858675779
-5572.65412931902
-5572.4970829179
-5572.46750478484
-5573.12946055692
-5572.73893878218
-5572.56186663647
-5573.95556531846
-5573.81751967054
-5572.73184143939
-5573.12091390956
-5572.60361278212
-5572.46750478484
-5572.58436229263
-5573.99711088927
-5572.52109989488
-5572.46750478484
-5572.5404870018
-5572.50223637064
-5572.50700080247
-5572.45888856075
-5572.50927670714
-5572.61149004185
-5573.91259675854
-5572.54453865809
-5572.46750478484
-5572.47785851745
-5573.78825219355
-5573.09928655003
-5573.10662661309
-5572.57142656864
-5572.60930522457
-5573.89978636072
-5572.60494332937
-5572.72093814437
-5572.66128753528
-5572.66701884544
-5572.42147602993
-5572.67519725503
-5572.46750478484
-5572.46750478484
-5572.70069983157
-5573.85330732082
-5572.50783150688
-5572.49319678924
-5573.77720047288
-5572.46750478484
-5572.64359850934
-5572.66737351332
-5572.51194302352
-5572.47439211289
-5572.59910848686
-5573.02560236911
-5572.46750478484
-5572.66519976501
-5573.11874161494
-5572.67263218336
-5572.55358793301
-5572.46750478484
-5572.51739443221
-5572.51639290611
-5572.44110024487
-5572.73215098795
-5572.46750478484
-5572.55160090608
-5573.16277315007
-5573.851896435
-5572.53999486826
-5574.00833320932
-5573.006015481
-5573.90164662391
-5572.99486091814
-5572.46750478484
-5573.0276661835
-5573.04595788756
-5572.71753904269
-5573.85640280547
-5572.46750478484
-5572.68315902994
-5572.50147994819
-5572.43273225957
-5572.50042055484
-5572.63480139943
-5573.82905280155
-5573.85747825138
-5572.46750478484
-5573.79238380068
-5572.46750478484
-5572.46750478484
-5573.07278017508
-5573.11922502512
-5573.1123114255
-5573.97436215472
-5572.78399363058
-5572.79823599342
-5573.86865796408
-5572.46750478484
-5573.96495368095
-5572.74855823074
-5572.49178490124
-5572.46317227406
-5572.50672051038
-5572.46750478484
-5573.93595565003
-5572.53055553445
-5572.49741297453
-5572.72408824431
-5573.86774403663
-5572.46750478484
-5572.51362475126
-5573.13189886748
-5572.48213129208
-5572.60170899882
-5572.46750478484
-5573.76082998487
-5572.46479964139
-5573.07034926327
-5572.71841312942
-5572.70350215119
-5572.48341628654
-5572.62029635224
-5572.48366643882
-5572.62942014223
-5572.82117361297
-5572.72759470834
-5572.60808097509
-5572.46750478484
-5572.46750478484
-5572.59878580793
-5573.80323070905
-5572.46750478484
-5572.72300486082
-5572.69470225612
-5572.50398938495
-5573.8777885818
-5572.46750478484
-5572.85943642045
-5572.67476444979
-5573.07867632435
-5573.11590370987
-5573.12985397085
-5572.54010464184
-5572.47915793113
-5573.0789827253
-5572.46750478484
-5572.55479713951
-5573.81620149025
-5572.96214576044
-5573.07161583471
-5573.17169565557
-5572.5217430354
-5573.95046477029
-5572.46750478484
-5572.56647761728
-5572.56781070259
-5572.57150425056
-5572.46750478484
-5573.00520333806
-5572.88622208251
-5573.93041407067
-5572.48676130565
-5572.49597438639
-5572.66744142346
-5573.07016711341
-5572.5406005002
-5572.96281991378
-5573.79698334006
-5573.82655676135
-5573.74425300782
-5572.65144289704
-5573.92185548038
-5572.46750478484
-5573.85338022853
-5573.12007970881
-5573.80029974602
-5572.57978849973
-5572.46750478484
-5573.82092032298
-5572.4538188672
-5573.07276035956
-5572.46750478484
-5572.58193984177
-5572.46750478484
-5572.46750478484
-5572.53157878795
-5573.90229754151
-5572.65429902668
-5572.61600085836
-5573.95401902859
-5573.99841111272
-5572.51522054631
-5572.46750478484
-5572.49686511159
-5572.65932135339
-5572.46750478484
-5572.46750478484
-5573.06370834794
-5573.11777721707
-5572.46750478484
-5573.83104353037
-5572.46750478484
-5572.51644522346
-5572.46750478484
-5572.59684949032
-5573.9532381976
-5572.68968641194
-5572.68998424837
-5572.45632222169
-5572.48594650301
-5573.83068015851
-5572.81649616039
-5572.46750478484
-5573.00461501788
-5573.82032852224
-5573.02110798602
-5572.46750478484
-5574.04673755511
-5572.72431043742
-5573.09488616241
-5572.84323995045
-5573.96690411706
-5574.02786449089
-5572.5566849907
-5572.46750478484
-5573.98299808727
-5573.02725475378
-5574.03757955434
-5572.76212756026
-5573.14115686131
-5572.77314340492
-5573.8305474901
-5572.84737503057
-5572.46750478484
-5573.01232440238
-5572.50156137393
-5573.05375826115
-5572.52082780921
-5572.46750478484
-5573.94301983074
-5572.67227855551
-5573.15173578486
-5573.91007914354
-5573.06753705109
-5572.66918301192
-5572.46750478484
-5573.01477424002
-5573.13717739054
-5573.88112375898
-5572.46750478484
-5572.46049929683
-5572.82392978252
-5573.89454273195
-5573.00537045545
-5572.46750478484
-5572.69255733791
-5572.67462037215
-5572.5666430162
-5572.56096802739
-5572.54024727808
-5572.63962907128
-5572.50443961132
-5572.55479835922
-5572.80222417626
-5573.82160090483
-5573.19482067458
-5574.08926354402
-5573.04419053148
-5573.05819323743
-5572.57207683589
-5573.83606269771
-5572.55839069117
-5572.72873384126
-5572.46750478484
-5572.61544688562
-5572.5032666268
-5572.64851858481
-5572.59394116037
-5573.96237674292
-5573.09028042146
-5573.84308708575
-5572.60262732099
-5573.92422183973
-5573.06639659982
-5572.46750478484
-5572.46750478484
-5573.14359651932
-5572.46750478484
-5572.74200229423
-5573.94628326561
-5572.56207990105
-5572.46750478484
-5572.52254475938
-5573.12919654458
-5573.8207898944
-5572.692078216
-5572.46750478484
-5572.63981818355
-5572.59738104051
-5572.53019489654
-5572.54523761482
-5573.12734102667
-5572.46750478484
-5573.85320529642
-5572.46750478484
-5572.52819169638
-5572.60045493796
-5573.98672994771
-5572.84236830728
-5573.90882934219
-5572.52998824753
-5572.64712203842
-5572.55467678537
-5572.72404399341
-5572.67268032889
-5573.22311145018
-5572.60632581927
-5572.48518336532
-5572.45112867883
-5572.70704223589
-5572.725286095
-5574.00239871278
-5573.81349335713
-5572.4814336772
-5574.00320606033
-5572.46750478484
-5572.46750478484
-5572.51969409249
-5572.65387502747
-5572.46750478484
-5572.44900249766
-5572.77954116867
-5572.76346996635
-5572.47939844449
-5572.46750478484
-5572.63286291331
-5572.46750478484
-5572.46750478484
-5573.62768165512
-5572.46750478484
-5573.8263301937
-5573.06284998542
-5572.63279970414
-5572.46750478484
-5572.77157029937
-5572.56191889705
-5572.67473631838
-5572.46750478484
-5573.20650740105
-5573.90794944861
-5574.00928485431
-5573.85760358644
-5573.10546854377
-5572.57202954184
-5572.64843193181
-5573.09106078991
-5572.93902578423
-5572.78084978088
-5573.13831067955
-5574.03178276582
-5573.97784312763
-5572.58565832585
-5573.05930074082
-5572.82396954383
-5573.84710097406
-5572.6281568581
-5574.01479579887
-5573.07729208664
-5572.58908588715
-5573.04399303331
-5573.06076582276
-5573.86660267001
-5572.46750478484
-5572.46750478484
-5572.9193685898
-5573.06165471953
-5573.82398883907
-5573.93350890053
-5572.46750478484
-5573.01504558105
-5572.46750478484
-5572.79520930193
-5573.04382373745
-5572.96709486209
-5572.98149237474
-5573.80592076548
-5572.83464457286
-5573.9525040714
-5572.51513917838
-5572.79886212845
-5573.06187561416
-5573.94803400814
-5573.74010691658
-5572.46750478484
-5572.53775420681
-5572.46750478484
-5572.7868919625
-5572.46750478484
-5573.11754711619
-5573.98501820199
-5574.03508247318
-5572.46750478484
-5573.06839498804
-5572.46750478484
-5572.98429468546
-5573.06044895809
-5572.71641318046
-5573.11034811959
-5573.89804420878
-5573.87282966361
-5574.00402284636
-5572.46750478484
-5573.83887981657
-5573.06215326158
-5573.10249291622
-5573.04664275925
-5572.46750478484
-5573.10492096247
-5574.00407744699
-5573.13480681552
-5572.47651904629
-5573.10041541729
-5573.87134945646
-5573.0657004068
-5572.90665742788
-5572.46750478484
-5573.11214609641
-5574.03666138383
-5572.82793170186
-5572.46750478484
-5574.06540883644
-5572.46750478484
-5573.07902788385
-5572.87574208203
-5572.44865200091
-5572.69430687527
-5572.46750478484
-5573.09426143836
-5574.0043069506
-5572.46750478484
-5573.07894711391
-5574.05043942392
-5572.46750478484
-5572.46750478484
-5572.46750478484
-5572.46750478484
-5573.83129911758
-5573.81864583708
-5573.85847990913
-5572.59132164038
-5573.87240265508
-5573.93901363939
-5572.46750478484
-5573.08307002048
-5573.09153583811
-5572.64257984604
-5572.55191879258
-5572.67419107189
-5572.46750478484
-5572.46750478484
-5572.46750478484
-5572.53865002796
-5573.12203956228
-5573.12645400121
-5572.59030925952
-5573.00745091052
-5573.01801410362
-5573.93066934337
-5573.09580583473
-5572.76412730064
-5572.50034900589
-5572.64455361547
-5572.6458945521
-5572.4930853067
-5572.46750478484
-5572.48269525092
-5573.09346370385
-5572.46750478484
-5572.44559831096
-5573.77336070774
-5572.46750478484
-5572.7583206506
-5572.52665865932
-5573.8792333851
-5572.52296962876
-5573.14195359627
-5572.4963630041
-5572.52337662012
-5573.82232264584
-5572.65956349817
-5572.82622661234
-5573.07185450407
-5572.71893590091
-5572.59862034681
-5572.46750478484
-5572.75464582398
-5572.4980860129
-5572.46750478484
-5572.51721695841
-5572.4881221461
-5572.46750478484
-5572.46750478484
-5573.80510162475
-5572.65839049529
-5572.46750478484
-5572.53519693122
-5572.45858533812
-5572.60402281429
-5572.7057831011
-5572.46750478484
-5572.52177566666
-5572.46750478484
-5572.45078255527
-5572.73440305141
-5573.00951936986
-5572.67141833078
-5572.46750478484
-5572.47436239172
-5572.50052835697
-5572.61202122728
-5572.46750478484
-5573.86160616613
-5572.46750478484
-5572.79037881984
-5573.89962087961
-5573.06368984336
-5572.7356600916
-5572.64527905156
-5573.90294749844
-5574.02168455001
-5572.46750478484
-5573.01247049697
-5572.46750478484
-5573.075967212
-5573.84097389801
-5573.1214014863
-5572.84289913749
-5572.65005277879
-5572.46750478484
-5573.91154193148
-5573.10071566756
-5573.98613322117
-5572.7481941686
-5572.52663263184
-5573.93067183028
-5572.46750478484
-5572.99920366848
-5572.97123527824
-5572.46750478484
-5573.93159345768
-5572.46750478484
-5572.74880551767
-5572.46750478484
-5573.83243093461
-5573.86526657183
-5573.95566412336
-5572.64463743893
-5573.06807862703
-5572.93653023425
-5572.87943719636
-5573.86904353129
-5572.46750478484
-5572.56607057294
-5572.70609549469
-5572.54008882784
-5572.62912629105
-5573.11764742078
-5574.10963924589
-5573.82243201581
-5572.63095207393
-5573.0916335891
-5572.46750478484
-5572.93128193474
-5572.78715526708
-5573.90104932913
-5572.60688380111
-5574.07528219963
-5572.92839180577
-5572.46750478484
-5573.94093893481
-5572.6249487484
-5572.49309047591
-5572.46750478484
-5573.96215052433
-5572.47427188635
-5572.6776910533
-5572.57340298808
-5572.46750478484
-5572.5308978226
-5573.03225148378
-5572.46750478484
-5573.05878090088
-5572.46750478484
-5573.81824248404
-5572.53249766243
-5573.09472372244
-5573.16438965511
-5572.54003116378
-5573.94562027551
-5573.94536417662
-5572.48802066276
-5572.72662535467
-5573.93850789037
-5572.46750478484
-5572.77517466176
-5573.05029616473
-5573.08822163217
-5573.07832373676
-5572.61680575733
-5573.79303339044
-5573.13412954311
-5572.46750478484
-5572.57202446204
-5572.46750478484
-5572.4909648663
-5573.8102308366
-5573.8154154502
-5572.63881650536
-5572.46750478484
-5572.99437052921
-5572.54654171295
-5573.83409521459
-5572.46750478484
-5573.03060735762
-5572.46750478484
-5572.75960393158
-5572.72170979685
-5572.97168155448
-5573.84808025691
-5572.46750478484
-5572.46750478484
-5572.52391525229
-5572.51768160324
-5573.05858898935
-5572.64638501452
-5572.97600102315
-5572.46750478484
-5572.46750478484
-5572.46750478484
-5573.89306556482
-5572.70991272917
-5572.46470738008
-5573.0087480235
-5573.89826583872
-5572.49967758054
-5572.53195636058
-5572.46750478484
-5572.48537479548
-5572.5790027342
-5572.57061642714
-5572.50088747629
-5572.50819112969
-5573.84430614075
-5572.46750478484
-5572.58134846353
-5572.46750478484
-5573.03793289267
-5572.48143985358
-5572.46750478484
-5572.46828717194
-5573.1244653876
-5572.66064986862
-5573.08715973543
-5573.9271051176
-5572.55439100887
-5572.46750478484
-5573.87376024056
-5572.46750478484
-5572.62099989173
-5572.46750478484
-5572.71095027478
-5574.05215055852
-5573.03523168421
-5572.66559029001
-5573.1174727779
-5572.77422610481
-5573.15151021313
-5572.48242913242
-5572.76002215576
-5574.02212946729
-5572.54671040801
-5573.04342322777
-5572.85548349439
-5573.08106444023
-5572.69789113534
-5573.89118316929
-5573.83781308318
-5572.46750478484
-5573.9508384713
-5572.60726906532
-5572.46750478484
-5573.9484529901
-5572.49181998985
-5572.52845100549
-5572.46750478484
-5573.91613994697
-5574.08654115908
-5572.63600905684
-5572.54452331141
-5572.76201716487
