# type 2 occupying energies
-5561.99441516284
-5563.43840391715
-5563.42457619389
-5563.56545048966
-5561.95075827378
-5563.31413525825
-5563.38036109718
-5561.95075827378
-5562.67406275307
-5562.11477912654
-5561.9805577101
-5561.95075827378
-5562.17174574874
-5562.20245979721
-5563.59218301635
-5563.52094681875
-5562.39603101402
-5562.63134196485
-5561.95075827378
-5563.34114362567
-5561.98814303636
-5562.56128565449
-5561.97159263875
-5561.95194296135
-5561.95075827378
-5561.96956162918
-5562.01168493
-5561.95075827378
-5562.5462138403
-5563.47421997288
-5563.40468430663
-5562.5299084928
-5562.04952385358
-5562.17897234919
-5562.21030423029
-5563.40855072949
-5562.65582207344
-5562.12382163254
-5563.27359442336
-5562.58361040026
-5562.17168608355
-5561.95075827378
-5562.55000838688
-5563.31449274412
-5561.95075827378
-5563.33645322634
-5561.95075827378
-5561.95075827378
-5562.49958789724
-5562.41319452631
-5561.95075827378
-5562.12447466326
-5563.51511791398
-5563.45241227031
-5561.96525762415
-5562.6302749854
-5562.59717632278
-5562.50438065101
-5562.31241972653
-5561.95075827378
-5562.69693299528
-5562.13880125949
-5563.32068321423
-5563.53430592282
-5561.95075827378
-5562.48626331148
-5562.01569085169
-5561.95075827378
-5562.59530442641
-5561.95075827378
-5562.22642315505
-5563.29170991242
-5562.57552310104
-5561.95075827378
-5562.54261624716
-5562.50865885437
-5563.44913649279
-5562.39663943024
-5562.50526086569
-5563.49579459232
-5561.95075827378
-5561.95075827378
-5563.38688658932
-5563.3763275607
-5562.2734686349
-5562.62111476197
-5562.05882996356
-5563.46590665172
-5561.95075827378
-5561.9494881131
-5561.95075827378
-5563.5265505102
-5563.42979602202
-5562.10219098269
-5563.31043531967
-5561.95075827378
-5562.47500799339
-5562.45945748565
-5561.99615273964
-5562.01444976247
-5562.56557469739
-5562.22414003563
-5561.99792627505
-5562.13328967879
-5561.99115238472
-5562.64411431236
-5563.57940493391
-5562.01535563233
-5561.95075827378
-5561.95075827378
-5562.54757997574
-5561.95075827378
-5562.21334287094
-5562.2573898085
-5562.00690874332
-5562.23291277033
-5561.95075827378
-5562.59340299339
-5563.19509747313
-5562.57521613727
-5561.95075827378
-5563.38426563613
-5562.23853068956
-5561.95075827378
-5561.9766656512
-5563.42710587937
-5563.4854774214
-5562.60031907476
-5563.54229932983
-5561.95075827378
-5563.47986675632
-5561.95075827378
-5563.41320654495
-5563.5363309125
-5562.24628824347
-5561.95075827378
-5562.62298132687
-5562.32010463182
-5562.16746302026
-5562.01570313127
-5561.95075827378
-5562.19429586334
-5562.52623189742
-5562.48913774666
-5561.95075827378
-5562.58944160263
-5561.95075827379
-5562.04702995107
-5563.49868243871
-5561.95075827378
-5561.95075827378
-5563.39450363214
-5562.67374551936
-5561.95075827378
-5562.53523226378
-5562.06940728947
-5561.95075827378
-5561.95075827378
-5562.22666482903
-5562.1721268325
-5562.57532041717
-5563.41670375212
-5562.0803367295
-5561.95075827378
-5563.46235603448
-5562.04193009005
-5562.27307546493
-5563.53136553751
-5562.65630877623
-5562.55794763711
-5562.10305318603
-5562.23819124969
-5562.00183683552
-5562.08741853966
-5562.2826963164
-5561.9499579638
-5563.41237141116
-5561.93991570489
-5562.69251825014
-5562.28110565779
-5561.95075827378
-5561.96412879531
-5563.39613285552
-5562.27646697381
-5562.03281361261
-5562.07192718504
-5561.95075827378
-5562.20737581544
-5562.22865938718
-5563.50082019236
-5561.9282918726
-5563.46234488249
-5562.18956071189
-5561.95075827378
-5562.27832862373
-5561.98902652681
-5563.4263544756
-5562.57085709189
-5562.36116312494
-5561.95075827379
-5562.62107951674
-5563.35982120286
-5562.58163690723
-5561.95075827378
-5562.11952376044
-5561.95075827378
-5562.00263320124
-5562.26349825103
-5561.98582654049
-5563.39170903565
-5562.49984562497
-5562.46890524206
-5562.53440734342
-5561.95075827378
-5562.60367780088
-5562.00478045065
-5561.99134658301
-5562.54287545671
-5562.42403353809
-5561.95075827378
-5562.53297569539
-5561.95075827378
-5563.24627678865
-5561.95075827378
-5562.46963242904
-5562.1819792303
-5563.45156918423
-5562.04349262922
-5561.95338683031
-5563.37119123128
-5562.02195410637
-5562.34553187239
-5562.50861237229
-5562.4332205337
-5561.95075827378
-5562.14855490064
-5561.95075827378
-5562.07260831319
-5562.5644947692
-5563.28242603109
-5562.2369324587
-5561.95075827378
-5561.95075827378
-5563.26333938603
-5562.32795612084
-5562.2247943012
-5562.22446171751
-5562.08502111931
-5561.95075827378
-5562.08216615005
-5562.54900015886
-5562.59473315823
-5562.4128888013
-5562.19231868101
-5561.95075827378
-5561.98836469896
-5561.99687731176
-5562.02462835109
-5562.30813915637
-5561.95075827378
-5561.9394414895
-5561.95075827378
-5563.43712307769
-5562.04912900919
-5561.99744333507
-5562.16103304204
-5562.19283964978
-5561.95075827378
-5562.09965299296
-5561.95075827378
-5562.2549700439
-5561.95075827378
-5562.25779445542
-5562.55517143724
-5563.24523275054
-5562.67004092108
-5561.95075827378
-5562.51398706019
-5563.44095657826
-5563.37977281383
-5562.28299495704
-5563.4500874725
-5562.60560969995
-5563.50929810038
-5562.57625982755
-5562.52283791189
-5563.45251922303
-5563.49254253765
-5561.95075827379
-5562.35580969507
-5562.53045434861
-5562.09322319404
-5562.56453239528
-5562.62440768189
-5561.95075827378
-5562.28226625577
-5562.5812455176
-5561.95075827378
-5563.54007858573
-5563.61896923128
-5562.33197407149
-5562.62348132355
-5563.51753942392
-5562.08847012538
-5562.26388297188
-5563.53806365916
-5562.72880580623
-5562.29657451774
-5562.05715371992
-5561.95075827379
-5563.43438700477
-5562.30082620338
-5562.23607536724
-5562.03736059363
-5563.51367488691
-5562.21167822528
-5562.37644397006
-5562.29891447248
-5562.24173621181
-5562.18443555876
-5561.99110130149
-5561.98424606107
-5562.67208010749
-5561.95075827378
-5562.2953338873
-5562.36156820113
-5562.25106253466
-5561.95075827378
-5562.01903212965
-5562.06711046408
-5562.12593930386
-5561.95075827378
-5561.9939141435
-5562.01495582035
-5562.18284194313
-5563.32150924937
-5563.34945846182
-5562.52258195282
-5563.33826036588
-5563.43219830913
-5562.10875341668
-5562.18028210711
-5563.36394615925
-5562.11307997187
-5562.52253011866
-5561.95075827378
-5563.28705939079
-5562.00459670524
-5561.95386770826
-5562.5227573413
-5562.5567431181
-5561.95075827378
-5562.57379433805
-5562.35988680391
-5562.03808650083
-5563.33837243161
-5562.01496816525
-5561.95075827378
-5562.25265576611
-5562.49027207484
-5561.95075827378
-5563.50218310022
-5562.08803734697
-5562.51327384406
-5563.2726227129
-5563.35682499687
-5562.00389242455
-5562.09151354805
-5561.95075827378
-5562.2439696064
-5562.49474856783
-5562.5297241078
-5563.58955070064
-5562.58254503337
-5562.4535798317
-5561.95075827378
-5563.33947684048
-5563.26301908135
-5563.5669935429
-5563.44478467102
-5562.56461707794
-5562.55909288207
-5562.27466582786
-5561.98118299412
-5562.65447386924
-5561.95075827378
-5562.15243234821
-5563.40016052724
-5562.00641738497
-5562.14529161777
-5561.95075827378
-5562.07528686644
-5562.23707231105
-5561.95075827378
-5562.53862058937
-5562.50884598372
-5562.03937409444
-5562.24541747021
-5561.95075827378
-5561.95075827378
-5563.50233561438
-5562.24849376519
-5563.36940477455
-5563.42444732213
-5562.61000118496
-5562.55963609719
-5563.46648790485
-5562.49515191233
-5562.08998829516
-5561.95075827378
-5563.37531956924
-5562.20821849243
-5562.22361318237
-5562.03458929244
-5561.98753095579
-5561.9570844641
-5562.17862377198
-5561.96521032706
-5562.00688001523
-5562.10748975636
-5561.95075827378
-5561.95075827378
-5562.46611902386
-5561.95075827378
-5561.95075827379
-5562.54943490339
-5562.60927513987
-5562.01921985012
-5562.03892902531
-5562.43335131252
-5562.52636157536
-5562.0228523761
-5563.45104550225
-5562.07136320708
-5562.56191170385
-5561.95075827378
-5562.55523528878
-5561.98920655447
-5562.57039820927
-5561.95075827378
-5561.95075827378
-5561.95075827378
-5562.166149493
-5562.6393376583
-5561.95075827378
-5562.12531742577
-5562.00230579498
-5562.17125092817
-5563.4368757383
-5563.30648290057
-5562.52584821286
-5561.95075827378
-5561.95075827378
-5562.55255583796
-5562.22418987943
-5562.0027955316
-5563.19498474302
-5562.0927710872
-5562.55298520568
-5563.56384470706
-5562.53859058821
-5563.37838449712
-5562.04844216021
-5562.58746285646
-5561.95075827378
-5563.27908350036
-5562.01965813586
-5562.12168675067
-5562.56007771881
-5561.95075827378
-5562.1223711838
-5562.57604579882
-5561.95075827378
-5563.31577618494
-5562.54779156862
-5562.18557519207
-5561.95075827378
-5562.08331661593
-5563.49009502229
-5563.4851312908
-5562.55857721377
-5562.0865270924
-5563.35576721813
-5561.96851141218
-5563.21740214182
-5562.63503241346
-5561.95075827378
-5563.2613751858
-5562.09924904812
-5562.02682009548
-5561.95075827378
-5561.97696316213
-5561.98230891968
-5562.00848366931
-5563.43452341458
-5562.2265142663
-5562.50939743356
-5563.33427880909
-5562.01542739273
-5562.02530037003
-5562.22948267147
-5561.95075827378
-5561.95075827378
-5561.95075827378
-5562.05406315971
-5562.24398629314
-5562.29093703291
-5563.49000355012
-5561.95075827378
-5563.55996322841
-5562.66543360541
-5562.61385794128
-5561.95075827378
-5562.55295094361
-5561.95075827378
-5561.95075827379
-5563.41915708622
-5562.21906388033
-5562.21841313767
-5562.54175303114
-5562.05731218089
-5563.38381901519
-5563.21858505042
-5562.51836636477
-5562.43986052384
-5562.48352581212
-5562.47215925561
-5563.52590410806
-5562.56341007278
-5562.48662603968
-5563.45913341874
-5562.50753130244
-5563.19335603467
-5561.95075827378
-5562.08822175077
-5562.07944488007
-5563.57170798669
-5561.95075827378
-5562.41346677287
-5561.95075827378
-5561.95075827378
-5562.05245785626
-5561.95075827378
-5561.99655787596
-5561.95075827378
-5562.16870183579
-5562.43064361048
-5561.95075827378
-5561.95075827378
-5562.44185807245
-5562.58398643125
-5562.25845618842
-5561.99390131873
-5562.58134550288
-5561.96034207446
-5561.97472928111
-5561.99430547007
-5562.16970522954
-5561.99085354902
-5562.09243152855
-5562.24964497787
-5562.10368787452
-5561.95075827378
-5561.95075827378
-5563.26686864365
-5562.53793218385
-5561.95075827378
-5562.48444901725
-5562.45197724399
-5562.56216049044
-5562.514899228
-5562.49961168725
-5562.20580600712
-5561.95075827378
-5562.26886319134
-5561.95075827378
-5562.59763839473
-5562.61432645577
-5561.95075827378
-5562.11969291499
-5562.01624532069
-5561.95075827378
-5562.03522768227
-5562.53415190647
-5562.1543403899
-5563.34347862671
-5562.24790207912
-5562.18281898414
-5561.99231436247
-5562.03808307971
-5561.95075827378
-5563.38840246911
-5562.21573391756
-5561.94595230076
-5562.18891391511
-5562.16677893538
-5562.0332654726
-5562.16185133395
-5562.62063926925
-5561.98369634592
-5562.26174066888
-5562.59468742196
-5562.2685234858
-5563.39835638736
-5561.95075827378
-5562.66531674751
-5563.43649924733
-5561.95075827378
-5561.95075827378
-5562.02662283394
-5562.5734929678
-5562.0370298586
-5562.60621916266
-5563.42822256032
-5561.95075827378
-5563.47471714344
-5562.4230333788
-5563.59503145034
-5563.3137577944
-5562.53668559744
-5563.43207750676
-5562.21615021473
-5562.02529189652
-5562.6037476781
-5562.49243854128
-5562.0558339313
-5562.26147431379
-5562.63360704197
-5562.02612359724
-5562.53708090535
-5563.49533539775
-5563.45575949075
-5563.45544922485
-5561.95075827379
-5561.95075827378
-5562.52758560628
-5562.12319328557
-5562.62113060102
-5562.02972961054
-5563.44344033838
-5562.32898408106
-5561.95075827378
-5563.51533716647
-5562.29443928767
-5561.95075827378
-5561.95075827378
-5562.51245523988
-5561.95075827378
-5563.3232540286
-5563.37658106358
-5562.04191272969
-5562.5815742247
-5563.32113391031
-5562.50667497861
-5561.98754816619
-5562.22612039949
-5562.30738042233
-5562.51797246039
-5561.95075827378
-5562.24858004377
-5561.99322006892
-5561.95075827378
-5561.95075827378
-5561.95075827378
-5562.29856157344
-5562.55472202952
-5561.95075827378
-5563.43724424057
-5562.60793371019
-5563.3826774384
-5561.95075827378
-5562.6228601029
-5562.52989836237
-5561.98776750804
-5562.23705888472
-5561.96374759889
-5562.23906474405
-5562.61654004836
-5562.0319421818
-5563.38548355719
-5561.99158348499
-5562.21353352169
-5563.42230204387
-5562.2159476833
-5562.08001131431
-5562.17525725772
-5561.94761315372
-5562.05932211858
-5561.95075827378
-5561.95075827378
-5562.61544703262
-5563.32505055183
-5562.05438911097
-5562.07925243471
-5562.01542030803
-5563.25537633111
-5562.5724949966
-5561.95075827379
-5561.95075827378
-5562.5452020162
-5563.23211244567
-5562.64192615777
-5562.01913823123
-5562.03477452082
-5562.52808692432
-5561.95075827378
-5562.44162020413
-5562.5017263428
-5562.19165344293
-5561.95075827378
-5562.02631994216
-5563.37286307032
-5563.51521765794
-5561.95075827378
-5562.22445823067
-5562.18173552308
-5561.97835390291
-5561.95075827378
-5561.95075827378
-5561.95075827378
-5562.08653517896
-5562.18027183861
-5561.98757377958
-5561.92727100169
-5561.95075827378
-5562.4871664146
-5563.41877553852
-5562.64055174938
-5561.99064851771
-5562.25307416373
-5563.40072454307
-5561.99679375949
-5562.16265565992
-5562.2472674475
-5561.93267194986
-5562.25888394473
-5562.02099601333
-5561.95075827378
-5563.4564387002
-5562.56372687568
-5561.95075827378
-5563.47558188723
-5562.59675711609
-5563.42586464866
-5562.53707574104
-5561.95075827378
-5562.0628453343
-5562.08388218032
-5562.16357450645
-5562.16941429909
-5563.53534250432
-5562.09771205508
-5562.29552389294
-5562.01556347368
-5561.96637567518
-5562.09472707298
-5562.53737182158
-5561.95075827378
-5563.32604269949
-5563.42877453823
-5562.02162804358
-5561.95075827379
-5562.17197431127
-5562.65513318068
-5561.99574870012
-5563.49225750746
-5562.01509343107
-5562.06165708495
-5563.37260989335
-5561.95075827378
-5562.54340853845
-5563.38436091886
-5562.01552139119
-5562.0340447757
-5562.00919874281
-5562.04395633522
-5563.4828516086
-5561.95075827378
-5561.96649171958
-5561.95075827378
-5563.27663801305
-5562.01174483395
-5562.01462093533
-5562.58310720388
-5561.95075827378
-5562.59012466372
-5562.01460630725
-5563.35785314421
-5561.97037802185
-5562.69916868165
-5562.17841089799
-5561.95843537961
-5561.95075827378
-5562.015238172
-5561.95783075963
-5561.95075827378
-5562.24705128038
-5561.95075827378
-5562.04714876134
-5561.95075827378
-5561.95075827378
-5562.12227692174
-5561.94847469912
-5562.16753484822
-5562.00632615296
-5562.13092060822
-5561.97925374868
-5563.39508991014
-5561.95075827378
-5562.22459196395
-5562.20823027035
-5562.60022657088
-5562.07030579326
-5562.65835110978
-5561.9898760092
-5561.95893798091
-5563.3538011514
-5561.95075827378
-5562.21284228718
-5563.21790876426
-5562.55116326216
-5562.64386896051
-5561.95075827378
-5561.97039032184
-5562.01405085146
-5562.13022142275
-5563.41069716921
-5562.28178507525
-5561.9999953161
-5562.15183828521
-5562.60799633075
-5562.24669039944
-5563.41047491376
-5562.10995326089
-5562.02628358209
-5562.17552044204
-5561.95075827378
-5562.00395405034
-5562.59530363233
-5562.5858163462
-5563.37664361524
-5563.3199217957
-5561.95075827378
-5562.1857763279
-5562.01172053994
-5562.1712763536
-5562.05196624318
-5563.39436015691
-5563.17159131629
-5561.95075827378
-5563.33920711678
-5561.95075827378
-5563.44574119722
-5563.44834610588
-5561.95075827378
-5562.15043009951
-5561.95075827378
-5562.00800505896
-5561.95075827378
-5562.06545948081
-5562.24825454096
-5563.3986578168
-5563.45207425138
-5562.48247981765
-5561.94507158966
-5561.98262482168
-5562.11557485586
-5561.95075827378
-5562.23602156495
-5562.16236367023
-5562.57639442862
-5562.01149561122
-5561.95075827378
-5561.95075827378
-5561.95075827378
-5562.18563304522
-5562.47298178638
-5562.54145919571
-5561.95075827378
-5562.05470553423
-5561.95075827378
-5562.00507166378
-5562.27819668857
-5562.1732417847
-5562.02542673555
-5562.58912651843
-5563.37624343392
-5563.29774987465
-5563.35316106535
-5562.63421530162
-5562.20324773687
-5563.42096747187
-5562.03276872112
-5562.03470681644
-5561.95075827378
-5561.93716428731
-5562.57122610656
-5562.56550017631
-5561.95075827378
-5562.05945986394
-5562.06586743954
-5561.95075827378
-5561.98675332463
-5561.95075827378
-5561.95075827378
-5561.95075827378
-5562.51623662831
-5561.95075827378
-5562.40925098793
-5562.61960748659
-5561.95075827378
-5562.26767477779
-5562.13136813486
-5562.23173279685
-5562.2263054114
-5562.12478406718
-5562.64543761837
-5563.38894467517
-5562.50112133682
-5561.95075827378
-5561.95075827378
-5562.1701483898
-5562.60902671898
-5562.56079899252
-5563.36998139826
-5562.2843402065
-5562.57949486294
-5561.95075827378
-5562.17806904627
-5561.95075827378
-5561.97666955694
-5562.02507640009
-5562.17056639125
-5561.93772118583
-5563.46323101183
-5562.52910088749
-5563.41085118078
-5562.64567101741
-5562.51166320183
-5562.44561632351
-5562.46844230841
-5561.99618620065
-5561.95075827378
-5563.48095365397
-5562.39668908037
-5562.02093606757
-5562.0772960533
-5561.95075827378
-5562.04966503069
-5562.04699989969
-5563.4286304212
-5563.51096294041
-5563.32977255682
-5561.95075827379
-5563.47206890083
-5561.98452386403
-5561.95075827378
-5562.65117484837
-5562.0349693998
-5563.29370539666
-5562.59183617249
-5563.4970247948
-5562.05575263961
-5562.2853611865
-5561.95075827378
-5562.1712297681
-5563.3300872592
-5562.01162663766
-5561.99466737359
-5563.46540618171
-5562.18750614245
-5562.01316292538
-5562.06691554356
-5562.63756686245
-5561.95075827378
-5563.37200860253
-5562.03610889368
-5562.0191075081
-5561.95075827378
-5563.43816427296
-5561.95075827379
-5563.4244339423
-5561.95075827378
-5562.03427859331
-5562.05082869906
-5562.2775134909
-5562.25756098332
-5562.64724024756
-5562.15391690128
-5562.11561792387
-5562.17654895281
-5562.19145929078
-5562.23663315992
-5563.52882523868
-5563.35145667881
-5561.95075827378
-5563.4905580625
-5561.96492668566
-5561.95075827378
-5561.95075827378
-5562.26265702612
-5561.94610787864
-5562.00361066527
-5562.26369535972
-5562.58093458792
-5562.06638241744
-5562.00231237471
-5562.64999919051
-5561.95075827378
-5561.95075827378
-5563.16695185778
-5562.00662555361
-5562.18720255544
-5562.59127308658
-5562.08573319839
-5562.65900111559
-5561.95075827379
-5561.95075827378
-5561.96925272407
-5562.28548792022
-5562.6874885991
-5563.28558816343
-5562.34575013132
-5563.38954157718
-5562.5473255065
-5562.12120448835
-5562.01727551307
-5562.58949355701
-5562.59195735651
-5562.29908948041
-5562.58136652235
-5562.24936989594
-5561.95499802729
-5561.97407578778
-5562.05063454742
-5562.1290061961
-5562.44786249609
-5562.04685801921
-5563.48575780142
-5563.44744768939
-5562.57410046209
-5562.53352046591
-5562.26492744679
-5563.48342270216
-5561.95075827379
-5561.95075827378
-5563.47138315246
-5562.64514921509
-5563.51492249769
-5562.25899168334
-5561.95075827379
-5562.53127240233
-5561.95075827378
-5562.1389173603
-5562.08017564536
-5563.45892173857
-5561.95075827378
-5561.95075827378
-5561.95075827378
-5563.32440499208
-5562.0120694652
-5562.01406976372
-5562.61612552987
-5562.57461425726
-5563.2362725439
-5562.02172682374
-5561.95075827379
-5562.15065735817
-5562.57987767685
-5562.18090974474
-5562.01003161873
-5563.47929737835
-5563.46167456405
-5562.07187590397
-5562.08061096782
-5561.95075827378
-5563.54094116771
-5563.61760507046
-5561.95075827378
-5562.03987689289
-5563.44715159495
-5562.06373005765
-5563.58741188478
-5563.49782942709
-5563.38810303611
-5561.95075827378
-5563.3901474305
-5562.55391775403
-5563.4672711478
-5562.04249161737
-5563.68964707495
-5563.58365196988
-5561.99920427722
-5562.09704099135
-5563.38246506162
-5562.02316052844
-5562.21214004485
-5561.95075827378
-5562.03637199295
-5563.60397044508
-5563.62302518457
-5562.24573541809
-5561.95075827378
-5561.95075827378
-5562.56326704349
-5563.50865538685
-5562.00232221154
-5563.33256243539
-5562.04481684188
-5562.64391678382
-5562.29015164696
-5562.66343872548
-5563.43224414772
-5563.34562892372
-5561.95075827378
-5561.95075827378
-5562.06042109414
-5563.24908861398
-5563.3893116222
-5562.01503102928
-5563.39374519047
-5562.05103315443
-5563.47728689215
-5562.58931827431
-5561.95075827379
-5563.21708049708
-5562.00835989558
-5562.28153149341
-5563.20795085749
-5562.15443582835
-5561.95075827378
-5561.95075827378
-5562.20320034759
-5562.02980164965
-5562.5859580455
-5562.55964850834
-5562.08736152901
-5561.95075827378
-5561.95075827378
-5561.97897633343
-5562.20218710558
-5562.62093656386
-5561.95075827378
-5562.21861285871
-5562.06980208239
-5561.98772395723
-5561.95075827378
-5562.59980602676
-5562.54573030416
-5562.04709648632
-5563.29824203889
-5562.41013569736
-5562.54322801049
-5562.45888783806
-5561.95075827378
-5562.08963005948
-5562.03347017271
-5562.52898035444
-5561.98399759313
-5561.95140009155
-5562.59128252291
-5562.07363312699
-5562.55655646639
-5562.54235170604
-5562.54548533067
-5562.0617246542
-5561.95075827378
-5562.19162113576
-5561.99373304232
-5561.95075827378
-5563.41115791235
-5562.5564076811
-5561.95075827378
-5561.95075827378
-5562.07750983973
-5562.29474440072
-5561.95075827378
-5563.18328791858
-5562.04942495735
-5562.06639849696
-5562.36213600759
-5561.95075827378
-5562.00652753156
-5563.54766724017
-5562.57840383056
-5562.14375059694
-5562.61189596401
-5563.50160672637
-5563.37485568413
-5562.01679796656
-5561.96388849627
-5562.17283508579
-5562.03259909956
-5563.41529751566
-5562.21243106563
-5561.95075827378
-5561.95075827378
-5561.95075827378
-5563.54020317972
-5562.37552050347
-5561.95075827379
-5562.57489595343
-5561.95075827378
-5562.07041818694
-5561.95075827378
-5562.64143937048
-5562.05896366874
-5561.95075827378
-5562.28345109915
-5562.06793919909
-5562.02512972788
-5562.11204104107
-5561.95075827378
-5563.5065821743
-5561.95572078505
-5562.17824500365
-5562.18701896483
-5562.02136240094
-5562.50346082854
-5561.95075827378
-5561.95075827379
-5563.4932666816
-5562.35338705467
-5563.3793648203
-5561.95075827378
-5563.3737524905
-5562.06111104716
-5563.29799528961
-5562.07897660879
-5562.54113032447
-5562.48050885572
-5562.51712669119
-5562.14290322455
-5561.95075827378
-5562.03157084484
-5561.95075827378
-5562.02472003012
-5562.03903378208
-5562.58141585319
-5562.60437450179
-5563.38679415973
-5562.15168213487
-5562.49989945549
-5561.95075827378
-5562.43228529387
-5563.27854831267
-5562.19252715479
-5562.60470495424
-5563.38923337868
-5562.54615822663
-5561.95075827378
-5562.04499193498
-5562.10034904735
-5561.92728696708
-5561.95075827378
-5562.20842572201
-5561.99313180707
-5562.25726621768
-5563.40514879079
-5562.56931167892
-5562.02318671235
-5562.07055646418
-5562.01202393376
-5562.51765923303
-5562.32034184039
-5561.95075827379
-5562.23987504592
-5561.95075827378
-5562.53058447461
-5562.53381741303
-5563.42654996034
-5562.05594928077
-5561.95075827378
-5563.54132066066
-5563.42213359367
-5562.63591059425
-5562.11597734103
-5563.40223447795
-5561.95075827378
-5562.58248685316
-5561.95075827379
-5563.55828837889
-5562.61191997295
-5563.45838119412
-5563.44787562054
-5562.29576262217
-5561.95075827378
-5563.56176835387
-5562.18320367245
-5561.95075827378
-5561.95075827378
-5563.5627271165
-5562.23725987994
-5563.37480298058
-5562.57903424667
-5562.48781477503
-5562.11034762485
-5563.58252148673
-5562.338887276
-5562.12974402684
-5561.95075827378
-5562.28555746199
-5561.95075827378
-5561.95075827378
-5562.09107200957
-5562.29781667266
-5562.0599997748
-5562.450144259
-5563.55724632148
-5562.36239912841
-5563.25907685828
-5563.43518590555
-5562.57082894546
-5562.52581350854
-5562.63926988976
-5562.30940932948
-5561.95075827378
-5562.59829107588
-5561.95075827378
-5561.95075827378
-5562.20374847276
-5562.03444726216
-5562.53140515506
-5563.50135718013
-5563.48756031145
-5561.95075827378
-5563.52863601196
-5561.95075827378
-5562.57276341995
-5562.03625757655
-5561.95075827379
-5561.98847227765
-5562.59948105116
-5562.13132612332
-5562.57240001942
-5563.41609832479
-5561.95075827378
-5561.99735410885
-5562.24393459308
-5563.50875904129
-5563.41474881275
-5562.35241489583
-5562.24359469675
-5562.58924472409
-5562.56192355502
-5563.46419201644
-5562.56384645843
-5562.29934469157
-5562.6781196922
-5561.95075827378
-5562.28427766623
-5563.47699545289
-5563.53689033539
-5563.49769570797
-5563.52831645972
-5562.02869212953
-5561.95075827378
-5563.48477858083
-5563.47192091773
-5562.07712757003
-5562.680397547
-5562.11459919314
-5563.53269909655
-5563.34404727704
-5562.04861226678
-5561.95075827378
-5561.95075827378
-5563.31046528391
-5563.40909712735
-5562.26754010099
-5561.95075827378
-5563.37636696664
