# type 2 occupying energies
-5590.85261726836
-5592.34991863428
-5590.84336003632
-5592.30509780834
-5590.84521275215
-5591.08845654883
-5590.83702377851
-5590.87604589882
-5591.09243479062
-5590.91230773172
-5590.86221118398
-5592.26329317275
-5592.21733995847
-5592.25751965488
-5591.45415094275
-5590.83702377851
-5592.2391042952
-5590.83702377851
-5590.91405328507
-5590.94587675033
-5592.39013707195
-5591.04613508165
-5590.83702377851
-5592.35472931018
-5590.91906201329
-5592.37033629594
-5591.58977300095
-5590.96555079666
-5590.9177513439
-5590.83702377851
-5591.50606486498
-5590.91237525619
-5590.9530772043
-5591.02922061911
-5591.0507737221
-5590.88282687229
-5590.79950713313
-5591.10790488313
-5591.08217045158
-5591.09150784209
-5591.12825800475
-5592.3814437293
-5591.03572420107
-5590.8997708681
-5592.23299623266
-5592.34929587427
-5590.88606242606
-5592.44520778213
-5591.01180896102
-5590.96616588826
-5590.86387659368
-5590.82700663847
-5591.09005959922
-5591.13916150546
-5590.83702377851
-5590.99029701484
-5590.83702377851
-5592.19890393036
-5590.83702377851
-5590.87695768975
-5591.13896925006
-5590.77811367864
-5590.99895223347
-5590.83702377851
-5590.91899232108
-5591.05602514311
-5590.86042911218
-5590.82824249957
-5590.83590082162
-5590.86265697954
-5590.83702377851
-5591.39434805911
-5592.15723699298
-5590.9484840147
-5590.83702377851
-5592.30255501473
-5591.10318480881
-5591.35340873597
-5590.91836011821
-5591.06575109729
-5591.10285054222
-5591.0822261227
-5590.86858585331
-5590.85021798193
-5591.0481552233
-5590.88324357159
-5590.84211319711
-5590.87441258668
-5590.89750427529
-5592.27279813717
-5590.83702377851
-5590.83702377851
-5591.31432513015
-5592.18122183999
-5591.42706361449
-5591.11812710493
-5591.14176352537
-5592.2790350504
-5591.02990056832
-5590.79074554426
-5590.9055132091
-5591.04941669941
-5590.92145994114
-5590.9310184846
-5590.90566131943
-5591.44571849728
-5591.49329815199
-5590.83702377851
-5591.38166438704
-5590.93376199587
-5592.26994856228
-5591.50426164055
-5591.02597378866
-5590.90060221872
-5590.83702377851
-5592.26104412864
-5591.50535104691
-5591.18405322308
-5592.3756961885
-5592.30306954534
-5592.35491356352
-5590.83702377851
-5592.25978285283
-5590.99555611324
-5590.83702377851
-5590.96172174828
-5591.00348780694
-5592.37633942919
-5590.85662541887
-5590.85834820706
-5592.35830171938
-5592.20403613512
-5590.83702377851
-5590.94851712581
-5590.8738385207
-5592.39927302338
-5590.92951429401
-5591.09601626673
-5592.31184699059
-5592.36532853416
-5590.83700872372
-5591.12201511452
-5590.83702377851
-5590.8585535992
-5591.21801119853
-5590.90220315571
-5592.21644991268
-5591.12861209094
-5591.06018492925
-5591.01312593732
-5592.17149665506
-5590.91134209788
-5592.21248538823
-5590.8677467217
-5591.00058607354
-5592.28875146821
-5591.02681485797
-5590.83702377851
-5592.34994685697
-5592.2316535578
-5591.03331129845
-5590.95655420073
-5592.31866930393
-5590.83702377851
-5590.85639385365
-5590.83702377851
-5590.92013413536
-5590.99655623443
-5590.83702377851
-5590.85183757671
-5590.83702377851
-5591.01681178001
-5590.89987396513
-5590.83702377851
-5592.15916637558
-5591.1169236205
-5590.83702377851
-5592.30399899354
-5591.07293101222
-5590.83702377851
-5590.92426436872
-5590.83702377851
-5590.87188036181
-5590.83702377851
-5592.28033398508
-5591.41506003766
-5592.18895278112
-5590.83702377851
-5592.15096675167
-5590.83702377851
-5591.40004066708
-5590.91762943373
-5592.24409842282
-5591.50630026757
-5591.13046370021
-5590.93903743116
-5590.87855019662
-5590.86416971194
-5590.8233497845
-5590.84362302264
-5590.83702377851
-5591.4786565863
-5591.46640407211
-5591.0271626193
-5590.99762290743
-5591.03527712385
-5590.8976807064
-5591.38731696735
-5590.83702377851
-5590.83352499597
-5590.91272842656
-5591.08658858552
-5590.92488061279
-5590.83702377851
-5591.43657652669
-5591.47899344014
-5591.1875465407
-5590.95668736174
-5591.08709567879
-5592.29950748429
-5590.83702377851
-5592.32225590771
-5591.39912327646
-5590.83702377851
-5590.83702377851
-5592.29957617697
-5590.83702377851
-5590.86055884885
-5591.00478208449
-5590.94278710623
-5590.97923512997
-5592.32771911934
-5591.15968016789
-5590.83702377851
-5590.87511876964
-5590.96207966398
-5590.83702377851
-5591.05521581604
-5591.37094319273
-5591.34438977648
-5591.17073707863
-5591.37632495852
-5591.37386264456
-5590.96504253968
-5590.83702377851
-5592.07474373346
-5592.33074364117
-5591.0758132819
-5590.82137894665
-5590.87506919716
-5590.83593130497
-5591.06575522472
-5592.25221633877
-5590.83702377851
-5590.83702377851
-5590.95510886077
-5590.83702377851
-5590.83702377851
-5592.30412117826
-5590.83702377851
-5591.2919325553
-5591.26857731314
-5591.31912970727
-5591.37581710842
-5590.83702377851
-5591.01706440403
-5591.40422817736
-5591.28928786987
-5592.12665277508
-5591.34334815684
-5592.24188356543
-5590.92126044613
-5590.83702377851
-5591.35216005517
-5591.48623742987
-5591.29795164259
-5592.21200474824
-5592.1541893353
-5591.29576414049
-5591.35452958146
-5591.03106372841
-5590.90010276709
-5592.21807539957
-5590.83702377851
-5590.83702377851
-5591.12480118669
-5591.44915459168
-5590.85859089221
-5590.83702377851
-5590.94594933639
-5591.15288910832
-5592.20841048921
-5591.18612035083
-5592.31091460802
-5590.85839664932
-5590.9331331429
-5590.88574532196
-5592.16751897093
-5590.83702377851
-5592.21160521884
-5591.01859239818
-5591.1630454434
-5590.83621754392
-5590.83702377851
-5590.83702377851
-5590.83702377851
-5590.83702377851
-5590.89319996599
-5590.83702377851
-5590.83702377851
-5591.40178242529
-5591.27438737634
-5591.05273889625
-5592.28260307551
-5592.11168871873
-5590.91716442583
-5590.83702377851
-5591.04980655307
-5591.35610451048
-5590.90468064548
-5591.3768440415
-5592.23466076077
-5591.45632378477
-5590.86742395904
-5590.86443763833
-5590.83702377851
-5590.83702377851
-5590.93554136381
-5592.07688060896
-5590.97207493565
-5590.96044594247
-5590.9722462863
-5592.34759089384
-5590.95872054568
-5592.35576247808
-5592.33318864921
-5591.16179781833
-5591.02700338896
-5590.83702377851
-5592.23677430874
-5591.00005629937
-5590.90590251234
-5590.83702377851
-5591.13319251089
-5590.83702377851
-5591.14880496048
-5592.31225148925
-5592.14878560904
-5591.40102610814
-5590.83702377851
-5592.17578097495
-5591.34283761376
-5591.4546297127
-5591.2534614095
-5592.2519956468
-5591.41890221156
-5590.83702377851
-5592.07992269215
-5591.36856853023
-5592.27690564983
-5591.43618862237
-5592.26111920451
-5591.35224688016
-5592.14924708295
-5591.17272819604
-5590.83702377851
-5592.21023863154
-5590.98811092324
-5590.83702377851
-5591.42925178986
-5591.31881135352
-5592.30551728215
-5591.25066454301
-5592.13973092395
-5590.83702377851
-5592.26149863022
-5591.08179609565
-5590.83702377851
-5592.20606840262
-5590.83702377851
-5590.83702377851
-5591.38555574249
-5590.83702377851
-5590.83702377851
-5590.83702377851
-5590.89769360851
-5591.15874125356
-5591.00193350834
-5592.37884306439
-5590.86000655809
-5591.4408316929
-5591.33755891912
-5591.21315591219
-5590.91895224698
-5590.83702377851
-5590.84895452801
-5592.2138390536
-5590.83702377851
-5590.83702377851
-5591.45140958234
-5590.83702377851
-5590.96694893748
-5592.22808029861
-5592.33952696766
-5591.09897345784
-5592.27604176347
-5592.2257007675
-5590.87956820505
-5590.83702377851
-5591.12953817766
-5592.19555741488
-5590.88754377169
-5590.83702377851
-5590.86802203082
-5590.86217953318
-5592.26167501574
-5591.17461887654
-5590.83702377851
-5591.44734207365
-5592.18247431398
-5592.34321086306
-5591.03970083338
-5590.83514312436
-5590.83702377851
-5591.00202049076
-5590.83702377851
-5591.35600220776
-5591.36935014619
-5591.44274200935
-5591.45142760792
-5592.09221069196
-5590.83702377851
-5591.33215188578
-5591.39005244934
-5590.92896738421
-5591.09412484357
-5590.83702377851
-5590.88367815917
-5590.83702377851
-5590.94964680703
-5591.43946795083
-5591.20769504888
-5591.3367807406
-5592.39555496409
-5591.2611664264
-5591.41260656923
-5590.83702377851
-5592.34443375399
-5592.28976207473
-5592.26767002173
-5590.83702377851
-5591.29907162666
-5592.22967998664
-5592.22436008159
-5592.18394183256
-5591.08610740447
-5590.83702377851
-5590.98689921597
-5591.11652884301
-5590.83702377851
-5591.33992507305
-5591.33946929259
-5591.00287653473
-5591.38275083797
-5590.83702377851
-5590.83702377851
-5590.83702377851
-5590.83702377851
-5592.26666607112
-5591.32022176114
-5592.37475918708
-5591.3343563365
-5591.25912767468
-5590.83702377851
-5591.30519913936
-5591.32981141088
-5592.17089426509
-5590.83702377851
-5591.37968034354
-5591.27688770147
-5591.31764264788
-5591.34400213276
-5591.26019959443
-5591.4077053579
-5591.31288258659
-5591.27885453568
-5592.1906039985
-5592.20777474554
-5592.32366115249
-5591.28176523016
-5591.23834758104
-5591.33059442177
-5591.32365305355
-5591.05317741855
-5591.2702829413
-5592.15921263738
-5592.29015848821
-5591.38818887816
-5591.33229916972
-5591.37249019123
-5590.83702377851
-5591.3312715787
-5591.36142302941
-5591.3177382715
-5591.31234479693
-5591.31081206876
-5591.31938581293
-5590.83702377851
-5591.41868437482
-5591.29901164682
-5591.33574665739
-5592.17689316878
-5590.89025716043
-5592.26545856985
-5590.88814726489
-5592.28651932928
-5590.83702377851
-5591.41292181045
-5591.29082637558
-5591.24374864786
-5590.83702377851
-5591.34845713465
-5591.36159140062
-5592.2738493408
-5591.29858596735
-5591.37383413906
-5592.36003253255
-5591.24225199536
-5591.34082693021
-5591.37105967601
-5591.35162983934
-5591.21431843953
-5592.26914495619
-5591.31115774734
-5592.21115528457
-5591.33747592142
-5591.27324785121
-5591.33449948096
-5592.07127288082
-5591.40883027616
-5591.34323553696
-5591.4025371316
-5592.23996968966
-5592.20128095448
-5590.83702377851
-5591.3613011102
-5592.27845726511
-5590.93201353293
-5591.10608485742
-5590.83702377851
-5590.83702377851
-5590.83702377851
-5590.87804978795
-5590.9701497022
-5590.96275253014
-5591.14571835141
-5591.49920903477
-5592.21155057938
-5591.34530049814
-5590.83702377851
-5590.83702377851
-5590.83702377851
-5591.06375320325
-5592.3233019399
-5592.20444621891
-5590.81942559547
-5590.94105720834
-5590.92029051634
-5590.83702377851
-5591.10887961559
-5592.15895743822
-5592.35947152566
-5590.79876537583
-5591.10685234052
-5590.83702377851
-5591.12556696182
-5590.94188635421
-5590.94888233131
-5591.07895373205
-5590.92768259669
-5591.0479152368
-5592.30807277923
-5592.24496245729
-5591.04204183883
-5590.83702377851
-5590.8945562033
-5592.26528651692
-5592.24175519689
-5590.83702377851
-5591.43338477745
-5590.9844162809
-5592.08305382532
-5591.55190675174
-5592.20903166096
-5591.10324612077
-5592.24716889263
-5590.83702377851
-5590.82003072891
-5591.37798962711
-5590.83702377851
-5590.8949773543
-5591.4343999194
-5591.4410159535
-5592.20385725556
-5592.33709947834
-5590.83702377851
-5590.83702377851
-5590.83702377851
-5590.89378926379
-5590.83702377851
-5591.3267366385
-5591.37683921651
-5590.90648094735
-5591.41908176759
-5590.83702377851
-5591.30328709534
-5592.16139959042
-5590.93209680812
-5592.21512389931
-5591.00472302387
-5592.22878612274
-5592.29348621832
-5591.33187659104
-5590.98880584092
-5590.93020606475
-5591.28746708757
-5592.09623367547
-5591.34317004847
-5591.30945268562
-5592.39274106953
-5590.85249088569
-5590.83702377851
-5590.92645315443
-5590.83479895104
-5591.43133817705
-5590.83702377851
-5591.32537492493
-5592.15229979634
-5591.37769586575
-5590.83702377851
-5592.20554057692
-5591.44287272837
-5590.83702377851
-5590.83702377851
-5590.95770972625
-5590.83702377851
-5592.34290803702
-5591.00297592037
-5590.87266690851
-5591.10319579709
-5590.83702377851
-5591.35881722997
-5590.83702377851
-5591.38148388381
-5590.95321951756
-5591.45765481935
-5591.33188157119
-5590.83702377851
-5590.83702377851
-5592.30690740008
-5592.15619760519
-5591.46629058225
-5591.25153577863
-5591.3932846055
-5590.83702377851
-5590.97305877319
-5590.83702377851
-5590.83702377851
-5591.44185611483
-5591.28994724092
-5592.28462913719
-5591.32960057553
-5592.25992602159
-5591.46424115833
-5592.29726996865
-5590.9004589923
-5591.17674057143
-5591.50667866913
-5592.19408076073
-5590.91787305199
-5590.83702377851
-5591.39722354673
-5592.27977848034
-5591.16836297096
-5591.37735680095
-5590.83702377851
-5591.18917595887
-5591.00953940179
-5590.83702377851
-5590.96550737229
-5591.04567066065
-5590.8065301118
-5590.89448938839
-5590.9943963437
-5590.83702377851
-5592.24335246392
-5590.85205186467
-5590.8303272283
-5590.83702377851
-5590.95256146736
-5590.82059067614
-5591.08104511969
-5590.8320315751
-5590.93947770994
-5591.08555056563
-5591.05150941817
-5591.03694370004
-5590.99818031811
-5590.93542960387
-5591.01079697748
-5590.94098642496
-5590.83702377851
-5590.85466855439
-5590.80317047712
-5591.04696616681
-5590.77671640973
-5590.83702377851
-5591.02956694407
-5592.29503231196
-5590.81175500404
-5590.91149716448
-5591.03233322491
-5590.83702377851
-5591.03204919837
-5592.25815419317
-5590.90526635934
-5590.91862045933
-5590.88971092524
-5591.05684498285
-5591.07047167431
-5590.83702377851
-5590.90788737665
-5590.83702377851
-5590.79949838257
-5590.85641971172
-5590.86782322667
-5590.84532550858
-5590.83702377851
-5590.85363844965
-5591.01287407357
-5590.92753517482
-5592.18581827013
-5591.02232633106
-5590.99905861546
-5590.95219650761
-5590.83176348133
-5590.84046236119
-5590.97269373798
-5590.93488262996
-5592.18664876505
-5591.46618420204
-5592.22437246098
-5590.83702377851
-5590.94832723838
-5591.03481082722
-5590.83702377851
-5590.85594868489
-5590.95126725272
-5590.92076926971
-5590.96479788943
-5590.85757847148
-5590.83702377851
-5591.07696167358
-5591.05555113984
-5591.0063036784
-5591.05601978309
-5590.83702377851
-5590.83702377851
-5592.14959667169
-5590.80887729876
-5590.83702377851
-5590.83702377851
-5590.92274645112
-5590.89292188684
-5590.83702377851
-5591.52502032534
-5591.08325237892
-5590.85178409452
-5590.95072791359
-5590.96310215934
-5591.58720121425
-5590.83702377851
-5590.83702377851
-5591.02583567273
-5590.83702377851
-5590.95467625365
-5590.88722355394
-5591.04022522063
-5592.22799211618
-5591.04084747887
-5592.25780785704
-5590.83702377851
-5590.91348858213
-5590.84286884969
-5591.11059713877
-5590.90993727499
-5590.82752918062
-5592.24768813156
-5590.88991537522
-5590.83702377851
-5590.84479598231
-5590.93885437229
-5590.95734583891
-5590.87810571771
-5590.83702377851
-5590.89225997625
-5590.83702377851
-5590.98788627814
-5590.83702377851
-5591.07119104
-5590.9484434485
-5590.82619560139
-5590.83702377851
-5590.91845788119
-5592.19213622199
-5590.92324942097
-5591.02124950636
-5592.18351217611
-5591.03640485298
-5590.93315864647
-5590.84918794987
-5590.92445549879
-5591.05546756148
-5590.82928966652
-5591.02698762706
-5590.86709732306
-5590.96300548845
-5590.83172440759
-5590.91895254816
-5590.94695882983
-5590.8424582489
-5592.21492820772
-5590.87357753361
-5590.90851559933
-5590.90345170936
-5590.83702377851
-5590.83310329363
-5590.83702377851
-5590.83702377851
-5592.41803831445
-5590.89925898543
-5590.82723152893
-5592.1923332087
-5591.01705330384
-5590.79478402067
-5592.32099364556
-5590.99007235338
-5590.83702377851
-5590.92502768054
-5590.80709969719
-5590.83702377851
-5590.86850462293
-5590.87487342622
-5590.93486014333
-5592.30640058606
-5591.43862374648
-5590.83702377851
-5590.83702377851
-5590.89687188288
-5592.21589199427
-5590.97292285371
-5591.01756891959
-5590.92703271693
-5590.90606103094
-5591.02426642772
-5591.04124472016
-5590.96021538872
-5590.82921775213
-5590.99720095178
-5592.35117647222
-5590.87676364376
-5590.97681710063
-5590.83702377851
-5591.04016699291
-5590.89824350684
-5590.82607240477
-5590.86801927389
-5590.80734182537
-5590.80360885264
-5590.83702377851
-5590.99106049816
-5590.83702377851
-5590.97545249189
-5590.81462940745
-5590.96380111068
-5592.20324123479
-5590.83702377851
-5590.83702377851
-5590.82204460326
-5590.83702377851
-5591.0154238522
-5591.07530034848
-5592.19243251202
-5590.90371226478
-5590.90494611155
-5592.18200628187
-5592.36894347228
-5590.90223229482
-5591.0761997607
-5592.34670352742
-5591.39743882349
-5590.83702377851
-5590.99861814509
-5590.8621772037
-5590.98205468425
-5590.96140279436
-5590.79836611699
-5590.79492033504
-5590.90950218296
-5590.82859398132
-5590.83702377851
-5590.99452640138
-5590.81780258784
-5590.91109403328
-5590.90984380923
-5590.89796487901
-5592.32665456549
-5590.87716791805
-5591.07678590891
-5590.83702377851
-5591.00322290957
-5592.25399888555
-5591.46601005172
-5591.19739209586
-5590.83702377851
-5590.91075185686
-5590.82579235739
-5590.86377638222
-5591.00754397748
-5590.93589806566
-5590.99087608419
-5590.83702377851
-5590.83329695231
-5592.24591924531
-5590.95415502617
-5591.14054670647
-5590.83702377851
-5590.83702377851
-5592.31239027938
-5590.83702377851
-5591.43751805596
-5590.9309163967
-5592.31039020437
-5591.14778816208
-5590.89462703204
-5590.83702377851
-5590.83097132563
-5590.83702377851
-5590.85692845111
-5590.87403146676
-5590.9567424483
-5592.21083437836
-5590.83702377851
-5590.89477842226
-5592.25772373482
-5590.83702377851
-5590.90134044769
-5590.94257131792
-5590.85451345489
-5590.85191496155
-5591.11521924818
-5590.83702377851
-5591.42905419375
-5590.87199125309
-5591.03823681018
-5592.26232904728
-5592.41911525804
-5590.93374758324
-5591.03160710275
-5592.29158131388
-5590.86171135947
-5591.48214689382
-5591.00111540774
-5591.03285557506
-5591.01043231088
-5590.87756919587
-5590.99074625285
-5590.98664675537
-5590.8653680322
-5590.93531125164
-5591.35823501337
-5590.96998079225
-5591.19123250288
-5591.10057073156
-5591.05450040075
-5590.83702377851
-5592.1713562584
-5591.28427680404
-5590.83702377851
-5590.95069595168
-5590.85224989842
-5590.95114603643
-5592.31023114366
-5591.44050707178
-5592.10878827892
-5592.33549115241
-5590.83702377851
-5590.83702377851
-5592.29727261548
-5591.42850493826
-5590.91310627523
-5592.28202666668
-5592.49189969554
-5591.39241069345
-5591.3129267068
-5590.83702377851
-5591.41589818342
-5590.83702377851
-5592.27647596134
-5590.87820306172
-5591.09002593534
-5591.43978769339
-5590.86147222741
-5590.83702377851
-5590.87771637826
-5590.83702377851
-5590.83702377851
-5590.83702377851
-5591.41819422188
-5592.31002362406
-5591.40209438406
-5591.10578963746
-5590.83702377851
-5592.20899579033
-5591.45114425754
-5592.24321116146
-5592.26705973233
-5590.83702377851
-5591.0295536457
-5592.24645467149
-5590.92104440802
-5591.05858620303
-5592.27940812115
-5590.83702377851
-5590.93893397038
-5591.36239151866
-5591.3086550718
-5590.83702377851
-5590.83702377851
-5591.34345315112
-5590.83702377851
-5592.09826069817
-5591.27420584902
-5591.21516012546
-5591.30543643022
-5592.11252918807
-5591.27612129475
-5591.29085076704
-5592.19421017516
-5591.2555850872
-5591.34235254825
-5591.32072657747
-5591.2407550346
-5591.29976568739
-5591.29756108581
-5591.27517313565
-5591.09542477581
-5592.31693549934
-5591.05349339072
-5591.10170029887
-5590.83702377851
-5590.84790501762
-5590.83702377851
-5592.20019397704
-5590.83702377851
-5592.17511633206
-5590.86549570259
-5591.39604089017
-5591.0628113998
-5590.83702377851
-5592.16852834521
-5591.34082136359
-5590.83702377851
-5590.83702377851
-5590.83702377851
-5591.26864428521
-5590.83702377851
-5591.3852039653
-5591.30266756331
-5591.33750980215
-5591.3413295922
-5591.23713646969
-5591.33345559879
-5592.21069524401
-5591.34148005783
-5591.45442193228
-5592.15961351964
-5592.18729205608
-5590.96792341967
-5590.83702377851
-5591.06646464946
-5590.83702377851
-5591.31737458639
-5590.83702377851
-5590.83702377851
-5590.88231758017
-5590.83702377851
-5592.20574775434
-5590.9504621953
-5591.03154559743
-5590.83702377851
-5590.89606186451
-5590.87013208225
-5592.22895863666
-5590.88725519245
-5590.83702377851
-5591.43018549591
-5591.40079536755
-5590.98300410659
-5592.33922575142
-5592.35763276046
-5590.83702377851
-5591.45656460926
-5590.83702377851
-5590.83702377851
-5591.0838422534
-5590.83702377851
-5590.83702377851
-5592.28932090938
-5592.30905590051
-5591.01232445592
-5590.93683094339
-5592.13857684208
-5591.03846355077
-5591.01085259616
-5590.88566956921
-5590.86389575259
-5591.05166881782
-5592.36001942887
-5590.83702377851
-5591.3282530996
-5590.83702377851
-5592.30690232956
-5590.86556533946
-5591.07081523827
-5590.84507429962
-5590.83702377851
-5591.4002881056
-5590.83702377851
-5590.83702377851
-5590.91998079941
-5590.83702377851
-5592.27735230301
-5591.45557445732
-5591.04419129657
-5590.83702377851
-5591.01352461228
-5590.83702377851
-5591.3400114694
-5592.18312386181
-5591.40249039272
-5592.16485397112
-5590.83702377851
-5590.83702377851
-5591.10829707795
-5590.99293902387
-5590.92519428707
-5590.83702377851
-5590.98240009159
-5590.83702377851
-5590.83702377851
-5590.84619297341
-5591.38242282613
-5591.14060652409
-5590.8644190262
-5590.86889797465
-5590.94480040213
-5590.81840108426
-5592.1812765719
-5591.36441607047
-5591.40705372615
-5592.19185894784
-5592.14292569544
-5590.83702377851
-5592.20972385264
-5590.83702377851
-5591.30482820721
-5590.83702377851
-5590.83702377851
-5590.83702377851
-5590.95513232792
-5592.1267456037
-5591.02863456812
-5590.83702377851
-5591.37035252369
-5591.37745579231
-5592.12070125892
-5592.30489026608
-5591.33099020199
-5591.3038714175
-5591.35791542781
-5591.39049390508
-5592.16396740459
-5591.35412975462
-5590.83702377851
-5591.3992692761
-5590.91501677441
-5591.00052601328
-5591.40241242286
-5592.23203940236
-5591.31578962492
-5591.37197630322
-5592.24654456438
-5591.42500743125
-5591.29473142509
-5591.31603077186
-5591.34364725244
-5591.35990133294
-5591.34959812938
-5592.18112419003
-5592.22869647156
-5590.83702377851
-5591.27630664387
-5591.29825455628
-5592.25061942061
-5591.43409876253
-5590.83702377851
-5591.37190633585
-5591.29978289371
-5591.36190014738
-5592.32384241765
-5592.19001368522
-5590.83702377851
-5592.21167401507
-5592.24334721152
-5591.28934351392
-5591.37779927121
-5591.36990740524
-5592.20176813571
-5591.39062764687
-5591.26753887847
-5591.29471818072
-5590.83702377851
-5592.23679761605
-5592.17878302337
-5591.47406395761
-5592.4432727793
-5590.83702377851
-5592.46139553283
-5591.48770757042
-5591.35327413005
-5592.38059729826
-5591.40944899396
-5591.1061618768
-5592.29358376305
-5592.30841711264
-5592.28959129314
-5592.21151952166
-5591.39238882786
-5591.30017366826
-5591.29611654453
-5591.36511578939
-5592.13077517695
-5590.92893640224
-5592.24757283769
-5590.83702377851
-5591.09603565223
-5590.83702377851
-5590.88774831632
-5592.40713454949
-5591.44105395897
-5590.83702377851
-5592.2507720147
-5591.36146752359
-5590.96754143552
-5591.38840436026
-5592.25358984717
-5590.83702377851
-5592.33737118272
-5592.22492848705
-5591.38420475965
-5592.36753662155
-5591.31482869661
-5591.39325524021
-5591.0476047388
-5590.93608094884
-5591.0593670796
-5590.83702377851
-5590.83702377851
-5590.85082879092
-5590.83702377851
-5592.27773851421
-5592.34958416059
-5591.0622482726
-5591.38508841738
-5590.95209118287
-5591.3866431074
-5590.83702377851
-5592.36562661193
-5590.87668023684
-5591.16422118185
-5590.90876614645
-5592.07108221081
-5590.83702377851
-5592.15841770108
-5590.88959865815
-5591.13791338398
-5591.14629630588
-5590.83702377851
-5592.23562395741
-5590.9381307877
-5591.00145950296
-5591.36869564815
-5591.02304595977
-5590.94056364044
-5592.32284967872
-5590.86795572555
-5590.86749736703
-5590.8308555746
-5591.377259906
-5590.8805100456
-5590.94498321561
-5590.89676738802
-5591.06910123555
-5590.83702377851
-5590.83207215132
-5592.17590361968
-5592.25213236248
-5591.49120586971
-5590.83975477594
-5590.83702377851
-5591.04613076263
-5591.08322770788
-5591.04098286908
-5592.11479762163
-5590.80242504991
-5590.83702377851
-5590.85954288536
-5590.82696440535
-5590.83702377851
-5591.4443541586
-5592.23427893589
-5590.83702377851
-5591.08193670201
-5590.83702377851
-5590.83702377851
-5590.96767902953
-5590.83702377851
-5590.86632964256
-5590.86197970983
-5590.91740776818
-5592.39434638868
-5590.83702377851
-5590.83700872372
-5592.21764634928
-5592.33161937535
-5590.93200896831
-5592.00955009527
-5591.07060295633
-5592.30420083762
-5590.83702377851
-5591.35398065946
-5592.2842053621
-5590.83702377851
-5591.37219636022
-5590.83702377851
-5591.46658234923
-5590.83702377851
-5592.17383315753
-5591.31724597712
-5591.42339433968
-5592.23986449147
-5591.39389805742
-5591.32394459603
-5590.83702377851
-5590.86023972923
-5592.31849084667
-5591.12279951196
-5591.41439404613
-5590.93605559751
-5590.83702377851
-5592.28904456588
