# type 5 occupying energies
-5570.0709455438
-5568.83311927111
-5570.0709455438
-5570.0709455438
-5568.49485097916
-5570.0709455438
-5568.90851019957
-5568.63025369507
-5568.55046499141
-5568.85113703024
-5568.56012787372
-5568.63587055832
-5568.78389898764
-5570.0709455438
-5570.0709455438
-5568.65083180229
-5568.52515774941
-5568.43415741661
-5568.49045745827
-5570.0709455438
-5568.6649205331
-5570.0709455438
-5568.53077823602
-5568.81733940021
-5568.55919161434
-5568.84143916051
-5568.55812291581
-5568.54818983235
-5569.1407356917
-5569.16584523473
-5570.0709455438
-5568.72724480397
-5568.63522029308
-5568.86280193014
-5568.7548464109
-5570.07424768193
-5568.67764912546
-5568.77340055032
-5570.0709455438
-5569.26141637066
-5568.71445465435
-5568.65027386321
-5569.23934065849
-5570.0709455438
-5568.65441462234
-5569.25807976587
-5568.68161794495
-5568.56771367867
-5569.09966315917
-5569.18449918871
-5568.66681501579
-5568.79032402214
-5568.53868309668
-5570.07424768193
-5568.65663464235
-5569.24211414605
-5568.64219927819
-5569.14646322303
-5569.19024957375
-5568.55492795501
-5569.15075721766
-5568.52089376787
-5570.0709455438
-5568.59352600896
-5568.70728956877
-5569.28403817222
-5568.76193591077
-5569.1995224176
-5568.47295645327
-5568.95923861353
-5568.92981287731
-5570.07424768193
-5569.1455298264
-5568.45369202445
-5570.07424768193
-5570.0709455438
-5570.0709455438
-5569.04424654528
-5569.10043555738
-5570.0709455438
-5568.49048870305
-5568.41549602137
-5569.22670507424
-5570.0709455438
-5568.45846510147
-5570.0709455438
-5568.8477530341
-5568.76135314892
-5568.6645696805
-5568.81038720748
-5568.76394290822
-5568.61682433815
-5570.07424768193
-5568.62164127406
-5570.0709455438
-5570.0709455438
-5569.275752231
-5568.88604589858
-5568.53577530862
-5570.0709455438
-5569.33725937013
-5568.84385423497
-5568.68336097575
-5568.57235873792
-5568.58587799405
-5569.09046772725
-5569.12529587426
-5568.45916864149
-5568.5814453032
-5568.58893920191
-5569.20502990725
-5568.67621436573
-5568.54088707085
-5568.80831732017
-5568.7355060719
-5568.74447354171
-5568.5574768459
-5568.87067651794
-5570.0709455438
-5569.09656436107
-5568.51352002575
-5570.0709455438
-5568.86069549415
-5568.43125794352
-5568.58334369951
-5570.0709455438
-5570.0709455438
-5569.02184295121
-5570.0709455438
-5568.48326545837
-5570.0709455438
-5568.58975535037
-5570.0709455438
-5570.0709455438
-5570.0709455438
-5568.62258609637
-5568.90073234814
-5568.51618646618
-5568.89771718162
-5568.98943276584
-5568.40176779623
-5569.17376561898
-5569.14277586785
-5569.1396961173
-5568.56692720538
-5568.523388301
-5569.10884797205
-5568.54907342571
-5569.1816059284
-5569.09343646443
-5568.46674550872
-5570.0709455438
-5569.11872359095
-5568.42557950746
-5570.0709455438
-5568.57052709443
-5570.0709455438
-5568.60728551071
-5568.99112533615
-5568.88602142442
-5569.18301664203
-5570.0709455438
-5568.57494902471
-5568.59140219245
-5570.0709455438
-5570.0709455438
-5569.09838822853
-5570.0709455438
-5568.50173403511
-5569.25389353891
-5568.84315403171
-5568.77848925877
-5568.61778727135
-5568.87045164316
-5568.86680747214
-5568.59020057072
-5568.54857133038
-5568.47894630358
-5569.30827562149
-5568.86419284025
-5568.58035501635
-5570.0709455438
-5570.0709455438
-5568.72659274623
-5568.56632315685
-5568.50178979626
-5568.52437694752
-5569.26650735848
-5568.81151562904
-5570.0709455438
-5568.88518692309
-5570.0709455438
-5568.79301042234
-5568.4455138503
-5568.81453282663
-5568.51091075282
-5570.0709455438
-5569.19787401165
-5568.79568603253
-5568.49581845822
-5568.43984376929
-5570.0709455438
-5569.13882081021
-5568.61218142966
-5568.84093798177
-5568.48279515943
-5568.5392433977
-5569.10861603821
-5568.62015489528
-5568.80323896568
-5569.24870444386
-5569.16015531292
-5569.14513833305
-5569.06530633943
-5568.63844886125
-5570.0709455438
-5568.58243504208
-5569.21824004958
-5569.21825381911
-5568.60277833086
-5569.19828764292
-5569.13980483071
-5570.07424768193
-5569.12901441655
-5569.13523638824
-5568.84379193519
-5570.07424768193
-5568.48077321015
-5568.6067663122
-5570.0709455438
-5568.68012510072
-5568.64994423655
-5570.0709455438
-5569.08848193479
-5568.50370806339
-5568.77987801942
-5568.56075544936
-5568.64205729562
-5569.18755284766
-5570.0709455438
-5569.22447512105
-5568.59236457545
-5568.51569841227
-5570.0709455438
-5568.82960909885
-5568.66635018596
-5568.79143230768
-5568.79039373028
-5568.51695570494
-5568.78776120842
-5569.15615144262
-5569.19628340738
-5568.49767902887
-5568.89475593404
-5568.59340997188
-5568.61957067563
-5568.66168109906
-5568.82140182019
-5569.23590231321
-5568.52955814288
-5568.80610395051
-5568.52965450711
-5570.0709455438
-5568.67389189448
-5568.6161401025
-5568.92501139014
-5568.64938679625
-5568.66456891913
-5568.6955512503
-5568.8647969334
-5570.0709455438
-5568.96556291515
-5568.67439033027
-5569.18001951772
-5568.9925799179
-5568.66892781681
-5568.59570582186
-5568.64467560339
-5568.73831071648
-5570.0709455438
-5568.95017321314
-5569.14452459898
-5569.1041585684
-5568.59690780475
-5569.06871911146
-5569.07639074321
-5569.12738150997
-5570.0709455438
-5569.29482587256
-5569.17519905561
-5569.16816632865
-5568.55061982771
-5569.24038065039
-5568.53340234207
-5568.50980137914
-5568.62781423951
-5569.13433391552
-5570.0709455438
-5570.0709455438
-5568.50158690722
-5568.76647862588
-5568.84403720874
-5570.0709455438
-5568.66558711125
-5570.0709455438
-5570.0709455438
-5570.0709455438
-5568.92474775902
-5568.56350615163
-5568.43069694712
-5570.0709455438
-5570.0709455438
-5568.53954352575
-5568.60926085445
-5568.56408887026
-5568.8189988836
-5569.10322514655
-5568.52919347417
-5569.19370381374
-5568.802670259
-5568.50631210805
-5568.48000553149
-5568.86439717152
-5568.52001009952
-5570.07424768193
-5568.46013502792
-5568.67422024936
-5568.66701126077
-5568.6027629921
-5568.71961378663
-5568.9145815541
-5568.49644307337
-5568.57498093372
-5570.0709455438
-5568.85456480511
-5570.0709455438
-5570.07424768193
-5570.07424768193
-5568.80917831009
-5568.49221075923
-5568.82638908347
-5568.8063259929
-5568.83018042303
-5568.71626422858
-5569.13143749887
-5570.0709455438
-5570.07424768193
-5568.59792715227
-5568.62031936738
-5569.32773266495
-5569.17058735018
-5568.65713605751
-5569.16635717673
-5569.07106876975
-5568.635935708
-5570.0709455438
-5568.48894912473
-5568.49937072049
-5568.95793714303
-5569.16280732866
-5568.70748731013
-5568.56712791733
-5569.11613153617
-5569.15404530158
-5570.0709455438
-5570.0709455438
-5569.31239224924
-5568.84017002242
-5570.0709455438
-5568.83101099079
-5569.20315203895
-5569.06613900732
-5569.05630707229
-5570.0709455438
-5568.55428069172
-5568.69767195598
-5570.0709455438
-5570.0709455438
-5570.07424768193
-5568.5472026383
-5569.19098882245
-5568.84130529209
-5568.92512274408
-5570.0709455438
-5569.19940963201
-5568.72304932222
-5568.63790270561
-5570.0709455438
-5568.55726187317
-5568.83470641576
-5568.5899440591
-5568.83735877312
-5570.0709455438
-5568.73273873763
-5569.24257823542
-5569.17617089714
-5568.51582010523
-5568.81744812582
-5568.4340957914
-5568.57227462979
-5569.21399533706
-5568.86079715036
-5568.847097682
-5568.69173935804
-5569.36508877069
-5568.63384333386
-5570.0709455438
-5569.17606656149
-5569.13578388804
-5570.0709455438
-5570.07424768193
-5568.86177373045
-5568.73613020508
-5568.624154557
-5568.60148635993
-5568.60878026292
-5568.94255339894
-5568.51266433868
-5568.73920768069
-5568.84993117209
-5568.64102227778
-5568.55940856961
-5569.30170184538
-5568.59803989554
-5568.5682906748
-5568.78762106059
-5568.58727505694
-5568.55566121517
-5568.61019292761
-5569.20345285158
-5569.13897573524
-5568.65685572233
-5570.0709455438
-5570.0709455438
-5568.88974472315
-5568.46170607164
-5569.17005988095
-5568.5689843948
-5569.26257090237
-5570.0709455438
-5570.0709455438
-5570.0709455438
-5568.85156980645
-5568.44705915618
-5569.08673206322
-5568.83914895073
-5568.88524623262
-5568.83592647005
-5570.0709455438
-5570.0709455438
-5569.07740815664
-5568.43918781748
-5568.53302865925
-5569.04014716489
-5568.94673751498
-5570.0709455438
-5570.0709455438
-5568.50819070425
-5568.83963025653
-5570.0709455438
-5569.04513695614
-5570.0709455438
-5569.12093319733
-5569.17101040318
-5568.5729569859
-5568.51170908866
-5568.6314661061
-5569.03537402827
-5569.20903744037
-5568.54754873683
-5570.0709455438
-5569.12271076247
-5568.43768674042
-5570.0709455438
-5569.17931403377
-5568.96463615932
-5570.0709455438
-5570.0709455438
-5570.0709455438
-5570.0709455438
-5569.19709854648
-5568.56322553813
-5570.0709455438
-5569.31523564487
-5570.0709455438
-5569.17348444815
-5568.86795531658
-5568.85561268412
-5568.92683005334
-5568.58241020522
-5568.64987384149
-5568.58713385913
-5570.0709455438
-5568.53680282867
-5568.58338501317
-5568.8485170084
-5569.18341796561
-5568.53383978381
-5568.48787605671
-5568.5156499958
-5568.66841472753
-5568.47735294641
-5568.52888044239
-5568.44849379342
-5568.86996949523
-5568.75166944181
-5568.83637676237
-5570.0709455438
-5570.0709455438
-5568.53942754108
-5569.09803515645
-5570.07424768193
-5568.894252557
-5570.07424768193
-5568.41020070447
-5570.0709455438
-5569.15934200844
-5570.0709455438
-5568.84762892791
-5569.18315536434
-5568.8577287824
-5570.0709455438
-5570.0709455438
-5568.83033935359
-5569.07998612124
-5568.90017215091
-5570.0709455438
-5570.0709455438
-5568.48905015673
-5569.11256730667
-5569.11875489425
-5569.10426994352
-5569.23474278207
-5568.55825641014
-5569.2149348365
-5568.61384139229
-5570.0709455438
-5568.63421371296
-5569.07744681892
-5568.76957473916
-5568.56108170286
-5568.61016618546
-5568.62277285188
-5568.66973345042
-5568.60687192259
-5568.65987675213
-5569.36390996803
-5568.56816777522
-5568.76604624302
-5569.18310779864
-5568.93025281178
-5570.0709455438
-5568.89201160584
-5569.2460782087
-5568.80802450387
-5568.64512310305
-5568.64714179259
-5568.62040547188
-5568.58606306658
-5568.76858355939
-5568.91166571838
-5568.54615161676
-5568.69865737153
-5570.0709455438
-5570.0709455438
-5569.11734930649
-5568.51757382756
-5569.23956624483
-5569.15494522002
-5570.0709455438
-5569.22577890373
-5569.22297868823
-5568.94099640912
-5569.2632544247
-5568.95489406331
-5568.7207248384
-5568.79246708786
-5569.25701795095
-5568.63386524091
-5568.79988658153
-5568.49089589791
-5568.63118882463
-5568.88880776042
-5569.11975644243
-5568.86776371187
-5570.0709455438
-5568.55225743448
-5568.5479994143
-5568.69690063423
-5568.50174195262
-5568.5745519484
-5570.0709455438
-5568.99165766702
-5568.61901952834
-5568.81837891411
-5569.28966878171
-5569.24490809519
-5568.89535484807
-5568.63396111232
-5568.76895523872
-5568.83001864927
-5568.67265719115
-5568.92812872209
-5570.0709455438
-5568.66048518404
-5569.24169402972
-5568.93221828241
-5568.59862930147
-5568.59382849608
-5568.71616084867
-5568.7559051317
-5568.85294878912
-5569.18527786244
-5568.58171668481
-5568.51039360689
-5568.41656048493
-5568.79442834072
-5569.26171559097
-5570.0709455438
-5568.63184114444
-5568.63767524344
-5568.81141182688
-5568.7579454147
-5569.13758525603
-5569.12120907356
-5568.68122705422
-5568.82988495957
-5568.88416754959
-5568.56859946194
-5569.18316413054
-5569.1427018854
-5570.0709455438
-5570.0709455438
-5568.62958305381
-5568.55248797341
-5569.23745763804
-5568.8715869087
-5569.15686142298
-5568.59726090741
-5570.0709455438
-5568.85463700278
-5568.48123793521
-5570.0709455438
-5568.87798284063
-5568.66873897182
-5568.60174311078
-5569.25057391629
-5568.59277967353
-5570.0709455438
-5568.66050135996
-5568.91017021796
-5568.85294636765
-5570.0709455438
-5569.16939349177
-5568.66029591616
-5568.88572799846
-5568.93541279257
-5569.1541778977
-5568.68992210111
-5568.79655150018
-5568.68895686532
-5568.5661654501
-5568.57692405703
-5568.54313989639
-5568.99239747954
-5570.0709455438
-5568.61734961256
-5568.86782023566
-5569.31064402273
-5569.14573196363
-5568.5287565523
-5569.15082459016
-5568.6401734513
-5568.68195024348
-5568.86225160226
-5568.68292463212
-5568.62225173257
-5569.29334491553
-5568.66624070665
-5568.66625894913
-5570.0709455438
-5568.94133136098
-5570.0709455438
-5569.17341722364
-5568.63251117029
-5568.83509988402
-5568.48848732393
-5568.73929072063
-5568.55118136227
-5568.36920183627
-5568.83290615666
-5570.0709455438
-5568.49306753372
-5568.65013678063
-5570.0709455438
-5570.0709455438
-5569.13741627076
-5568.4669946401
-5568.63413023871
-5568.86348249301
-5570.0709455438
-5569.2117804161
-5568.80517513623
-5568.53891506802
-5568.79535680794
-5570.0709455438
-5569.16726962864
-5568.85596252884
-5568.77703700096
-5568.81314803847
-5568.62952384
-5570.0709455438
-5568.84631768169
-5568.45207381425
-5568.80262023222
-5568.84001635243
-5568.56163730513
-5568.4486964885
-5570.0709455438
-5568.56466625134
-5568.76724403792
-5568.79468250455
-5568.58558171471
-5568.52733387949
-5568.65107276931
-5569.31084672537
-5568.75980234083
-5568.90209060816
-5568.66430452871
-5568.9131076227
-5568.56568276386
-5568.60523575276
-5570.0709455438
-5568.83445614018
-5568.6206245321
-5568.68680387385
-5568.58129487343
-5568.79103828492
-5568.87782663225
-5568.72294330562
-5568.57046240122
-5570.0709455438
-5569.25150869884
-5570.0709455438
-5569.09335972432
-5568.52291117062
-5569.14361720249
-5569.19834555888
-5568.80991741281
-5568.7981585483
-5568.46274680172
-5568.82211207214
-5568.60042953748
-5568.75068062181
-5568.58041331239
-5570.0709455438
-5568.64263269925
-5568.95665823348
-5568.94276272452
-5570.0709455438
-5568.63880971559
-5568.6968260812
-5568.76868379023
-5569.30936111974
-5568.58864948013
-5570.0709455438
-5568.62814030251
-5568.86674780421
-5570.0709455438
-5568.52184700799
-5569.25641349093
-5570.0709455438
-5568.65358816956
-5568.66567508316
-5568.60663646984
-5568.54007971891
-5570.0709455438
-5568.55662715918
-5568.79256938765
-5568.57368313031
-5570.0709455438
-5568.66474679352
-5568.68809862538
-5569.20813573714
-5568.71367037995
-5568.82208596665
-5568.63198518818
-5570.0709455438
-5568.57951992706
-5569.20778714169
-5568.81044661629
-5568.92984294533
-5568.74211478675
-5568.94342037785
-5568.67097934261
-5568.65134316129
-5568.83825905146
-5568.63100182504
-5568.90559304282
-5568.50286441618
-5568.63540556907
-5568.76133717123
-5568.62415046972
-5568.75479603025
-5568.60359416182
-5568.82315876892
-5568.59719420853
-5570.0709455438
-5568.51079913173
-5568.85867681933
-5568.92948609834
-5569.19529848706
-5569.3082917294
-5569.2516509018
-5568.62313290396
-5568.7814326456
-5570.0709455438
-5568.57049617137
-5568.70303562262
-5570.0709455438
-5569.12865188363
-5569.25389711596
-5569.21403089778
-5568.61458961347
-5570.0709455438
-5568.92085445147
-5570.0709455438
-5568.61921531216
-5568.59455999421
-5568.79470076726
-5568.92929176759
-5568.90012557051
-5570.0709455438
-5568.60318866441
-5568.59353398842
-5568.86715645134
-5569.18717245025
-5568.70172976682
-5569.06448646389
-5569.28646364081
-5570.0709455438
-5570.0709455438
-5568.53039311995
-5568.53228576054
-5568.49946128081
-5568.81819461897
-5569.15650299421
-5570.0709455438
-5568.84007467571
-5568.57146682134
-5570.0709455438
-5568.59833430356
-5570.0709455438
-5568.48885220056
-5568.56824081591
-5568.60827480272
-5568.56071874044
-5568.62044444489
-5570.0709455438
-5568.87970083219
-5568.78204155693
-5570.0709455438
-5570.0709455438
-5569.14368336436
-5568.54640048477
-5568.57230097016
-5570.0709455438
-5568.56841486151
-5568.55910841013
-5568.83254706269
-5569.30247327105
-5568.55099136707
-5570.0709455438
-5568.52356961274
-5568.58931932247
-5568.78445347356
-5569.24643469187
-5570.0709455438
-5568.8310031412
-5568.58247196236
-5568.62679809031
-5568.51146721169
-5568.85607351256
-5568.86561638771
-5568.49701070315
-5569.15678002797
-5570.0709455438
-5569.2216817968
-5568.45392230618
-5569.25972123301
-5568.90572562916
-5569.22358504894
-5568.79885337524
-5570.0709455438
-5570.07424768193
-5568.49357089587
-5568.52653186923
-5570.0709455438
-5568.51883811428
-5568.93799363148
-5568.78077972552
-5568.82442062666
-5568.90242952474
-5569.26961122744
-5568.59792764999
-5568.63503563948
-5569.19044979473
-5568.63362519078
-5569.22890481702
-5568.75353059825
-5568.63200747268
-5568.71481146057
-5568.92501365444
-5569.27609619124
-5570.07424768193
-5568.58813856799
-5568.7326478451
-5568.49592097341
-5569.18545105764
-5569.14940634587
-5570.0709455438
-5568.83400165299
-5568.60649037292
-5569.19081084853
-5570.0709455438
-5569.25314139461
-5568.68956826103
-5568.95328953954
-5568.8097821132
-5568.59295661006
-5568.6497897327
-5568.70592218694
-5568.78482661201
-5568.54062251056
-5568.69943371659
-5568.97647554638
-5570.0709455438
-5569.16754175277
-5569.07009604885
-5569.05914447165
-5569.22076839098
-5568.73805172678
-5570.0709455438
-5568.59612456548
-5568.90267689911
-5568.6861828988
-5568.92929086543
-5568.49399261496
-5568.81413434044
-5568.52325746858
-5570.0709455438
-5569.10318855044
-5570.0709455438
-5568.84603615551
-5570.0709455438
-5569.27264559722
-5568.71636309686
-5569.13146236855
-5569.19955393169
-5568.54778673596
-5569.18754668014
-5570.0709455438
-5568.50171692935
-5570.0709455438
-5568.55181819535
-5569.22950015649
-5570.0709455438
-5568.86791869153
-5568.56636411394
-5570.0709455438
-5568.74698197259
-5568.55440177416
-5568.71205101361
-5569.18605617996
-5568.4846702454
-5570.0709455438
-5569.17997811008
-5568.58320770821
-5568.84507720498
-5570.0709455438
-5568.36994680071
-5570.0709455438
-5568.41502286195
-5568.84518646784
-5568.46557480299
-5568.85257311796
-5568.83052186368
-5569.22948958743
-5568.8305751562
-5568.58108314971
-5568.60198684841
-5568.74613998046
-5568.83039793724
-5570.0709455438
-5570.0709455438
-5568.62245454016
-5570.0709455438
-5568.58676054314
-5568.83147489997
-5568.68552065675
-5568.85587480978
-5568.71891291757
-5568.5682064971
-5568.79208278768
-5569.16659458291
-5568.58723175721
-5568.56531215968
-5568.65121179312
-5568.6206917357
-5568.5502075185
-5570.0709455438
-5568.46311909994
-5570.0709455438
-5569.11514647053
-5568.79871890529
-5568.51567455701
-5570.0709455438
-5568.54775641936
-5568.81411529995
-5568.56715472778
-5569.18783905524
-5570.0709455438
-5568.50482378361
-5570.0709455438
-5569.12668036316
-5568.85057197842
-5568.57868383215
-5569.21674680901
-5569.09756870241
-5568.81981279231
-5569.23285743095
-5568.84428835186
-5570.0709455438
-5568.55112048159
-5568.44179897138
-5568.84027006851
-5570.0709455438
-5568.6171691181
-5570.0709455438
-5568.63848849458
-5568.69496043435
-5569.24860052557
-5568.88865340945
-5570.0709455438
-5568.40332498647
-5568.60041746638
-5570.0709455438
-5569.02124185263
-5570.0709455438
-5570.0709455438
-5568.47082785504
-5569.1902343328
-5568.60508900374
-5568.9741820759
-5569.04411700601
-5569.12505875055
-5568.52218547911
-5568.89355453651
-5568.88038512421
-5570.0709455438
-5568.62594388891
-5568.5352637462
-5569.10163587601
-5568.70645669456
-5570.0709455438
-5568.48810399786
-5568.54051871094
-5568.63768102329
-5568.91010002547
-5568.7527737259
-5569.31560156381
-5570.0709455438
-5570.0709455438
-5568.39520329945
-5569.11659559433
-5568.43790808658
-5569.1037536628
-5569.09109169161
-5568.77914672789
-5568.58900700025
-5570.0709455438
-5570.0709455438
-5570.0709455438
-5568.43749125321
-5570.0709455438
-5569.08546405327
-5569.13452752587
-5569.00845038752
-5568.57434576853
-5569.19034291164
-5570.0709455438
-5570.0709455438
-5568.61438659424
-5569.1065870983
-5570.0709455438
-5568.63454992568
-5568.92356271221
-5568.51729252415
-5569.20103774868
-5570.0709455438
-5570.0709455438
-5568.50137002033
-5568.40742121609
-5568.58637867197
-5569.0545686556
-5568.81697345461
-5568.69879794877
-5568.86769287645
-5568.75744952385
-5568.57064669598
-5568.88951098319
-5568.44351614899
-5569.15089558839
-5570.0709455438
-5568.44085405013
-5568.2905633685
-5568.49348059155
-5570.0709455438
-5570.0709455438
-5570.0709455438
-5570.0709455438
-5568.56911655217
-5570.0709455438
-5570.0709455438
-5568.56528936462
-5569.35061736327
-5569.2131708785
-5568.78242359964
-5568.82776330532
-5568.86723911177
-5568.52687540237
-5568.53999288981
-5568.44558754622
-5568.5661307866
-5569.23835080829
-5569.19823495626
-5568.78453064661
-5570.0709455438
-5568.96001237279
-5568.68713235655
-5568.82909649855
-5568.90275907967
-5568.53094142449
-5568.83094920613
-5568.81501128454
-5568.79882831942
-5568.45455667537
-5568.77895879928
-5569.18263940634
-5568.50663208084
-5568.66570771746
-5570.0709455438
-5568.57794913575
-5568.92387596353
-5568.61113845153
-5568.86297707239
-5568.59399448641
-5569.32446998289
-5568.51663057671
-5568.53802533361
-5570.0709455438
-5568.85013688694
-5569.11653932564
-5569.12026781991
-5569.17041660171
-5568.78589934895
-5568.62752987249
-5568.86437776405
-5568.53094115901
-5568.43656676414
-5568.56747631926
-5570.0709455438
-5568.52970301191
-5568.41557324393
-5569.23281457838
-5568.95335604923
-5568.45055914467
-5568.86362369291
-5568.5258625891
-5568.85880691465
-5570.0709455438
-5568.681773474
-5568.61537453525
-5570.0709455438
-5568.78817886519
-5568.84523565871
-5569.14627759697
-5570.0709455438
-5569.12620724971
-5570.0709455438
-5568.5778394889
-5568.85593105168
-5568.53657253234
-5570.0709455438
-5568.56691861869
-5568.53401245971
-5568.8150317582
-5568.44416263833
-5568.74458212707
-5568.65409569395
-5569.16184288691
-5570.07424768193
-5569.19046570085
-5569.07109794084
-5568.52303818179
-5569.11991658849
-5570.0709455438
-5568.47996564453
-5568.44358428689
-5568.81838193081
-5570.0709455438
-5568.81982704106
-5569.00903612043
-5570.0709455438
-5568.91547349784
-5568.5470546462
-5570.07424768193
-5568.52106767454
-5569.07214435249
-5569.24701163776
-5568.64640228098
-5570.0709455438
-5568.39912681451
-5568.80574425585
-5568.51863159597
-5570.0709455438
-5568.73417809855
-5570.0709455438
-5568.78051917367
-5569.16554526331
-5569.17477375751
-5569.00393343206
-5568.78481223618
-5568.39597683426
-5568.63994445892
-5568.49143638881
-5568.591002036
-5568.79313224833
-5569.20513812039
-5570.0709455438
-5570.0709455438
-5568.7898884158
-5569.09553940548
-5568.58395686231
-5569.10487097889
-5568.96254792122
-5570.0709455438
-5569.1054017887
-5570.0709455438
-5569.05791116621
-5568.45300241674
-5570.0709455438
-5568.60930050064
-5568.52470680932
-5568.45503632054
-5570.0709455438
-5568.49869245142
-5568.86510803021
-5568.5256743074
-5568.92711572465
-5568.64676774087
-5569.16870821592
-5568.45626737998
-5569.08926893047
-5569.34001856631
-5568.61218395345
-5568.63213549423
-5568.67896926359
-5569.21731812132
-5569.30788841771
-5570.0709455438
-5569.27108283597
-5568.66003630221
-5570.0709455438
-5570.0709455438
-5568.49711040386
-5568.89310002142
-5570.0709455438
-5568.51941793379
-5569.07631837756
-5568.50814116548
-5570.0709455438
-5568.99634196531
-5570.0709455438
-5570.0709455438
-5568.89029692821
-5568.33908518518
-5570.0709455438
-5570.0709455438
-5568.84785924886
-5568.54420695035
-5570.0709455438
-5568.60002692444
-5570.0709455438
-5569.14334534609
-5569.27503623823
-5568.4208108161
-5570.0709455438
-5568.86194754827
-5569.2366900766
-5568.77365748281
-5568.86541826021
-5568.61433514705
-5568.72369751138
-5568.85226639782
-5568.87110013551
-5568.82763118833
-5568.92818868272
-5570.0709455438
-5568.52821871514
-5568.68300897952
-5570.0709455438
-5569.21448004441
-5569.29111570217
-5569.10674948037
-5570.0709455438
-5568.70544272415
-5569.14541849685
-5568.63139601588
-5568.6626624927
-5568.86001864429
-5568.80607140802
-5568.7383148773
-5568.61298791934
-5570.0709455438
-5568.62921892281
-5570.0709455438
-5568.56923617651
-5569.16343405324
-5569.25840601239
-5568.46306101057
-5568.61944975114
-5569.24193026676
-5568.82677975792
-5569.07995787995
-5570.0709455438
-5568.66765965366
-5568.55688694077
-5570.0709455438
-5568.41311725049
-5568.86280038481
-5568.84375452967
-5568.857434503
-5570.0709455438
-5569.05414438457
-5568.82348819789
-5569.11602196501
-5568.86364353749
-5569.28863201053
-5568.49971652252
-5568.82509621856
-5570.0709455438
-5568.66325348022
-5569.21223963872
-5570.0709455438
-5569.33573101514
-5568.82214859793
-5570.0709455438
-5569.15851306945
-5568.53480542082
-5570.0709455438
-5568.50991615832
-5568.65913285785
-5570.0709455438
-5568.63980582128
-5568.46153205694
-5568.38256262492
-5570.0709455438
-5570.0709455438
-5568.74056275397
-5568.60093299082
-5570.0709455438
