# type 3 occupying energies
-5554.99942511242
-5556.50108868275
-5556.6384634293
-5555.51689254858
-5555.00118922399
-5555.25528254218
-5556.43836413047
-5555.00000836225
-5555.08938570691
-5555.05611196388
-5555.05644095596
-5555.06119593973
-5555.30989922786
-5555.26514844731
-5556.66719986474
-5556.64119805765
-5555.54576224257
-5555.72980154824
-5555.05567185991
-5555.14361353473
-5555.13806874362
-5555.72980154824
-5555.12384486721
-5555.21732847769
-5555.06285887768
-5555.06388735185
-5555.18971560515
-5554.97980674663
-5555.72980154824
-5556.56753148621
-5555.39095978063
-5556.61859895625
-5555.14489461813
-5555.29999774123
-5555.06018922497
-5556.51990809156
-5555.03302116441
-5555.31037173829
-5556.61345535283
-5555.72980154824
-5555.22053237788
-5556.62794193532
-5555.72980154824
-5555.72980154824
-5555.12264547459
-5555.45830602791
-5555.19969530982
-5555.15494564867
-5555.72980154824
-5555.26802540412
-5555.09115019522
-5555.29217360764
-5556.69312753764
-5556.59240494708
-5555.07569716893
-5555.72980154824
-5555.72980154824
-5555.72980154824
-5555.45593791217
-5555.19592152983
-5555.72980154824
-5555.4558804597
-5555.33258587574
-5556.53070487061
-5555.03544373465
-5555.40906445189
-5555.15325255922
-5555.24652188878
-5556.65429632503
-5555.19892160193
-5555.33507103749
-5555.17679220301
-5555.1370647644
-5555.72980154824
-5555.17929089711
-5555.20315437105
-5555.06976855193
-5555.72980154824
-5556.67200607482
-5556.72753166685
-5556.60741858928
-5554.97974012075
-5555.43405040177
-5556.58225312266
-5555.39505407773
-5555.72980154824
-5555.14537424844
-5556.50054886192
-5554.98355218658
-5555.14368386763
-5555.13701049062
-5556.64233202281
-5556.58498004589
-5555.16890954378
-5555.39364035624
-5555.08396464314
-5555.72980154824
-5555.72980154824
-5555.05999243505
-5555.06363109429
-5555.72980154824
-5555.37806297387
-5555.09454868357
-5555.35822478277
-5555.18263137175
-5555.03350211611
-5555.05913948188
-5555.01576826782
-5556.55416227901
-5555.14606458857
-5555.72980154824
-5555.12354081921
-5555.33052618409
-5555.33162284516
-5555.19898151454
-5555.24367884615
-5555.18346506227
-5555.72980154824
-5556.51262041209
-5555.72980154824
-5555.11576608377
-5555.72980154824
-5555.72980154824
-5555.21520832867
-5555.4199566384
-5556.6407101545
-5556.48583027193
-5555.72980154824
-5556.66824702264
-5555.07380102176
-5556.62417133154
-5555.05528070515
-5555.32677530457
-5556.64338736659
-5555.34946806923
-5555.13245467559
-5555.37112503683
-5555.18592599509
-5555.28125681499
-5555.04827395093
-5555.0129993442
-5555.13399949152
-5555.31666872746
-5555.72980154824
-5555.72980154824
-5555.72980154824
-5555.06635488298
-5555.15297028314
-5556.63335118315
-5555.13410445224
-5554.99158990008
-5556.48251591655
-5555.72980154824
-5555.49723526566
-5555.72980154824
-5555.27862452173
-5555.12969444255
-5555.1620106327
-5555.39924104611
-5555.38653112312
-5555.72980154824
-5556.54418005875
-5555.30402546242
-5555.11638541555
-5556.50692223295
-5555.12979828855
-5555.31940445078
-5556.61040629574
-5555.72980154824
-5555.72980154824
-5555.29929263313
-5555.34963108278
-5555.11171038584
-5555.23177827619
-5555.20878712598
-5555.07942541734
-5555.06762276641
-5555.04301958218
-5556.48969685491
-5555.25444444827
-5555.02167125373
-5555.10816366328
-5556.53896687024
-5555.38233722525
-5555.09894609251
-5555.30630066399
-5555.01641403877
-5555.31583661755
-5555.72980154824
-5556.51684349791
-5555.07260446433
-5556.53489832146
-5555.09435012154
-5555.05633908439
-5555.30749535423
-5555.72980154824
-5556.55638840084
-5555.06509741909
-5555.53208039135
-5555.14669392702
-5555.45965226774
-5556.45245087432
-5555.72980154824
-5555.15309411445
-5555.18715034841
-5555.09204326744
-5554.94622785482
-5555.35892931807
-5555.33846183234
-5555.26422513432
-5555.21953138436
-5555.72980154824
-5555.14494813875
-5555.08509883234
-5555.72980154824
-5555.10260811039
-5555.11949435285
-5555.72980154824
-5555.72980154824
-5555.2268190367
-5556.52733956735
-5555.2287469435
-5555.390769839
-5555.0824331104
-5555.72980154824
-5555.22681078232
-5555.2313356901
-5555.40659273905
-5554.95303519517
-5556.41887905004
-5555.11045949758
-5555.57893304589
-5555.72980154824
-5555.72980154824
-5555.10318055972
-5555.21116462199
-5555.02062744546
-5555.19641766192
-5555.38195892559
-5555.1280390198
-5556.48556699585
-5555.0137145504
-5555.17347423961
-5556.42708467988
-5555.35996022719
-5555.14102491077
-5555.30694864335
-5556.47962758999
-5555.4231780538
-5555.25663903894
-5555.72980154824
-5555.38822331494
-5555.48513715167
-5555.14182325346
-5555.15795119756
-5555.08182773663
-5555.09733517813
-5555.11560085983
-5555.44318652941
-5555.15762997911
-5555.16211649847
-5554.96911967058
-5556.52154334659
-5556.60900150649
-5555.13062206565
-5555.3718847747
-5555.30300170294
-5555.11754358166
-5555.11456941725
-5555.05511541652
-5555.41227409645
-5555.06173446346
-5555.51316360453
-5555.22604759503
-5556.52474646994
-5555.72980154824
-5555.72980154824
-5555.72980154824
-5555.72980154824
-5555.72980154824
-5555.36658270676
-5556.53289037368
-5555.26656113383
-5556.61061224152
-5555.72980154824
-5555.72980154824
-5556.58542133111
-5556.60943528679
-5555.13251259344
-5555.5789456946
-5555.72980154824
-5555.22386136574
-5555.72980154824
-5555.72980154824
-5555.05965802476
-5555.46809946291
-5555.12210251715
-5555.1145783184
-5556.71358775436
-5556.62278130561
-5555.25652100119
-5555.72980154824
-5556.583365849
-5555.11126208307
-5555.26228889234
-5556.60913691997
-5555.72980154824
-5555.47909535883
-5555.72980154824
-5555.03916876355
-5555.19643464579
-5555.46667868408
-5555.03640944062
-5555.24986992176
-5555.00105679167
-5555.2874524738
-5555.46982596671
-5556.49982991044
-5555.18446188517
-5555.34998580164
-5555.11326286731
-5555.12296448651
-5555.72980154824
-5555.06243937978
-5555.72980154824
-5555.51494399632
-5555.32615569171
-5554.98483606907
-5554.97022848318
-5555.16419269367
-5555.23932559891
-5555.01497385095
-5555.0417637762
-5555.18442260561
-5556.57110283133
-5556.50242276249
-5556.52665852027
-5555.72980154824
-5556.46489440417
-5555.41924949797
-5555.23676931986
-5555.72980154824
-5556.50495137713
-5555.37504046905
-5555.72980154824
-5555.72980154824
-5556.50277335859
-5555.13031100283
-5555.13017278167
-5555.72980154824
-5555.72980154824
-5555.39692725573
-5555.72980154824
-5555.51214760139
-5555.25263321784
-5556.56275009886
-5555.07888311658
-5555.02862997775
-5555.52827417081
-5555.72980154824
-5555.06007969351
-5556.5324226491
-5555.46802452533
-5555.24670631135
-5555.30193436885
-5556.49706422766
-5555.06400519938
-5555.36827358319
-5555.72980154824
-5555.39736433617
-5555.72980154824
-5555.72980154824
-5556.72372372414
-5555.72980154824
-5555.72980154824
-5555.13631848835
-5555.38214624986
-5555.14178373483
-5556.75397260241
-5556.58328380886
-5555.72980154824
-5555.25397573364
-5555.52842906034
-5555.0898989761
-5555.72980154824
-5555.29674579996
-5555.31089920726
-5555.1081422725
-5555.72980154824
-5555.34673058432
-5555.15206320638
-5555.36008448773
-5555.25136121476
-5555.13131835741
-5555.72980154824
-5556.56911060714
-5555.02163357778
-5555.38112239919
-5555.72980154824
-5555.08072046008
-5556.6120133745
-5555.24665106525
-5556.43176663732
-5556.519421696
-5555.72980154824
-5556.64188664843
-5556.70916541377
-5555.72980154824
-5555.31398091044
-5555.72980154824
-5556.63436507529
-5556.63550275879
-5555.31347034943
-5555.22709032015
-5555.03335205546
-5555.15593779758
-5555.42714304666
-5556.4654527059
-5555.36003102727
-5555.34593644118
-5555.14656437844
-5555.09880816971
-5555.72980154824
-5555.09288304917
-5555.04440056647
-5556.47604476384
-5555.72980154824
-5555.06775992966
-5555.35506124835
-5555.72980154824
-5555.72980154824
-5555.23009506131
-5555.04498849831
-5555.18076013727
-5555.09959192725
-5555.10821559105
-5555.72980154824
-5555.09877261179
-5555.18194465581
-5555.08198962885
-5555.07552535766
-5556.48285964982
-5555.32282504977
-5556.6066077636
-5556.66227911718
-5555.21959930784
-5555.15373151183
-5555.28011753276
-5555.72980154824
-5556.65888520924
-5555.72980154824
-5555.17956084768
-5555.10055257398
-5555.72980154824
-5555.54167939492
-5555.2115008579
-5556.44097221644
-5555.33197744309
-5555.72980154824
-5556.73150510862
-5555.72980154824
-5556.50840202313
-5555.19863092422
-5555.72980154824
-5555.0895233593
-5556.40761718285
-5555.72980154824
-5555.35276747898
-5555.72980154824
-5555.12228503751
-5555.26454481377
-5555.72980154824
-5555.12152847281
-5555.24476585883
-5555.1830652724
-5555.45342282097
-5555.11741157215
-5555.19486419116
-5556.57041513902
-5556.50039539691
-5555.72980154824
-5555.36020775747
-5556.55727185807
-5555.06317487755
-5556.51884750784
-5555.0511936129
-5555.33893842969
-5555.08332796138
-5555.32938110727
-5555.20036599592
-5555.14700250666
-5555.12040501143
-5555.06874612258
-5555.21502095502
-5556.508131901
-5555.05663359474
-5555.72980154824
-5556.53945950489
-5555.11696163708
-5556.51449739791
-5555.37248738725
-5555.00281025554
-5555.08716524571
-5555.08576137504
-5555.0885928264
-5555.13567383541
-5555.37887515679
-5556.58133908818
-5555.20369178335
-5556.67293781402
-5555.0516649436
-5555.43894582168
-5555.08481162733
-5555.72980154824
-5555.19030177948
-5555.03475230382
-5556.5401015479
-5555.41944905273
-5555.35866565452
-5555.72980154824
-5555.72980154824
-5555.09646729154
-5556.60520101028
-5556.71169607641
-5555.72980154824
-5555.72980154824
-5555.72980154824
-5556.69901924317
-5555.72980154824
-5555.72980154824
-5556.63756545509
-5555.72980154824
-5555.72980154824
-5555.51163094801
-5556.67012972734
-5555.56183539914
-5556.67910525456
-5555.72980154824
-5555.60277666075
-5555.16272405589
-5555.13330540205
-5555.36214521024
-5555.09664150462
-5555.15597097802
-5556.46841415027
-5555.40602565184
-5555.72980154824
-5556.52896155868
-5555.18083586115
-5555.5242651488
-5555.72980154824
-5555.05302934415
-5555.08657479195
-5555.22075011025
-5555.06053138235
-5555.72980154824
-5554.9846938947
-5555.33367104707
-5555.33673790251
-5555.29633354728
-5555.4300576065
-5555.30836417009
-5555.24527801058
-5555.72980154824
-5556.5021076877
-5555.72980154824
-5555.06948598325
-5555.72980154824
-5555.72980154824
-5555.72980154824
-5555.72980154824
-5555.18584249781
-5555.2817748092
-5555.36739977699
-5556.47242805425
-5555.05569325722
-5555.72980154824
-5555.18617381012
-5556.44120610302
-5555.26667795231
-5555.07926953894
-5555.11122428521
-5555.31386700292
-5555.72980154824
-5556.45627760392
-5555.16171774604
-5555.30826815612
-5555.36043815075
-5555.14123058938
-5555.2056809652
-5555.02087152132
-5556.50406819452
-5555.40652417634
-5555.08235603867
-5555.0980979363
-5556.48182825597
-5555.15248859624
-5555.09976894773
-5555.72980154824
-5555.20230357828
-5555.36406894533
-5555.72980154824
-5555.38777679369
-5555.33587439291
-5555.03668095042
-5555.72980154824
-5556.605455072
-5555.03423083009
-5555.11073918838
-5555.11880951353
-5556.50001264037
-5555.20359730286
-5555.72980154824
-5556.51247576055
-5555.10314841977
-5556.57410304448
-5555.56172594773
-5556.60488832003
-5556.49301638368
-5555.72980154824
-5556.60639467089
-5555.37369882642
-5555.10440760442
-5555.19056133433
-5555.72980154824
-5555.21532149636
-5555.24787851602
-5555.72980154824
-5555.21032444531
-5555.72980154824
-5555.72980154824
-5556.57264370661
-5555.29729645909
-5555.72980154824
-5555.08789230922
-5555.72980154824
-5555.32314816668
-5555.72980154824
-5555.10159891977
-5556.47408711364
-5555.54750881305
-5555.09596639142
-5555.72980154824
-5555.56914601982
-5555.05974947064
-5554.99247921553
-5555.72980154824
-5556.55576443904
-5556.52593927311
-5555.269214413
-5555.20074013352
-5555.72980154824
-5556.48091803006
-5555.72980154824
-5555.22868085954
-5555.42137212441
-5555.47918613518
-5555.12743216434
-5555.06590233904
-5555.49515240641
-5555.03920952308
-5555.05837351027
-5555.07471540342
-5555.1646248846
-5555.38915767299
-5555.72980154824
-5555.17124916557
-5556.64551864895
-5555.72980154824
-5556.560543631
-5555.02701136135
-5555.72980154824
-5555.72980154824
-5555.34556360729
-5555.28309985452
-5555.11789943519
-5555.32518432595
-5555.04143631714
-5555.13243455823
-5556.46600757908
-5556.53244021031
-5556.54037997126
-5555.33441146788
-5555.29396620875
-5555.08514886853
-5555.32410216856
-5556.52972955668
-5555.20035024408
-5555.10580714536
-5555.12337703403
-5555.72980154824
-5555.19228073713
-5555.25994042676
-5555.72980154824
-5555.27869495459
-5556.55717652333
-5555.72980154824
-5555.07178106143
-5555.16722201378
-5555.72980154824
-5556.43855007442
-5555.72980154824
-5555.0897807024
-5555.16230488294
-5556.48797209135
-5555.04132606406
-5555.72980154824
-5555.36352416945
-5555.61363669594
-5555.03683190417
-5555.27674207857
-5556.56814076065
-5556.73781660251
-5555.72980154824
-5555.24865180359
-5555.13908178545
-5555.11498499294
-5555.08679417321
-5555.12587928033
-5555.10408483176
-5555.29994686881
-5555.72980154824
-5556.62906204339
-5555.14926160394
-5555.16154365582
-5555.72980154824
-5556.73601055179
-5555.72980154824
-5555.39221015941
-5554.96753581076
-5556.49115064738
-5555.21687462215
-5555.37231913296
-5555.34463995589
-5555.10309528672
-5555.72980154824
-5555.34811591402
-5555.72980154824
-5556.67562050701
-5555.72980154824
-5555.12759456006
-5556.61057265219
-5556.56376241731
-5556.62514078258
-5555.72980154824
-5555.72980154824
-5555.14139371969
-5555.27012565437
-5555.37748105634
-5555.72980154824
-5555.3971165937
-5555.30907638876
-5556.71332850713
-5555.12508456262
-5555.09697111444
-5555.23723685019
-5555.12081295891
-5555.11776500623
-5555.31633237695
-5556.51549626525
-5555.12313392886
-5555.12530953066
-5555.36239682583
-5555.72980154824
-5555.15378354118
-5556.60335103621
-5555.20274093877
-5555.09440052167
-5556.56774547771
-5555.07625155204
-5555.72980154824
-5555.18183229194
-5555.12420882348
-5555.20977620947
-5555.72980154824
-5555.11804581189
-5556.51053651045
-5555.06483845448
-5555.25720460452
-5555.72980154824
-5556.48915084379
-5555.1043572395
-5555.20110011607
-5555.72980154824
-5555.11968267337
-5555.72980154824
-5555.18995967478
-5556.54382242492
-5555.21787139119
-5555.72980154824
-5555.32891857235
-5555.11524769047
-5555.05834489107
-5556.41448614118
-5555.1125920183
-5555.16366579618
-5555.31543962922
-5555.08264600682
-5556.48435164066
-5555.00705806598
-5555.07732226578
-5555.41485964727
-5555.72980154824
-5556.65515054918
-5555.72980154824
-5556.57835592917
-5555.2342049375
-5556.67752187616
-5555.06358789513
-5555.28747177118
-5555.40454180506
-5555.72980154824
-5555.24282408437
-5555.72980154824
-5555.18880149532
-5555.72980154824
-5556.60185060813
-5555.03479960036
-5555.49005315322
-5556.41251675391
-5555.72980154824
-5555.72980154824
-5555.05993924631
-5555.12949221245
-5555.13387375164
-5555.2898187606
-5556.72982259639
-5555.56255082891
-5555.28565581432
-5556.61766683971
-5555.72980154824
-5555.48234138424
-5556.504360331
-5555.31081001573
-5556.68721062937
-5555.37675045981
-5555.1395040335
-5555.2243106815
-5555.72980154824
-5556.56323610989
-5556.58735948652
-5556.50842045059
-5555.72980154824
-5555.4390108607
-5555.16286178412
-5555.29888669388
-5555.15609891829
-5556.64465263633
-5555.72980154824
-5554.99218525509
-5555.72980154824
-5555.13681080742
-5555.72980154824
-5556.58887692513
-5555.04255932126
-5556.54420407352
-5555.25332328762
-5555.37209335642
-5555.08207643531
-5556.4814437426
-5555.35455326288
-5555.11771894201
-5556.65370413243
-5556.57030060588
-5555.07487056523
-5555.12450681414
-5555.29977078297
-5555.72980154824
-5555.41449308705
-5555.11023281954
-5555.37727013236
-5555.14208338101
-5555.36339826797
-5555.01831161849
-5555.15185307168
-5555.72980154824
-5555.72980154824
-5555.07004139831
-5555.24612677178
-5555.72980154824
-5555.07239441588
-5555.27759538363
-5555.39784004595
-5555.3236947915
-5555.19844343435
-5555.72980154824
-5556.60126976041
-5556.58799297273
-5555.4212378886
-5555.72980154824
-5556.61526705439
-5556.60126253817
-5555.23942281447
-5555.19535384823
-5555.08184010004
-5556.49680037324
-5555.72980154824
-5555.72980154824
-5555.16104727729
-5555.22126497189
-5555.30961142289
-5555.00765596546
-5555.1402098013
-5555.09438489911
-5555.14480957607
-5555.12835670245
-5555.72980154824
-5555.20391327744
-5555.72980154824
-5555.72980154824
-5555.03183040348
-5556.65000907372
-5555.36567344743
-5555.53532187799
-5555.41657428674
-5555.15017567256
-5555.72980154824
-5556.63126268039
-5556.63581175065
-5555.12019595374
-5555.0996607894
-5555.39922053412
-5555.72980154824
-5555.72980154824
-5556.68741340681
-5555.46593530732
-5555.72980154824
-5555.16009895111
-5555.38310407094
-5556.69188084103
-5555.16129769908
-5555.08782491879
-5555.30342960642
-5555.06634131345
-5556.66441564052
-5555.72980154824
-5556.69732397211
-5555.72980154824
-5555.72980154824
-5555.72980154824
-5555.72980154824
-5555.26352464182
-5555.07279083326
-5556.69751758226
-5555.48350125808
-5556.61402513
-5555.38844530437
-5555.06380742043
-5555.24037876114
-5555.14996700413
-5556.63414142515
-5556.67159438471
-5556.74750628348
-5555.20387739762
-5556.58135805486
-5555.19551224609
-5555.05520444997
-5555.72980154824
-5555.11496513076
-5556.52241307922
-5555.72980154824
-5556.65778100794
-5555.54224362987
-5555.72980154824
-5555.05395381494
-5555.32708570578
-5556.52881043474
-5555.06439188776
-5555.1678465511
-5556.51347186932
-5555.32717007062
-5555.21724759301
-5555.19014047424
-5555.72980154824
-5555.02469583525
-5555.15586937208
-5555.17370610952
-5555.12758192892
-5554.99687681984
-5555.29899240601
-5555.01973775573
-5556.61949224844
-5555.07706210748
-5555.2538590431
-5555.09528961429
-5556.51878786652
-5555.05145311985
-5555.72980154824
-5555.16691925935
-5555.72980154824
-5555.06815015728
-5555.18299748942
-5555.27435595047
-5556.60334797017
-5556.5921181581
-5555.1360634407
-5556.52592058384
-5555.02414828619
-5555.11391352555
-5555.22003966819
-5555.30109816898
-5555.06438158468
-5555.10358381539
-5555.38624115227
-5555.72980154824
-5555.17180605257
-5555.14942856881
-5555.72980154824
-5555.06665890411
-5555.0714938318
-5556.50542530278
-5556.55914586915
-5556.61530466717
-5555.72980154824
-5555.31585212337
-5555.72980154824
-5555.09548243924
-5555.11423591673
-5555.15036439038
-5555.48830784895
-5555.72980154824
-5556.51168545368
-5555.41977059312
-5555.43016095952
-5555.72980154824
-5555.38616796796
-5555.1710172666
-5555.72980154824
-5555.72980154824
-5555.72980154824
-5555.11255143025
-5555.44648156467
-5555.29474646443
-5555.14199351631
-5555.143083609
-5555.27886758545
-5555.72980154824
-5555.26149815219
-5556.54423256763
-5555.72980154824
-5555.21817007147
-5555.72980154824
-5555.72980154824
-5556.62689521908
-5555.03683613465
-5555.06648824381
-5556.56656586804
-5555.72980154824
-5556.66185632112
-5555.40889563875
-5555.10686454228
-5555.72980154824
-5555.10434753855
-5555.30471467634
-5555.23995284488
-5556.5956616276
-5555.03941117428
-5555.14834449769
-5555.13902671987
-5556.68290598307
-5555.10814682898
-5555.12355415095
-5555.72980154824
-5555.72980154824
-5556.41432360544
-5555.12508341453
-5555.1073565849
-5555.25301728308
-5555.72980154824
-5555.2796260759
-5555.14962088969
-5556.60871761474
-5556.57732690355
-5555.17638114034
-5555.20857283257
-5554.94130084831
-5556.71584274511
-5556.78538275024
-5555.04646554869
-5555.10009029995
-5555.04536695069
-5555.25028465165
-5556.75911148745
-5556.6371372525
-5556.51290745889
-5555.72980154824
-5556.65421981429
-5555.72980154824
-5556.66867322317
-5555.16067582492
-5556.79551361566
-5556.71300251496
-5555.10483285051
-5555.09714997635
-5556.61097417597
-5555.13779055736
-5555.30378306366
-5555.1081420086
-5555.0533454112
-5556.72347612962
-5556.70943220336
-5555.33296025866
-5555.60843770018
-5555.08629508015
-5555.72980154824
-5556.67179215377
-5555.10360039078
-5556.42763888957
-5555.25425851329
-5555.72980154824
-5555.40427737263
-5555.72980154824
-5556.53961672159
-5556.6723911718
-5555.09505985989
-5555.04450249325
-5555.1741451302
-5555.72980154824
-5555.4926374529
-5555.04826780734
-5556.50209296936
-5555.37230108931
-5556.62025660543
-5555.45239384194
-5555.14285099915
-5556.41142437572
-5554.97477459997
-5555.53276964958
-5556.45430497489
-5555.32005577781
-5555.72980154824
-5555.09947085972
-5555.48921729777
-5555.06041714613
-5555.1074725818
-5555.72980154824
-5555.24368469751
-5555.0451416854
-5556.54534135871
-5555.02519613793
-5555.27136818266
-5555.72980154824
-5555.1037754569
-5555.34056579624
-5555.21096208943
-5555.22110583671
-5555.14106662444
-5555.38759643201
-5555.72980154824
-5555.15899287951
-5556.5494088408
-5555.72980154824
-5555.21950890092
-5555.72980154824
-5555.1376282783
-5556.4748169884
-5555.21331439036
-5555.72980154824
-5554.99180744861
-5555.03996915999
-5555.72980154824
-5555.37715732673
-5555.72980154824
-5555.35145254629
-5555.72980154824
-5555.31648993158
-5556.58388618663
-5555.24792691726
-5555.05635793643
-5555.34677895483
-5556.55535263212
-5555.72980154824
-5555.05662983
-5555.08872454559
-5555.14811161204
-5555.50978400667
-5555.72980154824
-5556.59192897224
-5555.72980154824
-5555.32723546382
-5555.51345353729
-5555.109386738
-5556.55894417445
-5556.70162016711
-5555.72980154824
-5555.38191091875
-5555.72980154824
-5556.7571288969
-5556.62570863581
-5555.26373795163
-5555.72980154824
-5555.27608739632
-5555.30480782186
-5556.56609870499
-5555.48048489368
-5555.09906350609
-5555.09175474904
-5554.96624541374
-5556.74136155599
-5555.5363955932
-5555.0572357246
-5555.72980154824
-5555.00969273418
-5555.2949076424
-5555.06572791978
-5556.59047159582
-5556.74540646817
-5555.72980154824
-5556.70955318228
-5555.45620301851
-5555.3130337274
-5555.32847494443
-5555.07228918514
-5556.5889696075
-5554.95087821252
-5555.2830948159
-5555.33316782983
-5555.72980154824
-5555.72980154824
-5555.72980154824
-5555.05707787506
-5555.41520328858
-5555.3654341567
-5555.17254297859
-5555.10966316259
-5556.6132118113
-5555.23888973225
-5556.48243299003
-5555.18924714215
-5555.72980154824
-5556.56681296101
-5555.72980154824
-5554.98723168952
-5555.72980154824
-5555.20914769419
-5555.12009363273
-5555.13322556117
-5555.27309453574
-5555.72980154824
-5555.72980154824
-5556.64646667314
-5555.39743643338
-5555.72980154824
-5555.1390118573
-5556.63688331929
-5556.59296802197
-5555.35275846149
-5555.72980154824
-5555.39059040296
-5555.72980154824
-5556.58427433634
-5555.18165280202
-5555.29699609914
-5555.03695765086
-5555.0020298849
-5555.30421479829
-5555.11309350322
-5555.43287391816
-5555.181562114
-5555.72980154824
-5555.13485001152
-5555.50436513252
-5555.06082781672
-5555.72980154824
-5555.55633133775
-5555.09588963589
-5556.72507940542
-5555.16441982848
-5555.72980154824
-5555.72980154824
-5555.72980154824
-5555.27696579965
-5555.0764909313
-5555.13673817641
-5556.61071494483
-5555.72980154824
-5555.72980154824
-5556.42026098765
-5555.22463220178
-5555.13332641787
-5555.07143406848
-5556.7062384526
-5555.72980154824
-5555.17852484289
-5556.59800114431
-5555.46743581988
-5555.07335330968
-5556.60802140377
-5555.35747470456
-5555.08121543619
-5555.13207319095
-5556.49226656967
-5555.37943234669
-5556.4797796181
-5555.72980154824
-5555.72980154824
-5555.1318403859
-5555.11219574622
-5555.72980154824
-5555.32396593445
-5555.09646818384
-5555.22025002677
-5555.02067478749
-5555.49809556261
-5555.3279600103
-5555.25078986309
-5556.59782903423
-5555.50489823209
-5555.05042863499
-5555.52608841402
-5556.57777997807
-5556.61538772035
-5555.03147286078
-5555.14040867795
-5555.72980154824
-5555.42429152754
-5555.10312518946
-5555.72980154824
-5554.96906091892
-5555.0847327503
-5555.39426216836
-5555.36981206799
-5555.72980154824
-5555.39987967537
-5556.57081907581
-5555.08519788134
-5555.35656131898
-5555.08544110954
-5555.72980154824
-5555.72980154824
-5555.13702089496
-5556.56904286032
-5555.06682662998
-5556.56316293268
-5555.72980154824
-5556.541019612
-5555.05675905776
-5555.37232660589
-5556.62317923041
-5556.70278406198
-5556.62043475349
-5555.45327326496
-5555.34437566041
-5555.19799800523
-5555.25135817498
-5555.44995018164
-5555.72980154824
-5555.1170224779
-5555.72980154824
-5555.08482672964
-5555.72980154824
-5556.62108695827
-5556.55762695533
-5556.6893128189
-5555.72980154824
-5555.09525416368
-5555.25238990556
-5555.41749585164
-5555.09438667988
-5555.20456962868
-5555.72980154824
-5555.2206177081
-5556.61724474871
-5555.72980154824
-5555.14833062906
-5555.07241127578
-5555.17641330892
-5556.49479398519
-5556.50019400934
-5555.39284326109
-5555.11494217725
-5556.56417507881
