# type 4 occupying energies
-5554.51919923148
-5556.13290019669
-5556.08970920004
-5554.83159624876
-5554.49402243145
-5554.83159624876
-5556.04867908629
-5554.54848370701
-5554.56633711831
-5554.77299444608
-5554.5214497649
-5554.70972241954
-5554.83159624876
-5554.83159624876
-5556.10742635356
-5556.05002316187
-5554.83159624876
-5554.96891973772
-5554.54122664989
-5554.62532562825
-5554.71915258457
-5555.20578595669
-5554.69501869891
-5554.83159624876
-5554.66443205639
-5554.64078792963
-5554.67824327822
-5554.53021998825
-5555.0897435005
-5556.05346855057
-5554.64507730927
-5556.012004125
-5554.60686328344
-5554.83159624876
-5554.51117451654
-5556.04543400097
-5554.54816626144
-5554.83159624876
-5556.0694029747
-5555.17179151691
-5554.83159624876
-5556.14853724937
-5555.02449544218
-5555.10929301496
-5554.53249529963
-5554.83159624876
-5554.59112823147
-5554.67038640759
-5555.19151367566
-5554.78824103346
-5554.57004039234
-5554.83159624876
-5556.07875819051
-5556.05900653111
-5554.49173450946
-5555.22268462058
-5555.33415841486
-5554.60630241295
-5554.83159624876
-5554.6132533053
-5555.32478161283
-5554.83159624876
-5554.83159624876
-5554.83159624876
-5554.59256254029
-5554.83159624876
-5554.7145181524
-5554.83159624876
-5556.17876947349
-5554.63187665824
-5554.83159624876
-5554.59127458649
-5554.58362553697
-5555.04008953837
-5554.68690574154
-5554.64439731805
-5554.5612859612
-5555.30747070956
-5556.04347022356
-5556.02496824367
-5555.18021451538
-5554.48452006357
-5554.83159624876
-5555.91202756106
-5554.83159624876
-5555.35687948405
-5554.48605343959
-5556.04967754241
-5554.56589527286
-5554.72360309794
-5554.69253945432
-5556.00484924869
-5555.98170092737
-5554.54054850118
-5554.83159624876
-5554.57299265711
-5555.06730403233
-5555.24689772177
-5554.53340712216
-5554.49077503793
-5555.14422546516
-5554.83159624876
-5554.6259765614
-5554.83159624876
-5554.66614758123
-5554.44148177287
-5554.44427404898
-5554.45209906836
-5556.00153519053
-5554.59862367413
-5555.22498138076
-5554.58134135453
-5554.83159624876
-5554.83159624876
-5554.57403720827
-5554.83159624876
-5554.40453339576
-5555.16758129338
-5555.90322542243
-5555.21231233995
-5554.42642091112
-5555.28218208213
-5555.04746831333
-5554.4424432296
-5554.83159624876
-5555.99215727304
-5556.07415221248
-5555.12723432716
-5556.04149336865
-5554.54812056905
-5556.01332767693
-5554.47799282184
-5554.63451488107
-5556.07569871142
-5554.83159624876
-5554.59242337532
-5554.83159624876
-5554.63045826301
-5554.83159624876
-5554.48151862819
-5554.4831104836
-5554.63857164162
-5554.69440872853
-5555.22906104466
-5555.1421030339
-5555.13661138323
-5554.34483473208
-5554.62925583543
-5556.12392809582
-5554.4960977928
-5554.56370169308
-5555.94332867159
-5555.27221647672
-5554.83159624876
-5555.23867285638
-5554.64285644137
-5554.70735283677
-5554.62268329341
-5554.83159624876
-5554.83159624876
-5555.23073210091
-5556.04485876029
-5554.59336800935
-5554.58515512684
-5556.06084106541
-5554.55944947049
-5554.83159624876
-5556.10429627175
-5555.2961365896
-5555.25668637244
-5554.83159624876
-5554.83159624876
-5554.61362124876
-5554.83159624876
-5554.83159624876
-5554.55188340965
-5554.67861431203
-5554.50654548562
-5555.95199447392
-5554.83159624876
-5554.51169008107
-5554.69689856041
-5556.04986699384
-5554.83159624876
-5554.55612720462
-5554.56899476468
-5554.51263270898
-5554.83159624876
-5555.3180492447
-5555.98677523871
-5554.65743961132
-5556.08981388734
-5554.70201194498
-5554.61137879456
-5554.83159624876
-5555.27597652771
-5556.00156687228
-5554.5889183723
-5554.83159624876
-5554.62342963068
-5554.83159624876
-5555.97715345775
-5555.26926688001
-5554.50686258625
-5554.83159624876
-5554.39603726296
-5554.5660739115
-5554.83159624876
-5554.83159624876
-5554.83159624876
-5554.75266558572
-5555.14581243747
-5554.60232540371
-5554.45830777928
-5555.27983858876
-5554.7220648226
-5554.57623691811
-5555.15160262697
-5555.08419488938
-5554.54455547913
-5555.90075501826
-5554.58221753789
-5554.83159624876
-5554.61383664846
-5555.07333883618
-5554.83159624876
-5554.83159624876
-5554.83159624876
-5554.5367375989
-5556.02456391193
-5554.55544080785
-5554.83159624876
-5554.98697606371
-5554.95582494341
-5554.54561360066
-5554.83159624876
-5554.63068888227
-5554.69881369143
-5554.83159624876
-5554.57728374837
-5555.98410837894
-5554.50291961588
-5554.64644560835
-5556.0530882599
-5554.83159624876
-5554.70584412763
-5554.83159624876
-5556.07811924998
-5554.83159624876
-5554.83159624876
-5555.1670023093
-5554.83159624876
-5554.83159624876
-5554.70564513907
-5554.63691536763
-5554.64165270746
-5554.66641887087
-5554.57656105889
-5554.83159624876
-5554.51871249737
-5554.70964009964
-5554.47437642313
-5556.04977490607
-5556.03794899653
-5554.52189989388
-5554.83159624876
-5554.83159624876
-5554.67723084236
-5554.47582063197
-5554.40162611356
-5554.83159624876
-5554.54773984295
-5554.83159624876
-5554.61080069269
-5555.91203936543
-5555.0866632009
-5555.20880014453
-5555.36731359069
-5555.21818252709
-5555.09798568936
-5554.83159624876
-5556.02134672098
-5554.56319568143
-5556.04852110131
-5555.1398159402
-5555.1363620083
-5556.0772117684
-5556.04588810428
-5554.54205597271
-5554.83159624876
-5555.15430502149
-5554.56979804912
-5555.18073840289
-5555.07839306681
-5554.54526998332
-5554.83159624876
-5554.5047491994
-5554.5588170364
-5556.00467701557
-5556.06790911447
-5554.49098065756
-5555.22699271477
-5556.06034707976
-5554.55892081284
-5554.83159624876
-5556.07211564915
-5555.25805683641
-5554.83159624876
-5555.14527879075
-5554.52361356171
-5554.64844133586
-5554.83159624876
-5554.54827264949
-5554.5598351688
-5554.53160016197
-5554.83159624876
-5554.83159624876
-5556.05174329187
-5554.57517159961
-5554.83159624876
-5554.6362626071
-5554.6525242479
-5555.1920960665
-5554.54341240335
-5555.23012023775
-5554.83159624876
-5554.83159624876
-5554.51161499368
-5554.54369068122
-5554.62337001383
-5554.83159624876
-5554.56137275919
-5554.52967040624
-5554.63126484413
-5556.02825670217
-5556.03657456694
-5555.96925087374
-5554.71435666934
-5556.03588056416
-5554.83159624876
-5554.69488573644
-5555.31185877341
-5555.98688322437
-5554.74093176979
-5555.0945934059
-5555.20872988051
-5555.87244705063
-5554.59637602733
-5554.63500401842
-5555.3134877727
-5555.18361667926
-5554.83159624876
-5555.12873750656
-5554.83159624876
-5554.60995941675
-5556.00428465597
-5554.58300912394
-5554.54051284069
-5554.83159624876
-5554.83159624876
-5554.63412758332
-5556.01926493581
-5554.83159624876
-5554.60084878191
-5554.83159624876
-5556.02210828261
-5554.49262874126
-5554.83159624876
-5555.13737718047
-5554.83159624876
-5555.11875375339
-5554.86872819182
-5555.93688951933
-5555.21176106801
-5554.98845080209
-5554.66203389675
-5554.83159624876
-5554.63232326964
-5556.00893774818
-5556.01900921486
-5555.11526255205
-5554.61897567377
-5554.83159624876
-5554.58558841658
-5555.25827486999
-5554.55209266874
-5554.83159624876
-5554.60958779632
-5555.17659641945
-5554.83159624876
-5554.73665455098
-5554.83159624876
-5554.83159624876
-5554.53354310843
-5555.24649073204
-5555.97228150342
-5554.51948336802
-5554.83159624876
-5555.32066337284
-5554.43029813395
-5556.03599962374
-5554.62910205776
-5556.07983446829
-5556.00142922746
-5555.31893878239
-5556.01872016752
-5554.83159624876
-5555.22453166248
-5554.64652339751
-5555.21062311529
-5556.06517276994
-5556.0674754231
-5554.83159624876
-5554.72517565731
-5554.46127966564
-5554.54323018055
-5554.83159624876
-5556.10047422519
-5554.83159624876
-5554.83159624876
-5554.6368987116
-5554.59460886891
-5555.11414747384
-5554.56318315553
-5554.45340161043
-5556.07375763774
-5555.16907180028
-5554.56046329564
-5554.83159624876
-5555.10184549954
-5555.23470232037
-5554.84202078615
-5554.67470429265
-5554.5855304033
-5554.4916293157
-5556.04853186953
-5555.03014737299
-5554.57897547706
-5554.67764704458
-5554.49648631304
-5554.51652600219
-5556.00871790499
-5554.83159624876
-5556.05392173266
-5555.94039364218
-5554.70311373825
-5554.72191961631
-5554.83159624876
-5555.24353130925
-5556.05058488046
-5555.19183813831
-5554.45929302285
-5554.60504435787
-5555.22213981885
-5554.83159624876
-5554.63481622103
-5555.95719812502
-5554.61118831924
-5555.19412159746
-5556.10312579683
-5555.21248666424
-5556.08665335164
-5554.7037565328
-5555.2188028691
-5554.51340149993
-5556.02088649254
-5555.21479533885
-5554.62348941169
-5555.21083227338
-5554.51926330779
-5554.63865380714
-5555.21514207376
-5554.63674414086
-5554.81273989661
-5554.42525635861
-5554.83159624876
-5554.61695168607
-5554.62604589986
-5556.03378536181
-5556.08154554666
-5555.20782813665
-5554.64900882654
-5555.89027412966
-5554.4809139998
-5555.99117454483
-5554.60452220649
-5554.83159624876
-5554.62670186568
-5554.83159624876
-5554.62521755492
-5554.64409817902
-5554.70231411683
-5554.60929371175
-5554.69646881993
-5556.06609701933
-5554.64701885466
-5555.14066199963
-5555.99316407651
-5554.5664078085
-5556.07267954137
-5554.83159624876
-5554.49439529014
-5554.57979709484
-5554.49404855567
-5554.48284987316
-5554.5856113347
-5554.83159624876
-5556.06279957614
-5554.555358622
-5556.11952590102
-5554.43998051267
-5554.83159624876
-5554.59572699737
-5555.17443923933
-5554.51839645253
-5554.45024055512
-5555.84450535456
-5554.83159624876
-5554.83159624876
-5555.11341976839
-5555.23343613142
-5554.4605553759
-5555.95489025406
-5555.97835128009
-5554.96752701654
-5555.11877449165
-5554.99933843357
-5555.98657821624
-5555.09875198936
-5554.91800119845
-5555.99471517708
-5554.99727579149
-5555.18209612854
-5554.83159624876
-5555.95904983283
-5554.83159624876
-5556.02726139227
-5555.0323115896
-5554.83159624876
-5554.59915664643
-5555.16969159772
-5554.83159624876
-5554.62347266225
-5554.54635817862
-5556.1164106844
-5554.83159624876
-5555.20858044107
-5556.07627891864
-5554.5186206502
-5554.83159624876
-5555.23916172215
-5554.63141129867
-5554.67827723953
-5554.65141861699
-5554.60981354509
-5555.30171628666
-5554.47942481965
-5554.83159624876
-5554.83159624876
-5554.83159624876
-5554.83159624876
-5554.83159624876
-5554.68783953478
-5555.16077561492
-5556.01774924857
-5555.32763163653
-5554.5125649446
-5555.13210217488
-5555.16465421522
-5555.17902812367
-5555.10037934757
-5554.63283266974
-5554.83159624876
-5554.83159624876
-5556.01554425638
-5554.51237432105
-5555.31580176482
-5554.66487844832
-5556.02517039408
-5554.83159624876
-5554.6169563393
-5554.52523535064
-5554.83159624876
-5555.12925637496
-5555.96565232787
-5554.5815853843
-5554.83159624876
-5554.83159624876
-5554.61272398657
-5554.56264580647
-5554.50874005071
-5556.00933763366
-5554.83159624876
-5554.6452581446
-5554.6524738309
-5556.05470715992
-5554.72232160851
-5554.62766447568
-5555.30650390142
-5554.80663010143
-5554.83159624876
-5555.15787425667
-5554.83159624876
-5554.83159624876
-5554.54584370724
-5555.08526049009
-5556.08358405384
-5554.44937023343
-5554.5985951802
-5554.62786838201
-5556.10004692446
-5554.5442339648
-5555.16405037068
-5556.05059078573
-5554.57970526289
-5555.99620629583
-5554.83159624876
-5555.97980555493
-5556.0672818319
-5555.19676614103
-5556.08377973423
-5556.14623385383
-5554.62820640057
-5554.61755547351
-5555.16849149992
-5554.62792746678
-5554.83159624876
-5555.15263800149
-5554.65439400545
-5554.97998896735
-5555.03533618432
-5555.98365860854
-5554.60338796204
-5555.15835752297
-5554.49309643654
-5555.97131934646
-5554.83159624876
-5555.33100358303
-5554.54915031475
-5556.01597214153
-5554.83159624876
-5554.45042963169
-5555.07382213297
-5554.83159624876
-5554.60184264607
-5554.51065492421
-5555.14381849363
-5555.91476654006
-5556.01460825333
-5554.83159624876
-5554.66030436914
-5555.28303901664
-5555.884396826
-5555.0612803088
-5554.6489903482
-5554.83159624876
-5554.83159624876
-5554.54593201962
-5554.49148253595
-5554.83159624876
-5554.5903810802
-5554.57428840184
-5554.45750926907
-5554.66764096737
-5554.83159624876
-5555.13589460135
-5554.57104613424
-5556.12817182578
-5555.21611030092
-5555.97585852009
-5554.46644834192
-5555.18530724201
-5555.27541815246
-5554.83159624876
-5554.59949741523
-5554.57989697472
-5554.83159624876
-5554.67681439306
-5554.5733701083
-5556.03613677965
-5556.11761560069
-5556.11848352326
-5554.83159624876
-5554.83159624876
-5554.59526963549
-5554.83159624876
-5556.114715963
-5554.83159624876
-5554.51549526958
-5554.52675148192
-5555.32827265815
-5554.59926337949
-5554.59987690107
-5555.0908215266
-5554.58856801967
-5555.95600450213
-5555.05066602378
-5554.51890535989
-5554.54369556176
-5555.09249400309
-5556.03534150413
-5555.29126339683
-5554.58347359569
-5554.61832479422
-5556.0398868899
-5554.54073852817
-5555.15920976614
-5554.83159624876
-5554.83159624876
-5554.45152439194
-5554.58339427599
-5556.01467150103
-5555.94501281609
-5555.15029629646
-5554.83159624876
-5554.64702234063
-5554.71057328131
-5554.60434649501
-5554.6662599859
-5554.55702165051
-5554.83159624876
-5555.21194314113
-5556.03536765779
-5554.56880225879
-5554.45594681832
-5555.00717969163
-5556.00337873786
-5555.13004948945
-5554.83159624876
-5554.46460031594
-5556.04427240509
-5554.60914594392
-5554.83159624876
-5554.83159624876
-5554.58050359494
-5555.07024300208
-5554.63659794134
-5555.18590604218
-5555.90505469479
-5555.05137858692
-5554.46781383818
-5556.0837903521
-5556.09405133963
-5556.04361800265
-5555.2182590216
-5555.31606395534
-5554.64459556914
-5554.71814744828
-5554.83159624876
-5555.33843260086
-5554.83159624876
-5554.83159624876
-5556.1272816393
-5554.60082731549
-5554.56629264482
-5554.83159624876
-5554.52432662097
-5554.61601546982
-5554.83159624876
-5555.25534819495
-5554.6170219722
-5554.59814649867
-5554.83159624876
-5555.25435240676
-5554.60927741311
-5556.03276820469
-5554.67676435657
-5554.5732931466
-5556.07223301022
-5554.5458407751
-5555.33475507092
-5554.64569941368
-5554.81104356304
-5554.65737330722
-5555.3874078405
-5554.55406636767
-5556.1189166064
-5554.61090533518
-5554.84713858878
-5555.32218655286
-5556.04938456872
-5554.71346692709
-5554.63887880868
-5555.10957087872
-5554.65496325267
-5555.29442225744
-5554.77654555264
-5556.11812332291
-5554.67699456992
-5555.30936263818
-5554.83159624876
-5554.65317780484
-5554.71499072477
-5555.9974227846
-5554.67615730253
-5554.67892715982
-5554.83159624876
-5554.6745728824
-5556.05834383219
-5554.42760676849
-5554.54662730242
-5554.83159624876
-5555.22546472134
-5556.09637222595
-5555.15472656102
-5556.07420986813
-5554.54610322807
-5556.0305409673
-5554.54121204051
-5554.83159624876
-5554.83159624876
-5555.20033907506
-5554.83159624876
-5555.21448408655
-5554.62855051518
-5555.32301186334
-5556.07860862692
-5554.51360495788
-5554.83159624876
-5555.9790074221
-5555.05968039075
-5555.19005513943
-5554.56268148654
-5554.6504951021
-5554.59353604208
-5554.83159624876
-5556.01321275217
-5554.83159624876
-5554.57802484298
-5556.07214327764
-5555.11514752107
-5554.83159624876
-5555.99929085886
-5554.83159624876
-5556.04292571699
-5554.83159624876
-5554.5057259506
-5554.62395385751
-5555.04969653839
-5556.02396041011
-5555.95137226389
-5556.0497873666
-5555.18038752368
-5554.83159624876
-5554.55326703792
-5554.83159624876
-5554.53673491899
-5556.04285105901
-5555.30362537205
-5554.52543163281
-5555.18562165748
-5554.64373294453
-5555.19848978424
-5555.98362298815
-5554.50538801517
-5556.03226543636
-5554.60314408678
-5554.83159624876
-5554.59045144528
-5556.03067673909
-5554.83159624876
-5554.54274868032
-5556.03681873637
-5555.95075066246
-5554.54308283898
-5554.57914929768
-5554.83159624876
-5555.18814169321
-5554.83159624876
-5554.61896591138
-5554.83159624876
-5554.66664274116
-5554.83159624876
-5554.60909861816
-5554.59241190792
-5555.24195862195
-5555.13776101368
-5554.51329422181
-5554.52058280017
-5555.13741410852
-5554.58332238836
-5554.65619256826
-5554.83159624876
-5554.83159624876
-5554.56660369746
-5555.1127411101
-5556.00419628541
-5555.93597026583
-5554.83159624876
-5555.30618523534
-5555.98072722778
-5555.95908210886
-5554.67668032949
-5554.73713060337
-5554.48353493348
-5556.02066347254
-5555.15562038182
-5555.01683372155
-5554.53399354691
-5554.64589847399
-5554.83159624876
-5554.60882763348
-5554.65673917648
-5554.52405996354
-5554.5161016523
-5554.56268500762
-5555.08501024582
-5554.56581396564
-5555.12684307922
-5555.07218847291
-5554.37577951122
-5555.9682839042
-5554.83159624876
-5554.83159624876
-5554.83159624876
-5554.49006917464
-5555.11748754571
-5555.9966042955
-5555.96019927566
-5554.50744220573
-5554.62912215872
-5554.83159624876
-5555.13313210867
-5554.95869541979
-5555.96357232565
-5554.83159624876
-5555.17561500211
-5554.55269403983
-5554.83159624876
-5555.97448455747
-5554.59990755276
-5554.54152928437
-5554.83159624876
-5554.64857950392
-5556.04481615919
-5555.0878658807
-5555.97910799772
-5555.11633767412
-5554.9922060926
-5554.91830933861
-5555.16291338053
-5554.83159624876
-5554.5805478857
-5555.94107313951
-5554.83159624876
-5556.02601583869
-5554.83159624876
-5554.4454294473
-5554.83159624876
-5554.60874313316
-5555.9793973812
-5556.01194150428
-5555.95725594023
-5554.65863748151
-5556.07175908481
-5554.55216973284
-5554.50441058259
-5555.13929049823
-5554.65835810882
-5556.01500969924
-5555.28367635753
-5556.12251661381
-5554.83159624876
-5555.12683192805
-5554.49608203454
-5554.83159624876
-5556.00786532908
-5554.56241489816
-5554.59997647293
-5556.04565617962
-5554.83159624876
-5554.62843008085
-5554.63122505404
-5555.34498810045
-5554.62582463992
-5554.66616110228
-5554.66832958254
-5554.589495214
-5554.512928753
-5554.83159624876
-5554.4136338554
-5555.98133294677
-5554.573986057
-5554.67248263799
-5554.59840547878
-5556.05942455081
-5554.48277261916
-5555.30547991893
-5554.67607683318
-5555.41978773975
-5554.65895336911
-5554.83159624876
-5554.83159624876
-5556.02807169435
-5556.04243643489
-5554.62373586172
-5556.01371348347
-5554.55992968768
-5554.69256543627
-5554.6704855842
-5554.83159624876
-5554.60492396139
-5556.05295451382
-5554.83159624876
-5555.20065821165
-5554.58304765187
-5554.5518230079
-5555.13542316931
-5554.47634756386
-5554.45794492699
-5556.04992896983
-5556.0530624818
-5556.0961025996
-5555.04028355815
-5554.83159624876
-5555.38350970022
-5554.61976842716
-5554.47007346548
-5554.55412672099
-5554.83159624876
-5555.27503880731
-5554.72521764462
-5554.83159624876
-5556.01285365196
-5555.04696931948
-5554.83159624876
-5554.59335796424
-5555.24823803561
-5555.32110620693
-5555.18931851041
-5554.5166942394
-5554.83159624876
-5554.83159624876
-5554.78219250481
-5554.58725791664
-5554.83159624876
-5555.04816237235
-5554.59765980538
-5555.97635203895
-5555.12152116741
-5554.68318998794
-5555.11573671247
-5555.14639847277
-5556.0302253647
-5554.58405963662
-5554.58261878573
-5556.02873330601
-5555.16594001742
-5556.03631008715
-5554.83159624876
-5554.41404823851
-5555.07876545579
-5554.4936010466
-5554.83159624876
-5554.59205361633
-5556.04107909922
-5554.41643288837
-5554.58253584951
-5554.66703063526
-5556.02557496926
-5554.67558866011
-5554.66470330572
-5555.09268135322
-5555.05893295348
-5555.9882276731
-5554.58793168399
-5554.57625655415
-5555.30990695199
-5555.29671529439
-5554.83159624876
-5554.75327282121
-5556.11801150239
-5555.31363006165
-5554.69354746579
-5554.57343872184
-5554.48512907209
-5556.0987588112
-5556.09159587311
-5554.49646654942
-5554.53357429386
-5554.52986027412
-5554.64664485738
-5556.11253755453
-5556.0940708958
-5554.66694360314
-5555.0758442963
-5556.00065001354
-5555.00398100436
-5556.08087224726
-5554.58859779264
-5556.06195975629
-5556.10760298369
-5554.57015044694
-5554.42999522736
-5556.03300297553
-5554.62046884597
-5554.83159624876
-5554.69317511768
-5554.59121473424
-5556.07742170032
-5556.18549099042
-5554.83159624876
-5554.83159624876
-5554.4591407939
-5555.10441494061
-5556.08025269148
-5554.52003247002
-5555.91186652572
-5554.66101076717
-5555.20520139831
-5554.83159624876
-5555.13303506221
-5555.98279352632
-5555.9765457717
-5554.46432789588
-5554.48723394041
-5554.47864322113
-5555.23632320632
-5554.83159624876
-5554.5635623323
-5556.08935057552
-5554.83159624876
-5556.06646569818
-5554.83159624876
-5554.61900402681
-5556.01950655251
-5554.49390516547
-5554.83159624876
-5556.00605132179
-5554.83159624876
-5555.01881836634
-5554.53019019324
-5554.83159624876
-5554.51942296554
-5554.56686176089
-5555.31948438307
-5554.83159624876
-5554.50788208637
-5556.02891579672
-5554.64366621127
-5554.83159624876
-5555.19243350664
-5554.60162921173
-5554.83159624876
-5554.83159624876
-5554.72339553737
-5554.56973799208
-5554.83159624876
-5555.16978772912
-5554.5873379437
-5555.9297828685
-5555.17547243274
-5554.60734768639
-5555.18206006883
-5554.6284442143
-5556.06650675767
-5554.57685115399
-5555.15976792395
-5554.55903666473
-5554.60730557129
-5555.295437715
-5554.83159624876
-5555.06551514117
-5554.55166620215
-5555.15473286649
-5554.64051209255
-5556.06972287456
-5554.83159624876
-5554.52199224608
-5554.83159624876
-5556.13019751915
-5555.22438793245
-5554.36954023353
-5554.4556604299
-5554.53711334197
-5554.83159624876
-5555.17343859375
-5556.00108907839
-5555.25735420807
-5554.83159624876
-5554.83159624876
-5554.48603253891
-5556.0606483563
-5556.13602205696
-5556.08903616619
-5554.83159624876
-5555.20470348908
-5556.13401793414
-5556.00776784113
-5554.58099675716
-5555.2140029078
-5554.83159624876
-5554.83159624876
-5555.96139000876
-5554.83159624876
-5554.53112933738
-5554.57305410726
-5554.30435823302
-5556.17193765538
-5554.83159624876
-5554.58192023364
-5555.23514362379
-5554.4446314764
-5554.83159624876
-5554.31871441191
-5555.98097588524
-5556.07444654776
-5555.13041336668
-5556.04992003877
-5554.57597865464
-5554.5750654762
-5554.83159624876
-5554.46064097856
-5555.99713595618
-5554.50618782489
-5554.83159624876
-5554.83159624876
-5555.11207261802
-5554.92519605334
-5555.09415485829
-5554.47603578295
-5554.83159624876
-5554.83159624876
-5554.60672914879
-5554.50338693289
-5555.96305978612
-5554.64735127808
-5556.00109115306
-5554.58537457681
-5555.15559315467
-5555.91477611729
-5555.11327086469
-5554.50615310899
-5555.21703966371
-5554.64370050126
-5554.54152806192
-5554.54331465776
-5554.83159624876
-5555.18314285382
-5555.0777045503
-5555.87936152116
-5554.83159624876
-5555.08572657273
-5554.5197417136
-5555.92788672005
-5555.94560203496
-5554.83159624876
-5555.20201464841
-5554.83159624876
-5555.08505096366
-5555.90119558897
-5554.59313796603
-5554.63109864688
-5554.67330156453
-5554.55717622708
-5554.83159624876
-5554.65212740248
-5554.83159624876
-5554.64277870795
-5555.11497751497
-5554.56744576819
-5554.83159624876
-5554.5397624594
-5555.16560285572
-5554.83159624876
-5554.53295327314
-5556.12245570367
-5555.10840977031
-5555.15357975984
-5555.07963012756
-5555.13506927871
-5554.63037803512
-5554.60388680783
-5554.53645838606
-5555.98608534608
-5555.08634412187
-5555.10240802922
-5555.9029706987
-5554.49708445185
-5554.41411548194
-5554.48899692114
-5556.08568101127
-5555.21122808883
-5554.56322027966
-5555.98320297436
-5554.83159624876
-5554.49471837362
-5556.06609625352
-5554.83159624876
-5554.54183253966
-5554.63366388523
-5555.99756615107
-5554.83159624876
-5555.96181311325
-5556.00430954541
-5555.20816961894
-5554.56916633427
-5554.61196065538
-5555.22674956091
-5554.83159624876
-5554.54264912977
-5554.83159624876
-5554.53361490789
-5554.83159624876
-5554.83159624876
-5554.83159624876
-5555.97595204533
-5554.83159624876
-5554.59812321327
-5554.83159624876
-5556.07751512692
-5555.98421354029
-5554.5350381908
-5554.57956206089
-5555.12771196195
-5554.83159624876
-5554.60537924832
-5555.05098281614
-5554.4399889125
-5554.45629138558
-5554.83159624876
-5554.83159624876
-5555.27354935248
-5554.83159624876
-5556.03967838553
-5554.47966360651
-5554.83159624876
-5554.47135925278
-5554.95212328772
-5555.20706492877
-5554.39258929991
-5556.0852759208
-5554.53893952874
-5555.99046400922
-5555.10568523741
-5555.97191142085
-5554.39947969964
-5554.83159624876
-5556.01214415688
-5555.96709671369
-5555.95963263694
-5554.83159624876
-5554.83159624876
-5554.64528652036
-5554.57971321659
-5554.83159624876
-5555.22474246332
-5554.49773908711
-5555.25183511703
-5554.40690138004
-5555.22353087792
-5556.0081509084
-5556.05308633553
-5556.04596745177
-5555.32826112087
-5554.61768842322
-5554.68976942821
-5554.83159624876
-5554.55141016516
-5554.6037891457
-5555.17116883284
-5554.58583441115
-5556.12080579124
-5555.33825286286
-5554.59874966876
-5554.47996058703
-5554.53629764481
-5556.00898516238
-5555.90522670671
-5554.83159624876
-5554.48103224742
-5555.96363485281
