# type 3 occupying energies
-5555.1137099596
-5556.61510803157
-5556.75223930638
-5555.63142902886
-5555.11544533481
-5555.36916682789
-5556.55365363957
-5555.11471421312
-5555.20204988099
-5555.16878154976
-5555.17155748007
-5555.17631669289
-5555.42602910809
-5555.37779988261
-5556.78213982717
-5556.75558357553
-5555.65979899115
-5555.84432360451
-5555.17005341827
-5555.25720745839
-5555.25243602576
-5555.84432360451
-5555.23880976135
-5555.27556742169
-5555.17840314616
-5555.17859089785
-5555.29183086496
-5555.10304912221
-5555.84432360452
-5556.68305450588
-5555.49983181892
-5556.7319528189
-5555.25716596609
-5555.41324628882
-5555.17410471183
-5556.68357869773
-5555.14868262287
-5555.42473741211
-5556.72731698253
-5555.84432360451
-5555.33447911481
-5556.79065088385
-5555.84432360451
-5555.84432360451
-5555.20993719371
-5555.57458361682
-5555.31845756981
-5555.26425206259
-5555.84432360451
-5555.35143267768
-5555.20243962447
-5555.40904990648
-5556.84084419497
-5556.70773246779
-5555.19656289412
-5555.84432360452
-5555.84479061149
-5555.84432360452
-5555.60090504811
-5555.17432647662
-5555.84432360451
-5555.59742782665
-5555.44704948243
-5556.72743401069
-5555.14963623467
-5555.55472741757
-5555.2687780013
-5555.35895773437
-5556.76921551102
-5555.35851354675
-5555.47844940313
-5555.25238656638
-5555.63786401143
-5555.84432360452
-5556.72528423585
-5555.31347640067
-5555.18421591044
-5555.84432360451
-5556.81862552334
-5556.88010903965
-5556.77663205448
-5555.10622006185
-5556.84553558905
-5556.73202028064
-5555.56518847707
-5555.84479061149
-5555.25034320053
-5556.61203029974
-5555.10042404685
-5555.27691196606
-5555.24166860584
-5556.77334929258
-5556.71599145474
-5555.24240567057
-5555.50335846727
-5555.19535450808
-5555.84432360451
-5555.84432360451
-5555.1491491004
-5555.51773322073
-5555.84432360452
-5555.49550604942
-5555.25193566869
-5555.45877836301
-5555.34656865914
-5555.14417698472
-5555.16772306496
-5555.13104889617
-5556.66437485635
-5555.24838515213
-5555.84432360452
-5555.24132734571
-5555.45791419406
-5555.47473703204
-5555.31838731801
-5555.35361657808
-5555.30135776106
-5555.84432360451
-5556.64873528903
-5555.84432360452
-5555.17085237732
-5556.59871630391
-5555.67239162286
-5555.21682402736
-5555.84432360452
-5556.78773559808
-5556.61024469833
-5555.84432360451
-5556.78218849832
-5555.18244392469
-5556.73724097863
-5555.14879770804
-5555.43459959172
-5556.71928479152
-5555.45538964625
-5555.2480899153
-5555.4557666855
-5555.2918755506
-5555.37787843986
-5555.15713206443
-5555.12907831516
-5555.25076544743
-5555.43119711285
-5555.84432360451
-5555.84432360452
-5555.84432360451
-5555.13043235484
-5555.27059062467
-5556.74043427808
-5555.24921664907
-5555.12702651856
-5556.56899501701
-5555.84432360451
-5555.60953401758
-5555.84432360451
-5555.39421563179
-5555.25052292197
-5555.27713173547
-5555.50297240999
-5555.48988865595
-5555.84432360451
-5556.65839279445
-5555.41688814614
-5555.23109557561
-5556.62110211411
-5555.25286717777
-5555.45879463754
-5556.72835453771
-5555.84432360451
-5555.84432360451
-5555.41354805707
-5555.46453653251
-5555.22781818796
-5555.34546989689
-5555.32329532425
-5555.19406357435
-5555.18015502449
-5555.15629236944
-5556.60347232676
-5555.36643757312
-5555.13397215664
-5555.26551137019
-5556.65344298007
-5555.49557846148
-5555.21297733235
-5555.42005013163
-5555.13014081601
-5555.42513229497
-5555.84432360451
-5556.63136029304
-5555.18896135527
-5556.62201275767
-5555.18985082549
-5555.17643249952
-5555.38984768828
-5555.17056492258
-5556.66944526196
-5555.17956842051
-5555.64680656148
-5555.26018206162
-5555.57399507891
-5556.56707832908
-5555.84432360451
-5555.26721405026
-5555.30190196864
-5555.20627094804
-5555.06046986769
-5555.47115065423
-5555.38328882783
-5555.37843759901
-5555.33338109934
-5555.84432360452
-5555.25843252673
-5555.19885837523
-5555.84432360451
-5555.21497662554
-5555.23222270723
-5555.84432360452
-5555.84432360451
-5555.37519511408
-5556.62905490486
-5555.34327176741
-5555.50433089369
-5555.19743909406
-5555.84432360452
-5555.34101050229
-5555.34286631448
-5555.51953001641
-5555.07176223303
-5556.53846283015
-5555.22671452585
-5555.6928746151
-5555.84432360451
-5555.84432360452
-5555.21678949187
-5555.3255742259
-5555.13548436845
-5555.31150063369
-5555.23025867286
-5555.28569830697
-5556.58800197628
-5555.17256471696
-5555.30538077054
-5556.53668012602
-5555.47368261199
-5555.2635109887
-5555.41046846005
-5556.5906151431
-5555.3470788118
-5555.10855800985
-5555.84432360452
-5555.84432360451
-5555.61080964333
-5555.25491399555
-5555.27164701358
-5555.23682715517
-5555.26991978552
-5555.34268606454
-5555.6228372291
-5555.26690794681
-5555.27005541451
-5555.08131210649
-5556.62613470513
-5556.71640694609
-5555.38615231168
-5555.51159056061
-5555.41759257142
-5555.23625322015
-5555.43155218183
-5555.21517015519
-5555.52758943217
-5555.17505604482
-5555.60688044526
-5555.34468379873
-5556.65049629931
-5555.84432360451
-5555.84432360451
-5555.84432360451
-5555.84432360452
-5555.84432360451
-5555.48359207592
-5556.64919298
-5555.38340782506
-5556.69696260913
-5555.84432360452
-5555.84432360451
-5555.47580117374
-5556.68664060432
-5555.22797524507
-5555.69758674025
-5555.84432360451
-5555.33471531349
-5555.84432360452
-5555.84432360451
-5555.17724584037
-5555.51456421913
-5555.22958163165
-5555.22193940241
-5556.83976103962
-5556.73888048657
-5555.3654577718
-5555.84432360451
-5556.66263461779
-5555.16694115863
-5555.3638442322
-5555.84432360451
-5555.84432360452
-5555.56398291255
-5555.27384163247
-5555.16472948963
-5555.30262812521
-5555.57811489646
-5555.15113321687
-5555.30406073238
-5555.1405897898
-5555.4045585662
-5555.60185375919
-5556.58013197901
-5555.30602385205
-5555.39179483367
-5555.22908281308
-5555.2440823538
-5555.84432360451
-5555.179815776
-5555.84432360452
-5555.63052180097
-5555.44057522019
-5555.09941084853
-5555.08473648725
-5555.27731252727
-5555.35253795071
-5555.13164422013
-5555.11884610136
-5555.29973463488
-5556.64999344013
-5556.62189037102
-5556.64662539287
-5555.84432360451
-5556.57979902351
-5555.53342951019
-5555.3528997354
-5555.84432360451
-5556.61818156593
-5555.48971597142
-5555.84432360451
-5555.84432360451
-5556.61729596431
-5555.24435498642
-5555.24457797492
-5555.84432360451
-5555.84432360452
-5555.51114709995
-5555.84432360451
-5555.62617934255
-5555.36696906001
-5556.67676894936
-5555.19315303977
-5555.14375582603
-5555.64303063002
-5555.84432360452
-5555.1745079977
-5556.64683460812
-5555.5822048289
-5555.36161944263
-5555.41741412151
-5556.61174136343
-5555.17905466854
-5555.48199329465
-5555.84432360451
-5555.51203976342
-5555.84432360452
-5555.84432360451
-5556.83970063768
-5555.84432360451
-5555.84432360451
-5555.25288291858
-5555.49610244305
-5555.25535650992
-5556.86830580642
-5556.69826185383
-5555.84432360451
-5555.36868401047
-5555.63965014071
-5555.2052049285
-5555.84432360451
-5555.41147627511
-5555.42486086596
-5555.22385696164
-5555.84432360451
-5555.46158656744
-5555.26648402402
-5555.47586246747
-5555.36540720259
-5555.24635762185
-5555.84432360451
-5556.68342367884
-5555.13661088345
-5555.49571682037
-5555.84432360451
-5555.19313634013
-5556.72552846147
-5555.37404210697
-5556.54673368001
-5556.63848253946
-5555.84432360452
-5556.74358765479
-5556.82357848019
-5555.84432360452
-5555.42950256032
-5555.84432360452
-5556.74832476477
-5556.7504371621
-5555.42721159034
-5555.34200989235
-5555.14646578672
-5555.27202759031
-5555.5367485045
-5556.5774630033
-5555.47784666924
-5555.45790415897
-5555.26297146951
-5555.21318236332
-5555.84432360452
-5555.20925597443
-5555.15955959979
-5556.59027784164
-5555.84432360452
-5555.18284958849
-5555.4442109543
-5555.84432360452
-5555.84432360451
-5555.34443695944
-5555.15825354672
-5555.29339275562
-5555.2223347265
-5555.22666580846
-5555.84432360452
-5555.21344058213
-5555.29676968832
-5555.19614117599
-5555.18562211926
-5556.59371856195
-5555.43372943887
-5556.72139469249
-5555.28280460836
-5555.33247718554
-5555.26826636282
-5555.3956859977
-5555.84432360451
-5556.70257276147
-5555.84432360451
-5555.29848131243
-5555.21582771242
-5555.84432360451
-5555.65042949829
-5555.33104814749
-5556.52712130654
-5555.44414345556
-5555.84432360451
-5556.79410605517
-5555.84432360451
-5556.63699289458
-5555.31822367377
-5555.84432360451
-5555.20789025366
-5556.52116603599
-5555.84432360451
-5555.46681609535
-5555.84432360452
-5555.23726096468
-5555.3903137114
-5555.84432360451
-5555.23949421697
-5555.35955480699
-5555.26430186758
-5555.5667530135
-5555.23217516344
-5555.30964306173
-5556.68240857977
-5556.62043631211
-5555.84432360451
-5555.47155973804
-5556.65610753927
-5555.14751686949
-5556.63206832756
-5555.16392503662
-5555.45364251709
-5555.1966845906
-5555.4433842246
-5555.31626371181
-5555.2614469939
-5555.23665982799
-5555.1835946783
-5555.32961517452
-5556.62249053401
-5555.17289867598
-5555.84432360451
-5556.6195863262
-5555.22985898922
-5556.63024325489
-5555.48873198914
-5555.11936753602
-5555.19627222166
-5555.19948097906
-5555.20302615748
-5555.24824899296
-5555.49421064138
-5556.69711732039
-5555.31743143462
-5556.78773738407
-5555.16407763432
-5555.55526755139
-5555.19542014874
-5555.84432360451
-5555.30268988444
-5555.1484323583
-5556.65554887353
-5555.53402386886
-5555.47625093769
-5555.84432360452
-5555.84432360451
-5555.20988884121
-5556.71978929178
-5556.82583419905
-5555.84432360451
-5555.84432360451
-5555.84432360451
-5556.81274474254
-5555.84432360451
-5555.84432360451
-5556.7509552775
-5555.84432360452
-5555.84432360451
-5555.62334017921
-5556.78760229632
-5555.67625418272
-5556.79431981975
-5555.84432360451
-5555.71679897398
-5555.27622210511
-5555.24775294629
-5555.4767691111
-5555.21187606034
-5555.26933291435
-5556.58317370148
-5555.5205527352
-5555.84432360451
-5556.64335557072
-5555.29479695294
-5555.63892613778
-5555.84432360451
-5555.16762937494
-5555.20084137172
-5555.33448448364
-5555.17461853792
-5555.84432360452
-5555.09934984419
-5555.4472252361
-5555.45120554603
-5555.41102494501
-5555.54419528121
-5555.42268536768
-5555.3603037177
-5555.84432360451
-5556.61662966135
-5555.84432360451
-5555.18375278576
-5555.84432360452
-5555.84432360451
-5555.84432360451
-5555.84432360451
-5555.30035004029
-5555.3974788137
-5555.48191230996
-5556.58992448404
-5555.17037132086
-5555.84432360451
-5555.30041547688
-5556.55596798245
-5555.38143808142
-5555.19507005773
-5555.225881378
-5555.42827810477
-5555.84432360451
-5556.57047989692
-5555.2768404019
-5555.421477199
-5555.47439405467
-5555.2549319663
-5555.32431534931
-5555.13541672297
-5556.61792427541
-5555.52131744089
-5555.19684617801
-5555.21384335717
-5556.59564998493
-5555.26764187101
-5555.21262745326
-5555.84432360452
-5555.3134301373
-5555.47894032041
-5555.84432360451
-5555.50226356202
-5555.44920002229
-5555.15019364012
-5555.84432360451
-5556.71849217052
-5555.14955514086
-5555.22745414424
-5555.23279927662
-5556.61644103163
-5555.31859050917
-5555.84479061149
-5556.62765652178
-5555.21765176436
-5556.68998167134
-5555.67499792768
-5556.71754707478
-5556.60824287413
-5555.84432360451
-5556.72061262437
-5555.48768198581
-5555.2495841516
-5555.30606805051
-5555.84432360452
-5555.32782164541
-5555.36281634021
-5555.84432360451
-5555.32554994821
-5555.84432360451
-5555.84432360451
-5556.68597437633
-5555.41010994469
-5555.84432360451
-5555.20158185199
-5555.84432360451
-5555.4353533837
-5555.84432360451
-5555.21711552782
-5556.62068715112
-5555.66079942984
-5555.16107221342
-5555.84432360451
-5555.67993910223
-5555.1739197608
-5555.10673948122
-5555.84432360452
-5556.67241012786
-5556.64123483834
-5555.38425746434
-5555.31347021518
-5555.84432360452
-5556.58824527917
-5555.84432360451
-5555.34193740692
-5555.53615673795
-5555.59399817416
-5555.26433166968
-5555.18173117506
-5555.60914911662
-5555.15340239782
-5555.17354446848
-5555.19092483877
-5555.28298597402
-5555.58055635955
-5555.84432360451
-5555.28425372913
-5556.7603718809
-5555.84432360451
-5556.67573203789
-5555.1415481205
-5555.84432360451
-5555.84432360451
-5555.46099121523
-5555.39758230381
-5555.2327476415
-5555.43975479798
-5555.15749916505
-5555.24724362986
-5556.58159757302
-5556.64598245647
-5556.65229303031
-5555.451300633
-5555.40775469658
-5555.22355147381
-5555.44262918001
-5556.64275033629
-5555.31527223502
-5555.21930881004
-5555.2368519824
-5555.84432360452
-5555.30840907273
-5555.37513503541
-5555.84432360452
-5555.3025904925
-5556.65716397869
-5555.84432360452
-5555.18299936637
-5555.27797402512
-5555.84432360451
-5556.52870703687
-5555.84432360451
-5555.20593870289
-5555.27108007493
-5556.60399138878
-5555.15826425763
-5555.84432360451
-5555.47765919195
-5555.6663095194
-5555.15062264659
-5555.39143074103
-5556.68237819183
-5556.85091087148
-5555.84432360451
-5555.36207053263
-5555.25566044293
-5555.22824801048
-5555.20069646282
-5555.23852960987
-5555.21808092067
-5555.36177767489
-5555.46479445303
-5556.72505582872
-5555.19583133085
-5555.20807158096
-5555.84432360452
-5556.84943141993
-5555.84432360451
-5555.50327046839
-5555.10870868509
-5556.60627579051
-5555.32959231204
-5555.48714415239
-5555.45875270361
-5555.18082141706
-5555.84432360451
-5555.38065029592
-5555.84432360451
-5556.77783898476
-5555.84432360451
-5555.24481390426
-5556.72495420894
-5556.702746399
-5556.74060917569
-5555.84432360451
-5555.84432360451
-5555.25612966565
-5555.38616310601
-5555.49229250569
-5555.84432360452
-5555.51279724076
-5555.42319000287
-5556.82751693669
-5555.26675138851
-5555.22887422693
-5555.3537949995
-5555.26706605796
-5555.25689190385
-5555.45680773224
-5556.63129190398
-5555.2373278613
-5555.23458760407
-5555.47710056778
-5555.84432360451
-5555.26989949054
-5556.71820945057
-5555.31608534508
-5555.24348228748
-5556.68037431505
-5555.19343311076
-5555.84432360451
-5555.2996842364
-5555.23856867429
-5555.32628546272
-5555.84479061149
-5555.23069644201
-5556.63268433199
-5555.18213501719
-5555.37138074126
-5555.84432360452
-5556.6038986923
-5555.21770757509
-5555.31072613393
-5555.84432360452
-5555.27245097524
-5555.84432360452
-5555.30654940282
-5556.65591328756
-5555.33315872568
-5555.84479061149
-5555.4410065245
-5555.23161975316
-5555.17143800578
-5556.53100710392
-5555.22783016512
-5555.27917044539
-5555.46090051139
-5555.19738061539
-5556.62221051865
-5555.16167167232
-5555.18623756365
-5555.52972735696
-5555.84432360451
-5556.7706506891
-5555.84479061149
-5556.696541528
-5555.34912878801
-5556.78943112442
-5555.17562478701
-5555.43792757034
-5555.51900859016
-5555.84432360452
-5555.36062890901
-5555.84432360451
-5555.29989563386
-5555.84432360452
-5556.71664167302
-5555.14783651492
-5555.60496945316
-5556.52613985004
-5555.84432360452
-5555.84432360452
-5555.17506464919
-5555.24170596352
-5555.24624202954
-5555.40446587366
-5556.84149220518
-5555.68339758555
-5555.39936219058
-5556.73170841725
-5555.84432360451
-5555.59717220254
-5556.61655612007
-5555.42651654969
-5556.80085756724
-5555.49189673259
-5555.2545949682
-5555.33928093225
-5555.84432360452
-5556.67384162344
-5556.69823939965
-5556.61635712855
-5555.84432360451
-5555.552473251
-5555.27345414871
-5555.41339252385
-5555.26992337832
-5556.75864496184
-5555.84432360451
-5555.10795632996
-5555.84432360451
-5555.2527336742
-5555.84432360451
-5556.70354768035
-5555.15862048774
-5556.65989612438
-5555.36270855151
-5555.48776123238
-5555.19565224426
-5556.59655660694
-5555.46890112188
-5555.23321290295
-5556.76624036495
-5556.68766082487
-5555.19009735463
-5555.23989894345
-5555.41426898488
-5555.84432360451
-5555.4554449181
-5555.21426047102
-5555.49085843192
-5555.25742763889
-5555.47897280315
-5555.13627064915
-5555.2668968093
-5555.84432360451
-5555.84432360451
-5555.18652881775
-5555.36068251014
-5555.84432360451
-5555.18698168424
-5555.39055001619
-5555.51170117558
-5555.43917863135
-5555.31944612388
-5555.84432360451
-5556.71714810386
-5556.70163631509
-5555.53564055056
-5555.84432360451
-5556.73034273552
-5556.7156477234
-5555.35430997816
-5555.30948757435
-5555.1962324135
-5556.61061201057
-5555.84432360451
-5555.84432360451
-5555.27576436372
-5555.33506535513
-5555.4243242594
-5555.12401379167
-5555.25500738537
-5555.2087359172
-5555.26005623206
-5555.24483526772
-5555.84432360451
-5555.31644073988
-5555.84432360452
-5555.84432360451
-5555.14571769185
-5556.7623642662
-5555.48158599067
-5555.65022466468
-5555.53142359991
-5555.32311513637
-5555.84432360451
-5556.74853595933
-5556.7515909687
-5555.23398317008
-5555.21361662895
-5555.51346434449
-5555.84432360451
-5555.84432360451
-5556.81570198759
-5555.63925308463
-5555.84432360452
-5555.27845516839
-5555.49759005753
-5556.79543573141
-5555.27510360459
-5555.20209321535
-5555.41726213734
-5555.18285325319
-5556.78798478735
-5555.84432360451
-5556.80441248348
-5555.84432360452
-5555.84432360451
-5555.84432360452
-5555.84432360452
-5555.37798355326
-5555.18812430824
-5556.80831801016
-5555.59760219495
-5556.74729951465
-5555.50190936051
-5555.17844416169
-5555.35339667142
-5555.26510119079
-5556.74931846548
-5556.78648193725
-5556.87692159945
-5555.31819506857
-5556.69564753364
-5555.29250932942
-5555.16984071232
-5555.84432360451
-5555.2297419805
-5556.63736090808
-5555.84432360452
-5556.77227012355
-5555.63430317539
-5555.84432360451
-5555.16834523701
-5555.44171151354
-5556.64482865312
-5555.180890573
-5555.28183574607
-5556.6290255146
-5555.44171292257
-5555.32989500986
-5555.30408892795
-5555.84432360451
-5555.13917325803
-5555.27047026649
-5555.2877096617
-5555.24430837256
-5555.11476877123
-5555.41398076427
-5555.14085540184
-5556.74204313421
-5555.19236421403
-5555.36604430934
-5555.20773185038
-5556.63218157324
-5555.13700682312
-5555.84432360451
-5555.2785978928
-5555.84432360452
-5555.18293716788
-5555.29750697985
-5555.38923472835
-5556.66632766768
-5556.70707229021
-5555.24913981639
-5556.64488379094
-5555.14215034917
-5555.2287838863
-5555.33520543714
-5555.41540968286
-5555.17924270492
-5555.22185295604
-5555.5027882684
-5555.84432360452
-5555.28693439762
-5555.26228912489
-5555.84432360451
-5555.18155291657
-5555.14860594163
-5556.62049198856
-5556.67466891225
-5556.72980765671
-5555.84432360451
-5555.42969886289
-5555.84432360451
-5555.21057089398
-5555.22995049816
-5555.26458705845
-5555.60621496616
-5555.84432360451
-5556.62557116443
-5555.53357965773
-5555.54302869534
-5555.84432360451
-5555.50162578397
-5555.28630112793
-5555.84432360451
-5555.84432360451
-5555.84432360451
-5555.22610389977
-5555.56154914226
-5555.40973672292
-5555.25582035468
-5555.25610273505
-5555.3930301065
-5555.84432360452
-5555.37583419198
-5556.65909970432
-5555.84432360451
-5555.33229136691
-5555.84432360451
-5555.84432360451
-5556.74378079128
-5555.15171419632
-5555.18081720964
-5556.68061837396
-5555.84432360451
-5556.77734741575
-5555.52369245501
-5555.22241290958
-5555.84432360451
-5555.21892872616
-5555.42033819945
-5555.35436924782
-5556.70598963605
-5555.1542947819
-5555.2626655795
-5555.25365063775
-5556.79831631842
-5555.22224995319
-5555.23860917219
-5555.84432360451
-5555.84432360451
-5556.52808711161
-5555.24050100399
-5555.22134323236
-5555.36765821361
-5555.84432360452
-5555.3944456575
-5555.26426359116
-5556.72460490074
-5556.69258916665
-5555.29116258897
-5555.32323982546
-5555.05532154934
-5556.83197320528
-5556.89995133979
-5555.16022947462
-5555.21661961022
-5555.16053415899
-5555.3659607691
-5556.87211290128
-5556.75104962987
-5556.6277652726
-5555.84432360452
-5556.7668221306
-5555.84432360451
-5556.78184558099
-5555.27316669426
-5556.91040734963
-5556.82725361754
-5555.22081837061
-5555.21517051552
-5556.72439837593
-5555.25405708153
-5555.41943719335
-5555.22500729089
-5555.16859137708
-5556.83874437362
-5556.82401345128
-5555.44912097707
-5555.72226930184
-5555.20052270124
-5555.84432360452
-5556.78721677617
-5555.21633669968
-5556.54125931668
-5555.36984136123
-5555.84432360451
-5555.51891792786
-5555.84432360451
-5556.65394455457
-5556.73528798062
-5555.20683004285
-5555.15889980452
-5555.28812441342
-5555.84432360452
-5555.60634882556
-5555.16187505783
-5556.61569727799
-5555.48637445389
-5556.73519588099
-5555.56639045968
-5555.24530991998
-5556.52401293347
-5555.08984466097
-5555.65112684018
-5556.56791400924
-5555.43389448546
-5555.84432360451
-5555.21453819309
-5555.70135200415
-5555.17524159426
-5555.21952370986
-5555.84432360451
-5555.35810547578
-5555.19708007573
-5556.68983629719
-5555.14197512674
-5555.38528863191
-5555.84479061149
-5555.22134085383
-5555.46291631731
-5555.32644246002
-5555.33574674347
-5555.25996332049
-5555.50242286117
-5555.84432360451
-5555.27172976588
-5556.61908663444
-5555.84479061149
-5555.3347246813
-5555.84479061149
-5555.25103142735
-5556.58362921905
-5555.32716698188
-5555.84432360452
-5555.10653055593
-5555.15458598202
-5555.84479061149
-5555.49163160517
-5555.84432360451
-5555.84432360451
-5555.84432360451
-5555.43024632276
-5556.6958262565
-5555.36276160873
-5555.17291353639
-5555.46478134473
-5556.67149004921
-5555.84432360452
-5555.15264572702
-5555.19952022316
-5555.24479674263
-5555.62496887011
-5555.84479061149
-5556.70611079796
-5555.84432360451
-5555.44310899965
-5555.63004872993
-5555.21893412584
-5556.67928401241
-5556.817064075
-5555.84432360451
-5555.49872439843
-5555.84432360452
-5556.87244507497
-5556.72900973235
-5555.3757490863
-5555.84432360451
-5555.39221450412
-5555.3957046659
-5556.66512924737
-5555.59702625937
-5555.16555626414
-5555.16693667175
-5555.07912961977
-5556.85488761932
-5555.65083559936
-5555.17465296012
-5555.84432360451
-5555.13222544901
-5555.41031815587
-5555.18744220523
-5556.70206675534
-5556.85832791819
-5555.84432360451
-5556.82400477495
-5555.574705155
-5555.42441276391
-5555.43012816314
-5555.18026144564
-5556.70223560639
-5555.04331912252
-5555.37915886953
-5555.44600312044
-5555.84432360451
-5555.84432360452
-5555.84432360452
-5555.17421010321
-5555.51912107417
-5555.47681779307
-5555.51168663569
-5555.1870033157
-5556.72488622574
-5555.35158286086
-5556.59654894988
-5555.30332937479
-5555.84432360451
-5556.68143758495
-5555.84432360451
-5555.10391517887
-5555.84432360451
-5555.32400333863
-5555.23469874614
-5555.25053219104
-5555.38730361778
-5555.84432360451
-5555.84432360451
-5556.75967798445
-5555.51336794306
-5555.84432360452
-5555.25404977207
-5556.75048097597
-5556.7075187534
-5555.46679520034
-5555.84432360451
-5555.50495589121
-5555.84432360451
-5556.69641718189
-5555.29628698402
-5555.41075254197
-5555.15196430954
-5555.11688129522
-5555.41755536871
-5555.2264100698
-5555.54667379877
-5555.29566886819
-5555.84432360451
-5555.25429345489
-5555.61943650957
-5555.17703475445
-5555.84432360451
-5555.67282261827
-5555.21078290461
-5556.83766131692
-5555.2793828696
-5555.84432360452
-5555.84432360452
-5555.84432360451
-5555.39206713914
-5555.19161902288
-5555.2527108047
-5556.72357967659
-5555.84432360451
-5555.84432360452
-5556.53343546803
-5555.34100808602
-5555.24949552553
-5555.18746323758
-5556.82070757127
-5555.84432360452
-5555.2947319404
-5556.7108736057
-5555.58318183242
-5555.18878691252
-5556.72126780199
-5555.47140924824
-5555.19291559997
-5555.24733723419
-5556.60614454651
-5555.49466202353
-5556.59065221893
-5555.84432360451
-5555.84432360451
-5555.24602151071
-5555.22727537236
-5555.84479061149
-5555.50721785876
-5555.20784772487
-5555.33742169621
-5555.13304815038
-5555.61326298184
-5555.44237323795
-5555.36758418559
-5556.71333469161
-5555.61928173301
-5555.15875331785
-5555.73138217856
-5556.71985354122
-5556.75843051951
-5555.15008372894
-5555.25213469674
-5555.84479061149
-5555.54006475485
-5555.25455574732
-5555.84432360452
-5555.07221556061
-5555.19859547725
-5555.50897171301
-5555.48983011978
-5555.84432360451
-5555.5159633364
-5556.68704332107
-5555.2002177963
-5555.4740233383
-5555.19915756367
-5555.84432360452
-5555.84479061149
-5555.28124762927
-5556.68210441491
-5555.18017888239
-5556.67786904895
-5555.84432360451
-5556.68234759191
-5555.16952397487
-5555.4883565251
-5556.73850391804
-5556.81805452261
-5556.7348925743
-5555.6579595369
-5555.45993148105
-5555.27548345849
-5555.84432360451
-5555.56396961116
-5555.84432360452
-5555.22775934432
-5555.84432360451
-5555.20010208331
-5555.84432360451
-5556.76789354306
-5556.66522637382
-5556.80333849448
-5555.84432360452
-5555.20672606512
-5555.32405433121
-5555.52232095842
-5555.23430626197
-5555.32120625639
-5555.84432360452
-5555.32907424837
-5556.7311782957
-5555.84432360451
-5555.25368764241
-5555.18796019272
-5555.28818079289
-5556.61095702854
-5556.61666793457
-5555.50898169946
-5555.22914318569
-5556.67760243588
