# type 3 occupying energies
-5552.60173825423
-5554.13678569914
-5554.26946867815
-5553.1545800642
-5552.63121923555
-5552.92546492414
-5554.06687806469
-5552.63427704108
-5552.68893339272
-5552.69964392979
-5552.99952487071
-5552.6834264462
-5552.97002541741
-5552.91866087283
-5554.34050489158
-5554.27541345348
-5553.18053963146
-5553.36561339725
-5552.69253069245
-5552.78184957385
-5552.77211465938
-5553.36561339725
-5552.75533566964
-5552.85359355388
-5552.69586737547
-5552.69929540923
-5552.82600772107
-5552.61638646807
-5553.36561339725
-5554.20891242064
-5552.95235684855
-5554.23429285077
-5552.77872892773
-5552.92992388876
-5552.68877494073
-5554.1198004325
-5552.72346163963
-5552.95350742828
-5554.24804725879
-5553.36561339725
-5552.92166452934
-5554.25940466513
-5553.36561339725
-5553.36561339725
-5552.7401183444
-5553.09807177966
-5552.83775453645
-5552.79054306213
-5553.36561339725
-5552.92308924051
-5552.73876801424
-5552.93005975424
-5554.32572504057
-5554.22588610194
-5552.708973053
-5553.36561339725
-5553.36561339725
-5552.76455759319
-5553.06776801261
-5552.76667488216
-5553.36561339725
-5553.07510493101
-5553.01257008409
-5553.01396696289
-5552.67090724657
-5553.06270598104
-5552.77029897854
-5552.89981650617
-5554.29411797374
-5552.93202375378
-5552.90800716101
-5552.8109539789
-5552.75727873648
-5553.36561339725
-5552.79984450286
-5552.78796590063
-5552.67419154163
-5553.36561339725
-5554.2769103565
-5554.33660473752
-5553.36561339725
-5552.67379861157
-5553.13928862574
-5554.23633188881
-5553.0343839763
-5553.36561339725
-5553.36561339725
-5554.1247342875
-5552.63924081478
-5552.80752487011
-5552.74722343804
-5554.28289761915
-5554.21938251454
-5552.74485266225
-5553.03505922507
-5552.75817562774
-5553.36561339725
-5553.36561339725
-5552.75496241276
-5552.71077760609
-5553.36561339725
-5553.08796290595
-5552.79256148532
-5553.02063553614
-5552.78740940626
-5552.6690353314
-5552.69369118165
-5552.64991719601
-5554.19166672974
-5552.75963579836
-5553.36561339725
-5552.75366325691
-5552.96013345196
-5552.96790498924
-5552.85072277771
-5552.91145615476
-5552.75561706108
-5553.36561339725
-5554.17995454203
-5553.36561339725
-5552.74013699019
-5553.36561339725
-5553.36561339725
-5552.84832306772
-5553.01696881964
-5554.3490525346
-5554.11978681889
-5553.36561339725
-5554.32910313012
-5552.70821892803
-5554.25886903432
-5552.69240917791
-5552.96423870303
-5554.27877208039
-5553.00654435995
-5552.87263898543
-5554.23128487743
-5552.87227652049
-5553.03326156596
-5553.36561339725
-5552.62414467084
-5553.36561339725
-5552.99044464741
-5553.36561339725
-5553.36561339725
-5553.36561339725
-5552.70567334822
-5552.81947350291
-5554.26278267501
-5552.79527358697
-5552.62997494927
-5554.15711592662
-5553.36561339725
-5553.22829470783
-5553.36561339725
-5552.92898678177
-5552.76285414804
-5552.80752004766
-5553.03510402551
-5553.02738500016
-5553.36561339725
-5554.2068410278
-5552.95677772827
-5552.75315904604
-5554.12341404848
-5552.76640643458
-5552.92775549286
-5554.24604805263
-5553.36561339725
-5553.36561339725
-5552.96639849431
-5553.02033506003
-5552.74042847517
-5552.87791750063
-5552.86834244317
-5552.71088765664
-5552.70148239545
-5552.68321000074
-5554.13289697578
-5552.91876346404
-5552.6564338287
-5552.74420330501
-5554.19905005603
-5553.01694436395
-5552.72891755926
-5552.97795044785
-5552.65392569227
-5552.9243456704
-5553.36561339725
-5554.15534491351
-5552.72545069087
-5554.16242649538
-5552.73478653403
-5552.7319938379
-5552.9436395915
-5553.36561339725
-5554.18085348596
-5552.70690367448
-5553.16538423882
-5552.77584979264
-5553.09249649401
-5554.08573056446
-5553.36561339725
-5552.80110203922
-5552.87336567525
-5552.73590834296
-5552.58193577514
-5552.99820164541
-5552.97586802251
-5552.90459026423
-5552.84153597537
-5553.36561339725
-5552.80690001395
-5552.72296248479
-5553.36561339725
-5552.74173244059
-5552.76029729027
-5553.36561339725
-5553.36561339725
-5552.86110355196
-5554.16334966217
-5552.86055875324
-5553.02265098167
-5552.74037999293
-5553.36561339725
-5552.86251374619
-5552.8721492058
-5553.04426382852
-5552.59007106116
-5554.05294894212
-5552.74774012502
-5553.27994742446
-5553.36561339725
-5553.36561339725
-5552.73808883408
-5552.84711099873
-5552.65369538675
-5552.83199576604
-5553.01655689386
-5552.76413100854
-5554.12459376814
-5552.73455752849
-5552.82537300153
-5554.05916825121
-5553.03044204293
-5552.78725996208
-5552.98010453059
-5554.11364123322
-5553.05958355765
-5552.89752405925
-5553.36561339725
-5553.02392529022
-5553.12847645731
-5552.83271528328
-5552.79130124472
-5552.72478752155
-5552.73420218409
-5552.75475898079
-5553.08125925331
-5552.80818979275
-5552.83407984208
-5552.60608141113
-5554.0906907497
-5554.21306211329
-5552.70556417683
-5553.0073818364
-5552.73874499765
-5552.71915037081
-5552.72000781519
-5552.69645973274
-5553.04807356413
-5552.77657949797
-5553.07764293338
-5552.84664866992
-5554.12630742507
-5552.81025042611
-5553.36561339725
-5553.36561339725
-5552.67562122743
-5553.36561339725
-5552.99463333256
-5554.16600956905
-5552.90313907949
-5554.24595122626
-5553.36561339725
-5553.36561339725
-5554.21830597145
-5554.23597801485
-5552.73329659934
-5553.13192773854
-5553.36561339725
-5552.85724602052
-5553.36561339725
-5553.36561339725
-5552.69513857669
-5553.10336056938
-5552.76252873561
-5552.75759359309
-5554.26747926467
-5554.25882496704
-5552.90541573201
-5553.36561339725
-5554.25160616913
-5552.81338639998
-5552.95292156355
-5554.22525513109
-5553.36561339725
-5553.1940678629
-5553.36561339725
-5552.71984074133
-5552.85439775534
-5553.0639438783
-5552.7553699617
-5552.92288583906
-5552.73789950721
-5553.36561339725
-5553.09825852288
-5553.36561339725
-5552.8263369369
-5552.98172418883
-5552.85523701834
-5552.76524805566
-5553.36561339725
-5552.75435810548
-5553.36561339725
-5553.06716715016
-5553.02422905595
-5552.73559523432
-5552.66412745946
-5552.77488739729
-5552.80247844001
-5552.69591958384
-5552.72531462858
-5552.84875179979
-5554.20996744217
-5554.13837593237
-5552.75548328038
-5552.75462607403
-5554.08512869105
-5553.00334042768
-5552.86790233792
-5553.36561339725
-5554.14139048306
-5553.01011129041
-5553.36561339725
-5553.36561339725
-5554.13111768768
-5552.74208354969
-5552.75974487714
-5553.36561339725
-5553.36561339725
-5553.03091973212
-5553.36561339725
-5553.14187204622
-5552.9170782498
-5554.19505829362
-5552.71896326885
-5552.66916579194
-5553.03398721482
-5553.17975643279
-5552.65007138944
-5554.13611210298
-5553.05333605439
-5552.79163133618
-5553.01887372625
-5554.15912020168
-5552.70156709235
-5553.00600376577
-5553.36561339725
-5552.98156387885
-5553.36561339725
-5553.36561339725
-5554.31672650467
-5553.36561339725
-5553.36561339725
-5552.77311892878
-5553.01912677954
-5552.77975150337
-5554.39193730371
-5554.22381122501
-5553.36561339725
-5552.84144442559
-5553.1483935612
-5552.72101359539
-5553.36561339725
-5552.9272426345
-5552.94866646545
-5552.74760527262
-5553.36561339725
-5552.9801037377
-5552.78542487166
-5552.99224425347
-5552.9484105698
-5552.75384311211
-5553.36561339725
-5554.20476923405
-5552.66108500162
-5553.01563299398
-5553.36561339725
-5552.69955824252
-5554.16113028834
-5552.88209274721
-5554.06885056624
-5554.15631094115
-5553.36561339725
-5554.27266900325
-5553.15625886039
-5553.36561339725
-5552.89695606751
-5553.36561339725
-5554.23603697918
-5554.2727706753
-5552.94633555664
-5552.86209078663
-5552.66156141815
-5552.76539154992
-5553.0926155633
-5554.16633306935
-5552.99660126206
-5553.04024023355
-5552.77968876681
-5552.74075480519
-5553.36561339725
-5552.72509827641
-5552.66345268963
-5554.15805024675
-5553.36561339725
-5552.73542546006
-5552.95597397682
-5553.36561339725
-5553.36561339725
-5552.86607340934
-5552.68188588695
-5552.8177085435
-5552.76340019222
-5554.23386603056
-5553.36561339725
-5552.74037164143
-5552.81954239478
-5552.72039668006
-5552.70670900984
-5554.10877816128
-5552.92370852399
-5554.22023245087
-5554.28984292509
-5552.85585755124
-5552.78455777462
-5552.91692352699
-5553.36561339725
-5554.35808504498
-5553.36561339725
-5552.81025482472
-5552.73831440972
-5553.36561339725
-5553.18395501976
-5552.84727936274
-5554.07647581211
-5552.9378952582
-5553.36561339725
-5554.37211810766
-5553.36561339725
-5554.14342211782
-5552.83330057513
-5553.36561339725
-5552.72567423591
-5554.04610258197
-5553.36561339725
-5552.97283786396
-5553.36561339725
-5552.7623087167
-5552.89186476819
-5553.36561339725
-5552.73869899625
-5552.87590497162
-5552.81347132778
-5553.09277332381
-5552.7566260008
-5552.87645757829
-5554.24876675331
-5554.23405080773
-5553.36561339725
-5553.00012006239
-5554.18935535204
-5552.70751314119
-5554.15767014026
-5552.74249846504
-5552.97492318594
-5552.71914079023
-5552.96370974548
-5552.87313547521
-5552.7809486737
-5552.80556472037
-5552.68291480561
-5552.85436745402
-5554.23782448947
-5552.69779252994
-5553.36561339725
-5554.10362886406
-5552.76187791425
-5554.07487509096
-5552.98168293415
-5552.63960602133
-5552.72185224287
-5552.73566714853
-5552.72831947743
-5552.76609613992
-5552.8682754938
-5554.21896509773
-5552.83770578761
-5554.34203804143
-5552.70986392123
-5552.98043099968
-5552.74965402719
-5553.36561339725
-5552.81322470513
-5552.68234332028
-5552.92310965386
-5553.04354792652
-5552.98959412524
-5553.36561339725
-5553.36561339725
-5552.73166470426
-5554.23593576764
-5554.31307838654
-5553.36561339725
-5553.36561339725
-5552.796683782
-5554.28729298934
-5553.36561339725
-5553.36561339725
-5554.27065587156
-5553.36561339725
-5553.36561339725
-5553.14314409723
-5554.31049196065
-5553.1975678712
-5554.31445525606
-5553.36561339725
-5553.24199634984
-5552.82287522841
-5553.36561339725
-5553.0009333141
-5552.72901777742
-5552.79104265908
-5554.1076465043
-5553.0423202471
-5553.36561339725
-5554.18203936907
-5552.83634295571
-5553.15285866291
-5553.36561339725
-5552.70623935319
-5552.67608516701
-5552.84996086421
-5552.68846100213
-5553.36561339725
-5552.57949758507
-5552.97015941608
-5552.97560864602
-5552.95709979623
-5553.14637659796
-5552.90384805668
-5552.82143141447
-5553.36561339725
-5554.14561284357
-5553.36561339725
-5552.6835334946
-5553.36561339725
-5553.36561339725
-5553.36561339725
-5553.36561339725
-5552.79871489998
-5552.83279474054
-5552.91874996058
-5552.76160196743
-5553.01793983386
-5553.36561339725
-5552.77337405767
-5554.08745594542
-5552.90610846127
-5552.7290296098
-5552.75636476862
-5552.95037009322
-5553.36561339725
-5554.09533591276
-5552.78556596492
-5552.94104410541
-5553.0431067231
-5552.78368495215
-5552.81826343715
-5552.65184386447
-5554.1380260511
-5552.98255319579
-5552.69806832539
-5552.73487493946
-5554.14945173694
-5552.7849045025
-5552.74070621859
-5553.36561339725
-5552.84402321787
-5553.0483591009
-5553.36561339725
-5553.02579789678
-5552.97209482805
-5552.67658233946
-5553.36561339725
-5554.2746225411
-5552.67062459295
-5552.77955605369
-5552.80152726264
-5554.17938768648
-5552.83783404834
-5553.36561339725
-5554.15506574537
-5552.74054568667
-5554.21273993557
-5553.19322733941
-5554.24834568848
-5554.1931319784
-5553.36561339725
-5554.28089983043
-5554.29765691363
-5552.72102503936
-5552.85590578645
-5553.36561339725
-5552.91058230393
-5554.2114112104
-5553.36561339725
-5552.83516634526
-5553.36561339725
-5553.36561339725
-5554.23270501792
-5552.95831900659
-5553.36561339725
-5552.66733295987
-5554.27714084423
-5552.95331430468
-5553.36561339725
-5552.75533104602
-5554.17332269728
-5553.17802262391
-5552.69690291322
-5553.36561339725
-5553.20311913315
-5552.71464898129
-5554.26100480086
-5553.36561339725
-5554.1507899505
-5554.14645045777
-5552.95547803377
-5552.84030605093
-5553.36561339725
-5554.11411448088
-5553.36561339725
-5552.86185323121
-5553.08487433426
-5553.14364767076
-5552.76786724939
-5552.70145130766
-5553.09604792495
-5552.67909366175
-5552.68810169453
-5552.70737530185
-5552.79655181685
-5553.0238400624
-5553.36561339725
-5552.80776661067
-5554.27682369666
-5553.36561339725
-5554.19813491713
-5552.66256790789
-5553.36561339725
-5553.36561339725
-5553.01498950455
-5552.88802456281
-5553.00030200518
-5552.95956391926
-5552.67621711555
-5552.76979106718
-5554.09830508567
-5554.16950953326
-5554.17531966169
-5552.97120521116
-5552.94368721265
-5552.7182959362
-5552.95797679344
-5554.16579559755
-5552.83034437745
-5552.74774565254
-5552.76085946466
-5553.36561339725
-5552.8314695389
-5552.89436393201
-5553.36561339725
-5552.91097328024
-5554.19336444333
-5553.36561339725
-5552.70978009933
-5552.79994595892
-5553.36561339725
-5554.07449550665
-5553.36561339725
-5552.72319018259
-5552.78897187417
-5554.12352195647
-5552.68064455989
-5553.36561339725
-5553.0070989672
-5553.25569247681
-5552.67440301439
-5552.92699126152
-5554.21976700953
-5554.37254889363
-5553.36561339725
-5552.91590231578
-5552.65320678392
-5552.76921014909
-5552.71930645427
-5552.73708481891
-5552.73228476499
-5552.93993892754
-5553.36561339725
-5554.26557582429
-5552.7868963695
-5552.79846621006
-5553.36561339725
-5554.35885898665
-5553.36561339725
-5553.02837914466
-5552.6017218262
-5554.12713073045
-5552.8359661652
-5553.02479368317
-5552.96925221248
-5552.7451119289
-5553.36561339725
-5552.98414172019
-5553.36561339725
-5554.30908664711
-5553.36561339725
-5552.77380610319
-5554.24807392167
-5554.22635740644
-5554.21827019441
-5552.858806829
-5553.36561339725
-5552.71918919189
-5552.86449006836
-5553.01364746028
-5553.36561339725
-5553.0688538249
-5552.94762500313
-5554.34974543095
-5552.76777150891
-5552.74135186589
-5552.87265642319
-5552.7655016347
-5553.36561339725
-5553.00089115514
-5553.36561339725
-5552.80166699007
-5552.80049466569
-5553.0280286785
-5553.36561339725
-5552.78929656938
-5554.16195279674
-5552.83061880975
-5552.72931358247
-5554.19591541281
-5552.70332299635
-5553.36561339725
-5552.76669118973
-5552.75275236176
-5552.8376255185
-5553.36561339725
-5552.77307819809
-5554.14816810165
-5552.71135233342
-5552.9032836402
-5553.36561339725
-5554.12352441692
-5552.7520679976
-5552.8339297107
-5553.36561339725
-5552.7320538171
-5553.36561339725
-5552.78440266892
-5554.18309445037
-5552.85576762944
-5553.36561339725
-5552.96450600985
-5552.77129979166
-5552.7861157098
-5554.10132989145
-5552.76622566015
-5552.78432868953
-5552.95242088343
-5552.7504343831
-5554.16205054888
-5552.64786862815
-5552.68961480573
-5553.06515500575
-5553.36561339725
-5554.3438000899
-5553.36561339725
-5554.21747399251
-5552.87360145596
-5554.3204723229
-5552.70191729135
-5552.92312553936
-5553.00505224003
-5553.36561339725
-5553.00452136466
-5553.36561339725
-5554.28461374561
-5553.36561339725
-5554.28806248689
-5552.6797274896
-5553.10464051779
-5554.07245155876
-5553.36561339725
-5553.36561339725
-5552.6946135014
-5552.80473809194
-5552.77213553106
-5552.99309582677
-5554.36513455606
-5553.20898244074
-5552.90311788747
-5554.25391604708
-5553.36561339725
-5553.08953430233
-5554.13273237093
-5553.0557198332
-5554.32651511585
-5553.00087196545
-5552.71980423153
-5552.76813540403
-5553.36561339725
-5554.26481075724
-5554.2273989931
-5554.15113761208
-5553.36561339725
-5553.0563924997
-5552.71632428074
-5552.90136595256
-5552.73009249486
-5554.27792401071
-5553.36561339725
-5552.62254384518
-5553.01348323083
-5552.70542199865
-5553.36561339725
-5554.26224315997
-5552.67810627434
-5554.18082758489
-5552.89271179938
-5552.99895216606
-5552.72333022647
-5554.11636188378
-5552.9930404408
-5552.70198136805
-5554.30064399048
-5554.19664660464
-5552.7034921713
-5552.78846681799
-5552.95658064407
-5553.36561339725
-5553.04534721073
-5552.74484064107
-5553.04196653022
-5552.94179121812
-5553.02892312795
-5552.63860336909
-5552.71957292127
-5553.36561339725
-5553.36561339725
-5552.68648279894
-5552.82871467028
-5553.36561339725
-5553.36561339725
-5552.93065780246
-5553.03473586489
-5552.96123561887
-5552.83671369732
-5553.36561339725
-5554.26683322004
-5554.23623476354
-5553.06006434673
-5553.36561339725
-5554.25876887459
-5554.25874884834
-5552.87905700736
-5552.81825230526
-5552.72244106166
-5554.16241778004
-5553.36561339725
-5553.36561339725
-5552.76099832912
-5552.88713461354
-5552.81401442017
-5552.64977575779
-5554.11189868149
-5552.70550509836
-5552.76470157441
-5552.69292203753
-5554.24462306877
-5552.87572099809
-5552.94678241628
-5553.36561339725
-5552.69442334021
-5554.27513324868
-5552.93939628617
-5553.17108094935
-5553.12196044001
-5552.78269045505
-5553.36561339725
-5554.2432880189
-5554.26306206072
-5552.69417326754
-5552.72981432957
-5553.0505611539
-5553.36561339725
-5553.36561339725
-5554.26238899006
-5553.10452974751
-5553.36561339725
-5552.75253048647
-5553.04015631315
-5554.31679855558
-5552.80333524128
-5552.72120715148
-5552.94462052787
-5552.70182709693
-5554.30677459244
-5553.36561339725
-5554.21806125269
-5553.36561339725
-5553.36561339725
-5553.36561339725
-5553.36561339725
-5552.89627603573
-5552.70974053574
-5554.35487772607
-5553.13711466172
-5554.24905197177
-5553.02498056777
-5552.69627536601
-5552.88288738268
-5552.7810103885
-5554.216675908
-5552.76847735791
-5554.38833745542
-5552.83345479047
-5554.17586190101
-5552.81824353546
-5552.68786028261
-5553.36561339725
-5552.82243594867
-5554.15595279354
-5553.36561339725
-5554.28129375482
-5553.17841401375
-5553.36561339725
-5552.68833145594
-5552.94820535635
-5554.16242699579
-5552.75007676744
-5552.80263723316
-5554.1384694924
-5553.00235463136
-5552.87432659799
-5552.80742872965
-5553.36561339725
-5552.69979440342
-5552.7793180085
-5553.36561339725
-5552.80706029347
-5552.63435568436
-5553.00605470481
-5552.65428290625
-5554.26080235586
-5552.70755141242
-5552.83948997551
-5552.73829210259
-5554.146558437
-5552.68107367895
-5553.36561339725
-5552.74341999791
-5553.36561339725
-5552.6902717197
-5552.81729869175
-5552.97451849199
-5554.29303039796
-5554.29533428751
-5552.72544538037
-5554.1572472833
-5552.67053477724
-5552.76530217555
-5554.30372165999
-5552.93387945105
-5552.73762897056
-5554.23233966731
-5553.04784943337
-5553.36561339725
-5552.86910996137
-5552.7692764471
-5553.36561339725
-5552.70601609706
-5552.69421141234
-5554.22129586154
-5554.27703231364
-5554.27406636427
-5553.36561339725
-5552.97514717679
-5553.36561339725
-5552.74379154378
-5552.73389777309
-5552.80799423295
-5553.03191405715
-5553.36561339725
-5552.90922346617
-5553.0948686543
-5554.28977704685
-5553.36561339725
-5553.003919436
-5552.78902951927
-5553.36561339725
-5553.36561339725
-5553.36561339725
-5552.7500339001
-5553.0821755374
-5552.91895386658
-5552.8177953275
-5552.79321031257
-5552.94335997658
-5553.36561339725
-5552.89661863897
-5554.17900668325
-5553.36561339725
-5552.93347036091
-5553.36561339725
-5553.36561339725
-5554.26128877228
-5552.6648723436
-5552.72917181787
-5554.20392159567
-5553.36561339725
-5554.2973004898
-5553.04922816509
-5552.74674969921
-5553.36561339725
-5552.77815301604
-5552.9386563008
-5552.88607413735
-5554.23115832171
-5552.68928307778
-5552.79059082686
-5552.77615444961
-5554.32480152635
-5552.80914978139
-5552.78605044599
-5553.36561339725
-5553.36561339725
-5554.05072064135
-5552.75890165587
-5552.78695317362
-5553.36561339725
-5553.36561339725
-5552.96682897728
-5552.87723865347
-5554.1996941515
-5553.36561339725
-5552.89886530622
-5552.86985876338
-5552.58347078141
-5554.33242696939
-5554.34040390865
-5552.67642001482
-5552.81801004434
-5552.72091974296
-5552.93129020376
-5554.40159783098
-5554.21871336885
-5552.78314082528
-5553.36561339725
-5554.28977143069
-5553.36561339725
-5554.27641131802
-5552.79195422679
-5554.39376769329
-5554.34954809217
-5552.7364239626
-5552.72503112974
-5554.25019883339
-5552.76720314603
-5552.94090841737
-5552.749303848
-5552.72262139791
-5554.34433994257
-5554.34501332389
-5552.96894098632
-5553.25533525775
-5552.70848384298
-5553.36561339725
-5554.30827710994
-5552.7533645154
-5554.09536524131
-5552.89059393611
-5553.36561339725
-5553.0451298359
-5553.36561339725
-5554.17460356645
-5554.31124372483
-5552.70174770144
-5552.66669679573
-5552.865871542
-5553.36561339725
-5553.12140452105
-5552.68468676943
-5554.09115760141
-5553.00898019686
-5554.25314211599
-5553.08974128779
-5552.77673477801
-5554.04281236372
-5552.6064095553
-5553.11161994299
-5552.91701326671
-5552.93934806393
-5553.36561339725
-5552.70347844576
-5553.12736975447
-5552.67010948581
-5552.74151425474
-5553.36561339725
-5552.87879479192
-5552.67538264133
-5554.18340730325
-5552.66154789477
-5552.90184760158
-5553.36561339725
-5552.71688968569
-5552.97210987678
-5552.84176542493
-5552.84563005551
-5552.77997219482
-5553.02522123678
-5553.36561339725
-5552.79715211362
-5554.18524588844
-5553.36561339725
-5552.85784199685
-5553.36561339725
-5552.77876243949
-5554.1103411636
-5552.85729020646
-5553.36561339725
-5552.62429800633
-5552.67404963931
-5553.36561339725
-5553.01285386046
-5553.36561339725
-5552.99165498915
-5553.36561339725
-5552.94953594551
-5554.21926703467
-5552.88300587352
-5552.69717110262
-5552.98030084746
-5554.23640378725
-5553.36561339725
-5552.69660387083
-5552.72199589014
-5552.78767817991
-5553.14751420655
-5553.36561339725
-5554.22574938591
-5553.36561339725
-5552.96399955307
-5553.15223787579
-5552.7476874374
-5554.19459386554
-5554.38115882903
-5554.24088132601
-5553.04328028328
-5553.36561339725
-5554.4271068112
-5554.26015079194
-5552.83607118754
-5553.36561339725
-5552.91157317873
-5552.94190034201
-5554.19958946146
-5553.11571147243
-5552.73641502395
-5552.72786116609
-5552.61102092673
-5554.43711266419
-5553.21259637532
-5552.65675674673
-5553.36561339725
-5552.66155470953
-5552.9130036336
-5552.70244339288
-5554.2068995347
-5554.38218648606
-5553.36561339725
-5554.34330030853
-5553.09989327498
-5552.91365476652
-5552.96612262518
-5552.70321880674
-5554.22343848392
-5552.58199054372
-5552.92109722013
-5552.97051970565
-5553.36561339725
-5553.36561339725
-5553.36561339725
-5552.69396793163
-5553.05158441417
-5553.00007794376
-5552.80630717116
-5552.74128538808
-5554.24965170282
-5552.87832734006
-5554.11622679546
-5552.82804101525
-5553.36561339725
-5554.23790214337
-5553.36561339725
-5552.62397762264
-5553.36561339725
-5552.8480685625
-5552.75896803811
-5552.76880004794
-5552.9119962747
-5553.36561339725
-5553.36561339725
-5554.28678826478
-5553.03163744073
-5553.36561339725
-5552.73774053513
-5554.30585092413
-5554.23089962533
-5552.97763818538
-5553.36561339725
-5553.07235529962
-5553.36561339725
-5554.22134625784
-5552.85705744789
-5552.91373180921
-5552.66937279651
-5552.65138113235
-5552.94214159019
-5552.74731125561
-5553.06912333794
-5552.78338616036
-5553.36561339725
-5552.77059979292
-5553.14117814109
-5552.69685183367
-5553.36561339725
-5553.19319780452
-5552.71005426158
-5554.36245263309
-5553.36561339725
-5553.36561339725
-5553.36561339725
-5553.36561339725
-5552.91960796505
-5552.71540237652
-5552.77439200653
-5554.21564004532
-5553.36561339725
-5553.36561339725
-5554.03568512311
-5552.83300982249
-5552.72313840932
-5552.71546583829
-5554.33871141266
-5553.36561339725
-5552.78883879898
-5554.23927503178
-5553.10445995004
-5552.70828487306
-5554.24559816689
-5552.99205893561
-5552.71138931163
-5552.77194114235
-5554.13144515777
-5552.98524660365
-5554.14766320406
-5554.21028885102
-5553.36561339725
-5552.69149159269
-5552.76539839102
-5553.36561339725
-5552.96148649759
-5552.73335615732
-5552.85237950977
-5552.66527975014
-5553.10304544501
-5552.89383074562
-5552.91578617387
-5554.25695359732
-5553.13887614731
-5552.71532165226
-5553.15950796178
-5554.21307609072
-5554.25177456317
-5552.66397304769
-5552.77801488004
-5553.36561339725
-5553.06143174576
-5552.72089648959
-5553.36561339725
-5552.6060390517
-5552.72499121725
-5553.02836135587
-5553.006347795
-5553.36561339725
-5553.0321265764
-5554.20737606654
-5552.72250659991
-5552.99167965033
-5552.70380798457
-5553.36561339725
-5553.36561339725
-5552.77305264063
-5554.20452713088
-5552.70297314072
-5554.19367740518
-5553.36561339725
-5554.19181038569
-5552.69834038932
-5553.01043988057
-5554.25584817629
-5554.29477681328
-5553.1307846331
-5553.04547260768
-5552.97953474095
-5552.83451101746
-5552.87137693351
-5553.04342561091
-5553.36561339725
-5552.75107395309
-5553.36561339725
-5552.69797985754
-5553.36561339725
-5554.22675709009
-5554.16189324463
-5554.2951941907
-5553.36561339725
-5552.73434790563
-5552.88720486582
-5553.05325097379
-5552.7315937469
-5552.809434172
-5552.6780096187
-5552.8256362302
-5554.22111921745
-5553.36561339725
-5552.79024369347
-5552.70943246375
-5552.81402064607
-5554.13037970127
-5554.13333433698
-5553.02949975478
-5552.7304236665
-5554.19810474623
