# vacant energies
-5578.52885053344
-5577.41999340139
-5578.66147971476
-5578.03437398927
-5578.69397875243
-5577.52441007995
-5577.32327470942
-5577.4081113483
-5577.5098429341
-5577.29149099515
-5577.40334100152
-5577.36873918558
-5577.40114425123
-5577.53898237664
-5577.75626313757
-5578.70292825631
-5578.0360426669
-5577.99657731047
-5578.70685805371
-5577.47139173476
-5577.62991522592
-5577.49946011523
-5577.33062462556
-5577.60889049875
-5577.24795572787
-5577.46105618493
-5578.06509188024
-5577.83785625774
-5578.56761355772
-5578.07825151773
-5578.5751229143
-5577.29019834788
-5577.50318784081
-5577.31325407203
-5577.32021032536
-5577.60373202877
-5577.49524456859
-5578.6305097747
-5577.42889183344
-5577.66784183838
-5577.35576514575
-5578.68587619994
-5578.5335375661
-5577.71838954718
-5577.76879610503
-5578.4705367623
-5577.75562743563
-5578.83064266866
-5577.69283493047
-5578.5276340208
-5578.12051583681
-5577.95856014309
-5577.62234263849
-5577.46317114292
-5577.44178979562
-5577.88184775845
-5577.81585129578
-5577.94208405409
-5577.57850440796
-5578.68666340657
-5577.79667427175
-5577.57826303188
-5577.45482672322
-5577.33722588731
-5577.96953847827
-5577.34167782994
-5579.02344228583
-5577.54086250809
-5577.78569117502
-5577.51382562316
-5577.32379996817
-5577.91508054383
-5578.53798893097
-5577.22833614477
-5577.797008116
-5577.88591253339
-5577.88192964105
-5577.53273120255
-5577.77976807332
-5578.80518426958
-5577.42595790932
-5578.6851839663
-5577.52864145716
-5578.5801093003
-5577.56957865014
-5577.37221284784
-5577.28456164066
-5577.53352402965
-5578.94656678505
-5577.33154196104
-5577.2972845135
-5577.3297779282
-5577.52149623029
-5577.28265071931
-5577.88620129802
-5577.25982156519
-5578.64975203016
-5577.97714970278
-5577.42324407646
-5577.47500405309
-5577.7042593291
-5577.56430850563
-5578.5934601193
-5577.53078976142
-5577.31905822505
-5577.32783351429
-5577.43315872671
-5577.46395126119
-5577.90409535107
-5578.03070335702
-5577.46473029613
-5578.82877672861
-5577.49153169899
-5578.72097788982
-5577.43477608583
-5577.40423220821
-5579.00563210189
-5578.01364571141
-5577.54231145925
-5577.83774471682
-5577.26886491315
-5578.01120176704
-5577.27658796508
-5577.52512110542
-5577.40507280818
-5577.29663003414
-5578.10003644328
-5577.50386153447
-5579.0409627932
-5577.29193084427
-5577.37173308295
-5577.67625647469
-5577.91936675411
-5578.93711467421
-5577.20793393686
-5578.95768182874
-5577.66757059045
-5578.97056986696
-5578.01114680274
-5577.95838397215
-5578.01663451653
-5578.1205583772
-5578.11995214414
-5577.79522762481
-5577.98828676887
-5577.38301770698
-5577.36248301187
-5579.04267789195
-5577.68449118119
-5577.32999992705
-5577.84284344765
-5578.67180846259
-5577.26273616141
-5577.2653260764
-5577.49868421004
-5579.00738796301
-5578.00418757846
-5578.58492775143
-5577.735508733
-5577.38087225455
-5578.95803625286
-5577.46005240155
-5577.38003158031
-5577.9508934375
-5578.13349994221
-5577.6252224401
-5577.85675792796
-5577.36117489102
-5577.61518893043
-5577.55544377339
-5577.50825239003
-5578.06278009849
-5577.36647099684
-5578.79476801214
-5578.95992411225
-5577.72975881087
-5578.85878114128
-5577.50272400173
-5577.50139034715
-5577.4165745598
-5577.46772743375
-5578.86766974724
-5577.71820482026
-5578.78500265803
-5577.61717215742
-5577.22470531798
-5577.44428104579
-5577.46901004611
-5577.41424883967
-5577.47122800629
-5577.49096635658
-5577.29467091548
-5577.35316075108
-5578.95762974848
-5578.79000892718
-5577.66160615107
-5578.10459034434
-5577.19486901918
-5577.83500499713
-5577.99800445826
-5577.34555126703
-5578.85061296833
-5577.47579634047
-5577.87586664435
-5577.49060703683
-5578.83986577616
-5577.4132117839
-5578.2075174552
-5577.34041943462
-5577.68155349062
-5577.68233141097
-5577.96064797661
-5577.30686996922
-5577.39307115598
-5577.44544025008
-5578.06589180285
-5577.77660254289
-5577.45349919069
-5578.51320134158
-5577.28668937893
-5577.3789214536
-5578.11680175158
-5577.88065518378
-5577.35992328617
-5577.41697537835
-5578.90065517485
-5577.62670542489
-5577.37846607796
-5578.81544162891
-5578.62202404278
-5577.59697282678
-5577.39671270928
-5578.7455944028
-5577.9420009147
-5577.36815200677
-5578.88625501884
-5577.25541319775
-5577.31842147541
-5577.92551094162
-5578.79730222488
-5577.61591720172
-5577.35513767399
-5577.4827524223
-5577.46588899999
-5577.27618188884
-5577.3156419138
-5578.88734346022
-5577.96865252977
-5577.93799327447
-5578.75812153242
-5577.75411368163
-5578.45942878988
-5577.46002317443
-5577.42576777496
-5577.52296904705
-5577.42778463275
-5577.55619647696
-5578.77670940957
-5577.57396593137
-5577.36740681328
-5578.51054468893
-5577.85474785958
-5577.90830641995
-5577.77413885432
-5577.74037724068
-5577.97501033442
-5577.50654163387
-5577.78660997217
-5577.98117826316
-5577.96604795884
-5577.33617272768
-5577.39135901666
-5577.42502011665
-5577.92867116313
-5577.42925230202
-5577.98563452087
-5577.81991588037
-5577.29272093086
-5578.5743441272
-5577.78130199528
-5577.270412537
-5578.87841225489
-5578.05459520356
-5577.54082626311
-5577.40213147789
-5578.77501492942
-5577.36387379445
-5578.92656628679
-5579.03622057101
-5578.73925285868
-5577.46793586387
-5577.6725608278
-5578.90152086418
-5577.42606819903
-5577.43215505961
-5577.47995412413
-5578.10956530929
-5577.49465189229
-5577.86124350198
-5577.98256364007
-5578.76078280831
-5577.56280786465
-5578.83562953843
-5579.01314255203
-5578.73789816492
-5578.03892913448
-5578.11209335202
-5578.57565691642
-5577.4581797714
-5577.51199284793
-5578.00973350615
-5578.08136350088
-5577.31192496417
-5577.30655207579
-5577.2349194381
-5577.58161803328
-5578.00659441904
-5577.96093874265
-5577.58236398444
-5577.42241413643
-5577.33781806338
-5578.51000034944
-5577.57583937134
-5577.19348266836
-5578.72510124361
-5577.9417368076
-5577.36701441966
-5577.74930397218
-5577.37580955549
-5577.66864633108
-5578.85954294493
-5578.033907046
-5579.02538580635
-5578.04018427289
-5577.77935123274
-5577.26286969892
-5577.2554078137
-5577.82424658318
-5577.68218252218
-5577.46661209063
-5577.2584828449
-5578.21207533076
-5578.03540822047
-5577.8834804824
-5578.69097324434
-5577.44345312329
-5577.57683619975
-5577.71423504391
-5577.55092070637
-5577.30603357947
-5577.8544790932
-5578.71988562148
-5577.4236972122
-5577.40059719214
-5577.60101292318
-5578.85238782413
-5577.38225670574
-5577.54366133484
-5577.58320798763
-5577.5325441752
-5578.77193909967
-5577.4026832169
-5578.71437849716
-5578.65163121775
-5577.37184594519
-5577.96037395897
-5577.30815406004
-5578.73677777611
-5577.38782848646
-5577.34412860573
-5577.28574981517
-5577.30713387172
-5578.20141896268
-5579.01658005841
-5577.45442428494
-5577.72329151707
-5577.60988210764
-5578.62241508354
-5578.74872982966
-5578.12311470837
-5577.52349676705
-5578.83384048798
-5578.81544907044
-5578.87859686485
-5577.44751475617
-5577.61846775212
-5577.37885581086
-5577.45918712844
-5577.94348911587
-5578.861737261
-5578.09753424147
-5577.1553588786
-5577.35420032322
-5578.90017034212
-5577.22828459987
-5577.43640832299
-5577.50958631629
-5577.71940817175
-5578.15668762061
-5577.25107565893
-5577.47707594344
-5577.56746603092
-5577.3701966982
-5577.4069547259
-5577.39303968119
-5577.4354863077
-5578.78868991261
-5577.39793243111
-5577.79949975002
-5578.0499273145
-5577.48680976286
-5577.40890754239
-5577.58299842235
-5577.46982083676
-5578.71378312581
-5577.65506550638
-5577.48400275383
-5577.6058905217
-5577.38070212705
-5578.7440964562
-5578.74139537146
-5578.76108824131
-5577.3417293645
-5577.8129910932
-5578.80195903431
-5577.81443556503
-5577.95313381089
-5577.40003189177
-5577.80554373398
-5578.77337228995
-5577.84253610699
-5577.45067804486
-5578.68433471286
-5577.37589608117
-5577.44357697696
-5577.87902928357
-5578.97363372916
-5578.75815327206
-5578.64731796341
-5577.97121674136
-5577.98761417927
-5578.6260739041
-5577.89542477998
-5577.94325382286
-5577.3360199251
-5578.74953559673
-5577.68118246633
-5577.52112590987
-5577.6525671816
-5577.75567375041
-5577.67468584384
-5577.84011146054
-5577.91694046035
-5577.89394448853
-5578.4070655864
-5577.86073497654
-5577.52970087258
-5578.37661849149
-5578.03243269112
-5577.23402253527
-5577.95005568584
-5579.09416785327
-5577.89467451837
-5577.39580060895
-5578.45741330544
-5577.66998510791
-5577.42519437044
-5577.45754308718
-5577.70314351665
-5578.21189630204
-5577.64163012053
-5577.60463489276
-5577.96929381646
-5577.98740222447
-5577.30642073444
-5577.60095586921
-5578.5370823683
-5577.85375185658
-5577.39275410133
-5578.5914399065
-5578.10709100076
-5577.86045308623
-5577.55405077062
-5577.3808324568
-5577.67472116703
-5577.4294386458
-5577.93134219533
-5577.93278731827
-5577.96335767698
-5577.8828162733
-5578.200914308
-5577.64225145119
-5578.74276050708
-5577.33220605926
-5577.24217998285
-5577.74340984594
-5578.26162366364
-5577.47466931427
-5577.23513968185
-5577.98106566602
-5577.95384414177
-5577.86211508913
-5577.46077311867
-5577.97134829228
-5577.06572886279
-5577.72929774635
-5577.60904474288
-5577.79357878087
-5578.58685829594
-5577.56946700005
-5577.85845355687
-5577.43360158931
-5577.62579549305
-5578.75318563409
-5578.632166099
-5579.1214007996
-5578.98950443532
-5577.42177046484
-5578.88156471785
-5577.3966241506
-5578.15902288004
-5577.53129715927
-5577.60471061537
-5577.94523679147
-5577.47855354564
-5577.6129816342
-5578.76622446699
-5577.25452724756
-5577.3587011429
-5577.35389585287
-5578.47695233812
-5577.84886865113
-5577.59512608546
-5578.77688137048
-5577.41519436791
-5577.52183799007
-5577.20777482687
-5577.31632817864
-5577.62943401611
-5577.45529440173
-5577.99851763016
-5577.49913344774
-5577.19078717699
-5577.18816481879
-5577.23682852499
-5577.42926672797
-5578.49630071846
-5577.39065347244
-5577.35980677361
-5577.54508209708
-5577.39145316127
-5577.25901764851
-5577.59278214135
-5577.63748390618
-5577.44584339105
-5577.44731508045
-5577.25603291813
-5578.69567704466
-5577.24686306595
-5577.31835936685
-5577.59610338612
-5577.37414636506
-5577.35079990543
-5577.50187539636
-5577.27209048468
-5577.36326969155
-5577.38408032342
-5577.64806458937
-5577.48375231355
-5577.89461054467
-5578.13479375225
-5578.55733523069
-5577.29862283
-5577.68321006748
-5577.33764832533
-5577.43810528924
-5577.61159571878
-5577.40864333644
-5578.58608343912
-5577.47104400899
-5578.79203000226
-5577.78531519723
-5577.49334075291
-5577.38816583159
-5577.47970118631
-5578.89009818805
-5577.197762786
-5577.86724282636
-5578.79005822482
-5577.89275696905
-5578.68487100601
-5577.56717525325
-5577.39211226715
-5577.42169696104
-5577.4454012097
-5577.20776596246
-5577.53622084597
-5577.41405055551
-5578.90420805666
-5577.49119955599
-5578.89910700731
-5578.77063668027
-5577.44962184886
-5577.35361285381
-5577.19898001485
-5577.43446628197
-5578.67724388801
-5578.06298281855
-5578.990053668
-5578.02637202203
-5577.48821396291
-5577.63326741896
-5577.37886388334
-5577.85204140406
-5577.89222826012
-5577.80020852833
-5577.8366923368
-5577.39607530877
-5578.73819910197
-5577.61260058262
-5577.55638862721
-5577.60274421107
-5577.65597646849
-5577.71103447629
-5577.27601175258
-5577.86890502656
-5577.93166379182
-5578.53491887844
-5578.07034536923
-5578.13032667727
-5578.92244350364
-5578.981520596
-5577.30051299172
-5578.04556576677
-5577.86939000494
-5578.82132964865
-5577.40340088464
-5577.48479373142
-5577.36077460619
-5577.54817546641
-5577.954026697
-5577.26517387421
-5577.34971768938
-5577.58280141586
-5577.55807295873
-5578.86000101651
-5577.81442026776
-5577.54956773083
-5578.50991118568
-5577.51626222419
-5578.84719996083
-5579.03913648862
-5578.94360660742
-5578.02109677735
-5577.41471578226
-5577.45730269853
-5578.72987460657
-5577.90163945423
-5577.37672507837
-5577.40337513187
-5578.9855374544
-5577.94095256233
-5577.92975979597
-5577.35141311704
-5577.58198681282
-5577.53746547728
-5577.57430462278
-5577.42438789476
-5577.34214635187
-5577.98166762238
-5577.58682995433
-5577.65336928649
-5578.62790825919
-5577.33714095508
-5577.56235980626
-5577.50986335652
-5577.36676587398
-5578.14913562982
-5577.32007356967
-5577.46391559583
-5578.76780690399
-5578.82455566624
-5577.60415179972
-5577.34547490714
-5577.34886878419
-5577.83477208892
-5577.38213483216
-5577.29192445685
-5577.59102371544
-5577.37473728124
-5577.53453679331
-5577.44578111614
-5577.2408519018
-5577.21799511258
-5577.32754975327
-5577.245961468
-5577.44007556984
-5577.49893728073
-5578.16665347113
-5578.56142889675
-5577.31069845008
-5578.66746885431
-5577.45490410166
-5577.55289518148
-5577.20156704848
-5577.48666806887
-5577.44736985611
-5577.28479956338
-5577.59103851844
-5577.4852201924
-5577.47733639685
-5578.68941485691
-5577.6510643614
-5577.65675760399
-5577.39180062436
-5577.66425445941
-5578.75636208173
-5577.45331654674
-5577.55806155029
-5577.37642416107
-5577.54731739228
-5577.36884539127
-5577.2685716065
-5577.30618248874
-5577.92535049483
-5577.53990735733
-5577.50614707381
-5578.78046958073
-5577.92693169116
-5578.06189706301
-5578.74243835889
-5577.2722443431
-5577.59667781892
-5578.73077758352
-5578.53168441413
-5578.07878546139
-5577.33437952989
-5577.50060191474
-5578.61838740861
-5577.39008648834
-5577.41698180477
-5577.27430901624
-5578.7822591397
-5577.27547262839
-5577.29155673161
-5577.62465628493
-5577.34885819254
-5577.44799582897
-5577.2483304586
-5577.29920057698
-5577.26664008185
-5577.36893240392
-5577.46884186586
-5577.37964490209
-5577.30173479514
-5577.39839119192
-5577.21484718675
-5577.55226824243
-5577.51118500993
-5577.40453524311
-5577.28427121886
-5577.20984902321
-5577.25455091363
-5577.35394765614
-5577.34199670533
-5577.39139423095
-5577.4387022763
-5577.68425064151
-5577.53393599431
-5577.29088815009
-5577.18717958684
-5578.65375565809
-5577.29372699147
-5578.69681299088
-5577.44123154736
-5577.58558595015
-5577.48106855411
-5577.2437442027
-5577.16576675972
-5577.27720435928
-5577.45815754105
-5577.42167608283
-5578.69039921066
-5577.42009463794
-5577.55940463828
-5577.34307123576
-5577.25769570992
-5578.73525330043
-5577.5459008788
-5578.70729599458
-5577.52770111788
-5577.40241859372
-5577.38395640915
-5577.44648837626
-5577.32196584315
-5577.21653512717
-5578.06145552905
-5577.32579498784
-5578.69072224109
-5577.57390570593
-5577.29117311272
-5577.36855961356
-5577.46432388088
-5577.33210230109
-5577.50313794609
-5577.43282375985
-5577.22646981044
-5577.44807514479
-5577.37464989781
-5579.01980441069
-5578.81144150855
-5577.36542318186
-5577.24438816459
-5577.2680445137
-5577.49766512209
-5577.40348880194
-5577.08402492509
-5577.4284298032
-5577.21681546068
-5578.83945046672
-5577.32779193176
-5578.81336880383
-5578.70827886183
-5577.20555953987
-5578.11918813231
-5577.83419186144
-5577.56056786021
-5577.37157549155
-5577.19973123939
-5577.31425253576
-5577.50976439262
-5578.78122732902
-5578.09008498828
-5577.51293684828
-5578.74233856867
-5577.55594142851
-5577.55558936855
-5578.81773731432
-5577.77230793894
-5577.99541261341
-5577.5732966052
-5577.37336306553
-5577.35001296924
-5577.28729503117
-5577.46015805943
-5577.31853204165
-5577.66117310903
-5577.51185842253
-5577.63648956385
-5577.29514607316
-5577.45605506771
-5577.33238457275
-5578.84477818276
-5577.22465172336
-5577.49364664683
-5578.57603267355
-5577.33152171231
-5577.26642285539
-5577.48434534091
-5577.47408355915
-5577.25685298056
-5578.8667179576
-5577.73832684435
-5577.61870570774
-5577.32759776833
-5577.40024075881
-5577.40296660595
-5577.429441156
-5578.16113016127
-5577.42088825413
-5578.48444045501
-5578.01346753764
-5577.36417766665
-5577.42988222118
-5578.63533781472
-5577.28324325191
-5577.54755413592
-5577.3441265464
-5577.38170595655
-5577.51412770834
-5577.34915986562
-5577.60797645991
-5577.46856810945
-5577.19426173542
-5577.21353291624
-5577.40121583823
-5578.6810105915
-5577.32904083262
-5577.18198618356
-5577.54969063258
-5577.56876223619
-5577.3447017901
-5577.24377426024
-5577.40425120683
-5578.86431358769
-5577.76037493742
-5578.59296281213
-5577.4447301588
-5578.60135987086
-5578.07075205032
-5577.47600649804
-5578.37351452819
-5578.24757304794
-5577.29014139301
-5577.80370553154
-5577.49449852775
-5577.66994979577
-5577.26461505087
-5577.20115943204
-5577.2807790734
-5578.79427737195
-5578.80334654149
-5577.42444524708
-5578.84207010569
-5578.81241077337
-5577.49892976733
-5577.81868061894
-5577.36306908114
-5577.46464168715
-5578.55225288
-5577.5869006585
-5578.76258904484
-5577.25500914001
-5578.93714829992
-5577.94187670478
-5577.7187261977
-5577.61808040719
-5577.51547662308
-5577.49983680602
-5578.60347265576
-5577.50434263522
-5577.41089509576
-5577.20847149389
-5577.42777609772
-5577.58992506443
-5577.64714755118
-5577.58202516543
-5577.4629957044
-5577.48968499412
-5577.53751765469
-5577.26383770439
-5577.98412555175
-5578.64569152095
-5577.2125887738
-5577.18311062838
-5577.92567827077
-5577.34888890175
-5577.38850522497
-5577.37009310083
-5577.39284519147
-5577.27501516356
-5577.40162735169
-5577.58546495352
-5578.08755101335
-5577.38161046201
-5577.55100112204
-5577.31097947882
-5577.44760987013
-5578.84874892401
-5578.86600374706
-5577.24263548604
-5577.44652674728
-5578.97497966593
-5578.79628098084
-5577.24002522494
-5577.57347281661
-5577.34820729462
-5578.80209034906
-5577.53937300257
-5577.2313120494
-5577.46426728533
-5577.58271490955
-5577.63863551707
-5577.35802465245
-5577.44193515428
-5577.30742187691
-5577.58536962862
-5577.29296551052
-5577.28647425533
-5578.95852649925
-5578.85826320051
-5578.98480791138
-5577.30062007814
-5577.38909420493
-5577.37588475192
-5577.53989873686
-5577.54382725045
-5577.59629184108
-5577.58826619315
-5577.43102968948
-5577.32440915241
-5578.80375016959
-5579.14074106243
-5578.83124530371
-5577.30362324281
-5577.63055563822
-5577.59435192527
-5577.77135027785
-5577.4906135313
-5577.41247611203
-5577.66338743544
-5577.27410485358
-5577.63646778127
-5577.44289330962
-5577.65783575686
-5578.72478864343
-5578.70931266779
-5577.39040640595
-5577.60862382765
-5577.32408593347
-5578.46840898383
-5577.36681090358
-5577.39997706025
-5577.35159461307
-5578.65985788212
-5577.39934560964
-5577.3255686014
-5577.53052638408
-5577.44335205526
-5577.20129880436
-5577.92798404833
-5577.22546129024
-5578.58662031373
-5578.09338256338
-5577.40874437045
-5577.56373405598
-5577.26045982555
-5577.41361828822
-5577.98882143713
-5577.51645194705
-5577.41069424091
-5577.39428767202
-5577.72101416404
-5578.96706974653
-5577.7112847682
-5578.12395720055
-5577.91251374732
-5577.35882851859
-5577.7441802859
-5578.16652991085
-5577.40027054586
-5578.65675774097
-5578.88123557216
-5577.94775306268
-5579.39227584117
-5578.90996337942
-5577.90709710621
-5578.5606405001
-5577.74319522534
-5577.92413422415
-5577.15545762754
-5577.82307990072
-5578.71943645308
-5577.49800333464
-5577.77930219389
-5578.06032283727
-5578.96539844044
-5577.71030702706
-5577.37455827282
-5578.76298955833
-5577.55339284108
-5577.93524902317
-5578.89660444066
-5578.11125961078
-5577.30474148961
-5577.37702819921
-5577.59065013629
-5577.95287537787
-5578.48977968121
-5577.58327095308
-5578.18214645481
-5577.92747381187
-5578.04550732397
-5577.30026477701
-5578.82786462636
-5577.99413251476
-5577.4272141061
-5578.16288354374
-5577.85446497453
-5577.76272154717
-5578.72409004326
-5577.96581134915
-5578.65135470833
-5577.92954444868
-5577.44606324474
-5577.4442046875
-5577.7698541393
-5577.37701785876
-5578.61337613145
-5577.96250842371
-5577.57025772587
-5577.22436788636
-5577.28937718659
-5577.48752478988
-5577.97940570562
-5577.42210103275
-5577.85794518998
-5578.72144523183
-5578.11608045938
-5577.34469551242
-5577.93963486553
-5578.62026211417
-5577.79358115867
-5578.15009735851
-5578.77166768812
-5578.85273679361
-5578.13096901432
-5578.92263553138
-5577.42095697413
-5577.3392507395
-5577.73613323498
-5578.89721613998
-5577.34335047688
-5578.95313787687
-5577.54326844603
-5577.27638415424
-5578.02750663715
-5577.79954502237
-5577.64850718548
-5577.43141053533
-5578.66382315245
-5577.34121942283
-5577.63015929283
-5578.06082290355
-5577.90636440719
-5577.41262067712
-5578.06313476357
-5577.45284869194
-5577.57991937776
-5577.24287899028
-5577.5175559236
-5577.22565802836
-5577.80582181031
-5577.39458274507
-5577.43527101016
-5577.25907660563
-5578.64913817719
-5577.92528701425
-5577.53895548338
-5577.52058667943
-5577.40141422931
-5577.58468764139
-5577.34117690863
-5577.58766654541
-5577.44403605771
-5577.42539197287
-5578.60994135247
-5577.52019000642
-5577.9380482395
-5577.98488570705
-5577.28724468159
-5578.81957503455
-5577.31486267018
-5578.90368048263
-5577.60451709797
-5578.84723053283
-5577.3571730616
-5578.87564804659
-5577.51483809121
-5577.35631378089
-5577.32861834859
-5577.30839620859
-5577.48556788971
-5578.6767035632
-5577.28416674092
-5577.52894928936
-5577.6865377853
-5577.65758336403
-5577.59871820885
-5578.06128716275
-5577.61414415541
-5577.92646317715
-5578.49122961961
-5578.00373761891
-5577.98234953719
-5578.91188656812
-5577.62571009914
-5577.32003002725
-5577.24093416598
-5577.29223918089
-5577.75617445582
-5577.35191420685
-5578.82625826247
-5578.52457939059
-5577.35711644691
-5577.63671955366
-5577.59716951995
-5577.37308987818
-5577.9358416498
-5577.20538441472
-5577.57626493268
-5578.04832892573
-5577.87512714488
-5578.01188350564
-5577.48041029912
-5577.32205627168
-5577.49807564135
-5578.08194508619
-5577.31516803616
-5577.38416035645
-5577.42135653465
-5577.6792972963
-5578.51424413769
-5577.36622055483
-5577.98064164966
-5577.74477239355
-5577.70432967761
-5578.07072468094
-5577.2322813567
-5577.60162632702
-5577.50719235901
-5577.91044325469
-5577.20249221351
-5577.88333781462
-5577.2703613665
-5577.34320226687
-5578.05920204608
-5577.32344880112
-5577.62019447394
-5578.87099498916
-5578.62627094438
-5577.8622692084
-5578.61107321912
-5577.27676748205
-5577.67856625734
-5577.93288604849
-5577.86957031669
-5578.0324203249
-5578.94275774045
-5578.9198730264
-5577.8014151605
-5577.94434329312
-5577.58046599555
-5577.34368504967
-5577.29051959031
-5577.34271870976
-5579.01656178127
-5578.8863439733
-5577.38550721707
-5578.87731907991
-5577.65585088876
-5577.6552425089
-5577.51212948316
-5577.49795035474
-5578.01845296881
-5578.73869813179
-5578.4917763612
-5578.04360037156
-5577.55508204588
-5577.88265808848
-5577.82144968822
-5578.61126801484
-5577.52913986075
-5577.54969503057
-5577.50004319317
-5577.4746433591
-5577.39518270519
-5577.72815041495
-5577.24278400487
-5577.65856238854
-5578.76344496946
-5577.53171514142
-5578.68085989378
-5577.60032834243
-5577.45598604511
-5577.65065542412
-5577.44834035694
-5578.02377647409
-5578.87167676104
-5577.56146146865
-5577.59544199123
-5578.790593686
-5577.44739131738
-5577.58442781521
-5577.62542091483
-5578.14922809476
-5578.89819964775
-5577.6625316427
-5577.34533461297
-5578.65918938866
-5577.3856024038
-5577.54546338856
-5577.30392305056
-5577.57759515172
-5577.37736964727
-5577.26857896316
-5577.68480312576
-5577.64635172522
-5578.92271555111
-5577.96503294921
-5577.27042480351
-5578.96140477615
-5578.04564327589
-5577.35897925437
-5577.97226611549
-5577.57532312694
-5578.73654423854
-5577.45076353423
-5577.52332100982
-5578.13523609712
-5577.33669110368
-5578.76182817689
-5578.94459295174
-5577.28062708413
-5577.3188110841
-5577.46870350476
-5577.43194918257
-5578.95351155251
-5578.03381794161
-5577.76312626686
-5577.6841437057
-5577.20589937113
-5577.24408773593
-5578.58908997381
-5578.88585460586
-5577.43727513498
-5577.60956491618
-5578.66665373354
-5577.66779484247
-5578.81317555452
-5577.6331844247
-5577.49715232766
-5577.40197421519
-5577.3851160037
-5577.43022701081
-5577.23449638807
-5577.62689605714
-5577.4091179553
-5577.37225598633
-5577.38343188308
-5577.41817352149
-5577.41835107069
-5577.44155266926
-5577.23522877798
-5578.87501450034
-5577.54717042455
-5578.75440788891
-5577.3941985553
-5577.36345844572
-5577.47242317352
-5577.59423360371
-5577.41154511417
-5577.36593193193
-5577.44130315801
-5578.84140443113
-5577.55305358969
-5577.56813701521
-5577.55772490427
-5578.63871293855
-5577.38182531443
-5577.52480896194
-5578.93192724421
-5577.83751459349
-5577.86414939483
-5577.406553312
-5578.04139884895
-5578.59490466174
-5577.52343432498
-5578.09434147904
-5578.8687328117
-5577.71767083496
-5577.4368164119
-5577.36123413303
-5577.24385346933
-5577.54627585575
-5577.38435351263
-5577.79666076344
-5578.75399507329
-5577.38505759441
-5577.56682666054
-5577.54840497095
-5578.70411884171
