# vacant energies
-5563.93634085241
-5562.75719122515
-5563.72636680202
-5563.91831398218
-5562.47834794739
-5563.76060169843
-5563.87843462194
-5562.59319070345
-5563.04889725995
-5562.62034293224
-5562.36106107346
-5562.44112541773
-5562.62354660463
-5563.89278516762
-5564.04732950466
-5563.2635356063
-5562.68593764421
-5562.66321666143
-5562.59981177769
-5563.83461786218
-5562.5202892236
-5563.99459960615
-5562.47289065351
-5562.45000432038
-5562.5504920219
-5562.68194051938
-5562.51120751456
-5562.43150650315
-5563.12001467983
-5563.05798678987
-5563.62027217134
-5562.38687111806
-5562.48963225204
-5562.77696329496
-5562.45986893335
-5563.8238003153
-5563.20503967826
-5562.54181006809
-5563.76511884738
-5562.9212607936
-5562.63243618764
-5562.24959942601
-5563.13456695938
-5563.72731841016
-5562.55804501374
-5563.14747252449
-5562.79187237223
-5562.50078546278
-5563.40369918719
-5562.92626111646
-5562.61890639693
-5562.71443606503
-5562.54026609884
-5563.87286741659
-5562.44527595787
-5563.08875749173
-5562.59490013338
-5563.03997874309
-5562.94898723966
-5562.42283612027
-5563.22244728865
-5562.70902524314
-5563.60723382609
-5562.69650144424
-5562.4407716974
-5562.85252721008
-5562.48681851543
-5562.5350119544
-5562.7858610468
-5562.33620309293
-5562.95151428991
-5563.64417570965
-5563.08505613439
-5562.582483452
-5563.25259940881
-5563.82511945694
-5564.1031916784
-5562.95589765858
-5563.20281055082
-5564.09756482739
-5562.59463339077
-5562.50785463375
-5562.34108145827
-5563.90320099127
-5562.52484202564
-5562.68766769083
-5562.66037761666
-5562.91050757412
-5562.56384826818
-5562.55853643772
-5562.61703477034
-5562.64870387979
-5564.18545223442
-5562.64695324697
-5563.8014876965
-5564.07108378182
-5563.14256038535
-5562.6500910619
-5562.69939673269
-5563.82228976204
-5563.04215772913
-5562.74809170948
-5562.6404610071
-5562.56973939106
-5562.6231607064
-5563.19123731083
-5563.27127112272
-5562.54587508242
-5562.65853477342
-5562.59866934273
-5563.15404902669
-5562.4840888273
-5563.2158510907
-5562.93645362912
-5562.46013806384
-5562.89928234859
-5562.46192615902
-5563.10726110361
-5563.49720679591
-5562.94921885528
-5562.62193693133
-5563.81152148804
-5562.92519238203
-5562.4545413053
-5562.45255653083
-5562.78248622569
-5563.89531988376
-5563.02554273352
-5563.94590438478
-5562.39201282049
-5563.83553500199
-5562.50799799131
-5564.02813251423
-5564.12409381319
-5563.8643769268
-5562.40049588908
-5563.02887424589
-5562.46921849022
-5562.51489413139
-5562.23290852604
-5562.50768040317
-5563.0959750011
-5563.11170042823
-5563.05689412044
-5562.39775604879
-5562.99415308609
-5562.49217957753
-5562.83590949665
-5563.97661664413
-5563.06759905004
-5562.50096155741
-5563.76671997627
-5563.03876345496
-5562.24079470265
-5562.89981761926
-5562.80293931708
-5563.87378300713
-5562.49786756322
-5562.68462921271
-5562.62943614575
-5563.02621501115
-5564.06075559121
-5562.75032774592
-5562.38857383042
-5563.77348843591
-5562.5240338042
-5562.73984100025
-5563.86039797411
-5563.24356787611
-5563.14617910814
-5562.70916465091
-5563.08696062823
-5562.66703097043
-5562.64821788938
-5562.75608238547
-5562.52569599408
-5562.39717959623
-5562.42224016815
-5563.05031521771
-5562.66411534628
-5562.3146163913
-5563.69839537602
-5564.08895089611
-5562.82093479343
-5562.57311125393
-5562.59866856144
-5562.51589236208
-5562.63508244507
-5562.87924565797
-5563.91400891953
-5562.46122415182
-5563.9330850094
-5562.75852124388
-5562.35981351251
-5562.95861702298
-5562.45873672365
-5564.02418249687
-5563.07807231702
-5562.6717960713
-5562.43912522452
-5562.55237934593
-5563.76703486142
-5563.11210829155
-5562.45608497241
-5562.83079869855
-5562.59851813932
-5562.49386449127
-5563.11948776695
-5562.51862981486
-5563.93986117057
-5563.17881352918
-5562.78770514581
-5563.36545846786
-5562.50781223633
-5562.70556607338
-5562.78661733544
-5562.61524723918
-5563.45723843736
-5562.90111701108
-5562.38913350822
-5563.26111037779
-5563.19108978997
-5563.75401985347
-5563.01204307693
-5563.07370114344
-5562.79697250541
-5563.98397676154
-5562.7152357599
-5562.43362980409
-5563.87350426243
-5562.7811035117
-5562.5660938084
-5563.6373785318
-5563.07616048569
-5562.43508014442
-5562.77137272071
-5562.59977634821
-5562.59688639793
-5563.1818498485
-5563.80151900063
-5562.73102490507
-5562.47985828739
-5562.26994055957
-5563.70829646637
-5562.80880181346
-5562.77103425947
-5562.72157773451
-5562.48717252965
-5562.50745540208
-5562.63354970748
-5563.16881219127
-5563.01808474415
-5563.07005044284
-5562.69078417844
-5562.50964579311
-5562.75913342094
-5562.63801956883
-5562.37894561141
-5562.63511877281
-5562.83883705463
-5562.50440110399
-5562.87305756157
-5563.93968846279
-5562.3912121587
-5562.47621596152
-5562.6148488636
-5562.50412453132
-5562.70943376491
-5562.53262978297
-5562.74316673725
-5564.11378527536
-5562.47867279633
-5562.49811508948
-5563.20664042778
-5562.52295787229
-5563.35219708004
-5562.48860811489
-5562.48457709881
-5562.57579806795
-5563.92642722934
-5563.12932650223
-5563.90289565584
-5563.16432733402
-5562.51026828513
-5562.93209199318
-5562.95209624772
-5563.09711644096
-5563.9916101807
-5562.30378234423
-5562.77942034113
-5563.12805815188
-5562.6334710424
-5563.16502384276
-5562.59404070796
-5562.61585518112
-5562.70001482585
-5563.08466555629
-5562.4725927437
-5563.88525662152
-5562.64395982523
-5562.77912312146
-5563.0082142706
-5563.93283224937
-5562.59423557802
-5562.81053937659
-5563.77092019214
-5564.01349771278
-5562.7883295295
-5562.56066337938
-5562.65559169616
-5564.10562104264
-5563.93395892782
-5562.52656565134
-5562.63455456171
-5562.43033896282
-5562.64410109581
-5563.09227600915
-5562.57769301945
-5563.01996384615
-5562.71887614837
-5562.60636415023
-5562.64853203755
-5562.54651505767
-5562.43826123005
-5562.68534949485
-5562.40143437362
-5562.38332425118
-5562.52959282547
-5562.54653363142
-5562.56009834933
-5562.62154954398
-5562.313518903
-5562.50412027505
-5564.04138737987
-5562.86078737158
-5563.8014938277
-5563.85872961964
-5564.06411979042
-5562.73910065109
-5562.62188833195
-5562.73872644042
-5562.9732481874
-5562.75862873423
-5562.72086381099
-5562.820581018
-5563.79967440134
-5563.9517811147
-5562.36604308619
-5562.56724440639
-5562.97682209845
-5563.02547453812
-5562.77049049457
-5563.12685649659
-5563.23937371204
-5562.58418309722
-5563.84535014635
-5562.63422731732
-5562.48150883099
-5562.73464472833
-5562.92694458596
-5562.3876974541
-5564.20969170885
-5562.86264013069
-5563.15519714233
-5563.93318118503
-5564.06257116678
-5563.03035768228
-5562.69603912245
-5563.75466499881
-5562.85818239031
-5562.88258697103
-5563.07154578555
-5563.35703717781
-5564.16539817524
-5563.0842240653
-5562.56191383057
-5563.85228250642
-5563.71716331448
-5564.04062969174
-5564.0614366294
-5563.02719824664
-5562.9654588491
-5562.86778222027
-5564.10430574259
-5563.20921484873
-5562.46097489821
-5564.17073386732
-5564.15376080225
-5562.60645797372
-5562.82441755539
-5562.45134087464
-5564.01155494283
-5564.01509560534
-5562.47922734516
-5563.20550001674
-5562.84648545179
-5562.46569959849
-5562.76165460259
-5562.49810374873
-5562.40583564198
-5563.10457379489
-5563.06148054902
-5563.80087578238
-5562.68730066263
-5563.01458756597
-5563.06076641238
-5562.41141105133
-5563.12529386272
-5563.39105144352
-5563.68843024309
-5563.73320051385
-5562.69742255159
-5562.84546217851
-5562.55331128932
-5562.38718334721
-5562.53398941206
-5562.51812038943
-5562.42911781383
-5562.65626128089
-5562.70161096624
-5562.68153517147
-5562.44167885981
-5562.94995770357
-5562.62869401207
-5562.54187992441
-5562.75578124874
-5562.54643601531
-5562.50213460191
-5562.39471581156
-5562.90472613748
-5563.35671842631
-5562.47133616817
-5564.13403926807
-5563.9722681392
-5562.79555066611
-5562.3753934882
-5563.02250986331
-5562.43008010833
-5563.08557973621
-5563.15495865438
-5564.04442494209
-5563.6584454402
-5562.65015908809
-5562.45235745504
-5563.11581555196
-5563.05121849854
-5562.75013404796
-5562.7755197567
-5564.00015920816
-5563.73963174261
-5563.11814173737
-5562.47828670885
-5562.42486561986
-5563.07335595976
-5562.81515863967
-5563.97594364582
-5563.84216636454
-5562.404177631
-5563.11255095137
-5564.21136797517
-5563.20009609703
-5564.11094279183
-5563.22623839301
-5563.0871031583
-5562.46104657225
-5564.04202709869
-5562.4830766381
-5562.70253620646
-5563.12664051526
-5562.42741983269
-5562.77174849769
-5563.25988036133
-5562.57501270672
-5563.72197828292
-5563.18619342502
-5562.99590593377
-5563.85640419728
-5562.71736029773
-5563.96334538214
-5564.08386093212
-5563.11732574623
-5562.41350526628
-5563.80835713297
-5562.48110374528
-5563.6945360923
-5563.1509332184
-5562.70316186716
-5562.75095934842
-5562.54461583121
-5562.41600715077
-5562.49228739372
-5562.4385600444
-5563.98212380287
-5562.41975435745
-5562.59763820721
-5562.65845139401
-5563.16098940501
-5562.41165858543
-5562.60403836672
-5562.70791612516
-5562.62437485868
-5562.61283163737
-5562.4843222754
-5562.4878183716
-5562.82890685052
-5563.02263353488
-5562.68260570575
-5564.31536245567
-5563.89288712321
-5563.97800284333
-5563.03184127784
-5562.54689802017
-5562.66311693073
-5563.96832235474
-5562.50651189342
-5564.09659588875
-5563.08445065302
-5563.78606815041
-5562.45393847586
-5563.29037145187
-5562.57800628061
-5563.88770734688
-5563.66127704835
-5563.03023879436
-5563.16197392445
-5563.12858238514
-5563.87714628468
-5563.97456474237
-5563.09771630806
-5563.26433901375
-5563.15024829775
-5562.6859466776
-5563.86388533757
-5562.52337249469
-5562.3704019005
-5562.56871653948
-5564.03320697415
-5562.52666918288
-5562.96821418483
-5562.75595019822
-5562.47525587981
-5562.59897239238
-5562.51550673353
-5562.58997015875
-5562.66400359567
-5562.4774838405
-5562.84254956232
-5562.5172015054
-5562.23256301431
-5563.03739844223
-5562.6581354408
-5563.90944643407
-5562.69197792723
-5563.04439974639
-5562.67484904548
-5562.34736109589
-5562.49261132885
-5562.54339779523
-5562.51635650899
-5562.54940446272
-5562.89897835392
-5562.51353185069
-5562.45078194639
-5563.69542311639
-5563.72176598742
-5562.99318745876
-5562.41945309949
-5563.08751253659
-5562.81566830902
-5563.63353977976
-5563.03083914579
-5563.01181523854
-5562.56751278923
-5562.3925894246
-5562.69055113882
-5562.49457719938
-5562.65942268574
-5563.0984769651
-5562.35676826332
-5562.53412534288
-5562.34055567759
-5562.50597732989
-5562.57694482555
-5562.96686137322
-5562.69475531585
-5563.67909598483
-5562.61245464448
-5562.58320986497
-5562.6039305144
-5562.60634257061
-5562.36573482689
-5563.77144186156
-5562.96876135708
-5562.33441817153
-5562.7844794781
-5563.15920010697
-5563.0330252705
-5562.68323838296
-5562.52652290042
-5562.41709832552
-5562.64339119004
-5562.58067071168
-5562.97798731514
-5563.90168657433
-5562.44739530634
-5563.05418522101
-5563.92898373769
-5562.53416210412
-5562.78453827519
-5562.57405915138
-5562.60050165216
-5562.51548634222
-5563.15185082896
-5563.93035904577
-5562.49910243219
-5562.47846026515
-5562.71174439165
-5562.92467664619
-5564.00917442696
-5563.16596936439
-5562.53336054992
-5562.89614713276
-5562.63522977349
-5563.1528573847
-5563.12038979606
-5562.41385186994
-5562.8903916058
-5562.71600037128
-5562.39378117871
-5563.11541898666
-5562.88267666592
-5563.71935411157
-5563.9472870655
-5562.58359581343
-5562.56329179033
-5563.1430786331
-5562.5305394316
-5563.22168388576
-5562.45642912208
-5563.94574223428
-5562.89668175331
-5562.59748962951
-5563.72934021167
-5562.77763351211
-5562.66781276099
-5562.48865061399
-5562.75602294
-5562.68650657903
-5563.7427163078
-5562.58237680295
-5562.64263474536
-5563.17238935489
-5563.70903939181
-5562.79702837946
-5562.54588824375
-5562.80350869641
-5562.60910191843
-5562.85583953222
-5562.53027491077
-5562.67320186154
-5562.4775479455
-5562.42697489875
-5562.42068481224
-5562.44390400953
-5562.97045685435
-5563.18966883547
-5562.55672855462
-5562.6594975356
-5563.14018826811
-5563.00235815953
-5562.49774244072
-5562.54059355581
-5562.47961690673
-5562.40165015247
-5562.69052532533
-5562.50053003404
-5562.54188991346
-5563.20080417935
-5562.45032260597
-5563.96371681791
-5562.57512880743
-5562.71641899207
-5563.88584219346
-5562.73034330561
-5562.8286569328
-5562.7463645022
-5562.31393768257
-5562.64076583692
-5562.47358766711
-5562.44391628856
-5562.6703593539
-5563.83134805912
-5562.57462115992
-5562.61614286467
-5564.07747132479
-5563.94005136031
-5563.31311889907
-5562.49568120287
-5562.61547287165
-5562.66574919833
-5563.80249650788
-5563.15989306979
-5562.66224001104
-5562.64379330464
-5562.6545391761
-5562.62738426242
-5563.2620360872
-5562.82793114758
-5562.66594286877
-5562.4385643843
-5562.37615483097
-5563.94083633282
-5562.9214766594
-5562.38391859853
-5562.80873388145
-5562.7073740618
-5562.53406043881
-5562.51700886372
-5563.80454456212
-5562.38574657311
-5562.72256846043
-5562.77085331706
-5562.51179495976
-5562.49420140453
-5562.42315933976
-5563.06278070574
-5562.71043350876
-5562.91236379449
-5562.48721327202
-5562.54661787618
-5562.5405722917
-5562.50754758956
-5563.77244308713
-5562.68744081999
-5562.38563237307
-5562.69541994631
-5562.61690111594
-5562.22453278726
-5563.82811683422
-5563.23525289686
-5562.55091478391
-5563.73423466138
-5563.12185361766
-5563.87181179064
-5563.0114076719
-5562.46750225337
-5563.11582017997
-5562.79514514354
-5562.78727215284
-5562.77187394392
-5564.11451166398
-5562.72725402377
-5564.18809720253
-5562.67339071409
-5562.69621653084
-5562.76054075987
-5562.92809929909
-5562.49151347756
-5562.67309677713
-5563.88899340266
-5562.48231513845
-5562.37059848717
-5562.76085304955
-5563.19368908803
-5562.46773468244
-5563.9915713219
-5562.45481392774
-5562.72442224838
-5564.01994515095
-5562.48471964884
-5563.22244198113
-5563.8076340584
-5562.47450383613
-5562.57464476603
-5562.6405786919
-5562.57728222449
-5563.9893468862
-5562.33763224366
-5562.38268059782
-5562.4583516476
-5563.96000274358
-5562.61521048444
-5562.48571610215
-5563.24607837826
-5562.51798016042
-5562.63212311607
-5562.52662667194
-5563.96487594614
-5562.65128985154
-5563.25458645524
-5563.27766585236
-5562.67106774607
-5562.52216658749
-5562.51898817935
-5562.55961808449
-5562.56539027739
-5562.78638225759
-5562.38420103741
-5562.48212590034
-5562.63273074816
-5562.54372099528
-5562.70158467631
-5562.55401776157
-5562.69527839086
-5562.54009940961
-5562.6624134672
-5562.45784016499
-5563.93627536693
-5562.34824759244
-5562.73198791147
-5562.55438306539
-5563.02929226312
-5563.04005866785
-5562.99786815706
-5562.47263654417
-5562.38818923634
-5563.82363121322
-5562.51340291621
-5562.57343204022
-5563.60393512082
-5563.03479950418
-5563.04686843
-5562.34896053919
-5562.32649459031
-5562.41466344593
-5562.64673904564
-5563.84360284664
-5562.6094756115
-5562.53734221587
-5562.8540977451
-5563.00967364914
-5562.89443277736
-5563.7890061222
-5562.64983884993
-5562.53981988765
-5562.60443651604
-5563.10506214712
-5562.48980051651
-5563.06532452635
-5563.02496695529
-5563.82366459846
-5563.7935274446
-5562.62219221846
-5562.48484389899
-5562.48986787839
-5562.53667561247
-5563.26180999878
-5562.75552793205
-5562.42590361984
-5562.55418163467
-5563.85539125633
-5562.37106368607
-5563.94174095772
-5562.39261233495
-5562.4459206923
-5562.37588058472
-5562.50670302736
-5562.45176603758
-5563.83161272565
-5562.57444935613
-5562.82954606502
-5564.04967278397
-5563.94204990397
-5563.01436994657
-5562.538650078
-5562.65454682159
-5564.05131153048
-5562.49545315889
-5562.50802344454
-5562.81595279555
-5563.22989801035
-5562.48839709818
-5562.59993311109
-5562.49957567114
-5562.49907367725
-5562.79395091906
-5563.08501237091
-5563.99278218362
-5562.43329006824
-5562.56728716274
-5562.61585048474
-5562.43241099236
-5562.94837444913
-5562.78252410228
-5562.43877606619
-5563.0942677827
-5563.71415022459
-5563.01794445294
-5563.85423581018
-5563.14597568271
-5562.72211987561
-5563.00204254846
-5562.85746123115
-5564.15374153642
-5564.238201983
-5562.35206555557
-5562.42445240333
-5563.83793412519
-5562.36738745101
-5562.51235000627
-5562.84394722321
-5562.86655973191
-5562.75186218589
-5563.06163317873
-5562.62668612222
-5562.74482069887
-5562.9997179837
-5562.31570117246
-5562.9381511293
-5562.94514104853
-5562.44299936509
-5562.52909600478
-5562.78119021843
-5562.75509153336
-5563.84970423464
-5562.64669646584
-5562.47607404621
-5564.33443210896
-5562.86375527892
-5562.88631203694
-5563.73102426548
-5562.97435475103
-5563.14494769237
-5563.35166299551
-5563.8884080082
-5563.19501553426
-5562.68620449201
-5562.66176751991
-5562.78697805458
-5562.50473864892
-5562.46997462216
-5562.65205513221
-5562.80884980881
-5562.59650229598
-5562.48661802747
-5562.93203169107
-5563.61670921775
-5563.1346514889
-5563.10966448914
-5562.80200538129
-5563.0958810779
-5562.75511512286
-5563.98508521934
-5563.99093856208
-5562.72752796176
-5562.53936466248
-5562.69047658737
-5562.40927333366
-5563.9465358034
-5562.52327423882
-5563.97876726813
-5563.06751785814
-5563.61754314797
-5562.88149447952
-5564.08204204381
-5562.4989989115
-5562.54333228256
-5563.13304790954
-5563.09267393291
-5563.92496933037
-5563.0420497502
-5563.9091552248
-5562.25226744076
-5562.95177171586
-5562.51128418608
-5563.15329103872
-5563.78814190116
-5562.87206470004
-5562.47115064683
-5563.96048455683
-5562.65801061596
-5562.59852602042
-5562.5959441164
-5563.15052800321
-5562.41479783935
-5563.93457047646
-5563.12131277086
-5562.38295136095
-5562.9218667806
-5563.87407587183
-5562.48275180397
-5563.85138000066
-5562.60164328397
-5562.81008148634
-5562.52841233503
-5562.80424904529
-5562.81349861631
-5563.192633439
-5562.68527478759
-5562.59100286431
-5562.62247424765
-5562.68018936365
-5562.61243635891
-5563.97448822486
-5563.8118528012
-5562.63476198529
-5564.17139407432
-5562.42194223076
-5562.49869797323
-5562.66164700183
-5562.76771575298
-5562.50904566728
-5562.53911802587
-5562.90558171582
-5563.2529164607
-5562.58628866861
-5562.49592862397
-5562.63373725117
-5562.61867199843
-5562.61562064965
-5563.69846229367
-5562.61896001483
-5563.93366739531
-5563.20702523501
-5562.54433990289
-5562.46534203025
-5562.37992015738
-5562.54853666858
-5562.55341551443
-5562.44543628651
-5563.29924959536
-5563.83834539488
-5562.54871861514
-5563.73643454216
-5563.05500820672
-5562.55410519338
-5562.73321073946
-5563.23030215898
-5563.05563752406
-5562.98309687828
-5563.07811658792
-5562.86005821659
-5564.03548608432
-5562.56201141438
-5562.2395616748
-5562.81767117032
-5562.89973032486
-5562.5334818819
-5563.96102379642
-5564.08241468372
-5563.22311090321
-5563.19138093449
-5562.97971008554
-5564.09217933896
-5562.54577755605
-5562.51232490441
-5563.98279348087
-5563.13130536135
-5564.28961495529
-5564.04968345832
-5562.59746375536
-5563.26379034394
-5562.56862899791
-5562.73335805944
-5562.48290336847
-5563.24096192556
-5562.66426151049
-5562.80899135604
-5562.88796561846
-5563.91957915601
-5562.58389615066
-5562.57013596377
-5563.22051717292
-5562.65902640626
-5563.94892370756
-5562.50808055371
-5562.46651337892
-5562.81024317469
-5562.99202639466
-5562.92371538272
-5563.15666148264
-5564.16462043412
-5563.81095661058
-5562.58976018321
-5562.64963531243
-5562.6153687359
-5564.14755987281
-5563.3924946338
-5562.7779144775
-5562.59061063447
-5563.97356877571
-5563.88925238528
-5564.20301312968
-5562.70220431769
-5563.93063844703
-5563.12097598349
-5562.89671586886
-5563.05320090804
-5562.58661068338
-5562.61806077204
-5564.19208474728
-5564.10733693914
-5562.51192660196
-5562.49678490552
-5563.90902072731
-5562.51609484522
-5562.74448130677
-5562.58072098112
-5562.5447344878
-5563.98917367598
-5562.6886239304
-5562.76317797634
-5562.58641682665
-5562.6815351582
-5563.25976822054
-5562.73362192507
-5562.53417112186
-5562.75485146443
-5562.32568510917
-5563.19322383496
-5562.88908481208
-5562.74516177997
-5563.44869319819
-5563.76391509908
-5562.32759562229
-5562.60840076843
-5562.60623032291
-5564.12379533553
-5563.87234457211
-5563.21328872887
-5563.75078135059
-5562.43726338827
-5563.91642877414
-5563.92335798535
-5562.51354107577
-5562.96156876165
-5562.37709006292
-5562.64242204922
-5562.51825478261
-5562.66549062449
-5562.35707955654
-5562.57374288614
-5564.1406655915
-5562.53776800537
-5563.12301208614
-5563.04520381242
-5562.61632202587
-5564.16134312191
-5562.61835963222
-5562.28781615131
-5562.92035655526
-5562.92113942929
-5562.37792938982
-5562.70120153992
-5562.76847405083
-5563.15213740266
-5562.38021432431
-5563.26312644806
-5563.24079287808
-5562.51960351359
-5562.53266820204
-5563.08577607523
-5562.97346730933
-5562.74199314813
-5562.22861216128
-5562.75162216682
-5562.43432375387
-5563.2159006289
-5562.48527205211
-5562.44126036482
-5564.04698263334
-5562.71681662802
-5564.27956944218
-5563.2129294904
-5563.07200769536
-5562.38766996034
-5562.35461405981
-5562.7543232069
-5562.52851080069
-5562.53524444593
-5564.14621770177
-5564.03677741341
-5562.35940504648
-5562.4835438271
-5563.08214184923
-5562.73740248664
-5562.38711858399
-5562.55668480988
-5562.55136654274
-5563.86181250634
-5563.91682315169
-5562.31487458635
-5562.54016606115
-5564.12077548469
-5562.90186760716
-5562.86460560308
-5563.41879472042
-5564.02708057065
-5563.12772181283
-5564.02409698975
-5562.57080097135
-5562.7319347778
-5562.54828899529
-5564.13649179058
-5562.51590809181
-5562.48365525114
-5562.66229996658
-5562.57580448445
-5562.94468086239
-5562.54025571225
-5562.51767840624
-5564.0532006139
-5563.01267741504
-5562.95216285542
-5562.44667484319
-5563.39139812546
-5563.83323347725
-5562.71170709014
-5562.5234477226
-5562.70416488267
-5564.07052238656
-5562.92479446071
-5562.52127946531
-5564.11662678499
-5562.72561815933
-5563.03476728108
-5562.73715999072
-5562.50797805076
-5562.79170914242
-5562.91934706268
-5562.72359499405
-5563.90299271051
-5562.58361836591
-5562.89084520423
-5562.45994167218
-5563.79199819935
-5562.67701080681
-5563.8593400931
-5562.60060208581
-5563.2161005213
-5563.07116970666
-5563.0148963336
-5562.6869723967
-5562.47239497365
-5562.61002558294
-5562.54705476346
-5562.4874458643
-5562.5416575889
-5563.14849928906
-5564.05412508637
-5563.56414553001
-5562.70914860373
-5563.20906971803
-5562.49168198187
-5562.7452206847
-5562.88717505339
-5563.89899173233
-5563.28480332925
-5563.97860847798
-5563.02323780499
-5562.50302833614
-5563.86171293654
-5562.87738076638
-5562.35125748177
-5562.48380719471
-5562.72675208848
-5562.44581643329
-5562.76881332613
-5562.40492436979
-5563.07963214682
-5562.42778978657
-5563.10939301171
-5562.40992898855
-5563.14490875975
-5563.46933535671
-5562.62118673821
-5562.49969857873
-5562.44595794045
-5562.95118719712
-5563.14880154203
-5564.06735798411
-5562.89440838641
-5562.76696995652
-5564.10782674025
-5563.96615269453
-5562.49345327003
-5562.78103019316
-5563.92956787327
-5562.56357834445
-5563.07375286473
-5562.66466492557
-5564.01275899465
-5563.33849664882
-5564.01486459398
-5563.9796827023
-5562.96301495497
-5562.46149409908
-5564.18694119719
-5563.9556961383
-5562.56602285995
-5562.3041869596
-5563.88545091661
-5562.44820915454
-5563.75020581316
-5563.24590062649
-5563.05975848827
-5562.56259647713
-5564.05422668379
-5562.87030938515
-5563.17796548727
-5562.37067669079
-5562.68066084992
-5562.53896620172
-5562.48226256755
-5562.5985902047
-5562.81858647182
-5562.64319484276
-5562.95801135297
-5564.07356787641
-5562.42487523171
-5562.52678306611
-5564.1389705631
-5563.05650640817
-5563.07994118687
-5563.17884356803
-5563.77030959201
-5562.50865463197
-5563.16996386709
-5562.60548321986
-5562.49407548773
-5562.6973768074
-5562.49300518152
-5562.52660975954
-5562.61137050561
-5563.91376333579
-5562.55971765022
-5564.04451432607
-5562.41582139265
-5563.03913116201
-5563.10226033944
-5562.42125782493
-5562.67864598924
-5563.18034048865
-5562.68969036706
-5563.05025459008
-5563.79269876719
-5562.43723067638
-5562.38906948278
-5563.76513067774
-5562.29734990542
-5562.54486342206
-5562.9178827096
-5562.78962830797
-5564.07849187271
-5563.05407514696
-5562.95035010983
-5563.16199961205
-5562.87788391368
-5563.26549327776
-5562.62739362227
-5562.57992096727
-5563.98986940168
-5562.70786027945
-5563.0903270209
-5564.10822361042
-5562.64615317859
-5562.79013119519
-5564.15158966921
-5563.19216339343
-5562.75457250414
-5564.24913697452
-5562.54556251283
-5562.47507898351
-5563.98897122892
-5562.47498564219
-5562.45706716917
-5562.46109911265
-5562.71336952639
-5564.16068727406
-5562.72881663231
-5562.39736647896
-5564.09707725842
