# vacant energies
-5572.57217768484
-5571.44040877707
-5572.66976181449
-5571.92097695921
-5572.74221013978
-5572.77480383775
-5571.48878517819
-5571.5882362534
-5571.37209320704
-5571.48254288528
-5571.40032916078
-5571.49698464231
-5572.93366936252
-5571.39812086734
-5571.36489263376
-5571.23610991714
-5571.82149839798
-5571.42224882984
-5572.09440629968
-5572.67344092868
-5571.38904561794
-5571.99642720995
-5571.43457357965
-5571.53426512313
-5571.35424340843
-5571.39147808831
-5571.46871718356
-5571.4305023771
-5571.66780098807
-5572.14821982141
-5571.78751495769
-5571.52169035112
-5571.50064081892
-5571.59927483424
-5571.35994115122
-5572.58233225077
-5572.7489595618
-5571.44170178624
-5571.41619366094
-5571.53255113869
-5572.87762801345
-5572.99738662965
-5572.55004948907
-5571.31744863528
-5571.56859419525
-5572.27423758302
-5572.82129749711
-5571.29248028615
-5571.92234077083
-5572.05465873799
-5571.47605350608
-5571.44136285823
-5571.4895572951
-5572.9210761991
-5571.41793159349
-5571.97331744436
-5571.58833762207
-5571.6514364025
-5571.91990500149
-5571.44200330964
-5571.88186942531
-5571.35634298928
-5571.47271098637
-5572.48571705011
-5571.41304546374
-5572.60273542644
-5571.79501628123
-5571.90479491066
-5571.41261592639
-5571.95625737358
-5571.58292755626
-5572.60233672078
-5572.14507330579
-5571.37759574055
-5572.06018602056
-5571.62459546533
-5571.53673516892
-5571.69002723404
-5571.96086887947
-5572.99183536491
-5571.60139881139
-5571.52136995888
-5572.1598231333
-5573.17630851327
-5571.54935862514
-5572.58285967254
-5571.94279219872
-5571.5738278009
-5571.43245934286
-5572.36617478769
-5571.93039180373
-5571.37940643618
-5572.62359012053
-5571.55659787072
-5571.18141079541
-5571.51306279667
-5572.00099838063
-5571.5576497826
-5572.01337757335
-5571.77175132161
-5571.1971523632
-5571.48673072056
-5571.94986048307
-5571.26875801954
-5571.21085870354
-5571.68506749729
-5571.72495348282
-5571.43331048574
-5571.40459112422
-5571.96430643443
-5572.08755016902
-5571.16191315742
-5572.75294108631
-5571.37596023085
-5571.49004511063
-5572.88297194366
-5571.27410810189
-5571.6829347764
-5572.66054513796
-5571.91866132689
-5572.84867440448
-5571.4948016144
-5571.32717036474
-5571.32030584562
-5571.23592601954
-5571.44316792907
-5572.10791500887
-5571.25093933449
-5572.7438193977
-5571.33808602723
-5571.43533973637
-5571.46492785131
-5571.83052963982
-5572.08220901302
-5572.60722246974
-5571.41123764099
-5571.53180691196
-5571.46146351494
-5571.6132193557
-5571.41134347404
-5571.45714982852
-5571.64389125721
-5571.90495154244
-5571.39334797858
-5571.37678012399
-5571.27510510264
-5571.43920475488
-5571.98652534118
-5573.0395441988
-5571.82677340839
-5571.49283973357
-5572.51058614601
-5571.45562796264
-5571.69964969966
-5572.04999164229
-5571.39249170247
-5572.77497450303
-5571.91334621595
-5571.6512134589
-5571.43614857121
-5573.03306383323
-5572.00860876827
-5571.48975856476
-5571.49404265383
-5572.5457879018
-5571.45257758298
-5571.88633593733
-5571.24313134211
-5571.45044733811
-5572.67617087685
-5571.98965658501
-5571.75705040251
-5571.45409314834
-5572.81645220239
-5571.48622106743
-5571.75223303503
-5571.45030216504
-5571.28866724386
-5571.32996113522
-5571.64122699282
-5571.36644425593
-5572.73606016487
-5571.37192544563
-5571.58604192194
-5572.53941363824
-5571.31037507001
-5571.33236229828
-5571.53101702318
-5571.40528481456
-5571.3102240503
-5571.31487961939
-5571.43479792998
-5571.62253047605
-5572.83062153464
-5572.0233885754
-5571.52533587645
-5572.0133331914
-5572.58161528028
-5571.81526651711
-5571.30939843939
-5571.58409485471
-5571.37438332813
-5571.9530825005
-5571.3004470534
-5571.39808098975
-5571.44207764075
-5572.75761902634
-5572.11786747216
-5571.4051695185
-5571.45218964765
-5572.02928316097
-5571.85549145215
-5571.46727444343
-5572.55429821393
-5571.42803922167
-5572.76623356431
-5571.42255867561
-5571.99083046021
-5572.5744607022
-5571.3476451325
-5571.54588161451
-5571.91122140708
-5572.88040385826
-5572.69616507339
-5571.25759654764
-5572.93951774325
-5571.60790235826
-5571.42016979299
-5571.37290201391
-5572.88040934268
-5571.55085366636
-5571.37676470769
-5572.89586248846
-5572.12518354463
-5572.68468710962
-5571.36780858004
-5571.29081863581
-5571.43305127395
-5572.92848708845
-5571.82455875977
-5571.88952456672
-5571.30705565303
-5571.90425209692
-5571.22662984008
-5571.58470642687
-5572.80102848989
-5572.05256344887
-5571.43139080029
-5571.40996098769
-5571.39244159143
-5572.10202246528
-5572.03558434681
-5571.32627650017
-5572.63965414156
-5571.68311703421
-5571.4995403105
-5571.57000634306
-5571.33797736279
-5571.34365261918
-5571.38036737502
-5571.41657065432
-5571.93595882037
-5572.74315046716
-5571.37479915891
-5571.45595357626
-5572.77268533042
-5572.83014785357
-5571.46388517849
-5571.21573859673
-5572.68387638442
-5571.29101507365
-5572.54147189498
-5571.2317705974
-5571.79524301126
-5571.46448740227
-5571.61751828635
-5571.67909168379
-5571.68979428133
-5571.52632075824
-5572.01783430171
-5571.4854737201
-5571.60964081936
-5572.99722703882
-5571.47730308062
-5572.07879085815
-5571.95054250418
-5572.8506632533
-5572.79049865015
-5572.78524346036
-5571.51691550042
-5572.70283364923
-5571.33859899637
-5571.23069750435
-5571.2106337064
-5571.4998882557
-5571.49655609081
-5571.5653618093
-5572.75034806301
-5571.28669130491
-5572.45738544125
-5571.94796683118
-5572.95311300362
-5572.18150393206
-5571.2847972886
-5572.0484383144
-5572.59272755054
-5572.1302610092
-5571.49127172995
-5571.53011711911
-5571.17662968404
-5571.41692605279
-5571.55409643366
-5571.46327516338
-5571.46739749994
-5571.51500692155
-5571.39375026828
-5571.86879099995
-5571.91389576532
-5571.2211246953
-5571.42347096077
-5571.49425367219
-5572.5679831533
-5571.46702263029
-5571.31249115174
-5571.41053456361
-5571.33854078926
-5571.33683818188
-5571.37625932795
-5571.5041552674
-5571.47252671585
-5571.43558674211
-5571.57675563383
-5571.081451104
-5571.30530791833
-5571.32345487145
-5571.54985285402
-5571.42827995023
-5572.63853593889
-5572.878656515
-5572.58162134074
-5571.27078266861
-5571.51485520069
-5571.32893658801
-5571.37721914967
-5572.70485184468
-5571.39626756008
-5571.6732003428
-5571.71485178378
-5571.34083622149
-5572.8859379125
-5571.97932450424
-5571.61842077748
-5571.24093614358
-5571.85730315704
-5571.84367186054
-5571.25429730013
-5571.29331732348
-5571.16956017456
-5571.43088311425
-5571.68272802012
-5571.26045341367
-5571.58625310547
-5572.84467367782
-5571.98374484176
-5572.76045256862
-5571.48178473419
-5571.17439866991
-5571.32486722891
-5572.64462962322
-5571.34499568444
-5571.78797259313
-5572.02582616028
-5572.1840365654
-5571.19622401475
-5571.31376142013
-5571.47146731644
-5571.37344050837
-5571.31884353097
-5571.54358605494
-5571.35524615542
-5571.28397912056
-5572.69806763218
-5571.21699998667
-5571.68360618863
-5571.2786411735
-5571.39478036589
-5571.26354117422
-5571.23015491383
-5571.50549389106
-5571.27907035138
-5571.35497506247
-5572.94417768265
-5571.40406675973
-5571.50273230828
-5571.42910652774
-5571.29485238878
-5571.3178662584
-5571.43977144688
-5571.34161191689
-5571.68257929789
-5572.14327869379
-5571.63908959479
-5571.40258282756
-5571.35199045388
-5571.25436925552
-5571.65507145107
-5571.26619017282
-5571.6256519251
-5571.94344500674
-5571.84342355924
-5572.8368461489
-5571.39971309409
-5571.54850105102
-5571.38468437719
-5571.18074992988
-5572.88620889845
-5571.31440816727
-5571.62718112734
-5571.55129676203
-5572.62832200526
-5571.44577989578
-5572.77281099432
-5571.58424033878
-5571.34893655071
-5571.20559380703
-5571.65809344054
-5571.42867354296
-5571.56984485838
-5571.25887871725
-5571.9199972802
-5571.76154050482
-5571.44782717312
-5572.7218335956
-5571.23272166561
-5571.33421224305
-5572.05629316162
-5571.72774108946
-5571.48460995101
-5571.50960366105
-5572.72544778404
-5571.37986157466
-5572.11678072101
-5572.74754787141
-5571.46403040187
-5571.75458902012
-5571.44514679169
-5571.56198420314
-5571.33844876199
-5571.52649617539
-5571.69721060373
-5571.40203125896
-5571.74624641684
-5571.43061685699
-5571.9443299963
-5572.75788833314
-5572.69989396915
-5571.46233351401
-5572.86300015002
-5571.45263758025
-5571.81777509318
-5571.90312944302
-5571.41424477338
-5571.64472718996
-5571.48590240095
-5571.48139878893
-5571.64228568086
-5571.42061121396
-5571.90870799481
-5571.79311219775
-5572.71883204486
-5572.76197094857
-5572.10305835324
-5571.37856847155
-5571.88932920421
-5571.76511532686
-5572.62239121665
-5572.75431738493
-5571.97546136591
-5572.92577893888
-5573.10539625199
-5571.82012781672
-5571.85053378787
-5572.91791467926
-5571.31425736662
-5571.89408581366
-5571.28816295006
-5571.55328314861
-5571.62985145575
-5571.9151198246
-5571.93339799528
-5571.566705325
-5571.81645292801
-5571.9302683809
-5571.40939797018
-5571.65908311372
-5571.30764496866
-5571.8279077433
-5571.54782448124
-5571.56337993337
-5571.89136393512
-5571.37484593682
-5571.74791467681
-5571.85908239149
-5571.27037585347
-5572.87272167221
-5572.58150251539
-5571.33326433263
-5571.49714498258
-5572.87574215899
-5571.792903983
-5571.5260163692
-5571.4536797369
-5571.85254849377
-5572.01195296172
-5571.33566533061
-5572.12052276871
-5571.38640365438
-5572.84554470833
-5572.92259474612
-5572.07715761668
-5572.56916296321
-5573.21207301546
-5571.28006407251
-5572.77745591044
-5571.25004025266
-5571.60478269499
-5572.81438034346
-5571.41622137701
-5571.43364015493
-5571.61302656779
-5571.52714615518
-5571.44297857308
-5572.08854154219
-5571.22128738827
-5571.93428042214
-5571.31983831361
-5571.27308452355
-5571.41882572744
-5571.86384492578
-5571.44337245007
-5571.82349911187
-5571.54811013915
-5571.49385862844
-5571.38409632729
-5571.23382227642
-5571.41059477778
-5571.63070778845
-5571.43796280773
-5571.0715579923
-5572.00831272004
-5571.45011197421
-5571.28393477532
-5571.45946662487
-5571.30284400764
-5571.57516116433
-5571.49718595354
-5571.37528584751
-5571.33113615984
-5571.2187864202
-5571.49206484132
-5571.27238988991
-5572.8900757239
-5571.09071395626
-5572.90517122936
-5571.5430468399
-5571.32894191975
-5571.53743525714
-5571.76750784556
-5571.83784550758
-5572.91834828793
-5571.91444114122
-5571.82905950122
-5571.49004231149
-5571.97956088862
-5572.72418150996
-5571.17235086246
-5571.32359342782
-5571.31971032524
-5571.30443046418
-5571.33829568889
-5571.27409550343
-5571.48634662365
-5572.02035527875
-5571.23142620205
-5571.35127447705
-5571.2759848629
-5571.27686964551
-5571.33338108061
-5572.15161608017
-5571.4670643534
-5571.22254056667
-5572.54859196961
-5571.40622077306
-5571.37005352807
-5571.27483776561
-5571.37709820103
-5571.2610238288
-5571.30137714858
-5571.1738547927
-5571.47212089196
-5571.38837703454
-5571.42737938392
-5571.43270382594
-5572.55888860348
-5571.49160882589
-5572.00710314437
-5571.50747501583
-5571.90274930073
-5571.48613344479
-5571.25864493792
-5571.59582706805
-5572.22373445702
-5572.85052574157
-5571.77727811979
-5571.69035395603
-5571.21310297963
-5571.73900503974
-5571.83551005569
-5572.03627425841
-5571.15843532635
-5571.25457578388
-5571.47378736887
-5572.60072758414
-5572.88089941805
-5571.73666451578
-5571.83002202119
-5571.96752687288
-5571.99487153131
-5572.58355653117
-5571.4739154681
-5571.89876580407
-5572.70254059354
-5571.74574662046
-5571.44906716179
-5571.87777043608
-5572.65942687941
-5571.52485913385
-5571.32834453731
-5571.40709287565
-5571.35281649445
-5571.57494707095
-5571.69271586718
-5571.46866766475
-5571.30243832614
-5571.60195746395
-5571.45805102425
-5571.76052099026
-5571.33456328791
-5572.75842146662
-5572.77877667299
-5571.66331661355
-5571.43939812228
-5572.7244485774
-5571.43902705043
-5572.71352707375
-5571.60994685463
-5571.849167841
-5571.85045649709
-5571.70406291735
-5571.29742770163
-5571.76557330747
-5571.36740042197
-5572.06128405735
-5573.05405387328
-5571.52673701023
-5571.28679571179
-5571.85248863502
-5572.64852431293
-5571.58950575381
-5571.80414105097
-5571.48282147883
-5572.57709857096
-5572.15796341135
-5571.6017317536
-5572.79967991614
-5571.55912396038
-5572.82240773729
-5572.06991048501
-5571.30781210264
-5571.49601867892
-5571.59455864852
-5572.61633883142
-5571.64347182119
-5571.3097589234
-5571.57114080361
-5571.77288664006
-5571.39490865085
-5571.62781712757
-5571.39215716512
-5572.7413985796
-5572.77153715372
-5571.36627500531
-5571.37849083654
-5572.7132328731
-5571.39522383871
-5571.64908583687
-5571.67353452377
-5571.78713901438
-5571.31258513748
-5572.58330415066
-5571.630093304
-5572.63160422982
-5572.1300204335
-5571.33521166962
-5571.57438190386
-5572.7893147344
-5571.6224492547
-5571.46270042972
-5571.61024668054
-5571.65008822113
-5571.22829264154
-5571.32326672002
-5571.32388504564
-5571.62023732613
-5571.67487882803
-5571.36819465451
-5571.30894658751
-5571.41911606984
-5572.75134979968
-5571.36930317705
-5571.62267691783
-5571.39609478273
-5571.27297931303
-5571.37398046774
-5571.47063640399
-5572.12876114833
-5572.4653846486
-5571.50728904296
-5572.10848489219
-5572.62827793239
-5571.47684997181
-5571.46549200211
-5571.8381413609
-5572.03909438798
-5572.56578878525
-5571.22677309572
-5571.34019239618
-5571.33130301401
-5571.87464790782
-5571.47348688332
-5572.72619682642
-5571.26498423046
-5571.81642502824
-5572.74114554708
-5571.94107382389
-5571.55929838456
-5571.85714255717
-5571.67904327322
-5572.21034792388
-5571.41965520364
-5571.21393754713
-5571.43338806664
-5571.56636393592
-5571.44606493613
-5571.42091276337
-5571.4423872541
-5571.71060677171
-5571.48120674203
-5572.00944936928
-5572.77115575187
-5571.45934071904
-5571.69821588931
-5571.16507145016
-5571.45927014203
-5571.65439764259
-5571.80977146577
-5571.39725385822
-5571.38332364056
-5571.39863201517
-5571.66829139759
-5572.61138662779
-5571.76134670229
-5571.15613987779
-5571.25530405895
-5571.67646951467
-5571.34874619991
-5572.7200424572
-5572.80791015932
-5571.27526493117
-5571.45740621147
-5572.83981734835
-5571.6580800562
-5571.19330855358
-5571.49065895132
-5572.79959739838
-5571.50527759139
-5571.50937406519
-5572.91062098441
-5572.88921110312
-5571.93100901049
-5572.02622280314
-5571.76525838752
-5571.52245714017
-5571.5674150909
-5571.41294934979
-5572.96147353632
-5572.84778253589
-5571.55874034908
-5571.52919163303
-5571.301694183
-5571.21474081201
-5571.65947161276
-5571.5989327175
-5571.47023810856
-5571.36066321848
-5571.7622199681
-5571.44925180528
-5572.55906838674
-5572.66512654865
-5571.20508245132
-5571.54553131415
-5571.85852720474
-5572.07936786704
-5571.35304905189
-5571.18165279715
-5571.53967931459
-5571.20393162077
-5571.14783756408
-5571.52365720288
-5572.87096066128
-5571.85018226711
-5572.74365460698
-5572.8338138961
-5571.28312573659
-5572.90723869939
-5571.27623152047
-5572.83186435924
-5571.62546157112
-5571.39564178476
-5571.49768674203
-5571.81497672325
-5571.59065568555
-5571.85550934061
-5571.31154864386
-5571.20431665694
-5571.4090528454
-5571.98957604562
-5571.6074725986
-5571.97424709583
-5571.59097673182
-5571.59915907419
-5572.56248090611
-5571.36148721483
-5571.23073419344
-5572.08283684494
-5571.35241487242
-5571.85900964885
-5572.67815312414
-5572.55382317949
-5572.02522830761
-5572.61766952126
-5571.16132034678
-5572.44718054941
-5571.28703017701
-5571.48218604774
-5572.76898034632
-5571.29467659546
-5571.5235303378
-5571.39680856365
-5572.11043301044
-5571.43035289647
-5572.73078516985
-5571.58714237816
-5571.41813505418
-5571.51503908458
-5571.55417354749
-5571.31138166112
-5571.77094110132
-5571.97072313209
-5571.77339718453
-5571.38610977706
-5572.02882423329
-5572.7152112511
-5571.43729871323
-5571.42360235198
-5571.57098864544
-5571.57076341994
-5572.72316034551
-5571.38873500872
-5571.30663072167
-5571.37163373803
-5571.31728433326
-5571.61267751195
-5571.65948355563
-5571.39756204159
-5571.86121411064
-5572.76249568712
-5571.38974684325
-5571.17280976281
-5571.79988436252
-5571.86072959279
-5572.73044494424
-5571.39498685569
-5572.68126608204
-5572.57986751314
-5571.86360514344
-5571.49415671806
-5571.89229866389
-5571.90442474667
-5572.55830838709
-5572.13484578791
-5571.80456748792
-5573.00512427995
-5572.64103963247
-5571.55376379023
-5571.44726418345
-5571.81320067845
-5572.67131691663
-5571.92135843628
-5571.60091877229
-5571.37834048632
-5572.5680776544
-5571.86930412884
-5571.88974551789
-5571.53103822386
-5571.69894177328
-5571.42162000796
-5572.05947073574
-5571.40112421645
-5571.74778852724
-5571.87574891477
-5572.99114645729
-5572.99751819653
-5571.452196345
-5572.43097497707
-5571.97899990469
-5571.53237553186
-5571.76751345996
-5571.46495374728
-5571.27760113046
-5572.89914147754
-5571.44522389961
-5571.63125196162
-5571.38898603648
-5571.27954177271
-5571.54007635172
-5572.55865931182
-5571.40998609165
-5571.3783749992
-5571.76146625718
-5572.89932837615
-5573.1424594444
-5572.06207717787
-5571.61551544788
-5572.72472607516
-5571.17372215763
-5572.7122892945
-5571.83450619999
-5572.81244875986
-5571.37112299451
-5571.38085388963
-5572.05130619141
-5571.95811810703
-5571.57050078943
-5571.62978828257
-5572.0459301615
-5571.37916667512
-5573.0335406089
-5571.4498034118
-5572.74195247474
-5572.04817351739
-5572.64582399606
-5571.84837941413
-5571.29228344679
-5571.43760263113
-5571.39780493311
-5571.21767003101
-5571.40949098005
-5572.65931427799
-5571.45057168803
-5571.60199198688
-5571.23393798248
-5571.40107789106
-5571.34291468483
-5571.30936884391
-5571.50079902803
-5571.55957257035
-5571.33016620845
-5571.39787447238
-5572.73196577438
-5571.32044729177
-5572.86464247956
-5571.50029582248
-5572.77694305739
-5571.61994663118
-5571.54004150768
-5572.68755214823
-5571.52394197769
-5571.46378444456
-5571.38402341116
-5571.24745419048
-5571.46583379728
-5571.46477763172
-5571.44230549972
-5571.16497936458
-5571.16396266724
-5572.73714928656
-5571.17979363629
-5571.22492988115
-5571.64969837355
-5571.72581057558
-5571.24513371434
-5571.42531467516
-5571.36590333201
-5571.32947907344
-5571.23711490205
-5571.49712693545
-5572.01949609385
-5571.3026646655
-5572.62433514858
-5572.60195553567
-5571.78269345937
-5571.50380786978
-5571.96038113202
-5571.49312910521
-5571.43644301134
-5571.2547671082
-5571.11138397594
-5571.42296537088
-5572.48579110518
-5571.54414492343
-5571.8027613078
-5572.74754168241
-5571.9585412929
-5571.34132575234
-5572.73759484201
-5572.03980120548
-5571.73568961236
-5571.84232666463
-5571.46366026312
-5571.5903125252
-5572.80092882171
-5571.46508517887
-5571.56267040103
-5571.96707614628
-5572.90150753168
-5571.37064004946
-5571.60068197308
-5572.83925066607
-5572.12990441426
-5571.42652415794
-5572.81649668334
-5572.6409517208
-5571.95803788279
-5571.43306059973
-5571.91557054798
-5572.68167528265
-5572.08950720508
-5572.81832874646
-5572.13007001811
-5571.25346181629
-5571.81866216575
-5571.83688113934
-5571.79582969072
-5571.80167965116
-5571.70532990328
-5571.78545627715
-5572.71097667298
-5571.75888584366
-5571.36726636999
-5571.59651612123
-5571.82642229151
-5571.88827120631
-5571.60292211708
-5572.95064213588
-5572.10981361401
-5571.80333328612
-5571.5643902048
-5572.96268198012
-5571.4007143651
-5572.61752774943
-5572.74885093997
-5571.48645698619
-5571.51037568327
-5571.79520262732
-5571.6209701965
-5572.0658971578
-5572.08019582876
-5571.79112513667
-5572.11378744596
-5572.77099941391
-5571.52845899632
-5572.86359095494
-5572.75892538768
-5571.71773339708
-5571.75378202804
-5571.99080040174
-5571.9724266197
-5571.40397028323
-5571.98142894852
-5572.69121160938
-5571.86002946657
-5571.55614447122
-5571.9496369004
-5572.78934792121
-5571.58792312463
-5571.27018125314
-5571.56858898136
-5572.70906815926
-5572.90015401183
-5571.36827447773
-5572.20931525799
-5572.74006789459
-5572.69406687203
-5571.75641670248
-5571.38872447238
-5571.588722953
-5572.70597074842
-5571.57801440126
-5571.84135476929
-5572.91497559491
-5571.31354173058
-5571.98415050032
-5573.07070131934
-5571.1521646426
-5572.88967123061
-5571.30713576021
-5571.7732432502
-5572.79543812734
-5572.93115856565
-5572.66429336243
-5571.43710933294
-5572.78332648836
-5572.80831997494
-5572.13145473034
-5573.010778319
-5572.23154930179
-5571.7054099404
-5571.33673497136
-5571.35747202421
-5571.83085272532
-5572.08549318166
-5571.42441653331
-5571.63510582202
-5571.66328484184
-5572.64832103833
-5571.40499458448
-5571.93387648525
-5572.77229314224
-5571.3855404393
-5571.56875407733
-5572.54525822295
-5572.77504810621
-5571.62144061453
-5571.55248809887
-5571.20837177558
-5571.35611449754
-5571.41034532082
-5572.58253404588
-5571.41340675605
-5571.19267951428
-5571.41996508261
-5571.42215097873
-5571.32449790707
-5571.48384852648
-5571.35643172861
-5571.28299244905
-5571.35588119618
-5571.36316197648
-5571.25953156969
-5572.73003534033
-5571.54856682829
-5571.81834153286
-5571.67918355128
-5571.49729414611
-5571.20077274696
-5571.56891898544
-5571.32674619472
-5571.95499326141
-5571.41384718137
-5571.28892817735
-5571.43296347493
-5571.48547562376
-5571.41687920434
-5572.75964994808
-5571.33408701948
-5571.27970892347
-5571.76112060008
-5571.34242413882
-5571.31998353288
-5572.69802177733
-5572.70808713348
-5571.11043075474
-5571.39412931266
-5572.63066617345
-5571.35530327447
-5572.11814342329
-5571.67477075466
-5571.4202536306
-5571.49186889513
-5571.67213590187
-5571.68155272029
-5572.45037806917
-5571.80464958399
-5571.9303487966
-5571.86607041681
-5571.92494519207
-5571.90489856089
-5571.73289406313
-5572.6126778134
-5571.86747146968
-5572.71653753012
-5571.35719781696
-5572.49822752527
-5572.79616485512
-5572.20340956705
-5571.50557887759
-5571.80806644894
-5571.51435852287
-5572.57650195148
-5571.29335416478
-5571.75728557167
-5571.17954403105
-5571.71531454302
-5571.81972930978
-5571.39750248933
-5572.04059551638
-5571.26648640472
-5571.91389634525
-5571.8362722901
-5571.61961547981
-5571.20510032124
-5572.3498276766
-5571.63182017983
-5572.82631734212
-5572.55009713291
-5571.49837234451
-5571.31209069678
-5571.50568783495
-5571.3611826156
-5571.69462508751
-5571.89390011123
-5571.42091530227
-5571.28933634512
-5571.43066461634
-5571.46415858217
-5571.39748059018
-5571.45913872238
-5571.36595510711
-5571.29950761101
-5572.53212790879
-5571.5036652743
-5571.53095288643
-5571.30957617416
-5571.63823737933
-5571.93071051793
-5572.40848089067
-5571.62434498831
-5571.32355514846
-5572.04649907118
-5571.57181685563
-5572.69300803999
-5571.19837517275
-5571.44650341632
-5571.35675971624
-5571.40191263522
-5571.70861072853
-5573.0656616113
-5572.71074413084
-5571.55405524907
-5572.72637938282
-5572.01829523021
-5571.503409314
-5571.774568411
-5571.51689136647
-5571.7304907066
-5571.32695918825
-5571.88629637069
-5572.90604140697
-5571.5434232746
-5571.63983903978
-5573.07183326501
-5572.93382640242
-5571.84487256411
-5571.36247326788
-5571.60708407101
-5571.37342449362
-5572.91067614985
-5572.21510660763
-5572.81325985111
-5571.58201410785
-5572.58942124355
-5571.36470190457
-5571.3213483299
-5572.00477134918
-5571.54398979108
-5572.81624491145
-5571.66950278868
-5572.52632604475
-5571.47832253285
-5572.81129240539
-5571.37034763432
-5571.85702179179
-5571.54543531773
-5572.86480963748
-5573.02220472707
-5572.64557946871
-5571.36454800758
-5571.94942359228
-5571.37771148005
-5571.66118611923
-5571.24397023011
-5571.70267668488
-5571.29977684511
-5572.73221146622
-5571.21838089894
-5571.66901006899
-5572.52294260896
-5571.48578171131
-5571.51099015896
-5571.65061138372
-5571.25544373858
-5571.19303711786
-5571.60585852917
-5571.90155434924
-5572.71592595995
-5571.48338469592
-5571.93275770556
-5571.36771313967
-5571.18944018949
-5571.4735444277
-5571.43368010434
-5571.32654355671
-5571.71861144961
-5571.62068212399
-5572.70155731525
-5571.89449044707
-5571.59713167893
-5571.80419480421
-5571.44120642019
-5571.31273621182
-5571.24379871686
-5571.21800620404
-5571.86366559865
-5572.58094237972
-5571.51672160094
-5571.28730231126
-5571.27650422514
-5572.74594750721
-5572.72733053827
-5571.31016307144
-5571.96361879642
-5572.72848416376
-5571.10125489894
-5572.58306609121
-5571.90651028842
-5572.07263258661
-5571.66863221384
-5572.07149919315
-5571.29017535948
-5571.62242371899
-5571.78184008424
-5571.44681608088
-5571.73477289845
-5571.72136038475
-5571.79740383441
-5571.64117574803
-5572.46078855251
-5572.03242278951
-5571.82244454467
-5572.52412176682
-5571.43594738702
-5571.35628087888
-5571.40272081653
-5571.54534961126
-5571.23802765647
-5571.37064484553
-5572.62875486262
-5571.68165555837
-5571.52302997872
-5571.07601361376
-5571.48889536353
