# vacant energies
-5578.66530189552
-5577.36983667366
-5578.03813805536
-5577.95468980709
-5578.75407188284
-5578.84183663185
-5577.6003605259
-5577.49018670007
-5577.42550751288
-5577.60269425499
-5578.75988199475
-5577.47382263411
-5577.44499063623
-5577.43102186773
-5577.51164720141
-5577.85951383578
-5577.86802690259
-5577.99032036527
-5577.97823396895
-5577.7644009467
-5577.64302555706
-5578.02496940074
-5578.21606876628
-5577.6655166641
-5577.65876090245
-5577.98950089874
-5577.65691495055
-5577.32837187719
-5577.77980286757
-5578.87318648731
-5578.26702615108
-5577.61392000568
-5577.52813896717
-5577.48733699224
-5577.48092592404
-5578.81935998135
-5578.90578738404
-5577.55526975451
-5577.52243710343
-5578.87494782195
-5578.85460446712
-5577.60337932572
-5578.87820120657
-5577.38106221184
-5577.35382782816
-5577.76980915684
-5578.74789767011
-5577.23707284547
-5578.01478900943
-5578.05178023626
-5578.63007223752
-5578.02568995473
-5577.41291254754
-5577.37983816407
-5577.43980517664
-5578.85847979056
-5579.04264733863
-5578.07695207667
-5578.04325922574
-5577.79323329322
-5578.08108201752
-5577.29805773433
-5577.53504323348
-5577.91760532478
-5577.39831218737
-5577.64286654994
-5577.91733760084
-5577.2621308006
-5578.59937996884
-5578.05082687391
-5577.4341965415
-5577.80989383035
-5579.082996323
-5577.38744606576
-5577.82697527664
-5578.02871532597
-5577.52430923435
-5577.93344746642
-5577.77493839924
-5577.62271363341
-5577.40128992084
-5577.27872802244
-5577.56312963947
-5578.73404051449
-5577.34778961136
-5578.19540929075
-5578.91149134623
-5577.73441628716
-5578.83307226544
-5577.92943378171
-5577.44828120831
-5577.67632978213
-5578.97424267338
-5577.73930108867
-5577.41508039926
-5577.66412569392
-5578.17930315008
-5578.14934565047
-5578.00131540662
-5577.50339326138
-5577.36027164777
-5578.82623790127
-5578.81898119693
-5579.11376675202
-5577.34294652047
-5577.89885971573
-5577.67621940491
-5577.50226485713
-5577.72602621673
-5578.89071209861
-5577.4999756625
-5577.84744882296
-5578.95273242323
-5578.1268754206
-5577.31080146731
-5577.99534650552
-5577.89080102676
-5577.9444951058
-5578.66440783392
-5577.97531649722
-5577.47567261292
-5578.08537164541
-5577.24681197638
-5577.43103318828
-5577.40952633497
-5577.32173246712
-5577.51587066902
-5577.62953777067
-5578.7838414483
-5577.32371909267
-5577.52653923181
-5578.73322392916
-5577.94597784206
-5578.96826041433
-5577.57262395402
-5577.76839152684
-5577.25727440467
-5578.65479984333
-5578.7657735474
-5577.73097551518
-5577.61959052639
-5578.28179151171
-5578.07398367479
-5577.38329231656
-5578.17876928534
-5577.2822089029
-5577.60500705652
-5578.10056628607
-5577.8279445835
-5577.39983855167
-5577.86617154801
-5577.88424832775
-5578.0503016292
-5577.331700897
-5578.84336036128
-5578.77045910959
-5579.21123746056
-5578.9822211486
-5577.7023858425
-5578.80134940861
-5578.70953850962
-5577.4887882212
-5577.39753480259
-5578.06018588976
-5578.72340460364
-5577.61315921763
-5577.4600013403
-5577.30870582971
-5577.41045053212
-5579.18732070674
-5577.40923999617
-5577.73764252892
-5577.51030489746
-5578.95487635327
-5577.79161924418
-5577.81681374146
-5577.47409475998
-5577.59703101045
-5577.46043456469
-5577.45952891836
-5577.27807342119
-5578.63846315652
-5577.48457676954
-5577.60952114525
-5578.7376324744
-5577.27415948377
-5577.48541358554
-5577.31470822355
-5577.37786179822
-5577.3651504024
-5577.68540865245
-5577.21065702331
-5577.30399004519
-5578.77432737425
-5578.03207346082
-5577.31084856227
-5577.90657502083
-5578.68976028557
-5578.05111384884
-5577.45732605496
-5578.9681660816
-5578.84617448628
-5577.89172111784
-5577.44391804816
-5577.23274415483
-5577.21279414314
-5577.47524571966
-5577.97259788462
-5577.41105329998
-5577.67658726504
-5578.04275151247
-5577.89881242057
-5577.48721795019
-5578.63746365032
-5578.00951486871
-5577.48609313464
-5577.38358925521
-5578.75611812555
-5577.95087638543
-5577.33933386988
-5577.39837018391
-5578.43141922364
-5577.55298860727
-5577.45000432797
-5577.48499062482
-5578.46771067797
-5577.54987420155
-5577.39256062382
-5577.42744036476
-5577.31607538413
-5577.67459917215
-5577.99964833419
-5579.02704917164
-5578.26295170163
-5578.56626971266
-5577.41933008885
-5577.27375650468
-5577.49429162257
-5577.67455144934
-5577.62107309882
-5578.03915350442
-5577.38648465841
-5578.62901500853
-5578.07548687164
-5577.92364093921
-5577.29010630681
-5577.53890608487
-5577.5411790935
-5577.84377894238
-5578.86177496076
-5578.00682673115
-5577.35146133289
-5577.4345666039
-5577.42293866144
-5577.37247897805
-5578.56202625976
-5577.64893370224
-5577.38253783697
-5578.60596895549
-5578.01936521904
-5577.59694691535
-5578.64510277933
-5577.47168846371
-5578.76600937895
-5577.31315800173
-5578.12202056202
-5577.4442788762
-5578.2432888084
-5577.65561380105
-5577.27729630687
-5577.4663980504
-5578.54299608272
-5577.45809239617
-5578.15093465728
-5577.4892775755
-5577.90889843052
-5577.52114808804
-5577.8976456331
-5578.04143875832
-5577.95434955686
-5577.36516619104
-5577.64850524366
-5578.73448197611
-5577.65426619951
-5578.09227514867
-5578.70875284328
-5577.70148340423
-5577.4524406701
-5577.74209987784
-5578.75736831072
-5577.57069965036
-5577.2366495458
-5577.46659782271
-5577.36893199584
-5577.69559879837
-5577.36984118259
-5577.50043069597
-5578.80923805864
-5577.94271971189
-5578.82725713237
-5577.91295605523
-5577.78225181827
-5577.44140114549
-5577.2961331734
-5577.9266240487
-5577.8229996317
-5578.22703416274
-5578.90712374898
-5577.50175731166
-5577.50804030036
-5577.36756691749
-5578.12653366001
-5577.42901602016
-5577.51021806021
-5577.2989314595
-5577.32271719234
-5577.95353490489
-5578.80588494278
-5577.40232067205
-5577.62943390872
-5577.49033292498
-5578.71163963748
-5577.66262630026
-5577.63356949024
-5577.58194188344
-5577.23330777975
-5577.53876032697
-5577.705321445
-5577.71303934587
-5577.51069262421
-5577.4437311118
-5577.62824085834
-5577.43317187084
-5577.49474967144
-5577.52177950743
-5577.48964498995
-5577.97907834694
-5577.44394428064
-5578.75527646239
-5577.75406587199
-5577.49072919964
-5577.50314101418
-5577.47547175482
-5577.38572457753
-5578.54894994493
-5577.46908317661
-5577.57300093756
-5578.04299686091
-5577.37949636403
-5577.6833088162
-5577.43301358491
-5579.12427760019
-5578.11784317807
-5577.6769846528
-5577.5649051311
-5577.33889491726
-5577.56016564197
-5577.36399249535
-5577.47964806308
-5577.47208484708
-5577.3392571504
-5578.85040841761
-5578.68175849221
-5577.50243726719
-5578.84962192163
-5577.53197799868
-5577.39411333326
-5577.56203462483
-5578.96677815518
-5577.33188278165
-5577.40681926161
-5578.0498654648
-5577.64769492978
-5577.61756316377
-5577.42093347727
-5577.25514015324
-5578.1148613914
-5577.29830236737
-5578.82630424706
-5577.32174078695
-5577.51445097247
-5578.83510738619
-5578.45932410146
-5577.40753106408
-5577.29199463475
-5577.36294709511
-5577.42123953819
-5577.50333141761
-5577.6704889173
-5577.50840033821
-5577.34021663829
-5578.80705086622
-5577.45442946847
-5577.54521141014
-5577.50982632433
-5577.4477770372
-5577.66885175104
-5577.32474818884
-5577.2658405195
-5578.89385010673
-5577.47705405373
-5577.62446817675
-5577.36006119047
-5577.4441977221
-5577.37731040503
-5578.00424055675
-5577.27503709614
-5577.71994082976
-5577.46325368458
-5577.70889081017
-5578.91395514703
-5577.57300835746
-5577.62874067074
-5577.34269899203
-5577.32715375515
-5577.56690419912
-5577.45017929229
-5577.42298979897
-5577.47532669174
-5578.90111410797
-5577.3493199464
-5578.77823091438
-5577.59562562781
-5577.42896574956
-5577.37779396396
-5577.38121910384
-5577.72115779941
-5577.37342718455
-5577.73833640769
-5577.86467671396
-5577.90189690119
-5577.58381893984
-5577.51252465557
-5577.34950576471
-5578.70207643282
-5578.05245454842
-5577.85119042619
-5577.37180628213
-5577.65795611937
-5577.50594308975
-5577.37201096733
-5577.78655410207
-5578.80515795923
-5578.74220680854
-5577.80004467948
-5577.75019460986
-5577.90000240937
-5578.98632381719
-5578.8120481358
-5577.79495416797
-5577.94422906983
-5578.10576664039
-5577.47647239037
-5578.83932775555
-5578.59971286229
-5577.59937849797
-5578.78698283974
-5579.07659313729
-5577.54111514999
-5577.95850349103
-5577.95578616445
-5578.69643905258
-5578.20006745191
-5577.59526815045
-5578.72607121275
-5578.91832287983
-5577.62103863237
-5578.00567626064
-5577.73392527387
-5577.67842596522
-5578.69335106955
-5578.11868835542
-5577.38626216048
-5577.96525448871
-5577.78351808666
-5577.72464556141
-5577.68683929551
-5578.15642969921
-5578.96320590047
-5578.49771272649
-5577.68873901691
-5577.54285073574
-5578.83393180109
-5577.68884462314
-5577.95228828004
-5577.44593808511
-5577.85020042001
-5577.45810611489
-5578.12229859177
-5578.07160326814
-5578.71236644466
-5577.67361242719
-5578.24757027187
-5577.65617666879
-5577.80538539443
-5577.92724970668
-5577.64274238798
-5577.25684107682
-5577.45758557953
-5578.10506355592
-5577.95097761958
-5578.71300609814
-5577.71774329491
-5578.82464343114
-5577.99213057279
-5579.04265556267
-5578.01098623282
-5578.02886931331
-5578.72803142358
-5577.7203787231
-5577.74824454664
-5577.87859974535
-5577.6772732091
-5577.58551617005
-5578.78625017132
-5577.43996338598
-5577.58264766287
-5578.82591130901
-5577.78859886366
-5577.39984706565
-5579.06781830795
-5579.18276094937
-5577.415542889
-5577.95641164323
-5577.47736594194
-5577.57215974844
-5578.92105913453
-5577.55561566773
-5577.53832306652
-5577.77312757746
-5578.98195266193
-5577.8539264015
-5578.13225414844
-5577.7280129286
-5578.08195252272
-5577.72378328415
-5578.05318232559
-5578.97629853966
-5578.05417538615
-5577.36250697156
-5578.1184633391
-5577.51895687765
-5577.15208885699
-5577.33833389107
-5577.4825716716
-5577.57933714644
-5577.8765626026
-5577.62559184765
-5578.55817895396
-5578.14453973209
-5577.48397324634
-5577.25635463625
-5577.34425781599
-5577.39550891524
-5577.51029201504
-5577.5433895356
-5577.48610991268
-5577.42879424905
-5577.44802813918
-5577.51927378729
-5577.72938623974
-5577.42313492256
-5577.18484815286
-5577.17590165979
-5577.52696112943
-5577.54688877027
-5577.63572069829
-5578.05412083275
-5577.81069974625
-5577.79991010022
-5577.78075033036
-5577.88259691777
-5577.63543715335
-5577.4062555077
-5578.53347359185
-5577.13934242513
-5577.41688677485
-5577.28289171444
-5577.40052132098
-5577.55235966514
-5578.89841180363
-5577.2632872058
-5578.02136894877
-5577.46032882672
-5577.42520595366
-5578.64721351339
-5577.33814989892
-5577.45093350761
-5577.41869809135
-5577.41312238666
-5577.27864676892
-5577.70294702187
-5577.53729802749
-5577.30049903145
-5577.70436288771
-5577.85996758795
-5577.50203089519
-5577.49349351716
-5577.60699183307
-5577.58928340287
-5577.54576558994
-5578.11493070996
-5577.23309200459
-5577.93842951085
-5577.29187372217
-5578.11684525362
-5578.62591854239
-5577.85843981642
-5577.49519224611
-5578.55378423101
-5577.57700783754
-5577.64371648772
-5577.53474098062
-5577.9281125125
-5577.83601529615
-5577.68961128626
-5577.76077317225
-5577.9808378989
-5577.83691288091
-5577.83702495295
-5577.4879734944
-5577.71749089032
-5578.78251703692
-5578.65329024924
-5578.14800740302
-5577.82478155922
-5577.50637145271
-5577.93058215488
-5577.86285455466
-5577.61603273089
-5577.62796947147
-5578.83784045959
-5577.60174773215
-5578.98396458485
-5577.86130696549
-5578.64599994347
-5577.55097910853
-5577.50758478082
-5577.38360553419
-5577.5273905195
-5578.68524201258
-5577.69354257727
-5577.38946199102
-5577.56720476289
-5578.15405538432
-5577.51970225734
-5577.9470954925
-5577.47382965059
-5578.14515362313
-5578.80357457626
-5578.97916269657
-5577.55114514443
-5577.53471252792
-5577.46429277832
-5578.82008520277
-5577.58487928103
-5578.56311862686
-5577.77145904498
-5577.65912981017
-5577.55426437247
-5577.79527670841
-5577.51896904627
-5577.51769390917
-5577.52644062471
-5577.45614858206
-5577.34916534185
-5578.07363876102
-5578.88364332828
-5577.3781257737
-5578.09136301224
-5577.36439459009
-5578.78499474306
-5577.69762348773
-5577.48529952433
-5578.86307466434
-5577.49702396963
-5578.91556220686
-5578.2213114239
-5577.40674485603
-5577.62974535754
-5578.03613172144
-5578.60308165843
-5577.58231820576
-5577.65629031659
-5577.3498875034
-5577.49282272821
-5577.5094826003
-5577.56695381148
-5577.54242023728
-5577.35296128627
-5577.96114547134
-5577.53407712905
-5577.22416842842
-5578.9186026238
-5577.54049290884
-5577.62732712576
-5577.51162289913
-5577.28702771251
-5577.30752696727
-5577.58687721551
-5578.87679259079
-5578.89135535207
-5578.78194005958
-5577.36078108542
-5578.16651067147
-5578.97164927046
-5578.97957267066
-5578.84704045168
-5577.29842418133
-5577.56785162973
-5577.78238547962
-5577.25621309039
-5578.73033960706
-5578.03629091705
-5577.71620650388
-5578.11420615856
-5577.60048118129
-5577.5064782647
-5578.72847646889
-5577.65139225796
-5577.72190972473
-5577.23010767881
-5578.72551116667
-5577.39419274994
-5578.02104804126
-5577.44449450423
-5578.85202191567
-5577.4016937507
-5578.00704467709
-5578.92943097313
-5578.94412814085
-5577.36476122185
-5577.61568154564
-5578.10175120866
-5577.61435957135
-5577.32169917122
-5577.37692482389
-5577.58934423603
-5577.35762079587
-5577.4012536759
-5578.67950657614
-5577.51432248859
-5578.04427124371
-5578.1409561938
-5577.9359068167
-5578.70774931572
-5578.087984212
-5577.79775567831
-5577.43435256326
-5577.59234237935
-5577.3869960428
-5577.61827801492
-5578.87831044708
-5577.83095170626
-5577.54199215954
-5577.49686139463
-5578.88754924156
-5577.68213939566
-5577.48776944406
-5577.58593700334
-5577.40076771469
-5577.5505004053
-5577.28749993062
-5577.33955810422
-5577.36693101963
-5577.54370512008
-5577.38333615045
-5577.44263063836
-5577.66510263486
-5577.46324758323
-5578.72136699791
-5578.97372331052
-5577.33522776933
-5577.30036607854
-5577.58846226092
-5577.4589167123
-5578.50916079551
-5577.76748308218
-5577.46856610756
-5577.40775339614
-5578.90461672816
-5577.47361681491
-5577.32192635845
-5578.62617240492
-5577.73500593896
-5577.51128201434
-5577.29660584184
-5578.90164564971
-5577.59204935671
-5578.00716325292
-5577.48012010712
-5577.65681971353
-5577.58078309307
-5577.56615308065
-5577.32980365171
-5578.95113794291
-5577.5349855543
-5577.85118094339
-5577.56774052426
-5577.3068967677
-5577.29647384767
-5578.09513016593
-5578.700461646
-5578.0885263546
-5577.79096398418
-5577.43910202089
-5577.53307490441
-5578.6343602789
-5578.02798274017
-5577.79844237202
-5578.90428234128
-5577.59147193263
-5577.30368243479
-5577.57465719865
-5577.25408686769
-5577.63502053771
-5577.55407519224
-5577.33780368597
-5577.42115864883
-5579.01955671718
-5578.15308541636
-5578.89461311941
-5577.78627914217
-5577.70107990342
-5577.54424289756
-5578.71704888921
-5577.5569170099
-5577.57391948889
-5577.43767199954
-5577.50211110406
-5577.74994107209
-5577.94402687933
-5578.04110593696
-5578.80314771208
-5578.59087657597
-5577.49025294694
-5578.07064626186
-5578.8699160751
-5577.89625975092
-5578.01369630061
-5578.63260045191
-5578.65521318142
-5577.30061431356
-5577.26203085343
-5577.43358612791
-5577.33102959404
-5577.96902108638
-5577.31194720739
-5577.70979454681
-5577.35932101908
-5577.83437759105
-5577.37253009936
-5578.62736144932
-5577.25625815912
-5578.0593886457
-5577.42507480743
-5577.4037819146
-5577.60103496212
-5577.50324596297
-5577.44994370184
-5577.41601106131
-5578.78999775691
-5577.64538627857
-5577.48397605478
-5577.71895030757
-5577.4382753914
-5577.6067501205
-5578.89297668772
-5577.70530883173
-5577.45982527876
-5577.79769832891
-5577.64460165423
-5577.47167393762
-5577.37643730187
-5577.50126456228
-5577.4240415085
-5577.61034807308
-5578.8965473678
-5577.38994618585
-5577.54417175776
-5577.50524756112
-5577.54918506717
-5577.65371830123
-5577.75414194136
-5577.36877567383
-5578.9030651006
-5577.73301424293
-5577.7497013989
-5577.76269586147
-5578.17947769512
-5577.56408701307
-5577.47324229094
-5577.27273816674
-5578.54004827843
-5577.43948816356
-5577.73294161085
-5577.59398471681
-5578.14990884405
-5579.11280615546
-5579.0329484302
-5577.72236845534
-5577.88977333418
-5577.44606517687
-5578.83054639712
-5577.98157952519
-5577.36561428427
-5579.02714472546
-5578.71255503548
-5578.17712763433
-5577.34134470509
-5577.42144755151
-5578.5724719736
-5577.82108256181
-5577.4789909806
-5577.83568712646
-5578.78580504153
-5577.58821455436
-5577.95762114245
-5577.53451377221
-5578.77720258069
-5577.6199545938
-5577.57399683354
-5578.78074268612
-5577.42322989309
-5578.72785910405
-5577.38275097774
-5577.31251226694
-5578.98779732903
-5578.02684948382
-5577.44929388106
-5578.04458606998
-5577.45812879365
-5577.67243261696
-5577.55619752183
-5577.43999123159
-5577.51216931961
-5577.32534986051
-5577.42256599305
-5578.01105683655
-5577.97508642808
-5578.7815827788
-5578.735798724
-5577.41133242573
-5578.6877938232
-5577.55202609435
-5577.4303800303
-5577.37039571657
-5578.90015838357
-5578.78813548439
-5577.42096019891
-5577.46387956698
-5577.60414382811
-5577.44971237652
-5577.76501320455
-5578.81432432775
-5577.54495123683
-5577.40693895996
-5577.65891014952
-5577.56686690292
-5577.86683826214
-5578.04845622841
-5578.68990276977
-5577.73095041466
-5577.35261713502
-5577.36995414667
-5577.47661594168
-5577.32687252048
-5577.67499014875
-5578.71427958181
-5577.35742917277
-5577.63002295075
-5577.33736365665
-5577.7306046766
-5577.3955687881
-5577.28594125733
-5577.28353100983
-5578.0113827877
-5577.60308960739
-5577.30072744276
-5577.45878847846
-5577.26226988188
-5578.79537805451
-5577.30816622383
-5577.57441007101
-5577.52932389459
-5577.53728426364
-5577.44664844688
-5577.62254329219
-5577.64515649578
-5577.43980298425
-5577.46020404714
-5577.36470628833
-5577.73472362925
-5578.88709143405
-5577.38445506092
-5577.36531490898
-5577.63424580245
-5577.28922856605
-5578.74571037258
-5577.62351186169
-5577.74436216805
-5577.39206228489
-5577.41414826419
-5577.41532602449
-5577.52658742458
-5577.3887759709
-5577.65667688301
-5577.65779391413
-5577.49259606332
-5577.71233663513
-5578.89611286402
-5577.33373099783
-5577.59578706639
-5577.39850789161
-5577.74086802208
-5577.53379853059
-5577.94675207529
-5577.98038031441
-5577.63695636852
-5578.76252287642
-5577.57168992397
-5578.72776739578
-5578.71681112008
-5577.32333305608
-5577.55096957621
-5578.69314463995
-5577.73314981377
-5577.7858313102
-5577.83857982007
-5578.07706895465
-5577.63342959075
-5578.87029486185
-5577.86185069636
-5578.95317916312
-5577.98473288716
-5578.15399448696
-5577.88310719595
-5577.38832160332
-5578.95682430158
-5577.65118753116
-5577.48519153923
-5578.91035085384
-5579.03111830386
-5578.08687391151
-5577.43061316706
-5577.9063480336
-5578.39997816046
-5578.11061076935
-5577.35933805462
-5577.85142977693
-5577.52229062774
-5578.02276210079
-5578.82833813855
-5578.13272383402
-5577.42142955515
-5577.81530907825
-5577.44605947034
-5577.48987989067
-5577.57911175786
-5577.58154201541
-5577.901559007
-5578.08711192499
-5577.57715702637
-5577.65534950594
-5577.58352686665
-5577.64078859623
-5577.487235726
-5578.16623540174
-5578.84622839597
-5577.49896825162
-5578.88320335775
-5578.17665800051
-5577.35863837376
-5577.50430282054
-5578.58058868544
-5578.08410452793
-5577.434817903
-5577.98157247742
-5577.67208187985
-5577.44752864629
-5577.75216998364
-5578.03644994832
-5578.58746179051
-5577.98597730313
-5577.85725086152
-5577.4270253758
-5578.09067277313
-5578.23450334984
-5577.46100143512
-5578.11218000779
-5577.45190909615
-5577.84792387611
-5577.38486321037
-5578.05136473283
-5578.88513811404
-5577.4962039215
-5577.99485983917
-5578.13169113079
-5578.66271923505
-5577.46418260463
-5578.18386572571
-5577.5576642759
-5578.65566723647
-5577.70696195123
-5577.60566047874
-5577.40765584065
-5577.43537060838
-5578.78495445043
-5577.59603130179
-5577.60755100062
-5577.62759408228
-5577.33597455437
-5577.48975907405
-5578.51512077863
-5577.45133183444
-5579.05017533707
-5577.23795302624
-5578.7327758868
-5577.91633191559
-5577.29642935708
-5578.83475899033
-5577.68422042828
-5578.77507945924
-5579.09615526067
-5577.99243599557
-5578.75699438977
-5578.19105563661
-5577.47573616091
-5578.17029698597
-5577.63746093889
-5577.48680232738
-5578.89130718982
-5578.08281908711
-5577.43411479975
-5577.56897785961
-5577.8609372714
-5577.61559884295
-5578.04422917306
-5578.78419770821
-5577.61421312029
-5578.7645624209
-5578.80653445684
-5578.8949418711
-5577.73595710637
-5577.20147172064
-5577.68676215493
-5577.57637204502
-5577.39304170363
-5577.97380143532
-5578.08218949713
-5577.52227263525
-5577.44251529961
-5577.40026187409
-5578.57231212502
-5577.76906158537
-5578.79226145638
-5577.67063835708
-5578.68734856578
-5577.43825241966
-5577.83077915192
-5578.88103585831
-5578.80966943033
-5577.59834991436
-5577.80463877179
-5577.66591274393
-5577.50996364658
-5577.62485855143
-5578.20092724843
-5578.19094040332
-5577.44140993764
-5577.58660475003
-5577.74198970835
-5577.34622860426
-5577.37989150936
-5577.49152851106
-5577.43143430872
-5577.4172907487
-5577.51025235492
-5577.79450646968
-5577.40747601146
-5578.79766593819
-5577.57948346164
-5577.37578412687
-5577.53851053946
-5577.48649312784
-5577.33895690234
-5577.34673689468
-5577.54990263426
-5578.00502771752
-5578.67893492407
-5577.99301617112
-5578.83836249904
-5578.11733556503
-5577.90351412361
-5578.02168672956
-5577.73160002634
-5577.65164636226
-5578.04541589364
-5577.79476939061
-5578.91426560511
-5578.18404585912
-5578.88492406246
-5577.74492294103
-5577.83702601564
-5578.88097747536
-5578.20855517979
-5577.77484674806
-5579.10553533388
-5577.73857290406
-5578.07658796261
-5577.7870371771
-5577.99617775429
-5577.40941367037
-5578.99684666183
-5578.59145543947
-5577.36494656462
-5577.84450393637
-5577.39664487763
-5578.04786218376
-5578.67941824519
-5578.18804621351
-5577.97512923205
-5578.58663890186
-5577.47572652734
-5578.87663104703
-5579.01611565721
-5577.8089452326
-5577.37394406137
-5577.93897245664
-5578.07920894011
-5578.14665249405
-5577.87319757367
-5577.48905579096
-5577.47246648516
-5578.92778276027
-5578.08864229253
-5578.96388066191
-5579.02195018087
-5577.31333123723
-5577.60721030982
-5578.78814343928
-5577.63610979147
-5578.70415632736
-5577.55058955504
-5577.68801926879
-5577.14754820417
-5578.67837667517
-5578.92507413478
-5577.41771648582
-5577.89126909259
-5577.52710110881
-5578.61216053606
-5577.374008726
-5577.32002595595
-5577.76613689487
-5577.85916476321
-5577.52742303938
-5578.94039013582
-5577.46133398056
-5577.49401830731
-5577.56814608777
-5577.56423542777
-5577.5225256279
-5578.08384682201
-5577.73187326107
-5578.6462446498
-5577.32438539997
-5578.77900657058
-5577.46973626361
-5578.17061459073
-5577.5077949699
-5577.35264791766
-5577.5990708621
-5577.60346251142
-5577.41646481042
-5577.51024109275
-5579.0310342439
-5578.93292533431
-5578.11240935831
-5579.04529813404
-5577.5366708724
-5577.48196687213
-5577.54340923975
-5577.50012190804
-5577.45597698782
-5577.47868265049
-5577.41308068174
-5577.63950270002
-5578.54157917962
-5578.84920532993
-5577.5126170452
-5578.80005229595
-5577.46439584691
-5577.81130901205
-5577.30148281889
-5577.68617408483
-5578.98147082974
-5577.51636281751
-5578.86927192769
-5577.5838951679
-5577.50710091967
-5578.71977330039
-5577.5032798003
-5577.54638506045
-5577.4664743344
-5577.6246313798
-5578.86856285182
-5578.8817470872
-5578.0270489734
-5578.82280975101
-5577.63111809756
-5577.37435463244
-5577.37099150113
-5577.49697597038
-5577.99538694002
-5578.68239560354
-5577.43312765188
-5577.73115991008
-5577.63411827981
-5577.37403886084
-5578.72684110084
-5577.31877500818
-5577.5074776765
-5577.48507084291
-5577.43045837231
-5577.53883647192
-5578.085507098
-5578.01799815492
-5577.99362762827
-5578.67684284244
-5578.52062335408
-5577.38210994586
-5578.88822452385
-5577.94452790577
-5578.19916356826
-5577.56221943281
-5577.5211967853
-5577.55437647845
-5577.73026188127
-5577.39353655388
-5577.36334334318
-5577.3962168277
-5578.80257917775
-5577.74936775862
-5577.8708117239
-5577.59347347705
-5577.42094270219
-5577.45899440511
-5577.58611351912
-5577.30269061239
-5577.48779524855
-5577.8263751638
-5577.35076570417
-5578.00495096758
-5577.73160297996
-5577.68973442553
-5578.79816992064
-5577.41853735603
-5578.14609631955
-5577.97157205503
-5577.74605159088
-5577.43539598856
-5577.93180134087
-5577.38202515781
-5577.57739444434
-5577.32865537948
-5577.4340393275
-5578.71872793737
-5577.66870633828
-5577.59144956099
-5577.40202286129
-5577.75463754027
