# vacant energies
-5571.91310715162
-5571.46063538183
-5571.93132748127
-5571.30131856985
-5572.19993334005
-5572.03345012821
-5570.91543382857
-5570.80418402985
-5570.5195912262
-5570.66994790155
-5570.70736201434
-5570.63130635199
-5570.76332344021
-5570.65580947063
-5572.05748210908
-5570.87366007623
-5571.24234068148
-5570.66233260853
-5570.83588366965
-5572.11728754088
-5570.72879278315
-5570.8942322636
-5570.77162629603
-5570.77746712363
-5570.74236268734
-5570.63038997659
-5570.63406681656
-5570.78809286205
-5571.23288708397
-5571.49872288795
-5571.0891914662
-5570.87036733574
-5570.74476770672
-5570.86163287951
-5570.72388557602
-5571.76527205085
-5572.23812433526
-5570.71432925402
-5570.77640254557
-5572.01709103245
-5570.89508596655
-5570.73209716844
-5572.37317144318
-5571.98296708103
-5571.10021279526
-5571.47035900762
-5570.81564169605
-5570.54263868216
-5571.16652041119
-5571.16956261548
-5570.78100518643
-5571.01592161915
-5570.95651106048
-5572.33140687745
-5570.7397430521
-5571.28342843993
-5571.08917874179
-5571.11509668544
-5571.28677009714
-5570.72745188385
-5571.23865998688
-5571.36004185615
-5572.06710172239
-5572.19406179277
-5570.74922123702
-5571.09884103704
-5571.39754620122
-5571.30321370419
-5570.60931124044
-5571.3005254842
-5570.97907779592
-5572.05222657799
-5571.46064504138
-5570.85111163398
-5571.41320814967
-5571.27863848918
-5572.16481898178
-5571.12814571879
-5571.34588770137
-5571.97029305358
-5570.70095864686
-5570.88069108285
-5571.3999297779
-5571.47967358137
-5571.39819031541
-5572.23476929163
-5570.65965008769
-5570.72542788437
-5570.82418742069
-5570.54379256114
-5570.5807465041
-5570.79924919357
-5572.0424678774
-5570.81687085078
-5570.64450192228
-5570.81282028403
-5571.12761957033
-5570.7263947687
-5572.08938465735
-5571.12761596493
-5570.54193390698
-5570.90829633011
-5571.44019856005
-5570.76280721782
-5570.76767908017
-5571.0179543017
-5571.05658804856
-5570.6936493545
-5570.88917676623
-5571.187319092
-5571.25824905164
-5570.74964580518
-5570.69473373966
-5570.61682032445
-5570.73881240326
-5570.88700654929
-5570.65936704409
-5570.9553181886
-5571.86754670826
-5571.20701590299
-5570.95038589551
-5572.02248243203
-5570.78480920004
-5570.68618168032
-5570.83084396758
-5572.22304601075
-5571.35061818283
-5570.53900759548
-5571.69906144302
-5570.87818122967
-5570.94791518652
-5570.67408994395
-5571.19465399849
-5571.13404636246
-5571.91561395838
-5570.72847101103
-5570.93309358834
-5570.71050596318
-5570.64145576393
-5570.82205469929
-5570.98795742721
-5570.93774240874
-5571.2793874984
-5570.76887275951
-5570.79743733551
-5570.82874205156
-5570.95006634165
-5571.41125603864
-5571.35684833704
-5571.18508373742
-5570.88628385792
-5571.93275410175
-5570.84426051218
-5570.87510493264
-5571.41711361463
-5570.96855548718
-5571.98008923872
-5571.02313674613
-5570.9832433279
-5570.79737273043
-5572.44202021219
-5571.1033264622
-5570.89528466612
-5570.80366490366
-5571.74791913656
-5570.93103104624
-5571.29267354245
-5571.9254967718
-5570.63468085895
-5570.96921841656
-5570.87298676809
-5571.10692729103
-5570.59098920798
-5570.93631551679
-5570.91588976635
-5570.99640753185
-5570.71882666286
-5570.62519500415
-5570.78647682373
-5570.86560019039
-5570.77281531688
-5572.06044775572
-5570.71907144505
-5570.91453630462
-5572.02888366292
-5570.76062891367
-5570.5691807793
-5570.86998347896
-5570.76551486763
-5570.78177682552
-5570.62331705908
-5570.9931498593
-5570.96504339661
-5572.18472732418
-5571.40228884104
-5570.98250559188
-5570.78188412466
-5571.18530331383
-5571.1921183995
-5570.92503478124
-5570.7233398743
-5570.74388233861
-5571.18354645719
-5570.6444746767
-5570.66049167793
-5571.05894288665
-5572.3206711174
-5571.36175795169
-5570.77329557601
-5570.79983312783
-5571.41766524799
-5571.18095821361
-5570.79059342322
-5571.96460725836
-5570.65034475388
-5572.08279046105
-5570.75323964114
-5571.40061540935
-5572.0046744589
-5570.59458357759
-5572.43307014478
-5571.21442308327
-5572.18992931933
-5572.09549154248
-5570.55122140338
-5572.33366939558
-5571.052822424
-5570.72845090535
-5570.7723902832
-5572.16735560782
-5570.729488255
-5570.81762271876
-5572.56691552742
-5571.54169549383
-5570.89114298399
-5570.68548587485
-5570.46379600991
-5570.99349023489
-5572.31392585053
-5571.19690462382
-5571.2352154612
-5570.73851156713
-5571.27921282674
-5570.71190034025
-5570.95926338948
-5572.10660607212
-5570.80449954677
-5570.67558208863
-5570.84471034682
-5570.87943139761
-5571.33478764774
-5571.49210739697
-5570.71736127156
-5572.07714164271
-5571.02226822722
-5570.64059293667
-5570.77402422759
-5571.00297818684
-5570.72146351498
-5570.64934859008
-5570.62436809474
-5571.43438192489
-5571.93293344258
-5570.61154813275
-5570.62745672515
-5571.91168563615
-5571.3667866567
-5571.53531931327
-5570.69451908659
-5572.01502406346
-5570.60347045121
-5571.76132479084
-5570.58214040971
-5571.06627560769
-5570.77667648449
-5570.73621402136
-5570.73738720773
-5570.99803163564
-5570.75211448145
-5571.28097512453
-5570.92152019968
-5571.36316128958
-5571.18237658498
-5570.65459975644
-5571.27518866857
-5571.21295365959
-5570.73433794157
-5571.70911084819
-5570.89415544357
-5571.43269905631
-5572.11595227649
-5572.27366991271
-5570.78947945544
-5570.60311346227
-5570.83421319389
-5571.02536656524
-5570.72028813124
-5571.1150062209
-5570.67880201904
-5572.23908716728
-5571.19424621266
-5571.8388310437
-5571.4067226025
-5570.93901240542
-5571.4335418581
-5572.07053716642
-5572.47060404693
-5570.97332288527
-5570.81102661476
-5570.54061122212
-5570.86104198625
-5571.12990869636
-5570.84430283189
-5570.71960121656
-5571.12458103077
-5571.87605249958
-5571.29490190144
-5571.30219406959
-5570.58655759924
-5570.79618747987
-5570.71010617738
-5571.99142644228
-5570.93859654079
-5570.74768842985
-5570.79459802711
-5570.63697267779
-5570.7666381474
-5570.76459657274
-5571.03061201401
-5570.97890225218
-5572.091809355
-5570.57637643834
-5570.51769081951
-5570.88942980664
-5571.1909250596
-5570.9090275865
-5570.77068310153
-5571.85814525649
-5570.95752301713
-5572.03708057628
-5570.86953853663
-5571.02425932999
-5570.72103858359
-5570.76933281133
-5571.97605959716
-5572.04081500646
-5571.05797459901
-5571.08540199279
-5570.70848228484
-5572.21323910287
-5571.40108329416
-5571.1068007241
-5570.7208533909
-5571.1503066482
-5571.42151423114
-5570.62679671217
-5570.58141150959
-5570.71029812492
-5570.96315576653
-5570.9304134372
-5570.71753781771
-5570.92678962919
-5572.21531558624
-5571.21808315284
-5572.12868550816
-5570.80100423282
-5570.7342536058
-5570.85303168198
-5571.95701642496
-5570.70923789873
-5571.22742199338
-5571.40524484872
-5571.59337672111
-5570.51310283923
-5570.65096142366
-5570.64681835569
-5570.70669390568
-5570.53984202393
-5570.87408888028
-5570.72029189802
-5570.80917859058
-5571.98487736104
-5570.67577299523
-5570.97309623017
-5570.60158766957
-5570.75743374008
-5570.60176336349
-5570.60499464091
-5570.94291039723
-5570.5669704368
-5571.01004134127
-5572.13643965801
-5570.8175288394
-5570.87361814136
-5570.80721662325
-5570.61765513895
-5570.67702555107
-5570.95388062726
-5570.65669264846
-5572.22460951423
-5571.31027704573
-5570.85101951534
-5572.21279724047
-5570.69692003373
-5570.71514093414
-5570.88434820926
-5570.69145555703
-5570.82140088292
-5571.44728409986
-5570.81461338907
-5572.29278790911
-5570.7138914662
-5570.98241599671
-5570.72462759917
-5570.51730812451
-5572.02009485764
-5570.5867529876
-5570.88309534152
-5570.61787783601
-5570.87716755502
-5570.88301368676
-5570.71058363986
-5570.76597965458
-5570.74387222875
-5570.67513416952
-5570.84026962637
-5570.80440610589
-5570.65833993931
-5570.68539180501
-5570.67881843908
-5571.13197490907
-5570.69702983485
-5572.10898383198
-5570.67371728915
-5570.83658293541
-5571.30758477788
-5571.0433445185
-5570.70579602942
-5570.85761351577
-5572.15249403175
-5570.77162255589
-5571.22908187829
-5572.03444643693
-5571.71513428289
-5571.24500007535
-5570.78893932409
-5570.79454065245
-5570.91323332297
-5570.81254343598
-5570.95803518209
-5570.58796303974
-5571.24057425381
-5570.96922269322
-5571.02310502649
-5572.03903479625
-5572.20924706625
-5572.19624372344
-5571.26890597453
-5570.92311575782
-5571.17835518038
-5571.23826036854
-5570.78979003409
-5570.98873802112
-5570.81857434482
-5570.67352986716
-5570.63746951049
-5570.60468952971
-5571.32427582846
-5571.27070743425
-5571.86519761903
-5570.5929476945
-5571.28890085079
-5570.73539543048
-5571.94610514566
-5571.08867228869
-5571.41443412046
-5571.67222364141
-5571.21907649715
-5571.21678696974
-5571.89613517701
-5571.26313888277
-5572.14166293611
-5572.05354820225
-5570.69814218346
-5571.25771439433
-5572.09447632059
-5571.09345017548
-5571.06646781258
-5571.41205285054
-5570.70567135053
-5570.76303577744
-5571.53429545942
-5571.97395691937
-5570.72096848558
-5570.99754308982
-5570.81201732528
-5571.39310551402
-5570.66239843431
-5570.75937699905
-5571.39017883857
-5571.22017155945
-5570.96085849664
-5570.51687459382
-5570.61711201695
-5572.09997290887
-5571.99443865766
-5570.71775539704
-5570.7817878747
-5571.99060106998
-5571.18694774966
-5570.93305675952
-5572.15405137646
-5571.22346521027
-5570.60627967849
-5570.70649337614
-5571.44590894712
-5571.36780167095
-5572.24145672805
-5570.9794649477
-5571.30136585372
-5572.05259818528
-5572.4003322985
-5570.60954034304
-5572.27575008718
-5570.62156112724
-5570.95948574868
-5570.9964217786
-5570.83372617675
-5570.67518746259
-5571.02346625041
-5570.78005671922
-5570.66910336617
-5571.35771633591
-5570.6150740987
-5571.28212432754
-5570.69595872408
-5571.84039433027
-5570.94925573122
-5571.16519812235
-5570.78573276803
-5571.23098782076
-5570.72611482039
-5570.89019090337
-5570.79341084582
-5570.63459836034
-5570.65656674811
-5572.07654320582
-5570.71388535336
-5571.30450915493
-5571.44404365087
-5572.06925718504
-5570.62564051153
-5570.9049573165
-5570.73374435912
-5572.23968155533
-5570.86803985091
-5570.83383797599
-5570.64141172632
-5570.60346443514
-5570.8236878215
-5570.76754336955
-5572.13421611227
-5570.52914325391
-5572.00256115607
-5570.7232070386
-5570.68691981675
-5570.90185917831
-5571.34152990624
-5571.25539759961
-5572.21547111472
-5571.31680557641
-5571.2986493737
-5570.93550291792
-5571.34063019963
-5571.9423025725
-5570.51858019001
-5570.75970770657
-5570.41518073058
-5570.50004084495
-5570.83366095309
-5570.8033122747
-5570.81307337892
-5570.75034430357
-5570.65142003888
-5570.78108877821
-5572.17062487707
-5572.18101406311
-5570.71872037427
-5571.01340974943
-5570.78062677881
-5570.61024958818
-5571.86865331625
-5571.00174003878
-5570.93890309621
-5570.63595448709
-5571.94216693146
-5570.79061780661
-5570.48226586187
-5570.66097992036
-5570.80045835971
-5572.0060339925
-5570.73704643548
-5570.76140909163
-5572.16473191374
-5570.85798765206
-5571.29228512725
-5571.05302401807
-5571.33035693655
-5570.56652743612
-5570.75238829596
-5570.91461887586
-5570.94624131978
-5571.13741575562
-5571.78671353801
-5571.02639096771
-5570.58911922321
-5571.14380718223
-5571.34564525291
-5570.70823994804
-5570.58297023534
-5570.71549933219
-5570.79567975886
-5572.06899919257
-5571.27693766235
-5571.10045250543
-5571.23306819521
-5570.75403353065
-5571.38024825023
-5570.64472837364
-5570.78806534838
-5571.28067347503
-5571.92866653466
-5571.15874206668
-5570.7029053098
-5571.48779802765
-5572.00553595669
-5570.88577959838
-5570.74254014517
-5570.74327749418
-5570.62651757135
-5570.94013156311
-5570.93117765362
-5572.1470779136
-5570.72464620364
-5571.12470537728
-5570.79758363239
-5571.28819191815
-5570.70765840566
-5572.07865088987
-5572.04093256355
-5570.82259610069
-5570.78881941791
-5572.06083476756
-5570.57303333281
-5572.26130718231
-5570.96536280864
-5571.05438016437
-5570.8863790291
-5571.13045571268
-5570.80694626997
-5570.82327263365
-5570.63917785632
-5570.9524675984
-5572.29608920193
-5570.78205758346
-5570.63422108038
-5571.41006702759
-5570.70467775471
-5570.93036429394
-5571.32627407779
-5570.71334929405
-5571.97924279265
-5572.23278983833
-5571.10655796743
-5571.03320321822
-5570.72423591225
-5571.94300049716
-5571.39546332672
-5570.85930826961
-5570.81583717565
-5570.74595454922
-5572.18145119646
-5571.09842868136
-5571.37131536605
-5570.85555801831
-5572.26759193027
-5570.76067813402
-5570.73836666069
-5570.7704582868
-5570.72016734141
-5570.72020525788
-5570.61491303191
-5570.72409294969
-5570.5201341297
-5570.81557263695
-5570.93369300689
-5571.04604475539
-5570.90947222564
-5570.82608132886
-5571.83584215409
-5572.37680540496
-5572.05277019705
-5571.34889496067
-5570.6141017047
-5570.82910204141
-5571.07093182076
-5570.87032568104
-5570.77380579775
-5570.91719961295
-5570.97013558054
-5570.69822789819
-5570.97578025921
-5570.78601628916
-5570.70088288607
-5571.06946164998
-5570.91997369002
-5570.57218951095
-5570.77853717486
-5572.01973233164
-5570.69562361353
-5570.96643811702
-5570.65607254068
-5570.62652082796
-5570.66948562194
-5570.80354816148
-5571.60348159353
-5572.05954789924
-5570.86800784231
-5571.37237567381
-5571.85725401849
-5570.68697169108
-5570.80490993054
-5571.21297277901
-5571.37838510059
-5571.9719688712
-5570.72915853713
-5570.72532446529
-5570.74517686917
-5571.191395145
-5571.37817112391
-5570.72812050125
-5570.65731206068
-5571.89523607005
-5571.4377243506
-5571.34196571985
-5570.84452721151
-5571.36074223382
-5571.06190584519
-5571.20778925949
-5570.91604967806
-5570.60179971934
-5570.90543712664
-5571.04943730923
-5570.63775403057
-5570.83284113598
-5570.90505846597
-5570.97757840558
-5572.20570471984
-5571.21484609642
-5572.25573936613
-5570.73766271867
-5572.30268012821
-5570.74469915184
-5570.74637187366
-5572.32129693865
-5572.36093691393
-5570.84285569602
-5570.68196959781
-5571.96469373691
-5571.00299408732
-5572.203702421
-5571.04956580288
-5570.48706945096
-5570.56463784578
-5570.79264709147
-5570.80699042719
-5572.17812948021
-5570.71674159265
-5570.6647013651
-5571.15030502298
-5572.27550240578
-5570.93888735981
-5570.73727262213
-5570.73703126092
-5570.68990671404
-5570.76237022308
-5570.82046421237
-5572.0547780361
-5570.86309019822
-5571.16756338667
-5571.31062211407
-5570.95229135726
-5570.70052867096
-5570.88634881695
-5570.79893214325
-5572.35867876791
-5572.00619099667
-5571.06385579567
-5570.84298532852
-5570.88392415939
-5570.62870702181
-5572.12232376194
-5571.04572109601
-5570.80896033019
-5570.80980101402
-5571.01108268921
-5570.84829888933
-5571.90525721078
-5572.08602377114
-5570.57819390165
-5570.7929471882
-5571.33950153317
-5571.40726201416
-5570.81679150526
-5570.52683406155
-5570.83245472604
-5570.60608899612
-5570.47934222229
-5570.89895163653
-5572.13273081135
-5571.11530380611
-5571.31133361524
-5571.29710357438
-5570.59342393125
-5571.80199851098
-5570.62343308586
-5572.38883053518
-5570.79085657446
-5570.79454318603
-5571.49091241212
-5571.2764265261
-5571.20828781449
-5572.09154276155
-5570.64737356685
-5570.5992226257
-5570.66451309056
-5571.37440217696
-5570.91399174228
-5571.40027252548
-5570.93205403475
-5571.09563331837
-5571.89232489115
-5570.78896892929
-5570.51300310245
-5571.34442217287
-5572.16306578135
-5571.41985542677
-5572.2423709229
-5571.7578875155
-5571.39549408311
-5572.01719354991
-5570.58764405071
-5571.91863684427
-5570.64513568807
-5570.96204522696
-5572.24771091363
-5570.67710205147
-5570.9613337289
-5572.01524815739
-5571.54404733427
-5571.13046224115
-5572.08381251305
-5570.87909789496
-5570.64871331471
-5570.73004859053
-5571.03516967598
-5570.64099312641
-5570.84645462321
-5571.2633340887
-5571.16143057442
-5570.76599387813
-5570.71835215352
-5571.98813570016
-5570.74921296296
-5570.85227328597
-5570.9193903014
-5570.69788843927
-5572.03729429466
-5570.7576113111
-5570.73329586944
-5570.70874975483
-5570.74698999422
-5572.24731615663
-5572.38548139057
-5570.91823885297
-5571.2525259026
-5572.13672026138
-5570.90092524992
-5570.63618863837
-5572.0443163031
-5570.89183603383
-5572.14493413047
-5570.88664381934
-5572.27066427952
-5572.47616437955
-5570.86693926323
-5570.81877110528
-5571.23114755299
-5571.30333841425
-5572.13752412286
-5571.57117003112
-5571.15071484368
-5572.41796755616
-5572.06960115271
-5571.06930795437
-5570.62625478062
-5571.27113361214
-5571.95857674801
-5571.41696814332
-5570.72341483492
-5570.91789149419
-5572.01970154469
-5571.07941566869
-5570.88650472207
-5572.3874986215
-5570.75167058724
-5572.23550681317
-5571.41301190415
-5570.68480454054
-5571.12370322055
-5571.15886685351
-5570.99486378612
-5572.45624667501
-5570.97143785473
-5572.1915033871
-5571.40541089983
-5570.9418375236
-5570.95518654302
-5570.76439908938
-5570.66116987939
-5571.07165602485
-5571.0016352284
-5571.49881165008
-5570.78398768946
-5570.7224029647
-5571.16612217325
-5570.9017885792
-5571.58893742909
-5572.18752328842
-5571.02911053128
-5571.19867688323
-5572.07358786274
-5572.24272496423
-5570.86636332433
-5571.99748217764
-5570.64613022278
-5570.92281200371
-5571.05264326728
-5572.21255087056
-5570.90133774494
-5572.21922406837
-5571.27888124701
-5571.25992948476
-5570.92611357289
-5570.68723927383
-5571.21877148151
-5570.66973630905
-5571.52115506687
-5570.80135388397
-5572.05089843229
-5571.3911175541
-5572.01977820607
-5570.9756969118
-5570.65930139742
-5570.65295530156
-5570.72904805284
-5570.47831760037
-5570.78849882042
-5571.88594384449
-5570.68308587375
-5570.89649488945
-5570.66958797964
-5570.63708314517
-5571.08296707551
-5570.66432538429
-5570.92483445774
-5570.98579205377
-5570.7324835698
-5570.98246703112
-5572.1705097579
-5570.8162142437
-5572.06683481742
-5570.88218546096
-5572.17430153584
-5570.7259061196
-5570.92787348485
-5572.15830049994
-5570.9854588991
-5570.80881436574
-5570.78686726577
-5570.62269032641
-5570.77726435158
-5570.68624537718
-5570.84268157519
-5570.50815637588
-5570.6252234743
-5572.23747957479
-5570.74573336293
-5570.61292131406
-5570.82140773269
-5571.06251323616
-5570.63852628771
-5570.75459862538
-5570.66400866452
-5570.65786708171
-5570.74657418737
-5570.69200824722
-5572.09008035814
-5570.64146824419
-5572.27526268467
-5571.93717201203
-5571.19021389801
-5570.85577097616
-5571.4168816229
-5570.893494417
-5570.78508995388
-5570.6567396419
-5570.49956552894
-5570.78226387763
-5572.11323142499
-5570.89504016576
-5571.18877713581
-5571.9961974647
-5571.32535315362
-5570.67331854817
-5572.06044328819
-5571.25724717889
-5571.04424567947
-5570.93330744602
-5570.70502361804
-5571.70392386358
-5572.0137044696
-5571.4476841094
-5570.68075342465
-5571.20287387518
-5572.28432463925
-5572.15932051204
-5570.67245151068
-5571.04733078206
-5571.35480259464
-5570.582506278
-5572.07609117703
-5571.70422878922
-5572.27803333157
-5570.65265281551
-5571.20551984179
-5572.43656763103
-5571.56098709043
-5572.35224666508
-5572.27474036155
-5570.66102178508
-5571.23769715848
-5571.06118408073
-5571.21166155234
-5571.23613631047
-5571.24469746778
-5571.28572091364
-5572.07072974305
-5570.88649171188
-5570.63477454952
-5570.86066088605
-5570.9727192208
-5571.38447861133
-5572.24512879299
-5572.17542169452
-5571.49747456925
-5571.06422976223
-5570.81455098535
-5571.08609847745
-5570.69703722654
-5571.26053117356
-5572.31921655443
-5570.79247954262
-5570.74574901066
-5570.87636608948
-5571.05761435571
-5571.47350209681
-5571.47063935367
-5570.87216597253
-5571.49144604219
-5571.95686340542
-5570.95551930505
-5572.37014019175
-5570.92492435718
-5571.03783667257
-5571.12616085738
-5571.20465296997
-5571.27348529612
-5570.77604461779
-5571.27422837716
-5572.2529710172
-5571.10672337634
-5570.72755934825
-5571.17349914217
-5571.92608067107
-5571.38658304565
-5570.74080998741
-5570.74344524931
-5571.97082485938
-5572.21921863386
-5570.83752752107
-5570.95623862715
-5572.21976214733
-5570.7136324114
-5571.00490588424
-5570.70197469711
-5571.05430628261
-5570.81706473802
-5570.83819405582
-5571.38079747033
-5570.80257489333
-5570.73127472494
-5571.31042113869
-5572.37476926556
-5570.49723010256
-5570.6803536641
-5570.57097727431
-5570.98807956934
-5572.13106437946
-5572.35799153746
-5571.95764405983
-5570.8041417211
-5572.03012925628
-5572.10760542165
-5571.20875151899
-5572.14320549528
-5571.08418402373
-5571.12496206523
-5570.97441461696
-5570.69493554624
-5571.09478069708
-5571.41305288895
-5571.26171339018
-5570.75233577375
-5570.67684242641
-5572.12648433114
-5571.36836940534
-5571.17261138662
-5572.15507582736
-5570.69955679174
-5570.85864399784
-5571.8884394398
-5572.201353289
-5570.97506317501
-5571.04587224319
-5570.59860221065
-5570.79444356198
-5570.85697585229
-5570.49547890825
-5570.65657433418
-5570.46222509422
-5570.8999728796
-5570.86216136433
-5570.511661699
-5570.76292962133
-5570.72294632952
-5570.75589809632
-5570.86048170827
-5572.19497659705
-5570.61036534395
-5572.12949093195
-5570.8850063861
-5571.08709534401
-5571.06336404739
-5570.9109638271
-5570.5817120418
-5572.27678298598
-5570.73782501669
-5570.62830789903
-5570.61373371985
-5570.79326295926
-5570.91516565156
-5570.74085395052
-5570.76786410248
-5572.24717716334
-5570.84386633606
-5570.72734496788
-5570.90778131681
-5570.65070953376
-5571.3609620312
-5572.1660780402
-5572.16677753257
-5570.68350623911
-5570.64919916759
-5572.18900520564
-5570.95927666831
-5571.44939874023
-5572.1754703571
-5570.85554035202
-5570.85781700446
-5570.78436055902
-5570.96336334407
-5570.54792080181
-5571.26849492684
-5570.8859056263
-5571.34697088315
-5571.27495444863
-5571.39170149161
-5571.00880069046
-5570.68671935859
-5571.25013675102
-5571.94601422811
-5570.49436849697
-5570.96512959677
-5572.1272862656
-5571.49259859108
-5570.90286970689
-5571.4213338725
-5570.81898304667
-5571.96058966445
-5570.70052089091
-5571.33390859218
-5571.20950078036
-5571.0836501697
-5570.5834812959
-5570.81843734529
-5570.63177646736
-5570.75073681729
-5571.30142926036
-5571.37298457231
-5570.6545031748
-5570.65892619511
-5572.1105124558
-5570.94416663277
-5570.89246690806
-5572.17718927476
-5571.00883981199
-5572.04007896979
-5572.20697238388
-5570.76368801704
-5571.37690749414
-5571.20898369318
-5572.176272473
-5570.61022451473
-5570.66803125381
-5570.87677351802
-5570.7062683775
-5570.90256128851
-5571.57790149142
-5572.10254048758
-5572.1476149419
-5570.68060876304
-5571.11246940551
-5570.60025770523
-5572.31951353928
-5571.34650785549
-5572.00033376412
-5571.07371504299
-5570.54564149179
-5571.32326886803
-5570.77374373899
-5572.27232315343
-5570.73529287399
-5570.42869363901
-5571.27520557046
-5571.10939208079
-5570.9313920605
-5571.0716941229
-5572.04077392554
-5570.9536374434
-5571.96609585634
-5570.79032687848
-5570.75704097827
-5571.18644641143
-5571.99173919639
-5571.09976872051
-5570.60012796729
-5570.68337749275
-5571.21355175512
-5570.62669886649
-5570.97091087177
-5572.13970472117
-5570.85802920816
-5570.87651977008
-5571.12842016017
-5571.34398356457
-5570.56318263875
-5572.07099152586
-5571.43241948562
-5571.98032918632
-5570.98408027717
-5572.03616826486
-5570.71905815386
-5570.55720275102
-5571.49150354461
-5571.12698974445
-5572.08950898095
-5572.04850226823
-5572.15212053376
-5570.88197286815
-5570.7110972913
-5570.49728439774
-5570.52082764604
-5572.06334254527
-5570.92807935136
-5571.4094674677
-5570.71965188441
-5570.65186857304
-5571.29397329718
-5571.46672304935
-5570.91081393062
-5570.56106461114
-5571.06963169061
-5570.63034522164
-5570.77586625295
-5570.6212364389
-5570.88088711604
-5571.65326186841
-5570.82481072714
-5570.609287562
-5570.92594605066
-5572.2463581627
-5570.72263463313
-5570.7272842098
-5571.26210742559
-5572.17133162733
-5570.87168944699
-5570.93490214048
-5572.11702178971
-5570.61568360559
-5570.86874467735
-5570.80344765203
-5570.80172881327
-5571.02009219972
-5572.1390177704
-5572.17805836685
-5571.33691782968
-5570.90965673065
-5571.08151219676
-5570.92720918605
-5570.54530139793
-5570.71079350618
-5570.69612715868
-5571.18896933487
-5571.93531301307
-5571.13886777121
-5570.68408748754
-5570.72347399236
-5572.21167126313
-5570.93943016419
-5570.65754374248
-5572.25996567177
-5572.05636899227
-5570.59709145604
-5571.23324007169
-5571.06570613128
-5571.41119415745
-5570.91766473181
-5571.40154853887
-5570.62644275035
-5570.83421362664
-5571.20666073561
-5570.81181693436
-5571.01048976088
-5571.11068713821
-5571.27559223688
-5571.01627330364
-5572.33293763408
-5571.28401303802
-5571.3630640533
-5571.94104900893
-5570.79769379438
-5570.6539799766
-5570.67881934801
-5571.04999642985
-5570.64575523885
-5570.66575425477
-5572.1152476621
-5570.75647708586
-5570.93462791025
-5570.63624189274
-5570.82287362107
