# vacant energies
-5565.3819950959
-5564.25176595808
-5565.20102457413
-5565.34284173112
-5564.00965611378
-5565.33456969357
-5564.33700752937
-5564.02062081924
-5563.75346717349
-5564.10312056765
-5563.77990466669
-5563.98515690659
-5564.12598993872
-5565.38827429489
-5565.42862706713
-5564.30786410807
-5564.15480920658
-5564.13900600469
-5564.10523379842
-5565.3627107804
-5564.04521062456
-5565.35528878687
-5563.92934512442
-5563.96608955802
-5564.04784422697
-5564.15799989104
-5564.03344747672
-5563.93232493162
-5564.35599848641
-5564.58564702395
-5565.12526656928
-5563.82804812965
-5563.99206202957
-5564.28638273377
-5563.91726569114
-5565.56038189318
-5564.05419248832
-5564.00803515758
-5565.28764729815
-5564.45261294545
-5564.18692610029
-5563.77964920365
-5564.62519352947
-5565.30391022829
-5564.15100375601
-5564.59259681311
-5564.2411039279
-5563.90886122661
-5564.84808154636
-5564.56393576645
-5564.14682311997
-5564.20168532053
-5564.01427544063
-5565.38705372614
-5563.95888115314
-5564.66294188582
-5564.12102634779
-5564.81205206025
-5564.62001728889
-5564.02326106143
-5564.6797946342
-5563.99677274853
-5565.08616369414
-5564.1970060296
-5563.91734925504
-5564.44676641195
-5563.95960008829
-5564.66263050727
-5564.04239947958
-5564.17568635259
-5564.3893299014
-5565.24527567523
-5564.78643762974
-5564.09596979407
-5565.77701936599
-5565.41209506895
-5565.6297427822
-5564.7707932639
-5564.61267066169
-5565.51594000998
-5563.88845335005
-5563.96802934061
-5564.49248921595
-5565.32200047603
-5564.0501216318
-5565.38461358922
-5564.32095384298
-5564.23120339204
-5563.98652023681
-5564.16601404792
-5564.02160131567
-5564.23001938333
-5565.71146949831
-5564.08175497158
-5565.30462079662
-5565.47459536532
-5564.62644869945
-5564.08592052062
-5564.03303696449
-5565.4068343606
-5564.57810372079
-5564.35830126673
-5564.1543628694
-5564.10047236046
-5564.1396429695
-5564.79377332044
-5564.76955994188
-5563.9975092547
-5564.14418171115
-5564.07512213154
-5564.67869090424
-5563.95404598691
-5564.00639143547
-5564.43827222208
-5563.9259865395
-5564.42275606518
-5563.92782326147
-5564.2999659289
-5565.22131014036
-5564.48669033173
-5564.02773943424
-5565.4510081762
-5564.28769839
-5564.05717501366
-5563.96812160992
-5565.3978001972
-5565.45125803016
-5564.63389066915
-5565.32680772966
-5563.95095381921
-5565.3718328452
-5563.95609398955
-5565.56579347526
-5565.62661282067
-5565.3528728052
-5563.86349062428
-5564.30329495112
-5564.08708143225
-5564.14071951718
-5564.14597285404
-5564.03516468803
-5564.59296857411
-5564.56749138415
-5564.56168987272
-5563.86608521871
-5563.88703419615
-5564.65802260576
-5564.16019655384
-5564.56650752939
-5564.46199618215
-5564.07482766439
-5565.29288843814
-5564.54746103103
-5563.96012598495
-5565.19539069796
-5564.27641942531
-5565.43240194438
-5563.93405433074
-5564.22791580739
-5564.28259125617
-5564.61543564847
-5565.34019245935
-5564.1141124361
-5563.91978177674
-5565.1293942001
-5565.49884018856
-5564.49654687885
-5565.48900773922
-5564.06044334524
-5564.6782062025
-5564.05574640641
-5564.3714531568
-5564.13659999502
-5564.14395439167
-5564.31351080852
-5564.08988439717
-5563.83474486093
-5563.83161909869
-5564.58359948946
-5564.1368746807
-5563.83689805963
-5565.15076383501
-5565.60086221146
-5564.42321712069
-5564.03751911862
-5564.19610227642
-5563.95563152239
-5564.65410050924
-5564.31153185997
-5565.61698465558
-5564.31883917297
-5565.54941655206
-5564.22889473146
-5563.9282308379
-5564.4006023768
-5563.93912742302
-5565.70838505275
-5564.6243633739
-5564.1830148224
-5564.01048940134
-5564.1507107489
-5565.28801172411
-5564.6058320177
-5563.8945159174
-5564.39598601938
-5564.02453276145
-5563.93875796783
-5564.66636148889
-5563.95376692017
-5564.23819546281
-5564.71149399571
-5564.31157086905
-5564.78911613049
-5564.6507769662
-5564.27566751776
-5565.39177618016
-5564.01349551666
-5564.75780297555
-5564.39774421695
-5563.92628095117
-5564.57196362337
-5564.7510308105
-5565.31094193067
-5564.59785358917
-5564.66843978396
-5564.32168594816
-5565.45698396457
-5564.17513363813
-5563.91277975139
-5565.40411470617
-5564.32522619501
-5564.03768692507
-5565.16572626942
-5564.59350092118
-5563.96819087778
-5564.46574988216
-5564.04157830902
-5564.07890047675
-5564.58868325031
-5565.34565353232
-5564.53628721614
-5564.07380024896
-5563.90888067364
-5565.15581707368
-5564.30883520164
-5564.15933649357
-5564.25390778845
-5563.9910465976
-5564.00567117342
-5564.14370130916
-5564.61446072879
-5564.58660993008
-5563.9911465886
-5564.17372198073
-5564.0231451748
-5564.11423036933
-5564.06976628709
-5563.95855121721
-5564.48736669523
-5564.23927277742
-5564.09503886496
-5563.98968192249
-5565.15081592525
-5563.88937284992
-5564.01919917733
-5564.20032307603
-5563.99898715416
-5563.95298203682
-5564.08924134567
-5564.19893706245
-5565.36875719441
-5564.16340467508
-5563.93109424337
-5564.51590055172
-5563.95945859828
-5564.29097975591
-5564.00415765296
-5564.05318488354
-5564.10395541204
-5565.41853283369
-5564.54096979004
-5564.54768348953
-5564.48733194122
-5563.91302196044
-5564.57651717828
-5564.67742757959
-5564.68673023688
-5565.54259656162
-5564.36761722764
-5564.69970603956
-5564.63917605759
-5564.41053332678
-5564.57317066385
-5564.22385861596
-5564.03161393355
-5564.20950861196
-5564.88534953413
-5565.72359591253
-5565.56858786107
-5564.23426120241
-5564.42844954607
-5564.52875366328
-5565.38657812043
-5564.19072128439
-5565.67301058778
-5565.33619005982
-5565.46002108209
-5564.24947670966
-5564.03480731623
-5564.24066850655
-5565.75412549407
-5565.41482863109
-5564.01521674947
-5564.13017004945
-5564.11398301847
-5564.209519812
-5564.50226629397
-5564.16854369921
-5564.53536234174
-5564.46670825393
-5564.22503908105
-5564.12581384745
-5564.15822612292
-5563.98076493458
-5565.44907121475
-5563.9301097891
-5564.05689700943
-5564.03422059792
-5564.08139255874
-5564.19544040339
-5564.19602214594
-5563.83259216661
-5564.01932398778
-5565.59011616907
-5564.36928597575
-5565.32555090115
-5565.50288376868
-5565.59287061732
-5564.29659365226
-5564.09114803923
-5564.23243335982
-5564.537756041
-5564.24662740322
-5564.15734685523
-5564.44588304418
-5565.28134919901
-5565.34845297359
-5564.03676480385
-5564.13995007288
-5564.58888495773
-5564.67231742468
-5564.09573136919
-5564.67154129665
-5564.77263084844
-5564.10267627341
-5565.3165542699
-5564.08844222696
-5564.10128727064
-5564.22155170821
-5564.57883473694
-5563.95388724196
-5564.17969933589
-5564.64829079136
-5564.66098461351
-5565.43129073007
-5565.50592207004
-5564.58183295257
-5564.20639513586
-5565.26982131496
-5564.42355984342
-5564.43853739134
-5564.63901123124
-5564.66362153845
-5565.36035565529
-5564.01254407645
-5564.18788721314
-5565.27289393364
-5565.06217398576
-5565.37087342674
-5564.05658785165
-5564.65690403846
-5564.36824433362
-5564.22801021581
-5565.29008116522
-5564.82533681027
-5564.03304921201
-5564.23656107355
-5565.33848786417
-5564.20088216444
-5564.23714984006
-5564.03254518087
-5564.24488371221
-5565.50312477692
-5563.94682133352
-5564.65278790818
-5564.59988170528
-5563.96604709834
-5564.11545276297
-5563.93980172212
-5564.03140318856
-5564.71456694587
-5564.20587135551
-5564.14767420183
-5563.99793571663
-5564.51994036253
-5563.93631850751
-5565.34904734256
-5564.6676433435
-5564.81931337634
-5565.50967653867
-5565.42327372878
-5564.17575234285
-5564.27005178568
-5564.03322647808
-5563.85156435334
-5564.05330291401
-5563.96958181741
-5563.90502109202
-5563.98946238675
-5564.30237254381
-5564.25361158884
-5563.97265761393
-5564.53824902558
-5564.19843472572
-5563.99589528604
-5564.29888307458
-5564.01960409756
-5563.97585744281
-5563.81026760681
-5564.4491397711
-5564.66786703555
-5563.9875061261
-5565.66679520245
-5565.58535253847
-5564.27680203159
-5563.87381725425
-5564.59539993016
-5564.05977920393
-5564.56274808752
-5565.46567564667
-5565.54479712914
-5565.11131158614
-5564.1704372119
-5563.88346391787
-5564.74586481431
-5564.60615050061
-5564.25852562191
-5564.40386217716
-5565.58261228913
-5565.47538945983
-5564.52986218181
-5563.98005719701
-5563.86663811048
-5564.65178221007
-5564.40238938719
-5565.40800158706
-5565.34686502797
-5563.89215062153
-5564.26089938713
-5565.80094070077
-5564.76822492759
-5565.63660129573
-5564.61306190244
-5564.61054376011
-5563.98124719274
-5564.07176502895
-5563.87128095371
-5564.57579637604
-5564.54603766766
-5563.94067905441
-5565.58164363635
-5564.76337366491
-5564.03134406708
-5565.35099231135
-5564.54816838777
-5564.50689686097
-5565.12909093257
-5565.37500422011
-5565.44360297046
-5565.55817411123
-5564.4391467201
-5563.91643212673
-5565.32640795287
-5564.69299330165
-5565.45348804844
-5564.70969813073
-5564.23832185926
-5564.21670317206
-5564.14466759608
-5563.91839763987
-5563.96882260995
-5564.08736539677
-5565.50874141504
-5564.00741080821
-5564.04716446979
-5564.08480006595
-5564.44402348227
-5563.89679851482
-5564.26012863207
-5564.19557220941
-5564.14834976311
-5564.04057559402
-5563.93025907325
-5563.99967344125
-5564.18016925484
-5564.57549906769
-5564.15671469325
-5565.78975664444
-5565.41017904319
-5563.93232818541
-5564.51356727328
-5565.46850870078
-5564.41855443432
-5565.5603034215
-5563.97400117925
-5565.63083030845
-5564.58592850331
-5565.23165392212
-5564.1156894013
-5564.50940755332
-5564.21090794805
-5565.61182323593
-5565.48050471016
-5564.48960865047
-5564.64887875682
-5564.17555903437
-5565.53055905989
-5565.64088407218
-5564.08316451181
-5564.8678225279
-5564.70120600156
-5564.47475677606
-5564.64103201357
-5563.94568372719
-5564.59279086077
-5563.96561329628
-5565.53812227266
-5563.96353442506
-5564.46646173692
-5564.17392430809
-5563.94004452556
-5564.00064178646
-5563.96022541532
-5564.09328475149
-5564.21408819441
-5563.97370966598
-5564.30905913917
-5563.99054430675
-5563.756699867
-5564.36860427004
-5564.01254548596
-5565.30526903618
-5564.17626134426
-5564.54246851953
-5564.16939183611
-5563.89027834613
-5564.00432578795
-5563.99950228934
-5564.03913732408
-5564.05941674682
-5564.37619184071
-5564.01423101174
-5564.02347595222
-5565.1765888975
-5565.22669204321
-5564.56287045348
-5563.90693621687
-5564.5101294162
-5564.35763045289
-5565.12165236318
-5564.47041316145
-5564.43232916991
-5564.04940467522
-5564.43412443037
-5564.16807169466
-5564.03947717197
-5564.15301496489
-5564.54778281507
-5563.85445236498
-5564.07303380291
-5563.92365864101
-5563.98419676048
-5564.04330070518
-5564.33167611458
-5564.1982078783
-5565.14396579692
-5564.22242447272
-5564.08559721222
-5564.08161947383
-5564.15637823443
-5563.90513482582
-5565.16340685092
-5564.4650302636
-5563.81176498138
-5564.2410785155
-5564.62993010039
-5564.48321947286
-5564.13778337277
-5564.00328085427
-5563.94536958016
-5564.14833155303
-5564.13542592485
-5564.11790922
-5565.50634453449
-5563.98093525477
-5564.6270686231
-5564.09042171927
-5563.93278372522
-5564.26884945133
-5564.06984812927
-5564.06800754585
-5563.98716213029
-5564.71357020834
-5564.02892513109
-5563.98711997532
-5563.98741016145
-5564.09003862365
-5564.48996845075
-5565.25727244483
-5563.97723974429
-5564.0393913449
-5564.33799047421
-5564.14129251183
-5564.54633172537
-5564.60121678899
-5564.05859311424
-5564.45204196291
-5564.16040553617
-5563.88217880805
-5564.49843062094
-5564.38686983691
-5565.1980687722
-5565.45200679704
-5564.15898534716
-5563.89757689936
-5564.677206049
-5564.10986465333
-5564.73032491605
-5563.8949858518
-5565.42056668366
-5564.37872439145
-5564.01534061278
-5565.24011652486
-5564.27972575842
-5564.104296512
-5564.05179396841
-5564.33333615822
-5564.15787919217
-5565.39457855497
-5564.085660214
-5564.14440915089
-5564.21920403977
-5565.17198743387
-5564.30638625978
-5563.97436617883
-5564.24658392976
-5564.24363151113
-5564.37077540572
-5564.09281447639
-5564.30436299356
-5563.93865292034
-5563.89059300702
-5563.86155514116
-5563.91616336188
-5564.46379482637
-5565.21903381482
-5564.11997939008
-5564.36966125172
-5564.61070296849
-5564.44788905484
-5563.94107459484
-5564.67990246794
-5564.07850085506
-5564.04487420584
-5564.11575591446
-5564.07322284238
-5563.86165908423
-5564.6035771005
-5563.98359831627
-5564.06087492208
-5565.4955919466
-5564.37724203329
-5565.39460081016
-5564.74042782849
-5564.26024003991
-5564.32360061912
-5563.81884817426
-5564.19856564274
-5563.99003228764
-5563.91787929382
-5564.19195728972
-5565.25584965419
-5564.17957975643
-5564.11586986594
-5565.54430641444
-5565.36858121461
-5564.80317390005
-5563.98941440442
-5563.99133078842
-5564.1240271604
-5565.32540290107
-5564.72392667244
-5564.31051114948
-5564.0407474461
-5564.20152202111
-5565.61985878693
-5564.75152216121
-5564.21928067124
-5564.0121642541
-5564.34628066438
-5563.88309434938
-5565.52161089052
-5564.31596473584
-5563.94974846886
-5564.32128445719
-5564.2698630549
-5563.99812938486
-5563.95770526969
-5565.31181327443
-5563.87209454466
-5564.2629057703
-5564.13185000662
-5563.94835007971
-5563.9744794836
-5563.79559593686
-5564.52553023523
-5563.8762037217
-5564.10456665451
-5564.03124479603
-5564.12519856426
-5564.02410611876
-5564.14148096445
-5565.29402010978
-5564.07545000875
-5563.96928546038
-5563.88129938091
-5563.88379474974
-5564.02482605508
-5564.15793244996
-5564.0927836529
-5563.95118969693
-5565.29682323323
-5564.49869762397
-5565.40760656891
-5564.50629042546
-5563.9422913678
-5564.63879324337
-5564.56553453449
-5564.29118800638
-5564.18763433722
-5564.02830339239
-5564.08583484276
-5564.10726648072
-5564.04221461654
-5564.18221121868
-5565.47906799393
-5563.78916534678
-5564.02190676754
-5564.16618541535
-5565.45869732031
-5563.97709646985
-5563.87815876324
-5564.26669289276
-5564.64207935137
-5564.03291367546
-5565.47202534418
-5564.11453058194
-5564.35960721893
-5565.69710428489
-5563.92288021829
-5564.64651002717
-5565.3529065159
-5563.97405192698
-5564.01599410156
-5564.11018003491
-5564.12424201181
-5565.5420644857
-5563.80774531334
-5563.84999549173
-5563.96868917664
-5565.43982998076
-5564.0254117209
-5564.03823211261
-5564.69538396781
-5564.04986297953
-5564.08604775395
-5563.9634564239
-5565.46290589846
-5564.14241016886
-5564.890665682
-5564.23514660611
-5564.19063543343
-5563.995854129
-5564.07513179797
-5564.02746598912
-5563.96146342821
-5564.25586969654
-5563.86782851537
-5563.98997537029
-5564.11367632459
-5564.02245872543
-5564.14471508196
-5564.06630286913
-5564.27962442532
-5564.03669512702
-5564.20288191105
-5563.84812331587
-5565.47017149514
-5563.88981003272
-5564.32738054746
-5564.03601810695
-5564.4704140862
-5564.52473543456
-5564.51125233333
-5563.92927011257
-5563.90245364334
-5565.34788389417
-5564.0953117982
-5564.09715470906
-5565.09937215784
-5564.43622719984
-5564.53249775791
-5564.55279506687
-5563.99421622036
-5565.36414069835
-5564.32302199161
-5565.55554150766
-5564.18282971929
-5564.04077985739
-5564.25696662853
-5564.29255368339
-5564.22187871954
-5565.29423984416
-5563.99977700092
-5564.1093444678
-5564.15098942153
-5564.67483398148
-5563.86710468256
-5564.56539219609
-5564.58599159581
-5565.35813341967
-5565.33462356489
-5564.06822755574
-5563.85548855471
-5563.97420926412
-5564.08707710042
-5564.64920487716
-5565.42170859115
-5563.91629763686
-5564.06551272834
-5565.33531314112
-5564.03362394936
-5565.47363548496
-5563.94537825533
-5563.91517530395
-5563.88877006234
-5564.06184954012
-5563.98163175315
-5565.45820939514
-5564.13265768772
-5564.43467283597
-5565.48861172024
-5565.51176658786
-5564.68723127374
-5564.03373858938
-5564.09176069592
-5565.44636446432
-5563.89702119639
-5564.10042431097
-5564.26120203385
-5564.74092589861
-5564.02912010683
-5565.53249117175
-5564.03889216666
-5564.08735896833
-5564.37192044546
-5564.54864707544
-5565.57189890685
-5564.17627056485
-5564.1422245288
-5564.06739365816
-5563.88622355136
-5564.35157480647
-5564.29058087684
-5563.89401106818
-5564.52416777905
-5565.53508578122
-5564.49182850858
-5563.80246765712
-5564.60932752812
-5563.97501125693
-5564.51373710252
-5564.47360919617
-5565.59893526275
-5565.61977078494
-5563.9482775877
-5563.83141014175
-5565.1908911246
-5563.94144851761
-5564.29064138544
-5564.22860870805
-5564.41154740671
-5564.29448378974
-5564.3977955399
-5564.13262118094
-5564.10164326201
-5564.48725812675
-5563.95766602784
-5564.5762262543
-5563.97539831031
-5563.87748195976
-5563.9370674058
-5564.16133254932
-5564.7090598913
-5565.26133729918
-5563.90985903144
-5563.87000527075
-5564.18785862683
-5564.42221579057
-5564.48234159987
-5565.24208153137
-5564.00830238082
-5564.01036813359
-5565.00501653568
-5565.01833694713
-5564.53366137778
-5564.03755394222
-5564.16293784199
-5564.36322572227
-5564.03786552531
-5564.00891159684
-5564.02140487619
-5564.23656002251
-5564.13870999109
-5563.99032704706
-5564.32513887817
-5565.50261500777
-5564.75222506518
-5564.76093338059
-5564.47546185018
-5564.46005171332
-5564.08291078776
-5565.55419422147
-5564.03644002112
-5564.27658641869
-5563.99864616749
-5564.1017691556
-5564.0501279555
-5564.03917553773
-5564.09492176483
-5565.52448210969
-5564.59409102002
-5565.28712428179
-5564.26129900234
-5565.58763581125
-5564.57399311398
-5564.0380660487
-5564.67467719116
-5564.84178926249
-5563.88536714635
-5564.57662765805
-5565.40707911992
-5563.86411169787
-5565.60286351243
-5564.04845184886
-5564.71042811734
-5565.28217331792
-5564.27760283452
-5563.90577837073
-5565.43815966783
-5564.16316109454
-5564.06271936909
-5564.26150725346
-5564.51941535165
-5564.0480016724
-5565.49333372598
-5564.57800093573
-5563.82237627132
-5564.36121642514
-5565.32231760774
-5563.99538747985
-5565.46460799059
-5564.0933937541
-5564.26493205155
-5563.92721986544
-5564.24864884744
-5564.26267673178
-5564.65704852157
-5564.13830087915
-5564.04997737648
-5563.91679833084
-5564.17855857903
-5564.19691477239
-5565.48702191134
-5565.23719253241
-5564.02048724581
-5565.62555137285
-5564.00723267151
-5564.15914188468
-5564.02403292317
-5564.1510891676
-5564.08618537193
-5564.01952586949
-5564.45811241967
-5564.74246386255
-5564.04282594979
-5563.87829325194
-5564.14357561016
-5564.1169616663
-5564.13414450206
-5565.1953223888
-5564.12012503913
-5565.28695576949
-5564.66205487352
-5564.27008038695
-5563.89221664094
-5565.38038751185
-5564.00124287066
-5564.13461380756
-5564.07163244911
-5564.75236881837
-5565.36522583475
-5564.03562447384
-5565.24001152656
-5564.5341768712
-5563.99565617708
-5564.07484005888
-5564.67335340789
-5564.61316993121
-5564.36115084569
-5564.66535063928
-5564.42982809495
-5565.53083249442
-5564.0762152645
-5563.79798021847
-5564.301552961
-5565.31244931293
-5564.02745564162
-5565.37631266034
-5564.1741779042
-5563.94350979828
-5564.61846761117
-5564.24152360726
-5565.4492767145
-5564.01714067747
-5564.04111176945
-5565.54688746186
-5564.70223285769
-5565.84659131608
-5565.46184565297
-5563.93643720591
-5564.59931503156
-5564.17652138843
-5564.21622539282
-5564.5638141704
-5564.71451701121
-5564.1853037387
-5564.32656406028
-5564.35450651053
-5565.28404104944
-5563.99856374021
-5563.9196118698
-5564.51489299945
-5564.34263130625
-5565.44959350036
-5563.94371588614
-5563.94258422364
-5563.99186829328
-5564.18930637679
-5564.34409919581
-5564.62176939545
-5565.62651242294
-5565.29070997667
-5563.998962374
-5564.78702122912
-5564.02834046408
-5564.6456857931
-5564.89663625911
-5564.19734912304
-5564.16761441471
-5565.37729332134
-5565.35391362857
-5565.86181621994
-5564.1857587516
-5565.41864706695
-5564.31769961229
-5564.34026698727
-5564.49701095844
-5563.98260785529
-5564.65367492141
-5565.43374235043
-5565.63941412356
-5563.96891487152
-5564.55525111121
-5565.33640331855
-5563.96972477111
-5564.43412767795
-5564.02657914198
-5564.58568380204
-5565.54413194556
-5565.7159005686
-5564.00395897652
-5564.06593216732
-5564.13779322912
-5564.67524153226
-5564.4298218745
-5564.0209481488
-5564.2537251811
-5563.86151748532
-5564.11549509851
-5564.38549480787
-5564.26994920329
-5564.91710081147
-5565.34300063951
-5563.79851000659
-5563.95981201554
-5563.92011581457
-5565.50367370166
-5565.36759456889
-5565.33583735334
-5565.52714294797
-5564.07054594128
-5565.47482662716
-5565.45460063858
-5564.0690908641
-5564.48634105121
-5564.6023845113
-5564.29620438699
-5564.1091843782
-5564.14980037146
-5563.88758055997
-5564.05414857451
-5564.19565154501
-5564.08951965462
-5564.6934870263
-5564.51540142847
-5564.19020737568
-5565.67777533601
-5564.19868336978
-5563.74621654124
-5564.31983339239
-5564.4070071637
-5564.05850675297
-5564.05494797152
-5564.31967156781
-5563.97595289537
-5563.88259434258
-5564.2469922666
-5564.54625826611
-5564.04835355945
-5564.06998585307
-5565.13018831243
-5563.97237127213
-5564.33857994325
-5563.91130425183
-5564.28952878529
-5563.9417674369
-5564.74409595615
-5563.9601269062
-5563.9166175521
-5565.28320907422
-5564.20508664656
-5564.88153137905
-5564.7553694067
-5564.64932725518
-5563.88081139523
-5563.86952683852
-5564.2705452002
-5563.87765530815
-5564.002666018
-5564.23551639648
-5565.52382813384
-5563.85264033625
-5564.0113505575
-5564.69819108599
-5564.19188515782
-5563.96435876711
-5564.1076121969
-5563.98635395317
-5564.20002988916
-5565.45533915877
-5563.83277130306
-5564.05453079388
-5565.59368721879
-5564.28931608106
-5564.35877020535
-5564.8395573435
-5565.49340933954
-5564.61141355195
-5565.46801338207
-5564.14693526862
-5564.10813673687
-5563.88838958005
-5565.70789598865
-5564.07688036811
-5564.02143217777
-5564.17837877624
-5564.09621806389
-5564.43808681111
-5564.00313296548
-5564.57471676986
-5565.56000543022
-5564.56176702986
-5564.39818129457
-5563.93550950034
-5564.77693927522
-5565.3410194389
-5564.29196093318
-5564.02713739382
-5564.15633797226
-5565.5250212743
-5564.40846517904
-5564.63706871475
-5565.48030101254
-5564.44513480012
-5563.88129785433
-5565.36940141382
-5563.97845598682
-5564.27130181048
-5564.41234321691
-5564.21276859109
-5565.48062589528
-5563.98708036593
-5564.22211377365
-5564.02116226225
-5565.32393377743
-5564.16266393456
-5565.41153867456
-5564.14813409482
-5564.70441435138
-5564.53047687857
-5564.54329370412
-5564.2071328065
-5564.03873826069
-5564.10131239153
-5564.10433065533
-5564.06154743239
-5564.11110501339
-5564.80583102758
-5565.56468807795
-5565.07956598021
-5564.28400910205
-5564.67584006187
-5564.00758810173
-5564.27462548079
-5564.29538971855
-5565.39256917662
-5564.89167668696
-5565.51547158256
-5564.58123003699
-5563.98782730518
-5565.3582044218
-5564.38713264367
-5563.86742556424
-5564.02206258511
-5565.44986334803
-5564.01355872663
-5564.32897541238
-5563.95465416422
-5564.27923963901
-5563.89883744544
-5564.72015692647
-5563.88446692025
-5564.62954367283
-5564.22757278784
-5564.22468647863
-5564.01013332458
-5563.94367869926
-5564.49049400091
-5564.64742207976
-5565.64225117531
-5564.46544426541
-5564.24924285761
-5565.57490947344
-5565.44677466734
-5564.0177939373
-5564.28633346225
-5565.44228795495
-5564.0482426434
-5564.59188940128
-5564.16134814266
-5565.35903470689
-5564.81845965112
-5565.33665492238
-5565.50765106664
-5564.37971254654
-5563.94159440132
-5565.53125235688
-5565.46685046694
-5564.02586151516
-5563.78989573799
-5565.33187301046
-5563.94243827258
-5565.26301592314
-5564.73580650346
-5564.52881880308
-5564.0330286024
-5565.52906798315
-5564.38568207592
-5564.70734261558
-5563.78674558088
-5564.28663895777
-5564.0204942234
-5563.96885621455
-5564.12288172069
-5564.32288231963
-5564.12320054585
-5564.45052120186
-5565.59936252315
-5564.0046774256
-5563.96185745753
-5565.39364771029
-5564.55262861233
-5564.62280046854
-5564.64533444163
-5565.24714355031
-5563.97352608689
-5564.73117395707
-5564.14089335285
-5563.98450673606
-5564.2024597582
-5564.01069097752
-5563.99418438161
-5564.10634538075
-5565.45430667403
-5564.07423370844
-5565.52644778692
-5563.90619889274
-5564.51622384786
-5564.61989985892
-5563.94495693468
-5564.15674873746
-5564.62823768641
-5564.13789677136
-5564.49748618759
-5565.27085549966
-5563.9023207184
-5563.88946016916
-5565.2149811598
-5563.78326603713
-5564.0267615442
-5564.38684640679
-5564.27292165532
-5565.5310680646
-5564.54845956303
-5564.42545915076
-5564.69162811169
-5564.38265527654
-5564.72445432412
-5564.04800498622
-5564.09170463474
-5565.4303968316
-5564.17369612601
-5564.58275477925
-5565.64397912819
-5564.71127088527
-5564.17295812214
-5565.6618066745
-5564.66680689051
-5564.16317176103
-5565.69405975185
-5564.17717934136
-5564.19746955377
-5565.54470974824
-5564.19578253671
-5564.02882484915
-5564.02960453075
-5565.44790274297
-5565.65432916826
-5564.27920489762
-5563.9128118478
-5565.57952322915
