# vacant energies
-5552.77718176888
-5554.2555466192
-5554.56403030988
-5554.44722744125
-5552.90430681532
-5554.07305945792
-5554.23202967183
-5552.86650181256
-5553.26222701829
-5552.73273356159
-5552.65268118584
-5552.73164322803
-5552.85537617734
-5552.88572713362
-5554.42167122226
-5554.18286013257
-5553.17390200128
-5553.45017716844
-5552.77372146972
-5553.971677369
-5552.76151066913
-5553.35388794459
-5552.77599562801
-5552.79516087177
-5552.84075685625
-5552.6334987411
-5552.73742485142
-5552.66670624241
-5553.37763006321
-5554.38196738338
-5552.67187557433
-5553.48970778032
-5552.78723195679
-5553.04640925735
-5552.97394513926
-5554.15883936001
-5553.42044787501
-5552.89219362164
-5553.99366886694
-5553.38312241711
-5552.82349244049
-5554.28746323038
-5553.36293694213
-5553.79064646138
-5552.60032537899
-5553.0032251633
-5552.70038028708
-5552.69278706042
-5553.55491086023
-5553.06365740351
-5552.6656514113
-5552.89865859857
-5554.47252696316
-5554.20458981562
-5552.56284998675
-5553.42903692127
-5553.40084024568
-5553.2303778941
-5553.07957723926
-5552.77008896141
-5553.46963642072
-5552.81526213484
-5552.94874984275
-5554.24812817673
-5552.70804186139
-5553.22774144036
-5552.62853711099
-5552.95309601554
-5553.47271303381
-5552.70609397086
-5553.08741933192
-5552.76174954011
-5553.2785992846
-5553.42715632838
-5553.16671656406
-5553.36938786138
-5553.26781035955
-5553.1103228753
-5554.26562733956
-5554.44129834083
-5554.28383037915
-5552.8039736472
-5554.32003775059
-5554.29326068583
-5553.17815280192
-5553.44284580678
-5552.75280049182
-5554.41844186431
-5552.77085878972
-5552.81849712054
-5552.63743079667
-5554.30765859165
-5554.10262019912
-5552.75129165936
-5554.05795226877
-5552.78112686207
-5553.37925650725
-5553.28467440795
-5552.74930689435
-5553.05754579532
-5553.48678505927
-5553.29780309985
-5552.83230875277
-5553.11087907773
-5552.90565304421
-5552.72180513643
-5552.7423062242
-5552.72370588182
-5552.86719280008
-5552.69276215523
-5553.33366829824
-5552.79771162815
-5553.16947891721
-5553.12552348388
-5552.70708245615
-5553.03379797032
-5552.7531213157
-5553.31356717135
-5553.80822436999
-5553.45736773124
-5552.83475431469
-5554.11620154648
-5553.17715213104
-5552.70292136818
-5553.45876797337
-5554.30727725556
-5554.04087560833
-5553.48881489118
-5554.34194561293
-5552.8333158081
-5554.11735563095
-5552.67395590801
-5554.0813085711
-5554.33427068447
-5553.20230878875
-5552.7091415391
-5553.00363558133
-5553.0196691695
-5552.86572755279
-5552.565465228
-5552.6015544488
-5553.06891775064
-5552.86894956394
-5553.35552032461
-5553.31449368727
-5553.36434998077
-5552.85168272996
-5552.97762977763
-5554.38159054159
-5552.79510435774
-5552.71455123306
-5554.07647327604
-5553.43742153276
-5553.1207979663
-5553.30296040522
-5552.95940127543
-5552.71193830619
-5552.91743084146
-5553.11901657832
-5553.14766211031
-5553.33491942361
-5554.28325347196
-5552.92206711139
-5552.71001762943
-5554.1053424801
-5552.67719125432
-5552.96564877667
-5554.166993157
-5553.43527789871
-5553.38703169851
-5552.92905985867
-5553.23244978813
-5552.64762800173
-5552.79731729941
-5553.05547518539
-5552.85583060647
-5553.97458128708
-5552.54721777959
-5553.30993115268
-5553.04131391254
-5552.79787814336
-5552.74689936922
-5554.29525653928
-5553.10881228584
-5552.97329578809
-5553.05212390443
-5552.75791823269
-5552.95521185882
-5553.15641574732
-5554.22665333847
-5552.72014031221
-5554.03224909883
-5552.98858030021
-5552.63800577742
-5552.98817433985
-5552.73296874999
-5554.33325243959
-5552.59370536426
-5553.11638963322
-5554.2468647733
-5553.11839749365
-5553.96379872354
-5553.3582617764
-5552.7071887554
-5552.90141509748
-5552.55403368703
-5552.70158155094
-5552.99865373881
-5552.91142289888
-5552.82557220863
-5553.36273470112
-5553.27016774241
-5553.34136521869
-5552.70974903203
-5553.416605991
-5552.70700640642
-5552.48341000105
-5553.6463106125
-5553.21350125568
-5552.86840569713
-5553.83013975126
-5552.86770587557
-5553.90130508942
-5552.74869052186
-5553.28021239806
-5552.87674017922
-5552.96136884994
-5553.21487719181
-5552.66588858337
-5553.94104228376
-5552.83093065061
-5553.13894971205
-5553.23251996542
-5553.34754089166
-5552.79794197298
-5552.98161322534
-5552.82794381045
-5552.83007850567
-5552.97940158941
-5552.85087195332
-5553.99251443931
-5552.66022162963
-5552.70448701644
-5553.90225281878
-5553.25079729906
-5552.92595448799
-5553.1253392695
-5553.98134396649
-5552.91637959113
-5552.84192047937
-5553.4185349716
-5553.29108801462
-5553.20246507255
-5552.97958853126
-5552.86480669051
-5552.98890727766
-5552.89169120709
-5552.77735136193
-5553.07698110598
-5552.7642589827
-5552.92239282703
-5552.89296873259
-5554.12731403818
-5554.24672090905
-5552.7679625159
-5553.13354964044
-5553.07139465086
-5552.68622636952
-5552.81363755237
-5552.71012957708
-5553.18073660719
-5552.69202854578
-5553.04882122107
-5552.90222903498
-5554.07940879316
-5553.48767894261
-5553.51974530843
-5553.38472231043
-5553.51334187336
-5554.31145728148
-5553.09353025824
-5554.21973284252
-5552.96913154977
-5554.34254394108
-5553.65502499398
-5553.33996590899
-5552.94312358529
-5554.36694099887
-5552.76380127
-5553.37195379674
-5553.06640975681
-5552.7342509542
-5553.34362125063
-5553.41267341211
-5552.83349397401
-5553.4143395935
-5552.66179651492
-5552.71244211811
-5554.32301540301
-5554.39685755183
-5552.94866588896
-5553.75571601962
-5554.39355101756
-5552.73140025078
-5553.07401329564
-5553.18408181178
-5553.39108419623
-5552.99636459071
-5552.86421557846
-5552.69651342038
-5554.14902673427
-5553.00465838536
-5552.96016199357
-5552.71454323652
-5552.61223011906
-5553.0117980927
-5553.05767777342
-5553.07177271681
-5552.95993187472
-5553.04077310254
-5552.97067089988
-5552.69868581782
-5553.26497315174
-5552.54385225097
-5553.48454737313
-5553.36035967242
-5552.95085283942
-5552.76971327824
-5552.8814490286
-5552.89449834089
-5552.76681819065
-5552.61052308233
-5552.87665235305
-5552.74784449288
-5553.38616641777
-5554.13592980593
-5553.99518703769
-5553.39485517986
-5553.91749067038
-5553.49373345156
-5552.81253450909
-5553.06309880636
-5554.19084419958
-5552.77253751011
-5553.03722850549
-5554.09073006101
-5554.12514288401
-5552.60076405999
-5552.97454329338
-5553.28227663339
-5553.18724554306
-5553.06209463836
-5553.38011406465
-5553.19566040935
-5552.77664224723
-5554.07954068908
-5552.81227634089
-5552.73768804802
-5553.20674740827
-5553.11708566609
-5552.61184788906
-5554.24927255072
-5552.57288835811
-5552.78267981125
-5553.98309517366
-5554.08133694318
-5552.7524921469
-5552.91885764135
-5552.63795105042
-5552.79680982567
-5553.22160491494
-5553.50238605128
-5554.36708823637
-5553.40128837089
-5553.03951872684
-5552.64607424635
-5554.08038166377
-5552.79065103995
-5554.50389672718
-5554.33576185485
-5553.09195201765
-5553.11056072906
-5553.00545354811
-5552.7435947206
-5553.48518252542
-5552.80649546895
-5552.91969646673
-5552.7846904055
-5552.71769190015
-5552.88289520681
-5552.70527684149
-5552.98976697053
-5552.9870160296
-5552.775028479
-5553.44997985679
-5552.84083407143
-5552.90163684235
-5552.91003974545
-5552.66009040695
-5552.88617922836
-5554.34259273214
-5553.09117728562
-5554.07800196018
-5554.24805868046
-5553.44842543018
-5553.5224274133
-5554.43536790365
-5553.55480657843
-5553.00129450957
-5553.30393304433
-5554.15709678272
-5552.98078861154
-5553.09895295173
-5552.95328986911
-5552.62541537914
-5552.66203163293
-5552.90015144249
-5552.71921500857
-5552.91746693963
-5552.92037770786
-5552.83214577821
-5552.57490175652
-5553.207681063
-5552.70128622444
-5552.58322088354
-5553.37784112592
-5553.35464181574
-5552.62795432782
-5553.19246714164
-5553.23600877823
-5553.29507185226
-5552.8787531563
-5554.01285655113
-5552.78464367971
-5553.30326320784
-5552.85177895161
-5553.43362232029
-5552.67313157603
-5553.26864748099
-5552.74700481692
-5552.75180066417
-5554.17645221362
-5552.88828515188
-5554.37316828612
-5553.20300685397
-5553.07990991128
-5552.73858987226
-5553.00035001952
-5553.0342507254
-5554.20441940734
-5553.47548069685
-5552.82785212506
-5552.65517233916
-5553.32084432156
-5553.03527392319
-5552.83752972663
-5553.90503668541
-5552.72190586788
-5553.20750367502
-5554.47207056572
-5553.46540410262
-5554.21983867303
-5552.77945770725
-5553.46738532272
-5552.81021173969
-5553.89033716694
-5553.29608166369
-5552.99821626527
-5553.42183019776
-5552.98601422368
-5553.02479370908
-5553.48497427808
-5552.96421599718
-5554.12478759973
-5553.08944270839
-5552.72364412087
-5552.63671915406
-5553.02769139926
-5554.22826857815
-5554.43878781935
-5553.4174447503
-5552.94183506572
-5554.09516993871
-5552.88289998725
-5553.90610709708
-5552.76542926979
-5552.91379093834
-5552.92347030908
-5552.74888403784
-5552.88826958676
-5552.86787774571
-5552.94010764989
-5552.917733592
-5552.88430688959
-5554.24671618508
-5552.70165510839
-5553.28103148957
-5554.23277036994
-5552.84856478515
-5552.83599592645
-5552.8909435751
-5552.95661631307
-5552.67844194518
-5552.87931916719
-5552.91828546829
-5552.69105704655
-5553.04234298482
-5554.14018112764
-5552.74255332172
-5554.38160012849
-5552.72206110335
-5553.49582410514
-5552.88153758869
-5553.36792581313
-5552.63427550057
-5552.58557211863
-5554.07812844369
-5553.12097241358
-5552.85372258424
-5553.47295425401
-5552.74983781858
-5552.83200166077
-5553.91063716096
-5553.40911347248
-5553.43027464571
-5553.68968734726
-5553.2276825986
-5554.27653321628
-5553.46013162823
-5553.43323866603
-5553.03935302215
-5553.20408494073
-5553.91566235772
-5552.6847371339
-5552.76542402735
-5552.88361530825
-5554.49302563103
-5552.64074797671
-5553.15382314269
-5552.78148544677
-5552.74300885089
-5552.75224721859
-5552.63835211928
-5552.71724112976
-5552.70281375636
-5552.84925189594
-5553.21754492774
-5552.69679111967
-5552.56577645476
-5553.18833383581
-5553.37394756924
-5554.2469239004
-5552.65965855621
-5554.14952538305
-5552.79535599094
-5552.73383431688
-5552.75174494044
-5552.94137159657
-5552.86088260481
-5552.71296324077
-5552.94942879838
-5552.89490242882
-5552.62436677274
-5552.51953396785
-5553.94940042807
-5553.32558664993
-5552.68628686728
-5553.22329412184
-5553.15260740708
-5553.17893244778
-5553.12401269145
-5553.28417567177
-5552.97117613016
-5552.49546986016
-5552.87500857793
-5552.85106863312
-5553.39763837407
-5552.78376170577
-5552.6744230774
-5552.88414022809
-5552.78675739432
-5552.64109860907
-5552.85798095704
-5553.24829726389
-5553.02399744649
-5552.56991277803
-5552.93479744766
-5552.72941401167
-5553.02140436059
-5552.75736362392
-5552.6995496132
-5554.03829307382
-5552.91070547866
-5552.57239301074
-5552.73226245191
-5552.92064450096
-5552.60100404271
-5552.79015385801
-5553.37604273852
-5552.63337632057
-5552.81814563181
-5553.30267393739
-5553.14507812
-5554.15248196265
-5552.90953952357
-5553.28102753245
-5554.15721946162
-5552.73068325008
-5552.80585118208
-5552.84181924161
-5553.42259593738
-5552.76062249242
-5553.34345215483
-5554.25362760722
-5552.73079202704
-5554.2673750644
-5553.34706173625
-5554.35627568823
-5554.25158540635
-5553.53288819687
-5554.21664786666
-5553.17729466177
-5552.8074397664
-5553.4457261866
-5553.37870692594
-5552.79498954143
-5553.2098755818
-5553.56534665861
-5552.70124782593
-5553.25094491099
-5554.20422208996
-5554.24557423596
-5554.32455685326
-5553.48285452396
-5552.71541241586
-5553.4165998234
-5552.97412792279
-5553.65219890485
-5553.15128767398
-5554.16788554998
-5553.1626302881
-5552.7570076027
-5554.13116660769
-5553.11462328956
-5552.73067479292
-5552.78078861936
-5553.06339671176
-5554.21794417518
-5554.12146711344
-5554.18023438654
-5552.86465843462
-5553.35344930032
-5553.95407234454
-5553.12543423751
-5553.07752167113
-5553.22000288906
-5553.10076431841
-5553.17125390212
-5552.78056578046
-5553.09341825022
-5552.8859876816
-5552.75799023511
-5552.8013508702
-5552.64340261201
-5553.27475630277
-5553.37882259159
-5552.85364276498
-5554.22489222514
-5553.39322794235
-5554.2238506632
-5552.94232541459
-5553.41826030853
-5553.18925763831
-5552.62353247553
-5552.94517005292
-5552.61406366126
-5553.1557151356
-5553.37274362691
-5552.83815519909
-5554.22683586843
-5552.88678924541
-5552.97488558812
-5554.36464605658
-5553.02962747061
-5552.82014043329
-5553.19286340779
-5552.69437270445
-5552.81829228433
-5552.73999100432
-5552.76891678991
-5553.49371722071
-5554.22858613813
-5552.82021079148
-5553.34197926284
-5552.86374374951
-5554.00519946503
-5553.33221851028
-5552.81294136141
-5552.98594799779
-5553.25655078043
-5553.97611467184
-5553.48105476279
-5552.86327017617
-5552.93889940777
-5554.15566402118
-5552.95961563833
-5553.25753411894
-5553.47822229362
-5553.04598391057
-5552.7677450296
-5552.89080024999
-5554.38989864271
-5554.59134442221
-5554.47863349959
-5553.0181058185
-5552.82208492332
-5552.7068721547
-5552.71523668332
-5552.71903824433
-5552.66944555662
-5552.84480102813
-5553.02906639398
-5552.75007244061
-5552.6936790111
-5552.79353368659
-5553.25879865982
-5553.99180341778
-5553.49386337005
-5552.76261677633
-5553.20538698004
-5554.36169582858
-5552.77851847342
-5552.97526237535
-5553.01111346641
-5552.58812055751
-5553.07000830789
-5552.79634661155
-5553.27070207408
-5554.25979234162
-5553.51146933322
-5552.74539811376
-5554.28159347155
-5553.54960946448
-5554.16289466253
-5553.44619702442
-5552.99225387207
-5552.79849326791
-5552.92889336383
-5552.89159522719
-5552.90274175381
-5552.98731436395
-5552.93780092778
-5552.69183163878
-5552.86211556194
-5552.82938475583
-5552.9470728404
-5552.6434131539
-5552.70083341558
-5553.98683309083
-5554.26023416531
-5552.84841891968
-5552.61883640083
-5552.98648016162
-5553.50768661338
-5552.75252990065
-5554.4251782039
-5552.86636109229
-5552.94062678579
-5554.1752610784
-5552.70886340911
-5553.40237357768
-5552.71475689257
-5552.81274521329
-5552.85585017224
-5552.90185412616
-5552.94320507747
-5554.17431724165
-5552.62120739825
-5552.66907878373
-5553.43848891713
-5554.19400006988
-5552.82356998039
-5552.71298926431
-5553.41267063993
-5552.84337665945
-5553.46537370133
-5552.86245854194
-5554.25060543349
-5552.7995574447
-5553.28345720112
-5553.08352601592
-5552.91891856371
-5552.72373658553
-5552.79351290876
-5552.75663328586
-5552.74516698917
-5552.97677736978
-5552.81093949616
-5554.02307692633
-5552.85234097658
-5552.76491582529
-5552.95311143816
-5553.51097933433
-5554.30266484119
-5552.88515717901
-5553.0410175328
-5552.86940079847
-5554.28031080839
-5552.71400542324
-5552.9061415405
-5552.95428251935
-5553.29362841798
-5552.87138244363
-5553.54114442319
-5552.85671450942
-5552.69258893703
-5554.27087361407
-5552.67837567709
-5552.97197061868
-5553.88520572
-5553.44811273811
-5553.3358413914
-5552.61261278235
-5552.68734909277
-5552.70777995655
-5552.90472759642
-5554.31058516861
-5553.14302583782
-5552.96130860297
-5554.33977386504
-5553.36683225148
-5553.05652647561
-5554.05336828978
-5553.05474752822
-5554.57212171823
-5553.00210419595
-5552.57014009042
-5552.59172469988
-5553.43680294675
-5554.20627377558
-5554.28625021636
-5554.37806684847
-5553.57130821684
-5552.96528600615
-5552.72555797225
-5552.81682930111
-5552.67069411514
-5554.2952707661
-5553.2601199498
-5552.64102651497
-5553.16421053075
-5552.48275340784
-5554.3868577585
-5554.26672005531
-5552.67814704391
-5554.14443177241
-5552.89970491863
-5553.12849388587
-5552.76605775604
-5552.82536672483
-5553.32240209241
-5552.82246209513
-5554.35170487975
-5554.04003599749
-5552.71315845881
-5552.75889488405
-5553.0000401843
-5553.23311310946
-5553.05703853788
-5552.7078001939
-5552.89085785355
-5552.61035199478
-5552.7408878113
-5552.79175901145
-5552.67303678019
-5553.23436710568
-5553.21148752035
-5553.26877101806
-5552.6649478567
-5552.96906749818
-5552.92757971321
-5552.97385115012
-5553.10907137491
-5552.97690657024
-5552.79251574781
-5553.3914319557
-5554.1251480918
-5553.9403192534
-5554.07988194727
-5553.51439471516
-5554.23436282541
-5554.11204018133
-5553.02113707867
-5552.99427716008
-5552.84436175953
-5553.9463284406
-5553.19735647086
-5553.24122401868
-5552.61740315703
-5552.73299595863
-5552.96608064747
-5552.6033665034
-5552.73185561419
-5552.86945837691
-5552.85571686616
-5552.91116363273
-5553.54618831723
-5552.69923538988
-5553.13007386867
-5553.29718186606
-5552.65198616919
-5553.07132087332
-5552.91386477785
-5553.12596620226
-5553.26462077655
-5552.83349845964
-5553.36696335008
-5554.10003260786
-5553.54842439589
-5552.68028553826
-5552.76968733148
-5553.0818731362
-5553.34586781284
-5553.29138145307
-5554.17561256651
-5553.11902418814
-5553.45628858908
-5552.74338121766
-5553.123147461
-5554.3312731873
-5552.74643577045
-5552.67629613103
-5553.06683747611
-5552.73680527103
-5554.26719711117
-5553.40025689381
-5554.28800136213
-5553.48414715577
-5553.38615757462
-5553.36870656239
-5553.34558481157
-5552.87874931813
-5552.78335260592
-5554.16463475594
-5553.2405289981
-5554.12579232869
-5552.96928849389
-5552.677750813
-5552.94428937951
-5552.81440984183
-5554.18653459084
-5554.32800125605
-5554.36767088107
-5552.76734618721
-5554.32682194331
-5552.72794909985
-5552.78484863961
-5553.60443581159
-5553.10710643552
-5554.16535839123
-5553.37185061432
-5554.30853700455
-5552.97184984318
-5553.20259568312
-5552.82499831828
-5553.12073348557
-5554.04669380954
-5552.75324660248
-5552.78060361629
-5554.26129780818
-5552.92744914595
-5552.92382852393
-5552.97327517644
-5553.58919337226
-5552.69460222746
-5553.04453880359
-5552.95070614686
-5552.81596909473
-5552.78072958103
-5554.24725749607
-5552.75965998934
-5554.26870575041
-5552.87296228965
-5552.81275861999
-5552.79866469235
-5554.30317970736
-5552.8553105851
-5553.5039172324
-5553.09743659885
-5553.4946516791
-5553.31808263405
-5552.86476258339
-5553.12838338966
-5554.23398254078
-5554.22922878275
-5553.02674100745
-5554.23868755341
-5552.62206336148
-5552.78618518995
-5552.82702588249
-5552.97336368939
-5552.63718655246
-5552.72717304491
-5553.04272838752
-5553.41408490152
-5552.81454595135
-5552.65188813518
-5553.54089995409
-5552.61986799074
-5552.71362168733
-5553.90087981011
-5552.85010822399
-5552.95487150405
-5553.23645047109
-5552.70427601214
-5553.49264047663
-5552.6685538995
-5552.58719387883
-5552.74756111322
-5553.15888757345
-5553.59653533663
-5553.90128909273
-5553.13532146399
-5552.92950201862
-5553.12711132079
-5552.82305323185
-5552.73479454006
-5553.33183011306
-5553.41878578352
-5552.91397241898
-5552.60126106223
-5553.06655077312
-5552.99643270434
-5552.61448367867
-5552.67079288689
-5552.89331001555
-5553.14863659073
-5552.83536048422
-5554.24463716213
-5554.41660339635
-5553.35361128856
-5553.45454285989
-5553.07527874261
-5554.29036794725
-5552.70247798633
-5552.91341087648
-5554.22188071974
-5553.36563301136
-5554.30989450292
-5553.16668683296
-5552.81094630333
-5553.57773972033
-5552.91089521297
-5552.91544127174
-5552.77904906859
-5554.28733999337
-5552.67421996349
-5552.8092031425
-5552.71510489673
-5554.20395703831
-5552.76096364083
-5553.09250898285
-5553.2977040212
-5553.33242768244
-5554.10269290151
-5552.8148730595
-5552.89595127585
-5552.8713768089
-5553.46018499588
-5552.99387709644
-5552.99167149327
-5554.42498794311
-5554.4733123173
-5553.0489597481
-5552.94689933456
-5552.85932204622
-5554.62171435479
-5554.559788352
-5552.68835766771
-5552.84382820774
-5552.80367839419
-5553.04658455262
-5554.59279537053
-5554.37018434406
-5554.23584564938
-5552.59399896829
-5554.14444182224
-5553.31646977414
-5554.32497181857
-5553.01944469679
-5554.45846053126
-5554.41267766338
-5552.80259392936
-5552.65997485488
-5554.14330463519
-5552.80629134388
-5553.10455012858
-5552.851231161
-5553.05113654725
-5554.45694970358
-5554.60937581079
-5553.19292148173
-5552.82971353077
-5552.887810042
-5553.48442112262
-5554.44525011582
-5552.78063344348
-5554.0271414419
-5553.00103484857
-5553.50152536574
-5553.13663214937
-5553.60419250564
-5554.44689586173
-5553.99245232783
-5552.66540574617
-5552.92868216358
-5552.81004327641
-5553.92339756588
-5554.08913471994
-5552.8235490761
-5554.35386348674
-5552.8436335904
-5554.27589748704
-5553.4140083759
-5552.70985209559
-5554.11911276506
-5552.7336521125
-5553.13696954446
-5554.02687478315
-5552.99416641962
-5553.327191284
-5552.70685376774
-5553.16529458394
-5552.8579127711
-5553.43119504635
-5553.41076505984
-5552.78046596735
-5552.70144737033
-5554.25289111135
-5552.58696727538
-5553.05821220814
-5553.37096220051
-5552.68269061052
-5553.06296623043
-5552.96360688384
-5552.89859865046
-5552.82913808612
-5553.05758025198
-5553.46491235238
-5552.81143510275
-5553.99806697803
-5553.22322412611
-5553.30960620954
-5553.16261313502
-5552.66189290239
-5553.06770686321
-5552.76173817255
-5553.39726158014
-5552.66270354333
-5552.6147611678
-5553.31150033006
-5552.77250091603
-5553.44323545756
-5553.16158983316
-5553.30665616301
-5553.02942750655
-5552.59499644464
-5553.01731827325
-5552.93115075108
-5552.77450930735
-5554.25170837789
-5553.57371020248
-5552.63120019328
-5552.77135917481
-5552.90181236925
-5553.12725559427
-5553.57409691798
-5554.02684363167
-5553.37961783024
-5552.81991600419
-5553.42319006165
-5552.6170679953
-5552.8042823844
-5554.35000409915
-5553.5032609977
-5552.98883735819
-5553.50741512386
-5554.45293710694
-5554.36299393907
-5552.74640132764
-5552.7366449383
-5552.92113441631
-5553.1053367891
-5554.15682263781
-5552.97108786787
-5552.73779697442
-5552.90071141151
-5552.52874528249
-5554.39338715662
-5553.16451107809
-5552.82796810142
-5553.32122619885
-5552.65107317663
-5552.88432159323
-5552.70163768285
-5553.37605141066
-5554.36244195507
-5552.91272755805
-5554.46174076801
-5552.95872371618
-5552.84257324612
-5553.04125338332
-5552.80968141148
-5554.35082422953
-5552.60852135353
-5552.95767444662
-5552.95368950752
-5553.41671228059
-5553.2211264616
-5553.33823201999
-5552.84063433874
-5553.07011118092
-5553.22556766262
-5554.03189278473
-5552.71076710566
-5554.17077684979
-5552.95638911416
-5554.00138539604
-5552.79390439007
-5553.2531544964
-5553.3967925754
-5553.52290843722
-5552.9554504838
-5553.51136073699
-5552.86403051871
-5552.786359241
-5552.77703403674
-5552.77664697284
-5553.4828807411
-5553.36541026973
-5553.97986625101
-5552.8613104942
-5553.41299819082
-5552.58022347332
-5553.95054710861
-5553.93969938291
-5552.8953208147
-5553.40989324155
-5554.04009441359
-5553.45412431607
-5552.89435696028
-5552.88685044974
-5553.21364253387
-5552.61538770482
-5552.78386739212
-5552.99552758921
-5552.6816609943
-5553.12652401987
-5554.21932392829
-5553.26397856848
-5552.76353028566
-5552.89354788907
-5552.83143548111
-5553.30448566549
-5553.0678462938
-5552.62799230567
-5553.09057934488
-5552.69124013539
-5553.43003730636
-5553.28131365293
-5554.32398944355
-5553.00406946547
-5552.91831935712
-5552.78506605714
-5554.18256691927
-5553.34037862537
-5552.84704001703
-5554.07488330715
-5552.96549602958
-5552.79864578041
-5552.9939533913
-5554.17278545305
-5553.61097363169
-5552.70144938324
-5554.18082992819
-5553.15998006371
-5552.70710647323
-5554.29551366791
-5553.10244084593
-5552.8715104848
-5552.82199814529
-5554.17850583797
-5553.02145645823
-5554.0241595369
-5553.33061387655
-5553.29671733759
-5552.90989157299
-5554.2199609714
-5553.33813873436
-5553.08925842366
-5552.83219548424
-5552.95461544723
-5552.66402444796
-5553.15569063566
-5552.7852077726
-5553.15603542293
-5554.29893959052
-5553.1413731753
-5552.90952257611
-5553.20631874453
-5554.26329929197
-5554.07209052624
-5553.17130527153
-5553.32214425918
-5553.19416085653
-5553.11613217956
-5552.7721353387
-5553.49889492833
-5552.61099891436
-5552.71395188947
-5552.93476592441
-5552.93887932744
-5553.56285216339
-5554.30150160657
-5554.26042417366
-5552.82459882604
-5554.20768450462
-5552.57795950933
-5553.31587034415
-5553.44312293545
-5552.70433027654
-5552.69165722564
-5553.3869129016
-5554.10970928167
-5553.23194798701
-5554.1059839307
-5552.62472864111
-5552.83739775027
-5554.26008139186
-5554.26877598592
-5554.13685313409
-5553.16670943319
-5552.9634394372
-5552.84127660681
-5553.3986427173
-5553.20846819884
-5553.40222759526
-5552.76569958605
-5553.47591087606
-5552.82609243454
-5553.1066848403
-5554.1627671044
-5554.18821247897
-5554.24886132984
-5553.37492820367
-5552.8737030382
-5553.01098310699
-5554.35317482842
-5554.38141649793
-5552.86520207072
-5553.55648165291
-5552.89079576006
-5554.36271585382
-5554.24740958065
-5552.93196480458
-5552.85810128849
-5552.6845590371
-5554.1154220945
-5554.10243543223
-5553.00930313223
-5552.65923224235
-5554.16714717777
