# vacant energies
-5554.49211484727
-5555.95688626324
-5555.94582646347
-5556.17395960716
-5554.50804734366
-5555.79293645348
-5555.786947832
-5554.56075292962
-5554.94540954973
-5554.46380329837
-5554.36262651769
-5554.44824692057
-5554.57030789324
-5554.60729307534
-5556.155212677
-5555.90117431041
-5554.89283044703
-5555.16643913154
-5554.49114348606
-5555.7125307213
-5554.47137165252
-5555.09291928229
-5554.48549864619
-5554.36946361722
-5554.512231352
-5554.40076027436
-5554.43562882994
-5554.46237455249
-5555.03414487639
-5556.00483777401
-5555.68415849583
-5555.07210295366
-5554.41986209139
-5554.75928310113
-5554.68551597324
-5555.81267134048
-5555.10547619245
-5554.59234991171
-5555.67936996458
-5555.12047247853
-5554.55730345608
-5555.98203937966
-5555.12974113105
-5555.70398928384
-5554.37281099174
-5555.93711053442
-5554.45646832626
-5554.38411974725
-5555.26143334086
-5554.7820752952
-5554.37840859001
-5554.65934618301
-5556.2738936468
-5555.97981386173
-5554.29026749235
-5555.14928551433
-5555.09124031305
-5554.98683471311
-5554.79348557181
-5554.5653974196
-5555.24302950529
-5554.58403902276
-5555.90237715357
-5555.99170542622
-5554.41551063086
-5554.93627077806
-5554.33281252145
-5554.74009737722
-5555.13274041812
-5554.43030571767
-5554.93326823061
-5554.4342062611
-5554.95594089978
-5555.27033677811
-5554.91903667113
-5555.08296655402
-5554.98285779834
-5554.77461415916
-5556.02004340802
-5556.257183303
-5555.96298269602
-5554.58115881159
-5556.03478993062
-5555.93603425865
-5554.81680927224
-5555.14977573733
-5554.54782928999
-5556.20964733662
-5554.5201727118
-5554.52713825991
-5554.34636077799
-5556.01151903141
-5555.85016850251
-5554.47894974012
-5555.75413069541
-5554.55247850526
-5555.04192462416
-5554.98684204114
-5554.50978086769
-5554.7689873581
-5555.18087270017
-5555.00561104619
-5554.60274770874
-5554.80397172502
-5554.63535748589
-5554.45233390672
-5554.44269092634
-5554.42762432903
-5554.59457945836
-5554.36826812293
-5555.07725241744
-5554.5248955046
-5554.76465777858
-5554.83395706241
-5554.41337222356
-5554.73718618934
-5554.41291305011
-5555.04591097586
-5555.44839481803
-5555.03875767771
-5554.63600954698
-5555.90833544976
-5554.90872504349
-5554.37185324854
-5554.55002223598
-5556.00834745381
-5555.74084897284
-5555.09306814996
-5556.04334369197
-5554.47250452532
-5555.80486342576
-5554.4128253863
-5555.82933572533
-5556.17982177604
-5554.89348990903
-5554.38567460625
-5554.78499794253
-5554.89986704545
-5554.62160700795
-5554.23148331756
-5554.37565107186
-5554.80341003624
-5554.99584952648
-5554.96924743703
-5554.40948090617
-5555.09399341424
-5554.46577560993
-5554.66416735822
-5556.21450371632
-5554.49119332933
-5554.54220590242
-5555.79375166971
-5555.19208006714
-5554.73485141781
-5554.92286831229
-5554.69358334287
-5554.34594150164
-5554.4729794613
-5554.77516401754
-5554.65374970641
-5555.00816431495
-5556.18465127462
-5554.61187957537
-5554.39354429454
-5555.92913953516
-5554.39032953488
-5554.77343287281
-5555.92278799035
-5555.12284252339
-5555.12175687849
-5554.6348239785
-5554.94968571058
-5554.33583720789
-5554.51990488109
-5554.69541750504
-5554.55078901477
-5555.68905356767
-5554.25360320647
-5555.01295118303
-5554.75138391566
-5554.46910723862
-5554.45846582393
-5555.99562135036
-5554.84071076736
-5554.70655931472
-5554.65831668276
-5554.47051795462
-5554.6534856553
-5554.86727527118
-5555.91864465228
-5554.3758804658
-5555.84963143238
-5554.68933574268
-5554.37223464993
-5554.70297711338
-5554.45414208607
-5555.76415426511
-5555.02546510154
-5554.86897306075
-5554.51528464527
-5555.19039661601
-5555.74362676153
-5555.02362180352
-5554.48257420095
-5554.61368722742
-5554.4553092529
-5554.54479147984
-5554.78461296652
-5554.46463468475
-5555.87948832025
-5554.73996085655
-5554.84424591086
-5555.18286590526
-5554.31645172533
-5555.20876042981
-5554.57744126864
-5554.33317966794
-5555.28625528201
-5554.7992353976
-5554.58234945176
-5554.96832429774
-5554.59241106968
-5555.645660834
-5554.49451687455
-5555.1535455082
-5554.70903862846
-5556.00983556375
-5554.64719074544
-5554.45761126206
-5555.82478964693
-5554.64054222113
-5554.74043042117
-5554.96737036826
-5555.02412375083
-5554.44589577377
-5554.80132493527
-5554.54294325096
-5554.75715693775
-5555.42397730085
-5555.7889921102
-5555.81294068891
-5554.43363864221
-5554.3976761116
-5555.68410509929
-5554.98417414214
-5554.63825431341
-5554.93804435365
-5554.7538048618
-5554.51600572581
-5555.87543070751
-5555.18402242395
-5554.94713869675
-5555.03747351813
-5554.77150986396
-5554.40470583004
-5554.81931583813
-5554.65125818154
-5554.71587932553
-5554.77201389755
-5554.49355094303
-5554.56364194877
-5554.53156496516
-5556.1472272215
-5554.44091542049
-5554.66663428927
-5554.7805273891
-5554.83402035404
-5554.48413900114
-5554.76241302454
-5554.41517784116
-5554.93487786726
-5554.37299248868
-5554.64321852528
-5555.16667913168
-5555.64127752711
-5555.26246982947
-5554.44133522671
-5555.10597402207
-5556.10905223735
-5555.81687400603
-5554.80665711642
-5555.88809108198
-5555.13100254429
-5555.94258589656
-5555.11282375051
-5554.99932208991
-5555.81339756845
-5556.08903368243
-5554.59081976614
-5555.05446702594
-5554.72958693943
-5554.58095424888
-5555.04142373751
-5555.03940474834
-5554.51414630965
-5555.01661865825
-5555.08599697795
-5554.44327163788
-5555.98315014022
-5555.99822315173
-5554.88411473576
-5555.30866385139
-5556.09067725812
-5554.58021207074
-5554.94206577134
-5555.03060993399
-5555.13749557108
-5554.6193617297
-5554.57553734858
-5554.4379990476
-5556.06214523557
-5554.65649168665
-5554.6501329489
-5554.42512012351
-5555.83357406236
-5554.78876728438
-5554.73915752743
-5554.84337832894
-5554.592486739
-5554.79166106448
-5554.59907414673
-5554.37055149493
-5555.04768068372
-5554.28787721492
-5554.78210294432
-5555.04023292493
-5554.68565412406
-5554.4847835052
-5554.63789405045
-5554.49173256726
-5554.52775400588
-5554.35368160076
-5554.49207187996
-5554.55050118562
-5554.6595197506
-5555.72101846144
-5555.65083285734
-5554.97938251496
-5555.91005065909
-5556.05300551489
-5554.60339639299
-5554.75129754274
-5555.86680610781
-5554.48861521808
-5554.87640208021
-5554.43064041017
-5555.56253718477
-5554.34235039388
-5554.78757709155
-5554.97983621893
-5554.95371876305
-5554.59229564401
-5555.0850252848
-5554.88368444256
-5554.51336626479
-5555.78427057299
-5554.51273590135
-5554.47915482435
-5554.88322697265
-5554.8160501997
-5554.32125979722
-5556.01494331827
-5554.25952968271
-5554.62096514705
-5555.76695593148
-5555.83538187004
-5554.4815196989
-5554.63500080637
-5554.33489283643
-5554.59142045996
-5554.90993044858
-5555.13798744012
-5555.94236917842
-5555.14802918838
-5554.67532401389
-5554.34939834242
-5555.86175329155
-5554.49404228412
-5556.17097374079
-5556.05385400147
-5555.30065093985
-5554.70289883271
-5554.73676968836
-5554.42044889932
-5555.09880442056
-5554.37037435845
-5554.61420393397
-5554.63924680572
-5554.34415564468
-5554.43870884626
-5554.38520631405
-5554.66191412305
-5554.71327333295
-5554.45880621591
-5555.08357073284
-5554.90536976448
-5554.45422056093
-5554.66325544129
-5554.37060809754
-5554.56362425433
-5556.06874002731
-5554.96517337357
-5555.85849257097
-5555.93226150472
-5555.32752965686
-5555.15837483158
-5555.9854787723
-5555.14499474047
-5554.75449961703
-5554.48755237016
-5555.74221277597
-5554.65039106941
-5554.77746764481
-5554.66509076905
-5554.2974707978
-5554.22981249102
-5554.54557635184
-5554.437884035
-5554.62019606391
-5554.63213587488
-5554.55028338751
-5554.28627094221
-5554.85555248092
-5554.40152501646
-5554.41253534564
-5555.06687503133
-5555.01625671753
-5554.44599555553
-5554.88698522453
-5554.84967385434
-5555.05396876179
-5554.63813955926
-5555.77723231876
-5554.45534288384
-5554.95193151023
-5554.56240490018
-5555.1223933111
-5554.37025049673
-5554.9819363264
-5554.45403762309
-5554.46724461514
-5555.9003768685
-5554.86206755507
-5555.19060886059
-5554.74368090898
-5554.74604479156
-5554.44242403078
-5554.58740397555
-5554.56657056363
-5555.77263434636
-5555.21258618969
-5554.4686463333
-5554.37000468112
-5555.07168556731
-5554.7327159211
-5554.492426232
-5555.59209246304
-5554.39152630589
-5554.91773836424
-5556.05353424884
-5555.09352904188
-5555.88085392516
-5554.48092683877
-5555.15642952649
-5554.49066058401
-5555.73614931077
-5554.38217356839
-5554.69928623458
-5555.17430693171
-5554.57662454795
-5554.74974992888
-5555.18191899741
-5554.60139156267
-5555.82781684957
-5554.79223027965
-5554.41066591274
-5554.31658438538
-5554.72774376581
-5555.96767234392
-5556.23996515875
-5555.12320090187
-5554.73239432363
-5555.62643544912
-5554.53587808292
-5555.60801915329
-5555.13594235213
-5554.7372095595
-5556.02261091506
-5554.60562692035
-5554.52546298269
-5554.58850588442
-5554.55849336711
-5554.6831054852
-5554.60317873081
-5556.09754093887
-5554.67748350314
-5554.97123655804
-5555.97560737616
-5554.57860709531
-5554.58162547905
-5554.66348071287
-5554.69054358113
-5554.53462302068
-5554.59433196859
-5554.72969423355
-5554.47342016565
-5554.73248805313
-5556.0426688243
-5554.63327156513
-5555.98780245918
-5555.13032532004
-5555.21056108799
-5554.46811804797
-5555.19877165467
-5554.41078531702
-5554.37866557779
-5555.96425276486
-5554.88250253825
-5554.60232309088
-5555.26629639783
-5554.57545989742
-5555.91245340141
-5555.72205086769
-5555.06497467739
-5555.07986012901
-5555.13137013136
-5554.94213458637
-5556.09596044316
-5555.20963949042
-5555.15649447338
-5555.92793221954
-5554.97612730449
-5555.6534227478
-5554.53387620946
-5554.4629006167
-5554.59569704381
-5556.09292653969
-5554.34360201359
-5554.8760759112
-5554.48951480881
-5554.45771803798
-5554.48602888372
-5554.3736557261
-5554.42521716311
-5554.4265765965
-5554.56620352677
-5554.94353845792
-5554.42256090091
-5554.20558680465
-5554.89725157073
-5555.06817294784
-5554.77510148092
-5554.32363679966
-5554.93425786336
-5554.47102329862
-5554.41037183635
-5554.49043947513
-5554.55310366207
-5554.625953689
-5554.44546416702
-5554.64889052694
-5554.59334594827
-5554.33944421275
-5554.22299122757
-5555.64711078631
-5555.14165651698
-5554.34855883439
-5554.94318764501
-5554.82596262524
-5554.89230688121
-5554.85753484128
-5554.91331380303
-5554.56484081955
-5554.22128310167
-5554.82335147482
-5554.52792802226
-5555.09866932151
-5554.51058579396
-5554.37489170664
-5554.66987183171
-5554.40682040449
-5554.35366518144
-5554.58776257475
-5554.85126952772
-5554.65735643887
-5555.63996638584
-5554.84168610729
-5554.47451991397
-5554.73435814417
-5554.57768884013
-5554.36559989278
-5555.77164216786
-5554.5872972347
-5554.27011007665
-5554.63015443354
-5554.67466333857
-5554.47512756573
-5554.48024272542
-5555.00564502916
-5554.49686516431
-5554.71128544566
-5554.99023485754
-5554.86069932218
-5555.86538788386
-5554.59202360346
-5555.04257697876
-5555.86042299198
-5554.38030016131
-5554.5804347747
-5554.62991747542
-5555.16869762648
-5554.44385250953
-5555.11577871598
-5555.97108967068
-5554.48539093678
-5555.97951624601
-5555.04984289943
-5556.01648388867
-5555.92887754685
-5555.18712888338
-5556.02035860429
-5554.96385778212
-5554.6363271171
-5555.16274769467
-5554.96661963828
-5554.52077592838
-5554.88413937401
-5555.14834888578
-5554.39842563463
-5554.92767445672
-5556.02704191337
-5555.93434304607
-5555.95212523697
-5554.54261487187
-5554.41741467616
-5555.20729154088
-5554.60050578421
-5555.25787729983
-5554.56629960767
-5555.99001789519
-5554.86187696939
-5554.64263147567
-5555.90628446179
-5554.80528077666
-5554.41355344457
-5554.45927148093
-5554.74283506507
-5554.41299843836
-5555.78201229178
-5555.88038545462
-5554.6400506946
-5555.09761004357
-5555.72477458033
-5554.83772567357
-5554.50272022877
-5554.91816740044
-5554.79441323349
-5554.86520324641
-5554.35311138626
-5554.65015267679
-5554.58016149592
-5554.46456875052
-5554.50961026526
-5554.34412372528
-5554.92956178778
-5555.09047873645
-5554.55699359121
-5555.90806962095
-5555.09192102332
-5555.85869073555
-5554.62197101804
-5555.11639169112
-5554.9178298033
-5554.34036815327
-5554.66782030509
-5554.29780699471
-5554.84768884693
-5555.07600109664
-5554.49637027223
-5555.82543891053
-5554.58207029722
-5554.67888129378
-5556.07460591508
-5554.62568008083
-5554.50111566154
-5554.91241745942
-5554.37862318607
-5554.56355137332
-5554.43774224646
-5554.40223828467
-5555.15517380539
-5555.73555253054
-5554.54432516079
-5554.60022168111
-5554.68028075609
-5555.56449241752
-5555.18451147882
-5554.48270445703
-5554.68140213696
-5555.0156539586
-5555.7405852361
-5555.18330421034
-5554.51678392387
-5554.68235628736
-5555.05056538508
-5554.69411853228
-5555.00885936469
-5555.09607051535
-5554.70726313706
-5554.50615109853
-5554.69696988456
-5555.91364100937
-5556.15184874597
-5554.47701746073
-5554.76010228479
-5554.70402586905
-5554.34784607312
-5554.34882262193
-5554.39500324035
-5554.34764150751
-5554.53376724578
-5554.7296891458
-5554.38803980287
-5554.40129122422
-5554.45852910031
-5554.9499950585
-5555.65610455915
-5555.2119798597
-5554.47507216066
-5554.79649745946
-5555.90839421876
-5554.51628575598
-5554.67085273341
-5554.73129483569
-5554.25683914225
-5554.75536269073
-5554.47963927123
-5554.9727342903
-5555.98239486302
-5555.12443001334
-5554.506487476
-5555.92542198228
-5555.2239355438
-5555.91888327383
-5555.02878082839
-5554.77043062575
-5554.53973191742
-5554.66241366005
-5554.72047663469
-5554.60032853138
-5556.08008610923
-5554.66984270955
-5554.73831845386
-5554.51736893785
-5554.36962846579
-5554.66612548002
-5554.92385066949
-5554.3309325008
-5555.73229301559
-5555.97219894303
-5554.56815661467
-5554.32615559187
-5554.72940483284
-5555.20584994721
-5554.44115492962
-5556.04433995623
-5554.58924674888
-5554.6389250899
-5555.90351522102
-5554.42242003064
-5555.07582428808
-5555.71129191844
-5554.58550337721
-5554.77128856561
-5554.65929858007
-5554.59943282157
-5555.88729249602
-5554.36443205122
-5554.36113975374
-5554.45323471383
-5555.89736943447
-5554.5467811568
-5554.43914864285
-5555.14066515788
-5554.57327083454
-5555.10554509094
-5554.6168230687
-5555.93461513983
-5554.61431746983
-5555.10822813449
-5554.71472385325
-5554.557855415
-5554.4682492572
-5554.50912179048
-5554.45197324469
-5554.4754554034
-5554.67196251896
-5554.51567569208
-5555.68222307896
-5554.64595048389
-5554.50577733582
-5554.59434752883
-5554.48486585053
-5554.77517359675
-5554.64907843297
-5554.7201897289
-5554.50053272245
-5555.79099012045
-5554.35078617656
-5554.64960445306
-5554.60461479703
-5555.00366883777
-5554.5770519125
-5555.13553815168
-5554.48535316395
-5554.39044133785
-5555.76448023477
-5554.51011853122
-5554.65225424524
-5555.59385662248
-5554.99701296763
-5554.98268660842
-5554.31529203369
-5554.40665949772
-5554.41411363573
-5554.62432070415
-5555.9528268525
-5554.83892574001
-5554.56557917441
-5554.43761931616
-5554.98147166155
-5554.7226839002
-5555.7825456259
-5554.57013773502
-5554.58891149548
-5554.65306968554
-5554.4555391044
-5554.33108601516
-5555.1517841884
-5555.92371491012
-5555.95566778322
-5555.80905429388
-5555.21699611155
-5554.7058703809
-5555.1416484701
-5554.51748727687
-5554.59502728483
-5555.84773132889
-5555.69943466194
-5554.49381776003
-5555.0981554191
-5554.42988872433
-5556.131767658
-5555.98173515284
-5554.3895031753
-5555.85218532965
-5554.72889064099
-5554.53134645107
-5554.56052467991
-5554.51613207203
-5555.05314845092
-5555.85228195131
-5555.99136674614
-5555.79471405681
-5554.42393014823
-5554.4907190215
-5554.54931001397
-5554.40867464509
-5554.8015306041
-5554.41397921139
-5555.13360765022
-5554.46021310757
-5554.49025010619
-5554.50846637588
-5554.56128387432
-5554.94846842375
-5555.08636935026
-5554.94757159416
-5554.58074824421
-5554.66517520593
-5554.58324631769
-5554.66000960184
-5554.85187510138
-5554.76951910421
-5554.52440680416
-5555.10431310256
-5555.81666104116
-5555.62580689624
-5555.69348868121
-5555.19865166157
-5554.65265914888
-5555.803633804
-5554.61313611328
-5554.52840634311
-5554.41042960643
-5554.23882485464
-5554.9944321738
-5554.93570348862
-5554.33065802793
-5554.43923610592
-5554.5210747328
-5554.33245796178
-5554.19338619228
-5554.62645425062
-5554.548585466
-5554.60450265236
-5555.24173624849
-5554.43054686712
-5554.8188746158
-5555.00311138445
-5554.27397924588
-5554.83319090678
-5554.6361786424
-5554.69347618863
-5554.85938893618
-5554.48260737188
-5555.08424190209
-5555.80159289565
-5555.25392890176
-5554.39871383172
-5554.44316791748
-5554.77668941988
-5555.02052483534
-5554.93754454142
-5555.83965009079
-5554.89661243473
-5555.23137120649
-5554.39368116603
-5554.85455701106
-5556.08453840263
-5554.45521948908
-5554.38045710166
-5554.75230010136
-5554.45280301574
-5555.94355160002
-5554.93003381386
-5556.01723838406
-5555.18248423135
-5555.16271866166
-5555.03052037098
-5555.04894564574
-5554.57959126348
-5554.49638246235
-5555.89171266557
-5554.93368086653
-5554.37936947381
-5554.74311120971
-5554.42707321173
-5554.64479658249
-5554.51588136862
-5555.91765932686
-5556.03346031638
-5556.14939029667
-5554.45729898562
-5556.01533336008
-5554.46358291461
-5554.51008414881
-5555.31650820379
-5554.79490569294
-5555.86284908864
-5555.10020495019
-5555.91695252443
-5554.58984492681
-5554.90915144568
-5554.47352405886
-5554.76605863735
-5555.74005696236
-5554.42567426155
-5554.52360430178
-5555.95088082672
-5554.63325202673
-5554.60518041455
-5554.70685185306
-5555.24791174999
-5554.37832561539
-5554.70452778248
-5554.63060365139
-5554.42516392658
-5554.46511740226
-5555.86234216084
-5554.38903480884
-5555.93625969143
-5554.57954738032
-5554.51554268173
-5554.43767268858
-5554.75237754301
-5554.52611063851
-5555.24641845575
-5554.82747824054
-5555.22361857823
-5555.00235438879
-5554.55189365698
-5554.83520794021
-5555.94459582596
-5555.94237533238
-5554.73070035685
-5555.91819353614
-5554.26238443898
-5554.48503042584
-5554.54223651433
-5554.63497954148
-5554.33008730779
-5554.47554093058
-5554.73752290859
-5555.12138668823
-5554.51526799299
-5554.35308744125
-5555.23867478697
-5554.27661701745
-5554.48291082554
-5555.5894611514
-5554.5343154598
-5554.67606234913
-5554.93744830679
-5554.41736296216
-5555.20370911586
-5554.34479097723
-5554.28656733176
-5554.43094042195
-5554.85858103378
-5555.26225094933
-5555.60004973146
-5554.8159526202
-5554.63923842827
-5554.83311991651
-5554.52275678268
-5554.49137786794
-5555.03762777691
-5555.11656409836
-5554.64047009267
-5554.30928135283
-5554.78213794383
-5554.51638961733
-5554.38061511123
-5554.41210321472
-5554.65361098537
-5554.87046545322
-5554.53700396298
-5555.96270405345
-5556.11820186463
-5555.06489336024
-5555.1601044679
-5554.76550493588
-5556.01310716574
-5554.46403718778
-5554.64041269877
-5555.97681243644
-5555.17897310059
-5556.09910709073
-5554.87676345408
-5554.49745849771
-5555.2758577518
-5554.57524815572
-5554.62281379588
-5554.48814337784
-5556.0019246483
-5554.38432802606
-5554.51883372711
-5554.41697186037
-5555.86370491366
-5554.49927567675
-5554.77508612656
-5555.03075856678
-5555.02058808997
-5555.79609385232
-5554.51293819981
-5554.59811845475
-5554.57844764809
-5555.1579049877
-5554.6884953687
-5554.68305544789
-5556.14848649798
-5556.17629175646
-5554.75602978344
-5554.66655164615
-5554.56257938672
-5556.28915532611
-5556.27416890678
-5554.38683649999
-5554.54243145319
-5554.50531204167
-5554.75750983787
-5556.29950269333
-5556.08018639059
-5555.92851441421
-5554.29376890905
-5555.84431487099
-5555.00361575364
-5556.03670332993
-5554.71268989628
-5556.12990098687
-5556.11689656078
-5554.51288345244
-5554.38113464669
-5555.84115126941
-5554.50335628028
-5554.79453221712
-5554.55488676208
-5554.74396289554
-5556.16680420231
-5556.31386313228
-5554.90182495454
-5554.54172770193
-5554.62739494414
-5555.27192842755
-5556.13443997182
-5554.49980871545
-5555.71726502219
-5554.71591771735
-5555.19495090492
-5554.8394826084
-5555.29999598001
-5556.01013519449
-5555.71465642842
-5554.38990551818
-5554.63037627825
-5554.50171499368
-5555.67900915849
-5555.86622210013
-5554.54693049567
-5556.05346219473
-5554.5388515804
-5556.00900605846
-5555.18429078661
-5554.42897075175
-5555.7972394261
-5554.4186242108
-5554.87139252354
-5555.72529899793
-5554.63001376018
-5554.44871445099
-5554.45497535265
-5554.9278298082
-5554.55659773134
-5555.1460026143
-5555.09804302775
-5554.50460813161
-5554.40034285984
-5555.98435353727
-5554.27685936957
-5554.77831137178
-5555.1706241023
-5554.40897023335
-5554.76301870138
-5554.60988555711
-5554.59083483696
-5554.41391574259
-5554.6893933262
-5555.16832166609
-5554.55349848876
-5555.76258948016
-5554.94486046611
-5555.01568622192
-5554.86985011674
-5554.38091677688
-5554.77819451774
-5554.46008084836
-5555.11699706289
-5554.36172625398
-5554.30496510653
-5555.01338958847
-5554.48482755127
-5555.17376368183
-5554.87339375919
-5554.98684006628
-5554.70742760613
-5554.28372538516
-5554.70928362556
-5554.55593550903
-5554.50301571055
-5555.96018520766
-5555.28569372494
-5554.35307899415
-5554.47922085791
-5554.59970294284
-5554.82483951398
-5555.28182937341
-5555.73198378732
-5555.07317066417
-5554.53571531066
-5555.12918473602
-5554.31781727541
-5554.4876335216
-5556.07431987115
-5555.20246342126
-5554.68419781048
-5555.27591622449
-5556.15139583939
-5556.0942616179
-5554.466783707
-5554.43351394013
-5554.64861110233
-5554.81226136023
-5555.88386339117
-5554.66321379319
-5554.41432011075
-5554.50561195732
-5554.24192261289
-5556.09860634265
-5554.86832697518
-5554.52003280142
-5555.01361122245
-5554.36114612267
-5554.5886100402
-5554.40483659129
-5555.08776775417
-5556.07226640438
-5554.61931013298
-5556.16355210937
-5554.66453597362
-5554.54671229106
-5554.75026488983
-5554.57771362746
-5556.06672829887
-5554.29913618875
-5554.77835936046
-5554.70085645521
-5555.13074216139
-5554.93445681563
-5555.0326550671
-5554.52822763816
-5554.77881664844
-5554.92583463818
-5555.71643242578
-5554.39118048313
-5555.89577296835
-5554.66936411157
-5555.73787077245
-5554.49333902714
-5554.95705185776
-5555.11760313683
-5555.23576608968
-5554.66925801801
-5554.42785057628
-5554.57532011466
-5554.50141348505
-5554.49299981773
-5554.43839467297
-5555.20468924145
-5555.08047376071
-5555.68428179901
-5554.57540619705
-5555.11275291686
-5554.30233674158
-5555.6542813496
-5555.65207841225
-5554.6783388385
-5555.11946886269
-5555.75163734544
-5555.15742430602
-5554.60063665192
-5554.61473443106
-5554.91142191194
-5554.28727038602
-5554.51723925584
-5554.75124501858
-5554.39183660187
-5554.87662829222
-5555.87826368228
-5554.97592877728
-5554.46152805276
-5554.59249872003
-5554.53420819278
-5555.01983552726
-5554.77330275269
-5554.3339512753
-5554.78463540644
-5554.38908132893
-5555.10233396253
-5554.97894893661
-5556.07001602052
-5554.6993834184
-5554.62144620854
-5554.51202022797
-5555.90941998429
-5555.00567796373
-5554.51293270358
-5556.08984465533
-5554.53385033198
-5555.00812194294
-5554.78165131458
-5556.04411767287
-5555.30612455359
-5555.95929263016
-5555.86698439852
-5554.87004337416
-5554.40656037063
-5556.0871124521
-5554.81416459318
-5554.67747501333
-5554.51730078203
-5555.87401159224
-5554.68795576195
-5555.7314622499
-5555.11577016616
-5554.9790003147
-5554.70355743756
-5555.96423209835
-5554.78708301201
-5554.83934941816
-5554.5737141804
-5554.63870278881
-5554.40759864234
-5554.44577474689
-5554.56994429337
-5554.85466543086
-5554.55389488638
-5554.90931376406
-5556.14899413606
-5554.91359934256
-5555.89450251131
-5555.78547200368
-5554.87738604926
-5554.96702270224
-5554.93627985219
-5554.71926592399
-5554.50299166519
-5555.18386917977
-5554.38969453904
-5554.3778572741
-5554.64320939156
-5554.49779970247
-5555.16817688713
-5556.08257287291
-5555.90496277111
-5554.50759079764
-5555.92860143586
-5554.39867003901
-5555.06221103897
-5554.45200761945
-5554.38061984793
-5554.37428992797
-5555.09788207694
-5554.57157345103
-5554.93917032382
-5555.77081233287
-5554.28118866328
-5554.47514853826
-5554.64056104185
-5555.88640814894
-5555.8554076215
-5554.86705084303
-5554.67192284699
-5554.47168895475
-5555.13108562952
-5554.79825310424
-5555.19127543583
-5554.47840613135
-5555.15991740456
-5554.40403685709
-5554.69815660315
-5555.85337616887
-5555.87966920497
-5555.96275670449
-5555.09801184443
-5554.56961573062
-5554.71370727654
-5556.06056702556
-5556.09188417144
-5554.55601896691
-5555.27318484296
-5554.61422264188
-5556.0721334694
-5555.94443200416
-5554.5926490618
-5554.49971227897
-5554.39294426388
-5555.81373361136
-5555.83959143441
-5554.74523081837
-5554.35137503608
-5555.85591237157
