# type 1 occupying volumes
15942.8072339009
15941.8452797928
15941.4720763665
15941.6270120079
15942.4368448157
15941.9800808982
15941.7945268125
15942.5737637329
15942.8072339009
15942.7441975898
15942.8072339009
15942.7300891566
15941.7560527061
15942.1724717775
15941.4392601853
15941.1353945554
15941.5842079915
15940.9470638863
15942.531917689
15942.6467470842
15942.8072339009
15941.7707608733
15942.8072339009
15941.6413960339
15942.8405432532
15942.8072339009
15942.8072339009
15942.5602590927
15941.2066270933
15941.1698489588
15942.8072339009
15941.0282858234
15942.8072339009
15941.6981303956
15942.4549372397
15941.3219244691
15942.4701505445
15941.6236238858
15941.1922143118
15941.5148453594
15941.8385301401
15941.2181281962
15941.0713065341
15941.6390448196
15942.4471462417
15941.747872733
15942.8072339009
15942.6109925677
15941.6337561198
15942.9027554971
15942.6878081191
15941.6446167275
15940.8571412419
15941.3110042987
15942.8072339009
15941.3510439447
15941.5199666729
15941.7006863778
15941.5536727172
15942.8072339009
15941.4615134385
15941.5520952034
15941.6459925526
15941.3584891831
15942.6813397796
15941.4773176998
15942.8072339009
15941.7755414251
15941.2397137696
15942.8072339009
15941.7887913951
15942.8614736107
15942.5584432051
15941.3779997978
15942.7282080423
15942.8072339009
15942.8072339009
15941.9466380607
15941.1127990892
15940.7928924108
15941.1423389233
15942.4017425289
15941.483058083
15941.024027902
15941.5010842391
15942.1144473099
15942.8072339009
15941.6142874933
15942.6404171045
15942.8072339009
15942.6911359241
15941.1542947541
15941.1049812599
15942.8072339009
15941.6873188265
15942.708075326
15941.3607738511
15941.8092594468
15942.8072339009
15942.8072339009
15941.6912336908
15941.7192998015
15942.8072339009
15941.7121581266
15942.8072339009
15942.4314300475
15942.4474046412
15942.4583581268
15941.3201827044
15942.7712549367
15941.7669755975
15942.6258066438
15941.6643388601
15941.7095582556
15942.8072339009
15941.9623754294
15942.5461108061
15941.6266426437
15941.0422956297
15941.5047010111
15942.5102326018
15941.9910248942
15941.3705975562
15942.4123296378
15941.599964758
15940.8912637609
15941.5972747162
15941.3243214569
15940.9473823216
15942.479563866
15940.9333820019
15942.5053148714
15942.8072339009
15941.1758971985
15941.8589435778
15942.8072339009
15941.7252677309
15942.8072339009
15941.7171988879
15942.8072339009
15942.4599357329
15942.534580038
15942.8072339009
15941.6795106633
15941.5506208941
15941.458716913
15942.3742529028
15942.8072339009
15941.2747218468
15942.4517236322
15942.3873353369
15941.230858013
15941.5549610551
15941.518742968
15941.9390271765
15942.8072339009
15943.0514266882
15942.7153038799
15941.8429437892
15941.6828510698
15941.8063485014
15941.416599294
15942.8072339009
15942.8072339009
15941.4766371655
15942.8072339009
15941.6252987416
15941.1089609092
15941.870865417
15941.9516537683
15941.6409259772
15941.6588032075
15942.8072339009
15941.9684278779
15941.9071286199
15942.8072339009
15942.8072339009
15942.8072339009
15941.9221670278
15941.8810560577
15942.4510135642
15942.8072339009
15941.515867757
15941.5309119048
15942.8072339009
15942.8072339009
15942.5256865709
15941.7253788407
15942.4731763401
15941.3594859249
15942.8072339009
15941.5306931176
15942.8072339009
15942.7739178898
15941.6325662562
15941.6938574629
15941.292203028
15942.5159631318
15941.4836395154
15942.8072339009
15941.540961563
15941.4449757473
15941.8380281247
15942.5908409207
15941.734658187
15942.8072339009
15942.8072339009
15941.651268681
15941.6482813892
15941.8570783131
15942.8072339009
15941.6818294338
15942.6034548287
15942.6123044486
15941.7019919553
15942.8072339009
15942.8072339009
15941.5327769252
15941.3463776577
15942.7483503164
15941.2173943281
15942.7730054989
15941.8081621454
15942.6365820832
15941.6313866899
15941.7805138167
15941.6615884985
15941.526901132
15942.8072339009
15941.8444477496
15942.8072339009
15941.5072711416
15941.3170165116
15941.2292054908
15942.4865285762
15942.0024957291
15942.6355021873
15942.8072339009
15941.5967379616
15942.6187551515
15941.3394626388
15942.4895372513
15942.6784052361
15941.7421386492
15941.6785901066
15942.8072339009
15941.7626153698
15941.6789369591
15941.6330679016
15941.7321918689
15941.4527799985
15941.8032361954
15941.5438533122
15942.8072339009
15942.6144302366
15942.8072339009
15942.8072339009
15942.8072339009
15941.5028797187
15942.5791053106
15942.8072339009
15942.4039561432
15941.4582825401
15941.1252956515
15942.8072339009
15941.6501573798
15941.7264149221
15942.8072339009
15942.7314369022
15942.3841466361
15941.5972323766
15942.5859399753
15941.5148716006
15942.8072339009
15940.8869121927
15941.2382676776
15941.4290753654
15942.0753295465
15941.6380715683
15941.325987863
15941.6339548319
15941.3498123524
15942.8072339009
15941.2914577333
15941.1027066348
15941.5676587058
15941.3288971507
15941.2565768514
15942.6063191327
15941.4063710221
15941.6209667125
15942.8072339009
15941.5374765451
15941.5540085739
15942.5153145413
15941.4579292665
15942.4710772716
15942.5561219846
15940.9960075192
15941.2014694196
15942.8072339009
15941.7487670716
15941.3827744256
15942.8072339009
15941.7222648205
15941.2022652665
15941.474225054
15941.5605538744
15941.4358027444
15942.5416691906
15942.8072339009
15941.6002986111
15942.6038976229
15942.8072339009
15942.8072339009
15941.8971466031
15941.5762085654
15941.6675357493
15942.8072339009
15941.5998130624
15942.8072339009
15942.8072339009
15942.0172777162
15942.4118647507
15941.5139894838
15941.4608076424
15941.5922075083
15942.5779216089
15942.6082109463
15942.8072339009
15941.8386201389
15942.5164286839
15942.5670915442
15942.8072339009
15941.3269241947
15941.4077804112
15941.2167248628
15942.0889939064
15941.5113973591
15941.5838171129
15942.8072339009
15941.8464735313
15941.3758435161
15942.8072339009
15941.4306795609
15941.7656345414
15941.1334582465
15942.8072339009
15942.8072339009
15942.2040800964
15941.5738337273
15941.6835009556
15941.2876680139
15941.5243205076
15942.8072339009
15941.3031151242
15942.8072339009
15942.5582232636
15941.3707723262
15941.4288924949
15942.7032540027
15941.4562414121
15941.5167210956
15942.8072339009
15941.8067753824
15941.7248881945
15942.8072339009
15941.6001531364
15941.1619092191
15941.441034709
15941.3600805511
15940.7873490684
15940.6932972349
15941.7295160915
15941.4360504001
15942.7864849074
15941.7171500492
15942.6589492601
15940.8732718243
15941.1904524432
15941.2594882315
15942.8072339009
15941.550360549
15942.8072339009
15941.7928481414
15942.8072339009
15941.7323122469
15942.8072339009
15942.083783572
15941.7936964062
15942.703704628
15941.719445387
15941.8002433885
15942.6356844623
15941.8043370709
15941.2228308177
15942.8072339009
15941.6921741624
15941.9379983938
15942.3536593539
15941.3520699993
15942.8072339009
15941.8025730263
15941.3951094111
15941.9734898218
15941.1622002719
15940.8969071751
15941.6631094625
15942.8072339009
15941.6529087934
15941.2060793557
15941.1941307011
15941.5773330696
15942.8072339009
15942.64338239
15942.8072339009
15941.6671012639
15941.771457891
15941.7503485231
15941.7502962718
15942.7090016358
15942.6682300345
15941.4213130864
15942.4870817418
15942.6173563764
15941.646316373
15942.0397518258
15942.6046521216
15941.6715653337
15941.441608174
15941.8157308457
15942.8072339009
15942.606819063
15942.8072339009
15942.8072339009
15942.8072339009
15941.5663157532
15942.8072339009
15942.8072339009
15942.603578005
15942.8072339009
15941.5447663331
15941.7445229142
15941.1312260142
15940.872246914
15942.8072339009
15942.8072339009
15941.785364033
15941.66010724
15941.1028952453
15941.8755925835
15942.6180517689
15942.5385975837
15941.4079267962
15941.5487562236
15942.8072339009
15941.5743704834
15942.8072339009
15941.8680545787
15940.81397276
15941.6986680802
15941.5330597892
15942.8072339009
15941.92463543
15942.6923717952
15941.6484591868
15941.6913804414
15942.8072339009
15941.718462784
15942.4718739861
15942.8072339009
15941.7126866378
15942.6198241687
15942.8072339009
15942.4578852571
15941.5822550021
15942.6295641406
15942.8072339009
15941.2536351293
15941.404920761
15941.6875196077
15942.8072339009
15940.9732058795
15942.5592808881
15941.2950372949
15942.5787856209
15941.6518234737
15942.6572573599
15941.6179584515
15942.8072339009
15942.7402534468
15942.8072339009
15942.8072339009
15942.8072339009
15941.5133090544
15942.5278566293
15941.7705321705
15941.3815692937
15942.8072339009
15941.5419441824
15941.7689274804
15942.5407854854
15942.8862725696
15942.5101985149
15942.4498684589
15942.8072339009
15941.6008232355
15941.2406710633
15942.6867772016
15941.238357307
15942.4941782071
15941.6209463475
15942.5659626038
15941.4248744695
15942.4787992988
15942.3662928235
15940.8957189833
15941.5892908004
15941.8219982259
15941.5870596075
15941.7156236554
15942.8072339009
15941.1337620519
15940.8473360559
15940.8474643884
15941.3383183129
15941.2031544311
15940.8193707965
15941.0907390689
15940.7163053478
15941.0440532049
15941.1146903115
15941.996056545
15941.5930256577
15940.9464939747
15941.4224688816
15940.7563745015
15941.1014242115
15941.5022227319
15942.6804223815
15942.8072339009
15941.7182102657
15942.6499784746
15942.8072339009
15941.6021229572
15941.7481709442
15941.993591568
15941.4035077936
15942.5735417973
15941.5394329079
15942.0118032791
15942.7623520251
15942.6169839755
15942.8072339009
15942.8072339009
15942.1421016202
15942.4268153116
15941.6125089348
15941.9791781429
15941.8286892105
15941.610797621
15941.7871192279
15942.8072339009
15941.3923137773
15941.3774123093
15941.9330771146
15942.5051171501
15941.7598402481
15941.662330513
15941.5432213509
15941.4165786592
15942.8072339009
15941.7325688149
15941.6719132476
15941.5282112669
15942.5095657361
15941.9099067475
15942.8072339009
15941.6526529539
15941.7066053362
15942.8072339009
15942.6682071828
15941.7412586881
15941.5008962058
15941.4546816788
15942.8072339009
15941.7757459661
15941.6768140895
15942.8072339009
15942.8072339009
15942.4900275743
15941.4056856675
15941.7372942441
15942.8072339009
15942.8072339009
15941.6328407751
15942.8072339009
15942.5951712247
15941.9355860325
15942.8072339009
15941.7031772528
15941.4944149894
15941.7070068291
15941.6352975857
15942.593404803
15941.205007739
15941.3013032776
15942.3866776492
15942.6429781584
15942.8072339009
15941.5998828542
15942.8072339009
15941.6096141463
15941.4120958328
15942.6735862869
15941.3506123452
15941.5418119753
15940.9953059253
15941.4460594408
15941.6301466242
15941.2067061936
15941.6199608666
15942.5722684823
15942.8072339009
15941.67569504
15942.8072339009
15941.7877513347
15941.3187453056
15942.8072339009
15941.1941048488
15941.2625707555
15941.3669867124
15942.8072339009
15941.330915296
15942.5589351938
15941.4727659703
15941.8593821969
15941.6780550114
15942.8072339009
15941.3259050708
15941.5163018685
15942.5273846902
15941.3490664154
15941.5082140622
15942.6275254355
15942.4410624301
15941.8303938794
15940.9727665123
15941.3700910955
15941.8437684225
15942.8072339009
15942.0527514829
15941.0597445101
15941.4129133663
15942.7916518339
15941.5926984415
15941.5436965424
15942.5346529584
15942.5760375542
15941.7646431717
15942.8072339009
15942.6046856599
15942.4814758134
15942.8072339009
15941.7721108845
15941.5308544687
15942.7123613013
15941.233201892
15941.6092471125
15941.2298188702
15942.3227652286
15941.3129419777
15942.0175460053
15941.6972655135
15942.8072339009
15942.8072339009
15941.7108553207
15942.8072339009
15942.8072339009
15941.7063124805
15941.5417045232
15941.6160971241
15941.7093091612
15941.6831159102
15942.8072339009
15941.9405862762
15941.530487758
15941.94438512
15942.6667737753
15942.4477220034
15942.1125553599
15942.8072339009
15942.8072339009
15941.0962574468
15942.8072339009
15941.1788602685
15941.4903472902
15942.6215933565
15942.6453772414
15941.2950364899
15941.4865182171
15941.7181584697
15942.5310744748
15942.8072339009
15941.4084834425
15942.4315717895
15941.5693311413
15941.8259361395
15941.4474364327
15942.3522956631
15942.8072339009
15941.3215278886
15940.7190579023
15941.3954456363
15941.9238209543
15942.8072339009
15942.8072339009
15942.6478399297
15942.6233865396
15942.6862197328
15941.7377530719
15941.5210179761
15941.2232129191
15942.8072339009
15942.3590054966
15941.320699504
15940.9279776218
15941.4560559956
15941.7222181659
15942.4569192588
15941.4876634025
15942.8072339009
15941.667408656
15941.6844985938
15942.5145555112
15941.3087634037
15942.8072339009
15941.532257903
15940.6300804725
15941.2733777265
15942.5107046466
15941.2003960472
15941.3538198224
15941.1317079624
15941.684122083
15942.134302732
15942.715388347
15942.8072339009
15941.5809142478
15941.8309811163
15941.775566264
15941.9120798072
15941.0451290107
15942.8072339009
15942.8072339009
15941.6958837406
15942.6087730031
15942.6496993159
15941.6964962563
15941.3502949289
15942.8072339009
15942.6343513392
15941.6015185559
15941.4747312948
15942.8072339009
15941.4808851917
15942.8072339009
15942.8072339009
15941.4576986409
15942.4013797422
15942.0937538331
15942.8072339009
15942.8072339009
15942.8072339009
15942.050774412
15942.8072339009
15941.5836169909
15942.5104245788
15942.8072339009
15941.9135212078
15941.713617455
15942.8072339009
15942.8072339009
15941.5689333227
15942.819288105
15941.9063837527
15942.8072339009
15941.5330882805
15942.8072339009
15941.7729066537
15941.7360293289
15942.8072339009
15942.6298242098
15941.7345321369
15942.8072339009
15942.8072339009
15941.7504375947
15942.6203266508
15941.478238019
15942.4139986343
15942.6308905508
15941.586771825
15941.6484141588
15940.9589823512
15941.4379588595
15941.2602085417
15942.8072339009
15940.9188400952
15942.8072339009
15941.8912652895
15941.7142854093
15941.6636969013
15941.742796219
15941.3471047829
15942.8072339009
15941.8754168357
15941.1531008132
15942.4753276188
15941.4422866616
15941.7028999435
15941.3675530133
15941.5940284632
15942.5245947426
15942.8072339009
15942.8072339009
15941.7288702842
15940.803034339
15941.4198986309
15942.8072339009
15941.0913323175
15941.5033418477
15941.5610335664
15941.467886544
15941.7101918713
15940.8947521734
15941.7105670705
15942.4539505554
15942.8072339009
15941.1354816893
15941.2860926127
15941.2056743186
15941.3943176016
15941.349673641
15941.6091565552
15942.8072339009
15941.7794823056
15942.6053029055
15940.9527293747
15942.0850002721
15942.3982908325
15941.7989600128
15942.7411798314
15941.6955451321
15941.1233947652
15942.4384930099
15941.4182777803
15942.8072339009
15941.7006772817
15942.5005681133
15941.4698409069
15941.7067419388
15942.4963565672
15940.950449837
15941.1375889747
15942.8072339009
15942.8072339009
15941.771235207
15941.8299350892
15941.6256260753
15942.8072339009
15941.725023542
15942.8072339009
15941.6401869343
15942.5131393668
15942.6109586507
15941.9717221702
15941.6266945273
15942.62314812
15942.7796833325
15941.7384948672
15942.4443486781
15942.8072339009
15941.6659344953
15941.9228799322
15942.8072339009
15941.2245929556
15941.1959240448
15940.9606623998
15941.5621595136
15941.6104478433
15940.9481462509
15940.9517968334
15942.8072339009
15942.8072339009
15942.5431412106
15941.3755813866
15941.6088075315
15941.3553635907
15942.4948013903
15942.8072339009
15941.7061468356
15942.6767567866
15942.8072339009
15942.4824539329
15942.5752335058
15942.6060611683
15941.5682549268
15942.6321346738
15941.5530170918
15941.3280174668
15942.562900192
15941.0433219191
15941.8139828713
15941.4987566836
15941.6542190307
15942.8072339009
15941.5359835151
15941.0100289664
15941.0935858383
15942.6081146278
15942.6798878874
15941.644900497
15941.5743399831
15941.0071571448
15940.8648686725
15941.5979161541
15941.6816796927
15942.7092031279
15941.6886132287
15940.8810829317
15942.8072339009
15942.8072339009
15941.6628693683
15942.8072339009
15940.9840800634
15941.1338661946
15940.9614874238
15941.1764521219
15940.9579053586
15940.9088721814
15941.7699723226
15941.7298786754
15942.446196932
15940.640129936
15941.5291167251
15941.2870568377
15941.6677029725
15942.4595283999
15941.732661914
15942.8072339009
15941.174448554
15940.9070768184
15940.7878855827
15942.6740271575
15941.2760110324
15942.8072339009
15942.4421439885
15941.328331399
15942.8072339009
15941.4911258086
15941.7862319586
15941.0275360337
15941.4362453093
15941.4661804361
15942.4374450074
15941.697157376
15941.3226458001
15942.4708543085
15942.8072339009
15941.5531418285
15941.6583426686
15942.8072339009
15942.8072339009
15941.9287157821
15942.7308643254
15942.8072339009
15942.8072339009
15942.8072339009
15942.5139154949
15941.6478187126
15942.4462444056
15941.0250585806
15942.4746822659
15942.8072339009
15942.8072339009
15941.6509397947
15942.4498840936
15941.915023018
15942.8072339009
15942.2273991379
15942.7211936431
15941.9203613126
15941.8998572706
15941.2530875171
15941.1383044603
15942.6520235627
15941.1911632354
15942.4178806079
15942.8072339009
15942.8072339009
15941.833001598
15942.8072339009
15942.8072339009
15941.7298972474
15941.5673866064
15942.8072339009
15942.8072339009
15941.3437894712
15942.5204679734
15942.4916864053
15941.4741543199
15941.4085299158
15941.3317979594
15941.3859111142
15941.7292237237
15941.9894255545
15942.6325965087
15942.4452019614
15942.8072339009
15941.6990638062
15941.6055092893
15941.1848607094
15941.7788720726
15941.5728818379
15941.4104288346
15941.6127943272
15942.8072339009
15941.7332361499
15941.7651885627
15941.5638842333
15942.4160657179
15941.7278891322
15941.8176811695
15942.8072339009
15942.8072339009
15941.7667865379
15941.1883819399
15942.8072339009
15940.9860258429
15941.4022394771
15942.8072339009
15941.7090806303
15941.6509154477
15941.0725417037
15942.4827477845
15942.4920963163
15941.1248892026
15941.3377773662
15941.0609316733
15941.4931779902
15942.3903430612
15941.563464265
15942.6098174034
15941.6807444582
15942.8072339009
15941.2159186064
15942.522602117
15942.5528198019
15942.7121942291
15940.9427657877
15942.8072339009
15942.8072339009
15941.2371201722
15941.1391439223
15941.7213595742
15942.8072339009
15942.5791488805
15941.7616906343
15941.8820405944
15941.7009288351
15942.8072339009
15941.4764348442
15941.4670193615
15942.8072339009
15942.8072339009
15942.3245462944
15941.1559437814
15940.8894640415
15942.6807404663
15942.8072339009
15942.5097905724
15942.8072339009
15940.9483693721
15941.1904064224
15941.4946590296
15941.3124442975
15941.1795958247
15941.2637500509
15941.3090189288
15942.8072339009
15940.5272631263
15940.9357155242
15942.8072339009
15942.5724037349
15941.2040254465
15942.8072339009
15941.754053845
15942.6175126405
15942.8072339009
15941.0405033503
15941.0675870688
15941.634669708
15941.2888889759
15942.3835959731
15941.1496147636
15941.004786394
15942.6704336605
15941.5585693017
15942.8072339009
15941.5311014657
15941.4760877073
15941.3880595879
15941.3966600864
15940.9151714149
15942.5373649163
15942.3417527334
15942.8072339009
15942.2290193254
15941.6760382125
15942.6131592861
15941.4730343519
15941.5469036479
15941.0889656089
15941.5361431146
15942.6916532923
15941.745321702
15942.8072339009
15941.4853753187
15941.4846504006
15941.6978966996
15941.1352153377
15942.6637857481
15941.5362572802
15942.8072339009
15942.565304044
15941.8983580702
15941.7769285205
15942.5531673452
15941.4650549884
15942.663936738
15941.6248510407
15941.5712492156
15942.5402447479
15941.6558538125
15941.8264565465
15942.8072339009
15942.8072339009
15941.7710285796
15941.5242890186
15942.8072339009
15941.0853666377
15941.4718703876
15942.8072339009
15941.5756327152
15942.6591345083
15941.5525913097
15942.8072339009
15941.466920342
15942.654296028
15942.8072339009
15941.8385622748
15941.5379836615
15941.2717343403
15942.8072339009
15941.4284083649
15942.8072339009
15941.3736978112
15941.8644260512
15942.8072339009
15941.7661201339
15941.2243627395
15941.5698192826
15942.4741616325
15942.4284657572
15942.8072339009
15941.5924230089
15941.2421236863
15941.0549273641
15941.6170360278
15941.767811391
15941.6048973129
15942.5611854968
15941.3535826711
15941.0296453466
15941.6901415887
15941.7102410587
15941.7297920555
15940.7863580561
15941.0516105039
15942.8072339009
15941.6243925742
15941.9097769324
15941.8623083843
15941.0339254211
15941.6496800051
15942.7371806467
15942.6766448263
15942.3462657137
15941.0975893328
15941.5489239248
15942.4683716185
15941.825972582
15942.5736785961
15941.793798359
15942.2642178801
15941.0193959176
15940.8489384137
15941.2210832845
15940.8467602434
15942.8072339009
15942.8072339009
15941.821402473
15942.4641714432
15941.0652071442
15942.8072339009
15941.8447776761
15941.6709004942
15941.6136068173
15941.0281641408
15941.2038191814
15942.4773611629
15941.7874141187
15941.7137530409
15942.8036345657
15942.6401440104
15940.9310689406
15942.8072339009
15941.2318210059
15942.8072339009
15941.3982225943
15941.2128711969
15941.2709949424
15942.5803995761
15941.8179366765
15942.8072339009
15942.676722118
15942.6086258486
15941.7365036739
15941.6420607212
15941.1314222043
15940.6337577447
15941.6353191762
15941.2053631981
15942.5537884904
15940.9058432988
15941.0056646753
15941.8181773136
15941.7463520879
15941.7984346905
15941.1379073315
15940.9540695664
15942.8072339009
15942.8072339009
15942.8072339009
15942.8072339009
15941.729065292
15942.8072339009
15941.613397181
15942.8072339009
15941.5939175007
15942.8072339009
15941.4026060847
15942.8072339009
15941.3917022643
15941.4838962796
15942.5927755516
15941.0414709083
15942.7002470878
15941.4735214859
15941.7155272233
15941.3816471028
15942.8072339009
15942.5499649632
15942.6230726995
15941.153051682
15941.3566127305
15941.5062533392
15941.4555720279
15942.6616366871
15942.5071043083
15942.441511818
15940.9296736498
15941.5762164625
15942.6942188618
15941.104484315
15941.5597016612
15942.5328895806
15941.3033648149
15941.7328751297
15942.4539148497
15942.8072339009
15941.4539205385
15941.6927238176
15941.1463515525
15941.613246936
15941.7779656229
15942.8072339009
15942.8072339009
15941.6892565388
15941.7782341183
15942.646589264
15941.8744552996
15942.5703662312
15941.4618198816
15941.7233911777
15941.4864421585
15941.0697019046
15941.7106881953
15942.8072339009
15941.5851286829
15941.2599880304
15940.9615032435
15942.8072339009
15942.8072339009
15941.9355045061
15941.6139730675
15942.807367351
15941.3639647308
15942.4529098872
15942.5626367159
15941.6162368028
15941.6952457072
15941.7888201328
15941.3804355764
15941.4047026302
15942.5459733779
15941.8050611158
15942.4669842567
15940.9298519079
15941.5451711616
15942.3922446279
15941.3609465864
15942.5449535081
15941.1811943204
15941.182937402
15940.9633720799
15942.5006635611
15941.7414617635
15941.0361791947
15940.8545759599
15940.886854832
15941.5063792531
15941.7920367254
15942.6371844115
15942.8072339009
15941.5412205262
15941.578251413
15942.5361562512
15941.731694499
15942.4441204081
15941.5860660064
15941.1776178701
15941.2868459584
15940.9742953939
15942.1151512698
15942.8072339009
15942.7791865281
15941.7152533024
15942.5937101369
15942.8072339009
15941.4447452192
15942.8072339009
15941.2118343516
15942.0658061088
15942.8072339009
15942.4120740087
15942.5608247911
15941.3238584559
15941.2188117782
15941.7059734106
15942.4922408206
15941.1749046006
