# type 5 occupying volumes
15944.6139963374
15942.9970738165
15942.9970738154
15943.5729798592
15944.2646260073
15943.1791682821
15942.997073817
15944.0924114948
15944.3125405831
15943.973412787
15943.598441827
15944.025743783
15943.5292871068
15943.4808658222
15942.9970738182
15942.9970738144
15943.7179831404
15943.292298246
15944.2246358965
15944.4225815991
15944.16773399
15943.4047241129
15944.1797995044
15942.9664097413
15943.9054156659
15944.3481446104
15944.489002182
15944.1102730224
15943.3490161881
15942.9970738157
15944.8811062318
15942.9970738158
15944.6279341244
15943.3040532694
15944.0664306815
15942.9970738132
15944.8420475328
15943.4393303999
15942.9970738186
15943.3467436972
15943.4965893543
15942.9970738163
15943.3474182088
15943.643031204
15944.3689913703
15943.5115330905
15944.6448262859
15944.2957688695
15943.457845387
15944.4837069572
15944.4000211394
15943.305734814
15942.9970738157
15942.9970738157
15944.645732572
15943.186909447
15943.1742040847
15944.4429820737
15943.5479616607
15944.5871238128
15943.2241963194
15943.4813702262
15943.5251910569
15943.4685531279
15944.1728295398
15943.5626646263
15944.3041550455
15943.319287383
15942.9970738179
15944.8994407381
15943.2464323373
15944.5626368263
15944.3030154311
15943.4529654786
15944.4088037438
15944.4035877844
15944.4621616416
15943.4897712046
15942.9970738162
15942.9970738121
15943.2370860674
15944.3841360126
15943.538488041
15942.9970738386
15943.4896500105
15943.4581611551
15943.3602853832
15942.9970738216
15944.0803160647
15944.265840274
15944.1474241309
15942.9970738149
15942.9970738158
15944.6533738212
15943.427860868
15944.4069901596
15943.4280353684
15943.3757034017
15944.6737831461
15944.6427162507
15943.4936115362
15943.5832894753
15944.4950219548
15943.3814773784
15944.4353811575
15944.4070918541
15944.5035722486
15944.2337771282
15942.9970738196
15944.4957159123
15943.454929675
15944.2341757241
15943.3047838417
15943.2709912436
15944.6413151823
15943.427501145
15944.6374137881
15943.3833917127
15942.9970738112
15943.3045263746
15944.504010755
15943.4077324845
15943.3615866526
15944.763987747
15943.3795596431
15942.9970737023
15942.9970738152
15943.2853798109
15942.9970738148
15944.2511171654
15942.9970738742
15944.2998331889
15944.7899795325
15942.9970737507
15943.3989200493
15944.904241108
15942.9970738179
15944.7537508902
15943.4982366581
15943.648592914
15944.3249813502
15943.4833056637
15944.8420312975
15943.4261591577
15943.3519470376
15943.3632555707
15944.62237833
15944.8175896788
15942.9970738161
15944.5610930341
15944.0449106021
15942.9970738174
15943.2501897117
15943.7697411537
15943.3329313028
15944.9157954209
15944.0929453015
15944.3948022841
15943.4935500894
15943.183557053
15943.4492454729
15942.997073818
15945.1254506109
15944.3205911375
15942.9970738141
15944.7557623568
15943.1749952848
15942.9970738774
15943.3457117709
15943.4351813057
15943.775040036
15943.6339624332
15944.3794557837
15943.0891278536
15943.088170236
15944.4558221032
15944.2138766723
15943.9666045154
15942.9970738203
15943.1357247471
15944.3061450032
15944.2439297916
15942.9970741037
15943.5410940901
15944.8863688104
15945.1864000361
15944.3384837298
15943.121428866
15943.4526329319
15942.9970738137
15943.9898882122
15942.9970738174
15944.0890256855
15944.1650759297
15943.3300226371
15943.1937758264
15942.9970738139
15944.1049416858
15943.7231760113
15944.6536461054
15943.4603543658
15942.9970738206
15943.3786699757
15944.4480161849
15943.1458553598
15944.1407014035
15943.8375036374
15943.0446058903
15943.37256112
15943.1181269529
15944.4970085058
15943.313664978
15944.2917091492
15944.5057439748
15943.2132256433
15943.8813552586
15944.6409169182
15943.4319753817
15943.2214773722
15944.5400326761
15942.997073813
15944.8200216446
15943.5808295767
15944.3800894681
15943.3697651138
15943.1786314198
15942.800381838
15943.4131560372
15944.2469337016
15942.9970738201
15944.6106279828
15943.8343830248
15943.2621270491
15943.4446493012
15944.4334792667
15943.2395770501
15943.9552631563
15944.3331305576
15943.3883899201
15944.2109579817
15942.9970738138
15944.2704522647
15944.4613839812
15942.9970738166
15943.4959077502
15944.2870195525
15943.4886248502
15942.9970738145
15943.6716346707
15943.2750745633
15943.2695732419
15943.5754537478
15943.4677250627
15944.258023979
15944.279720733
15944.3982311372
15944.3319431554
15944.6439370163
15943.5243711383
15944.5312653679
15944.1512433084
15944.1945789351
15942.9970738152
15942.9970738162
15944.6028441596
15943.5528199234
15944.2442265105
15944.2133129559
15944.3384627325
15944.4086423787
15943.4005154144
15944.3546049999
15943.4368419155
15944.6363499217
15942.9970738147
15944.8298606889
15943.2875938974
15943.5549416528
15944.1204724899
15943.2421240271
15943.4550411975
15942.9970738142
15945.175649746
15942.9970738194
15943.2195846772
15943.4632982451
15942.9970738162
15942.9970738165
15944.2382404101
15943.5191362992
15943.3051917563
15944.9382966994
15943.3851369556
15943.5935809539
15944.2518205584
15943.5531695497
15944.3546081118
15944.3844763057
15942.9970738122
15942.9970741273
15945.1004549729
15943.329389423
15942.9970738151
15944.8952128586
15943.2589436734
15942.9970738105
15943.3556674152
15943.90268528
15943.3741267125
15944.4330095217
15944.702050652
15943.5504311057
15944.4840185155
15944.8362711238
15944.5655364047
15943.3689778637
15943.5493065184
15943.4310749963
15944.7632608797
15943.4075283087
15944.7060833395
15944.4559198636
15943.4931439974
15944.2990050318
15943.2984132701
15943.409454099
15943.4406383373
15944.0904326129
15944.1341915894
15944.4900847156
15944.2767997584
15944.1586522276
15944.1255807907
15944.4063480933
15942.9970738198
15942.9970738169
15944.436067364
15944.0655613551
15942.9970738149
15943.2820954909
15944.455022943
15943.3041306786
15942.9970738153
15944.6217700876
15943.2631696629
15943.2660530167
15942.9970738215
15944.3344275848
15944.2746681217
15943.4680133835
15943.3705396472
15943.4720959686
15943.2376282401
15943.7168948112
15944.8367272704
15942.9970738164
15944.5693478166
15944.1730896343
15943.3495866362
15943.5975058571
15944.0445277503
15942.9970738157
15943.508224039
15944.6318540655
15943.4361718684
15942.9970738158
15944.5437988724
15943.3894024954
15943.1669019495
15943.5134612191
15943.3461227115
15943.3211947973
15942.9970738179
15943.3966804186
15943.422541565
15944.126992425
15943.4968841725
15944.4495702019
15942.9970738196
15942.9970738173
15943.2581435577
15944.5637861736
15943.6220322965
15944.4617173466
15943.4499962315
15944.9504307016
15943.3407426179
15944.5041874201
15943.4711836522
15943.3057757972
15944.150389727
15943.3695047348
15943.3202137027
15944.3279726669
15943.4365548412
15942.9970738417
15944.5613653177
15943.2708037362
15943.5116036868
15944.2771653867
15942.9970738143
15944.8029785244
15942.9970738162
15942.9970738169
15943.389330231
15942.9970738111
15943.5480509321
15943.2768149798
15944.8079260865
15943.4875973246
15942.997073802
15942.997073814
15943.3621447079
15944.4313024123
15944.508425611
15944.6848983473
15943.6004235148
15942.9970738134
15943.3537503639
15943.4277635577
15944.3830117789
15944.1358371035
15943.329539279
15944.2639603251
15944.2864872413
15942.9970738076
15943.3261228283
15944.3622577128
15943.3610064833
15943.3988466504
15943.416803448
15944.2463797581
15943.9751341074
15944.4702095055
15944.920135512
15942.9970738124
15943.4352296383
15944.5723131524
15944.634493046
15944.3951235693
15944.685993747
15942.9970738123
15943.2772921375
15942.9970738192
15942.9970739405
15944.7034319068
15944.2729405462
15943.3027617144
15943.2601059901
15942.9970738199
15943.3450872849
15944.6685477219
15944.2293728568
15943.2178780409
15943.6681936212
15944.740495163
15942.9970738077
15944.856641592
15943.5240288639
15942.997073754
15943.4157160987
15942.997073819
15944.5687818774
15943.4482189729
15944.6275863372
15942.9970738149
15943.3842717276
15944.9302361808
15943.2820419878
15944.2233483357
15944.8428459272
15943.3110682774
15944.0985925653
15944.3799639927
15944.5959780641
15943.3875864714
15944.2733306918
15944.7310752834
15942.9970738116
15942.9970738149
15943.3082136194
15944.8449551012
15942.9970738179
15944.4571350285
15942.9970738114
15944.3647867451
15943.5498719042
15944.2244426434
15943.3226178416
15944.5295518556
15944.2161708115
15944.089778836
15944.2402039439
15944.4260862736
15942.9970738131
15943.9954964442
15943.547293139
15942.9970738183
15944.5965001196
15942.9970738171
15943.2998803182
15944.1782243129
15944.3617483565
15944.3574480969
15944.3297006552
15944.3524878984
15944.5296603396
15942.9970738163
15944.5449956504
15942.9970738184
15944.4310692173
15943.3839388947
15944.1677876245
15943.3245991236
15944.5720480373
15944.1785543949
15944.9124437432
15943.475386042
15943.4173675372
15943.4346345532
15943.4304384531
15945.1803632902
15942.9970738155
15942.9970738216
15943.4055996985
15943.1922236999
15944.5141395758
15942.9970738195
15943.3804218873
15943.3578880806
15942.9970738141
15943.466664704
15943.5244968862
15943.5134249216
15942.9970738096
15943.5434687297
15942.9970738158
15943.4558040551
15943.712704504
15944.442957469
15943.3565766521
15943.3576905384
15944.1502851617
15944.6833309898
15942.9970738194
15943.6281832455
15943.5139415618
15942.9970738254
15944.654255253
15943.6371064209
15943.4930598885
15944.259044573
15943.9699394151
15944.558051545
15944.2731575883
15943.3033430513
15944.1373846784
15943.3486407942
15943.457792737
15943.5527683495
15943.6467844852
15943.455833182
15944.7005401535
15943.2787348941
15942.9970738129
15943.311799201
15944.1485796015
15943.6385596957
15943.4385842326
15943.3661388459
15943.4686271471
15944.437969929
15943.22209815
15943.3653456094
15944.3100781874
15943.4495658281
15943.2452838402
15944.4019065828
15942.9970738096
15943.282079355
15944.3862112271
15944.4896840908
15943.3372585736
15943.2708166766
15942.9970738178
15944.6388599071
15943.232165557
15943.5541342062
15944.645688454
15944.6415852195
15944.3036707595
15942.997073817
15943.3075126012
15944.2371704914
15944.2960838331
15942.9970738182
15944.4133798648
15944.2412832032
15943.440848826
15944.2009559612
15943.3607903014
15943.3322558474
15943.370519019
15943.3454744027
15944.2688642537
15943.3043830657
15942.9970738648
15944.4995953266
15944.4846174349
15944.640805928
15942.9970738163
15944.8451079337
15943.4477474222
15942.9970738132
15944.3602212826
15942.9970738137
15943.7515596437
15942.997073814
15942.9970738195
15943.4453612121
15942.9970738593
15942.9970738191
15944.1689853985
15944.7520346787
15943.5053340802
15945.026315159
15942.997073818
15943.1905613077
15944.6704700088
15943.4228672898
15943.3213988228
15942.9970738136
15945.0371980716
15943.3556707473
15944.4157661299
15942.9970738175
15943.3787902476
15943.3411043352
15944.6776613361
15942.9970738179
15943.8631080432
15944.3685389805
15943.4867771944
15943.5980223276
15944.358319134
15942.9970738187
15943.4250519766
15942.9970738148
15942.9970738208
15943.3586175484
15944.6531006911
15943.3797498032
15942.9970738148
15943.6190010684
15944.6367489536
15943.557548874
15943.517050541
15944.3200090618
15944.4195548438
15943.6821199442
15944.476707722
15943.9890438697
15944.4947168273
15944.6074150077
15943.3778561852
15943.3358216773
15944.6255748413
15942.9970738573
15943.2329397195
15942.997073817
15944.0504235999
15943.2613950116
15943.4816640391
15943.6020681025
15944.987236526
15943.5235255885
15943.3039945479
15944.0603118428
15944.7077337894
15942.9970738108
15942.9970738179
15942.9970738191
15943.4900730495
15943.2368422585
15944.3715577233
15943.4580114567
15942.997073814
15943.3541531743
15944.4434269852
15944.4030148367
15943.4024518738
15944.6026499762
15944.8674504738
15943.3072918132
15944.8395362942
15942.9970738157
15943.5637079229
15944.5407286538
15944.4827175302
15943.2245623327
15942.9970738207
15943.2443437522
15944.2641987595
15944.472747608
15942.9970738184
15944.2871542457
15943.4206369338
15943.3914811881
15943.5283180745
15944.2600000828
15945.132902331
15942.9970738192
15942.9970738184
15943.2906766039
15943.3327284938
15943.9539332414
15944.1489160957
15944.2876278668
15943.9863313506
15944.3282439692
15943.1640721201
15943.4696573417
15942.9970738124
15944.6158258302
15944.4790783052
15943.4594043499
15942.99707381
15943.3667922397
15943.3696634641
15944.1637666311
15942.9970738189
15944.9880189653
15943.4925413505
15943.3172613593
15944.3928564098
15943.4087770108
15944.9553351668
15943.2760338599
15942.9970738117
15943.2509489658
15944.368133555
15942.9970738119
15942.9970738139
15942.997073812
15944.5934961972
15943.3719228249
15944.0476686664
15944.6314503652
15943.4502063356
15943.2220085478
15943.541907944
15943.4552848271
15942.9970738167
15944.6133589926
15944.6923162169
15943.2805907205
15944.7069342665
15943.4175335381
15943.4405169672
15943.2352189056
15944.568461552
15944.4568829685
15943.4635438663
15943.1298221854
15944.5796406553
15942.9970738132
15944.4043419739
15944.6605253452
15942.9970738651
15944.2095790625
15943.3276106007
15944.4164684835
15943.9555662159
15944.5311076388
15943.1871240606
15944.7308255599
15942.9970738087
15944.2102280577
15944.2705829767
15943.3722894458
15942.9970738227
15944.286421366
15944.4534470783
15943.4084400413
15944.2301380974
15943.2907813759
15944.2689533629
15942.9970738134
15944.7158375732
15943.3028773717
15943.2708609412
15944.6775073627
15944.41746132
15942.9970738141
15944.3504821804
15944.3312386442
15943.3410123887
15944.3043061383
15942.997073812
15944.2619788918
15944.4287769173
15943.5503469533
15943.3423411884
15942.9970738163
15943.2906031235
15942.9970738128
15945.0395781035
15942.9970738119
15944.5018519933
15943.4533670941
15943.5819361084
15943.3097949402
15943.4047424052
15943.2413794452
15942.9970738153
15943.2915259709
15942.99707381
15944.4491848203
15943.4501042506
15942.9970738165
15943.4448571846
15943.3205903492
15944.255202133
15944.4822213976
15944.8241041108
15943.4688117784
15942.9970738137
15943.60643111
15945.1241973965
15942.9970738171
15943.3147666612
15943.6865416607
15942.9970738183
15943.6446529978
15942.9970738117
15943.3590878675
15944.4628066649
15944.620997928
15943.3352473821
15942.9970738132
15942.997073814
15942.9970738228
15943.2683384112
15943.4193241405
15944.6075396669
15943.457180491
15944.4190079341
15942.9970738232
15943.5028793351
15944.2829244591
15943.3882590318
15944.2987658088
15943.3993342407
15942.997073816
15944.2776762098
15942.9970738174
15944.8986326924
15943.5550628099
15944.1982505299
15942.9970738165
15943.4379122814
15944.2112555234
15942.9970738157
15942.9970738142
15944.5522801757
15944.5827405169
15943.411077623
15943.34972496
15943.4500434791
15944.5171973623
15943.6161894569
15943.3963157649
15943.4316315369
15943.9747302974
15944.3902849693
15943.4796157714
15943.4268095053
15944.2289481754
15944.7180482012
15943.3512296805
15943.3255077901
15944.5676704532
15943.718990069
15943.4604683531
15944.8354313628
15943.3923112107
15942.9970738078
15942.9970738114
15943.5723246695
15943.3506342217
15942.9970738234
15942.9970738199
15944.7409011498
15944.629612757
15944.4685870497
15942.9970735373
15943.4249677756
15943.4719249464
15944.4096619824
15944.6258959989
15944.4453143776
15944.0840197556
15942.9970738179
15944.329158102
15944.4441670005
15944.1016556964
15942.997073814
15944.6952618077
15944.7826658341
15943.2968048415
15944.5367369056
15942.997073811
15943.2997493715
15943.542523941
15943.7228089812
15945.0604144061
15943.3349745348
15942.9970738171
15942.9970738109
15944.3958255115
15944.0574931239
15943.3218569782
15943.2672380337
15943.1492484884
15942.9970738168
15943.6281590666
15943.4252851578
15944.1892958031
15943.4912417656
15942.997073819
15944.5700225733
15944.5711304434
15943.2522087252
15943.9998423165
15942.9970738164
15943.2998848306
15942.9970738165
15943.2483241584
15943.3514330808
15943.3776289902
15943.4907562494
15943.316014005
15944.1531318151
15942.9970738191
15943.5933254404
15942.9970738159
15943.4820029708
15944.4911553791
15943.2415244096
15944.4758544137
15942.9970738203
15944.4855315016
15942.9970738159
15944.2721246558
15942.9970738133
15944.8195906438
15944.4098885468
15943.2143100888
15944.6212496279
15942.9970738183
15943.3839555161
15942.9970738169
15943.69924869
15943.379062027
15944.381302087
15943.303172978
15942.9970738193
15944.5116652419
15944.6286320321
15942.9970738145
15943.3430256793
15944.7588445337
15944.7179826546
15943.3102547845
15944.4540153805
15944.3128826384
15943.4437086558
15944.6811876511
15944.1131925763
15943.449148892
15944.600457677
15942.9970738208
15944.2295345463
15944.5308517701
15944.6425277925
15942.997073812
15944.2515646781
15943.4747657916
15944.2637114511
15943.4629875603
15944.025557887
15943.1683676635
15943.5670214792
15942.997073813
15942.9970738138
15944.1116496945
15942.9970738097
15944.348262126
15944.607737486
15942.9970738166
15943.3604216871
15944.4428757086
15942.997073818
15943.5828683195
15943.4102503224
15945.0935013278
15944.6740733855
15943.3388651395
15944.5049539718
15944.5162941454
15942.9970738127
15942.9970738165
15942.99707383
15943.4158599757
15943.3621283768
15943.3449527408
15944.1081436004
15944.5149700206
15944.6910110322
15943.5010606526
15943.2064532581
15944.5580273978
15943.6339562897
15942.9970738142
15943.4122412404
15943.4130229565
15944.5078625662
15943.4506376992
15943.3034593
15943.3169781229
15944.3320225084
15943.4186819068
15943.2294847057
15944.0022996119
15944.8747012502
15943.3978106561
15943.296851532
15944.9212506703
15942.9970738193
15943.3978310483
15944.7827240976
15943.4396174274
15943.3950540197
15942.9970738128
15944.0752390485
15944.208357913
15942.9970738129
15943.2786527949
15942.9970738164
15943.4942126848
15944.5371256067
15943.6031158359
15944.5077615751
15943.240942966
15944.89689881
15942.9970738152
15944.5356960868
15944.3283397246
15944.149944473
15942.9970737159
15944.2159770589
15944.4433945291
15943.262820322
15943.236744904
15942.9970738165
15944.5203701343
15944.3817585218
15943.4894876443
15943.2892199169
15943.365229123
15944.3918335781
15942.997073819
15943.3245795516
15944.7681420793
15944.9177012899
15944.0174835744
15942.9970738148
15942.9970738156
15944.3499585002
15944.6594782597
15944.3999647311
15944.7061335428
15942.9970738134
15942.9970738113
15944.3260197544
15943.4362300865
15942.9970738189
15943.4261439064
15942.9970738149
15944.7154745141
15942.9970738203
15942.99707381
15944.4303365797
15944.597200469
15942.9970738141
15944.5573051592
15943.3301318742
15944.1589358199
15944.558267408
15942.9970738178
15942.9970738206
15943.4279413049
15943.7396535716
15944.4700627962
15943.2763479948
15942.9970738125
15944.6119058833
15942.9970738073
15944.6663705849
15943.2755753405
15943.5488252897
15943.3870958422
15942.9970738148
15942.9970738138
15944.433743155
15944.2877658352
15945.1369838541
15943.8127219099
15943.6463636713
15944.2710355874
15942.9970734722
15943.4263411307
15942.9970738079
15943.3555531716
15944.3079944038
15942.9970738142
15944.2826142605
15943.6761293013
15943.2285950569
15943.3543453284
15943.4184341623
15944.4723778788
15943.5578354217
15944.540054075
15944.3533411685
15943.3257595722
15943.1734249765
15944.2698386491
15942.9970738112
15943.9714500671
15943.136417667
15943.4500877353
15944.1684364559
15943.3210502317
15943.0644660072
15944.2125101547
15944.6183267458
15943.3120610528
15943.458021965
15944.7171096131
15942.9970738176
15943.4538781058
15944.7271882598
15943.2673409217
15944.1489792047
15942.997073815
15944.8249251175
15943.1377255494
15943.9963589757
15944.3769131307
15943.4771198752
15943.4870442097
15943.3284764492
15945.2332705769
15943.2736749898
15944.8253756402
15942.9970737959
15943.3568624424
15944.7639563282
15943.54262929
15942.9970738156
15943.1700722235
15944.606195472
15944.2977786674
15944.6671885976
15943.7189181505
15943.1026224047
15942.9970738182
15943.3665824944
15943.580659417
15943.5556579486
15944.4833143757
15942.9970738127
15942.9970738012
15942.9970738174
15943.3275439079
15943.3941641012
15942.9970738169
15942.9970738203
15944.6411904627
15943.3646420516
15943.4724770014
15943.4843687381
15942.9970738125
15943.798473638
15944.5991593608
15944.314692977
15944.551976069
15942.9970738209
15943.6374482347
15943.802269594
15943.4297111089
15944.4320954357
15943.3089226671
15944.5219466379
15942.9970738165
15942.9970738129
15943.1698253463
15942.9970738135
15945.3050628495
15944.9021606933
15943.360942283
15944.3994924003
15942.9970738147
15944.3013495061
15943.4025002867
15943.5520011521
15943.4226144847
15943.3083675076
15943.2356772958
15944.3764999979
15943.6469392155
15943.4939603503
15944.4282557209
15944.4876495431
15942.9970738142
15944.6167449775
15942.9970738203
15944.7732076199
15943.0920726946
15942.9970738218
15943.2431461431
15944.166287712
15943.225885731
15944.7242602436
15944.4868064174
15944.545873828
15943.1846592315
15943.5079702409
15943.3109218538
15942.9970738183
15943.3674652325
15943.3178147843
15944.5510507133
15942.9970738108
15942.9970738123
15943.4623142089
15943.3051359674
15943.4758871291
15943.1380666922
15942.9970738147
15944.6327380891
15944.7268589914
15944.1459435333
15944.3247562116
15943.2797442935
15944.3060350297
15943.4997779689
15944.267404299
15943.22730769
15944.736053011
15943.5316512933
15944.517679758
15943.2689556581
15943.6729683753
15944.3063081184
15942.9970738106
15943.4917112379
15943.3791518922
15943.4551951072
15943.3473447577
15944.7890858854
15944.1157866538
15944.3551459746
15942.9970738199
15943.3055366544
15943.2304462945
15942.9970738128
15944.5741339331
15944.4392679734
15944.4155349857
15942.9970738095
15943.3980946163
15944.5850624611
15942.9970738139
15943.5326484231
15944.5325166801
15942.9970738169
15943.3580264425
15944.3812317286
15944.3416138507
15942.9970738228
15943.3320362642
15942.9970738188
15942.9970738203
15943.471068848
15944.1591473926
15944.3515576544
15943.3569612955
15943.4467750961
15944.3103197452
15943.0749009652
15944.3623895409
15943.5545959091
15943.3189268665
15943.0413147814
15942.9970738336
15943.8643955389
15944.1259091104
15943.5690094831
15942.9970738201
15942.9970738107
15944.1296271395
15944.7576976593
15943.479496672
15943.5562967787
15944.2715134136
15943.3834429838
15944.4522512737
15944.5447356175
15943.5571027525
15943.4947040242
15943.4249595301
15943.2517330438
15942.9970738113
15944.3878759867
15943.2215006445
15944.3409465077
15943.3188577765
15943.2697467203
15944.471626409
15942.9970738186
15944.3109809818
15942.9970738112
15943.1143158382
15942.9970738155
15944.551432192
15943.5212394129
15942.9970738104
15942.9970737922
15943.7206410366
15943.5545502047
15943.4888213752
15944.4855580958
15944.6433509914
15943.5352346542
15943.3255992864
15944.5127458893
15943.3438722929
15944.4675678101
15943.3968528761
15942.9970738165
15942.9970738154
15942.9970738112
15943.490619876
15944.4285306379
15944.5544604018
15943.4671540354
15944.1433920839
15944.6006711954
15944.2481915093
15944.708912796
15942.9970738198
15943.5792861227
15944.587485353
15944.4388785543
15944.7335919386
15942.9970734731
15942.9970738166
15943.5285495575
15944.5695869919
15942.9970738515
