# type 5 occupying volumes
15964.9968468994
15965.1658296337
15964.9968469012
15965.198363438
15964.9968469062
15964.9968468864
15965.2301966927
15966.2862761821
15965.9626356027
15965.0779364435
15965.8100491352
15966.2085949603
15966.6240099975
15965.842180297
15964.9968469082
15966.0293369904
15965.3216948779
15966.7458944711
15966.4950065464
15964.9968469068
15966.2067913146
15965.3691179023
15966.1660885533
15965.1698877799
15965.9930146839
15966.3157589054
15966.4854941251
15966.2835735182
15965.3723242043
15965.2737259665
15965.6399750398
15966.7586419478
15966.850015489
15965.3663034468
15966.5483454489
15964.996846897
15964.9968468992
15965.1371875712
15965.2897873652
15964.9968469027
15965.0260686626
15966.2430798632
15964.9968469018
15964.9968469091
15966.8711126671
15965.4465615777
15966.345149877
15966.6212645308
15965.4025526395
15965.4133186068
15965.3877599827
15965.454964208
15965.4578175483
15964.9968469033
15966.5300645571
15965.1363791037
15966.6357649903
15965.4087898655
15965.3855695298
15966.2847491823
15965.2724026918
15965.0630781922
15964.9968468961
15964.9968468904
15966.543071922
15965.1552762233
15965.2967942224
15964.9493346377
15966.3051188175
15965.4599000783
15966.5056517501
15964.9968469034
15965.4284393709
15966.3353785806
15965.3864333181
15965.2785604499
15964.9968468948
15965.3108463302
15965.3150534185
15964.996847456
15966.7364086678
15966.5888366967
15965.0314449442
15965.2019380925
15965.2702259673
15964.9968469021
15966.3252943175
15966.3093870362
15965.3694473128
15966.7015845731
15966.5935281003
15966.8138984928
15964.9968469032
15966.767033786
15965.957208882
15965.3401907115
15965.4231970309
15966.437857493
15964.9968468936
15965.5767911377
15966.272247513
15964.9580784585
15965.3121429311
15965.8898864869
15966.1622305754
15965.2280218975
15965.4774310263
15966.0539533522
15965.3547226674
15965.6115957945
15965.4355280663
15966.6013166788
15966.1263978598
15966.4062516738
15966.288293416
15965.3365065501
15966.2367705605
15965.225484534
15964.9968468994
15965.2475409893
15965.3833384303
15964.9968468904
15966.2452644225
15966.1889509733
15966.3595965452
15964.9968469104
15965.4578976132
15966.3812931972
15964.9968469078
15966.3386848555
15965.2937474002
15966.4737617461
15965.4043061951
15965.3380497945
15964.996846907
15966.5787010559
15965.2158804915
15966.472738224
15966.1995235536
15966.0761359064
15966.4045649126
15965.1889789696
15965.5307890397
15966.5107736752
15966.4498480852
15966.3584399526
15966.5781816748
15965.1281804462
15965.2173931758
15965.3181167908
15966.5269424533
15964.9968468935
15966.7775622325
15966.4511307845
15965.3724998229
15966.6817454003
15964.9968469063
15965.4115176708
15965.1808435007
15966.1540400647
15964.9968469012
15965.3227363021
15966.4302241899
15966.1342538623
15964.9968468976
15965.3392791533
15965.3237734487
15964.9968468933
15966.1241873539
15965.5092979653
15965.3861829697
15965.4235553626
15966.7514248034
15965.1065661891
15965.3054539627
15965.4448314553
15966.5682308523
15966.1740446042
15966.2130559312
15965.0474426531
15966.2929298132
15964.9968468942
15965.9321063586
15965.241422299
15964.9968469026
15965.8506685429
15966.2166782328
15966.2714825844
15966.0606648681
15966.0461140244
15966.082879991
15965.6286933844
15965.2499347335
15964.9968469007
15965.2060436256
15965.6078171466
15966.4651920461
15965.4033934553
15965.344029107
15966.7014416349
15966.5438386253
15966.3610477242
15965.5189082941
15966.8819126851
15966.4651398319
15965.1985746734
15964.9968469827
15965.3048038166
15966.6602384002
15966.0948795033
15965.4108873071
15965.3399644303
15966.4543893144
15964.9968469086
15966.4060403008
15964.9968468954
15966.7240344726
15965.4376955479
15964.996846897
15966.8993177846
15964.9968469078
15965.507159639
15964.9968469032
15964.9968469036
15966.3499028335
15964.9968469046
15965.3856750134
15966.1318717252
15966.2126490058
15964.9968468975
15966.6380759329
15966.7202160647
15964.9968469039
15965.3711675933
15965.2491303172
15966.1566165894
15965.8295199876
15965.313481443
15964.9968468995
15965.6097382766
15965.3234308585
15966.5539656245
15965.5398204146
15966.1463666423
15965.3820437803
15964.9968471073
15966.2627470368
15965.9829936775
15966.1315110228
15964.9113290129
15965.3320548217
15965.2645097186
15966.521274399
15964.9968468972
15965.2885152543
15966.2467902685
15965.0375849617
15965.2290610555
15965.3530001299
15966.5960102475
15966.7316533811
15965.4870331315
15964.9968468978
15966.3034527593
15966.5094930242
15964.9968469045
15965.4788981259
15965.4287889197
15966.2811877665
15964.9968468967
15966.7335348061
15964.9968469055
15966.5652514347
15965.3268103039
15965.397431418
15966.3976482615
15966.4455287967
15966.6910196439
15966.4417048796
15965.2391813104
15965.4335400124
15965.3663998618
15965.1727279857
15966.778827826
15965.6921576216
15965.3848132258
15966.572752624
15964.9968468936
15965.445041725
15965.1999766552
15964.9968468994
15964.9968469112
15966.4871937538
15966.2955275873
15966.3449572872
15965.4251486338
15966.6097503176
15965.3936360969
15966.8240176989
15964.9968468981
15965.2726404601
15964.9968469116
15965.4374965694
15967.0331101402
15965.4030582529
15964.9968469005
15964.9968468982
15965.3202004481
15966.2609440417
15966.654109308
15967.2835121366
15965.6073711171
15966.2884619017
15966.2889608381
15966.5313132373
15964.9968468959
15965.2275744502
15965.337053504
15966.5336426026
15965.387812909
15966.2997158034
15964.9968469024
15965.1114768039
15965.4071187786
15965.1198770648
15966.399767605
15966.1689245106
15966.3927489151
15965.1921131807
15965.3188614436
15964.9968469005
15966.3276084284
15966.5917550968
15965.4710084465
15965.4568124422
15965.2350996275
15966.83012664
15964.9968469101
15965.4865680576
15964.9968469033
15965.5423886939
15965.4712721516
15966.9321759005
15966.7912737147
15964.9968468995
15964.9968468997
15965.589733447
15965.4168690037
15966.4768539996
15964.9968469253
15965.3935698149
15965.5406951124
15966.480603907
15965.4977343841
15965.4321932033
15966.2174647307
15965.9800745122
15965.3345783854
15965.1872731432
15966.2585865394
15966.1583943781
15965.4131637465
15964.9968468976
15965.5179145911
15964.9968469079
15966.0199340165
15965.9194309479
15965.2063332198
15964.9968468933
15966.0204141334
15965.4605734736
15965.3052781219
15965.4406607184
15966.1231449319
15966.5365310637
15966.1509425105
15964.9229389288
15966.1980678791
15966.5194358865
15966.079893672
15966.5996097092
15964.9968469067
15965.1315071809
15965.2360365902
15966.08786484
15965.898230393
15965.0819281968
15966.0645842703
15964.9060960243
15966.0496987567
15965.5711169473
15964.9968468991
15966.6786994365
15966.2601302853
15965.2037688021
15966.1481113241
15965.2029011914
15965.2803160992
15966.4051878532
15964.9968469074
15965.2963952788
15965.0712015088
15964.9968468965
15965.1528736575
15964.9516370174
15965.5922038812
15967.0129853335
15965.1266571899
15965.232180099
15965.273452377
15964.996846906
15964.8652147884
15964.9974363301
15966.3026264434
15965.6905197905
15964.9968469016
15966.2316756682
15966.1812395436
15966.6597862849
15965.3410943091
15966.2187281941
15965.7728620728
15965.8572565285
15966.3213762749
15965.8719582685
15966.5885854121
15965.8441852527
15966.8631702932
15966.4284273033
15966.8070666552
15965.4041366436
15966.219178092
15964.9968468981
15966.3920650657
15965.0670709196
15965.3357483528
15965.2422691098
15966.3518015596
15965.1028030683
15964.9968469035
15966.7503740214
15965.5013571656
15964.9968469084
15964.9968469065
15965.2279028962
15966.4512790454
15965.2988126213
15965.4398550499
15965.4419908541
15965.2027390284
15966.5109682832
15965.5616942749
15966.5324990535
15965.1726240475
15964.9968468911
15964.99684689
15964.9968469024
15965.5979823288
15965.4766673546
15965.2802450102
15965.2708757048
15966.3928538706
15965.4371130473
15966.1822313798
15966.553941521
15966.5080109218
15966.5806862635
15965.5292597906
15965.5170966751
15964.9968469004
15966.8128256752
15965.3468608042
15966.6841567098
15964.9968469024
15965.2286694584
15965.4207574781
15964.9968468926
15965.360562527
15965.2813866262
15964.9968469066
15965.2909777401
15964.9968469007
15964.9968469061
15966.2098709244
15965.4172473261
15964.996846898
15965.1995042127
15965.3922825098
15965.2772658266
15966.7761515678
15967.0461427083
15965.4272412673
15964.9968468984
15966.3284359757
15966.2741367275
15966.6873001196
15965.3567354713
15965.9312075792
15965.5822699443
15965.4035215977
15965.2313735416
15965.4523668641
15966.6173304728
15966.6235145128
15964.9968469012
15964.9968468981
15966.4348425806
15966.6570813495
15964.9968469034
15965.4613641256
15965.280264686
15964.9968468942
15965.3516566017
15966.4069417409
15966.43042362
15965.3087894928
15965.3979927168
15964.9968469035
15965.4688170339
15965.3446923102
15964.9968469084
15964.9968469114
15966.3577144613
15964.9968469063
15966.586341489
15965.3457808051
15965.3677737469
15966.3125365824
15966.452891602
15965.076379376
15966.6425853764
15966.8131893352
15965.407417496
15966.5231040097
15965.3597222372
15966.5045042998
15964.9968468993
15966.3213649876
15965.4299759489
15966.8202699426
15965.3523391519
15965.848119565
15965.2763253725
15966.2983402177
15966.1628809441
15966.3319595423
15964.9968469025
15966.5537235761
15965.4363830046
15965.2327122223
15964.9968469028
15966.5582563455
15965.0485969215
15966.4259746727
15964.9968469122
15965.313675183
15965.1484177816
15966.1000235378
15966.1794978056
15965.1556796219
15966.3848730901
15964.9968469003
15966.3925150765
15964.9968469084
15964.8972735899
15965.2367518771
15965.1990025132
15965.1396144651
15965.2255594226
15964.9968469013
15965.3191736701
15965.2462195394
15965.2528489762
15965.2818987184
15964.9968469059
15965.9127070851
15965.0776365345
15966.0051977086
15966.1033301556
15965.1385643912
15965.3086713248
15966.2785429536
15965.1317505438
15966.3003045478
15965.2064082186
15964.9968468954
15964.9968469027
15966.3221784342
15966.3576306661
15966.5939343367
15966.6839439198
15964.996846892
15965.4845260212
15965.4887908752
15966.3111680164
15964.9968469043
15965.2897890869
15966.1477246081
15965.8833441809
15965.3622441235
15964.99684691
15965.5751811002
15966.2591607701
15964.9968468954
15965.1947398578
15965.3422937708
15965.6896276554
15965.5757725602
15966.2720088517
15966.2839231774
15965.4001238512
15965.299563137
15965.1537582821
15964.9968469053
15965.4571639989
15966.3063277291
15965.4109062989
15965.3847140242
15966.3310129234
15966.6266038527
15966.2626407599
15965.2746663496
15964.9968468972
15965.162811677
15965.2136144533
15965.2569619839
15966.7328488133
15965.2619900848
15966.6509292492
15966.9309679915
15965.2726123072
15964.996846898
15965.6123428965
15966.2352040375
15965.3279498357
15964.9968468944
15966.3590177138
15966.5821570831
15966.2750833046
15966.3224943514
15965.1410511214
15965.1772757817
15964.9968468989
15966.312519528
15966.327353874
15966.2096613731
15965.3360189541
15966.0606483199
15964.9968469099
15964.9968468976
15966.5905670138
15966.136781054
15964.9968469046
15966.3146786013
15964.9968469053
15966.642851803
15965.3868285838
15965.4297585742
15965.3936927272
15966.4707453855
15966.3220738719
15966.6233490534
15966.4132021267
15964.9968469037
15966.4046238052
15966.5316748982
15965.4531825575
15966.1861762365
15965.2104190113
15965.3851293476
15966.4960011041
15964.9968468956
15964.9968468941
15965.3613352704
15965.4180142393
15966.2025723587
15964.9968468979
15965.3087217877
15965.2998171842
15966.4938848429
15966.8245384618
15964.9968468971
15965.4634068086
15965.3349539045
15967.2122304879
15964.996846903
15966.4784003494
15964.9721294543
15966.590124063
15966.4456034292
15964.6882834487
15966.0447839496
15966.1547955423
15966.116097515
15966.2240972639
15964.8319515578
15965.2294321382
15966.3468255913
15966.2694533841
15964.9968468957
15964.9968468993
15964.9968469004
15965.4144830866
15966.6901569025
15965.3542492148
15965.5213129909
15965.276649121
15965.204089577
15965.390657644
15965.4250628158
15966.0621709824
15964.8759497945
15966.5561372629
15966.0756422537
15965.1838479348
15965.3140744332
15966.1022952596
15966.0232950829
15964.996846922
15966.2137609982
15964.7101754778
15966.4090281258
15966.1017103971
15966.2330611802
15966.3084685706
15965.1583132114
15964.9968468889
15965.2490216867
15965.2980448035
15964.996846891
15966.3693127333
15966.6764842765
15965.3381197368
15965.4158192784
15964.9968469033
15966.5019429756
15966.0687816998
15966.1524966288
15965.2187155844
15965.2082397841
15966.3417358503
15966.1025240073
15964.9968469051
15965.1593883571
15965.1970407051
15965.5940929901
15965.3144082301
15965.3291734054
15965.3657248775
15965.3259481438
15966.1569933906
15965.4257976587
15965.2718772653
15966.1702207386
15966.4853029399
15965.3977684854
15965.2563764711
15964.9968468953
15965.4205124538
15964.9968469062
15966.3259613664
15964.9968468927
15966.3240945016
15966.5920904416
15964.9968468996
15964.9968468937
15965.3058317154
15966.1107101846
15964.9968468988
15965.3585816284
15964.9968469036
15965.4805471954
15966.2777609693
15966.2403878138
15966.4608077579
15966.4561924376
15964.99684689
15966.757190106
15966.4039911175
15965.4107087006
15964.996846898
15966.7202503387
15966.1928353958
15966.443467842
15966.1794873778
15965.1627416283
15965.2078409199
15964.9968469028
15965.729034272
15965.4320394587
15965.3931311782
15965.2426281249
15966.2610160367
15965.3854090567
15966.5178056252
15964.9968468997
15964.9968468942
15965.3773185579
15965.2202132962
15965.94319043
15966.0573469211
15964.9968468911
15965.2842900806
15965.2988088925
15966.2832880092
15965.4017338082
15966.6885225181
15964.9968469036
15964.9968468969
15966.9166226781
15965.2592013831
15965.3932165902
15965.4914748331
15965.3011359662
15966.0998299374
15965.3454071736
15966.1879715234
15966.3094888694
15966.7493608929
15964.996846895
15965.2106751989
15965.3589182505
15965.4203149247
15966.4581918678
15964.9968469045
15966.4250671708
15964.9968469014
15966.3930972665
15966.7683955549
15965.2102313536
15965.21880984
15965.4332259172
15964.9968468973
15966.3998816667
15966.1537904087
15965.3160221029
15965.152548887
15965.3090700739
15965.1177415675
15966.6455163625
15965.3238070088
15964.9968468961
15966.4751054962
15966.559366494
15965.1880263142
15964.9968468989
15965.259574663
15964.9968469006
15964.9968468915
15965.3422335305
15964.9968468975
15966.2768217413
15964.9968469048
15966.0214845103
15966.9937479785
15964.9968469053
15966.398608727
15965.4475952675
15964.9968469032
15965.4229396153
15965.5068184531
15964.996846906
15965.1283973437
15966.285235318
15966.491334566
15965.2221293707
15965.8952919586
15965.0292613038
15965.3500235042
15965.4316022868
15966.5412487807
15966.22696473
15964.9968468926
15966.4212030871
15966.6743265823
15966.0980523026
15965.7537838269
15964.9968468926
15966.4399453418
15965.8602688055
15965.818083193
15965.5931948318
15964.9968469025
15964.9968469036
15966.8776030554
15965.6059623331
15964.9968468966
15966.6084681026
15966.2620595763
15964.9968468973
15965.2635996388
15964.9968468966
15966.3441144327
15964.9968469021
15964.9968468968
15966.931880193
15966.8078442935
15965.5149414545
15965.5100976389
15964.9968469021
15965.3705159956
15965.2713975778
15964.9968468926
15964.996846903
15965.6612615375
15966.5922575542
15965.3656414873
15964.9968468978
15965.3573299927
15966.4993383293
15966.1768371271
15964.9968468999
15965.6123771832
15966.5826702169
15964.9968468943
15966.5274940135
15964.996846921
15965.4400681232
15966.5682994013
15965.6215699591
15965.297417008
15966.1169385814
15964.9968469012
15966.8944794924
15964.9968469043
15965.3619063714
15967.0340131957
15965.4318418793
15966.4359801871
15966.3252479705
15965.3489155929
15966.5370719545
15965.0884863006
15966.5717627094
15966.5842973311
15965.4077845531
15965.5169372521
15965.1605808732
15964.9968468939
15965.0770948014
15965.2042481684
15964.9968469004
15964.9968469061
15966.69374031
15964.9968468518
15966.7355198454
15965.4171652019
15965.4319525544
15964.9968468944
15966.7688338904
15964.9968468905
15965.335880624
15965.3469950827
15965.4482553621
15966.3414147892
15965.4839261339
15966.0696447541
15965.4853879937
15966.5937078328
15964.9968468962
15965.2746983403
15964.9968469038
15967.1999821559
15966.3749551236
15966.1136052316
15966.6430332718
15966.1968336182
15965.2449107142
15964.9968468973
15966.3436738475
15965.1278593772
15966.0938408669
15966.4649492105
15965.3495185413
15966.2674215348
15964.8042768316
15965.5189642885
15966.7122447217
15965.3075671629
15964.9968468713
15965.2341679458
15964.9968468929
15964.9624420726
15964.9968469044
15966.2536495648
15965.12628343
15964.9968469189
15965.1624620222
15965.1595175294
15964.6024381334
15965.990460162
15965.0791178887
15966.0863932812
15966.2085209478
15965.8919038485
15965.8995848273
15964.996846899
15966.5534997376
15966.2412699819
15966.1990900471
15965.021728969
15965.8314083573
15966.2721132357
15966.5758430414
15965.25798878
15966.1556122665
15966.2653224528
15964.9968469034
15966.4049029535
15964.9968468426
15964.9968468985
15965.2878220854
15965.3990875642
15965.2495955454
15965.0732130123
15966.445584942
15966.2184761492
15966.4530676228
15965.0552979379
15964.9968468968
15965.0226416147
15965.0945051729
15964.9968469035
15965.3272882672
15966.7003515995
15964.9968468981
15965.311975229
15965.3982082486
15965.5490221592
15966.4272090576
15965.3198684623
15964.9968469022
15965.2757479286
15967.0487601768
15965.2501931686
15964.9968471865
15964.9968469069
15966.5358092617
15965.5703632392
15965.1380616397
15966.7460025248
15964.99684691
15965.1239329351
15964.9968469051
15966.5132495915
15965.2583910127
15964.9968468963
15965.423950439
15964.9968468992
15964.9968469045
15966.6603503144
15965.2867940419
15965.3312253754
15965.4177808053
15965.2507862493
15965.1790107674
15965.2938134626
15964.996846902
15965.5481948146
15966.7726690021
15966.6214140075
15965.5355065759
15965.5363161037
15964.996846906
15964.9968468919
15965.3065119022
15965.5381657397
15966.4187622899
15965.6086786941
15966.5166979195
15965.3503736593
15964.9968469068
15966.4599571368
15966.6294342191
15966.4204430806
15966.4396422333
15965.293755013
15965.3336931735
15966.4680429817
15965.4774444353
15964.9968468883
15966.9082246465
15964.996846899
15966.6760198857
15965.1490531605
15965.2664687472
15965.2221103888
15965.277125741
15966.4289480483
15965.6579060412
15964.9968469093
15965.4713568857
15966.5655116251
15965.4749591106
15964.9968468946
15965.3702002731
15966.604843705
15966.5140504341
15964.9968469068
15964.9968469039
15966.6095001197
15966.6123828474
15964.9968468949
15966.7686675336
15965.6574951223
15966.5338730615
15965.2723712933
15965.257612452
15966.4986666113
15965.3748222709
15966.3619844101
15966.6340573675
15965.3922607384
15964.996846896
15966.7596513393
15966.344247444
15966.5893203207
15965.5082203124
15964.9968468971
15964.9968468921
15964.9968468924
15966.5154115787
15964.996846899
15964.9968468973
15965.4737049233
15964.996846896
15965.5374153263
15965.5804538895
15965.4500843962
15966.4055663487
15965.1913996339
15965.3313146189
15965.4622474799
15966.4833374876
15966.3953527363
15964.9968468995
15965.3031164971
15965.7005923204
15964.9968469105
15966.413024312
15965.5283928008
15964.9968472571
15964.9968469018
15965.395344909
15965.0013449308
15966.144752841
15966.1658632942
15966.4017641229
15966.365203634
15966.0821765557
15966.5878322089
15965.2184854002
15965.3395483917
15966.2104390571
15965.2124291554
15965.9753649832
15966.0575306714
15965.2501744545
15964.9968469024
15966.6846974176
15964.9968469028
15965.2425885228
15965.3721026686
15965.4757668834
15965.230327996
15966.2254943883
15964.9968469053
15966.5502349021
15966.1247337647
15966.3917580312
15966.2355831096
15965.0053252028
15966.5448130681
15966.4953303429
15964.9968469038
15965.9733054141
15965.8902449101
15965.1972880807
15966.2318871088
15965.418438527
15964.9968468935
15964.9968469374
15966.7623198939
15966.5774280716
15964.9968469013
15965.3934320303
15965.3845558851
15964.9968468974
15966.7904871552
15966.3664398548
15966.670136991
15965.2110416831
15966.2280389507
15965.7409314268
15966.6232064387
15965.4190577632
15965.4809064247
15965.2656943384
15965.4187104509
15966.837626525
15965.2645618527
15964.9968469005
15966.6614491809
15965.5612011458
15964.996846902
15965.4293806812
15966.2810299706
15965.5694384493
15966.7983447476
15964.9968468782
15966.4366593199
15965.4234317168
15965.2804683653
15965.2096596257
15965.4244921469
15966.2318169212
15966.7175285097
15966.368294702
15965.3205227789
15965.3138600519
15966.9827687494
15966.7601227791
15964.9968468961
15965.42816476
15967.0798605449
15964.9968469082
15965.4798868748
15964.9968469099
15964.9968469029
15966.4295278571
15965.3989217734
15965.5565952001
15964.996846905
15966.0376040791
15966.5533337513
15965.12783939
15966.4432817633
15965.1945392661
15965.2983080587
15964.9968469011
15964.9968468964
15966.2525329995
15965.6436528633
15966.6464503162
15964.9968468979
15965.2214950294
15964.9968468935
15965.3364006884
15966.3809357511
15965.5226535617
15966.4847231424
15964.9968469048
15966.6019535936
15966.1492064239
15965.3661926937
15965.2097477505
15965.2680856766
15966.3274008036
15964.9968469044
15966.1407068229
15964.9968469039
15966.309592153
15966.3565868597
15965.4733935165
15964.9968469031
15965.3572589808
15966.5340993195
15966.4256758539
15965.4755174125
15966.5182073946
15965.3799220337
15964.9968468924
15966.343799888
15965.4452980659
15965.328858002
15965.382277991
15966.6929848173
15964.9968468951
15965.4395917491
15964.9968469073
15966.7429709254
15964.9968469041
15966.3795342894
15966.4796902738
15965.5102404767
15966.6602552712
15964.9968469008
15964.9968468998
15964.996846897
15967.071472771
15966.4085180499
15966.7463625324
15966.69004176
15964.9968468988
15965.4657744013
15965.365214389
15966.4042042337
15966.3463390626
15965.2829990197
15965.2518153977
15965.1401091765
15966.5241350421
15965.5314871451
15966.450704203
15965.3398878848
15966.2275036226
15964.942959139
15964.9968469019
15966.3182192007
15966.3136352152
15965.2443621802
15964.9968468976
15966.1639549354
15966.330650618
15965.1148617056
15964.9968470436
15965.3430907149
15965.4821459466
15964.9968468956
15966.1790350238
15965.3186023373
15965.3230287654
15966.0041780069
15966.3034394674
15964.9968468951
15964.9968469023
15965.378090956
15966.5816556222
15965.3806793976
15966.4528014449
15966.3209023162
15966.065362718
15966.3722979762
15965.3070176806
15964.996846915
15965.5078280658
15966.6699558576
15966.359011545
15964.9968469092
15965.337566996
15966.1502270676
15964.9968469076
15964.9968469109
15966.103957079
15965.3870706905
15965.3347625903
15965.1727386735
15965.3381741983
15965.3485968133
15966.2361529568
15965.1786631808
15965.401562087
15966.2004418354
15965.3721003989
15965.4776357364
15965.3291745274
15965.5405224571
15964.9968468999
15965.3366236842
15965.318913075
15964.9968469087
15966.7336148418
15966.530972407
15966.4537510484
15966.5452211893
15966.3317412168
15966.3865451353
15964.9968469019
15966.0047523006
15965.2242463604
15966.4458366267
15965.3165721751
