# type 5 occupying volumes
15966.5185747895
15968.4031101483
15968.4063798631
15966.9326808409
15966.5185747693
15966.5185747826
15966.7978124801
15968.2553173532
15967.5924152661
15966.5815534164
15967.4330667589
15967.782786357
15967.7632061102
15967.5706908897
15967.8956799367
15966.5185745725
15966.8633345404
15966.9183216863
15966.877222704
15966.9538999476
15967.9664336113
15968.7360026255
15967.7903181924
15966.3490642459
15966.5185747831
15966.8901356975
15967.6894066414
15967.7794203495
15967.1228458069
15967.0760029055
15966.9756123594
15967.9726503341
15966.5185747791
15967.9061011316
15968.3092870805
15966.518574797
15966.518574797
15968.0159711998
15967.9814234452
15966.9374418089
15966.6563925134
15966.518574782
15966.518574788
15968.5595450685
15968.5421042139
15968.2153807481
15966.5185747862
15968.3220615407
15967.0350797677
15967.081196317
15966.8660828051
15967.7816891492
15967.9181921632
15968.4619792169
15968.1629738225
15966.5185747915
15967.9804922291
15967.0636187144
15967.8393807829
15967.7110336008
15967.9864817179
15967.8631594913
15967.6947857903
15966.5185747803
15966.5986648147
15967.0889442441
15966.7846576414
15968.1854126741
15966.5185747869
15966.7898526049
15968.1673483619
15966.5185747845
15967.0494483838
15967.9111153607
15966.9348512495
15966.9436167054
15966.518574779
15966.7929997579
15967.0714689372
15966.5185747815
15968.1739839742
15968.0929158688
15966.6815495329
15966.5185748354
15968.1101077385
15966.5185747785
15966.5185747833
15966.9286187604
15966.5185747823
15966.5185747965
15968.0638615503
15967.8153610011
15966.5185748592
15968.475075434
15968.0660072862
15966.9285749522
15967.2196646267
15967.0456715416
15966.9375433467
15968.1442898188
15968.4258916875
15966.5185747838
15966.9923698314
15966.6704341038
15967.9726585431
15966.8989184587
15968.0544569499
15967.9990665076
15966.8846523348
15966.8958147895
15966.9688827153
15967.0694587501
15966.5185747832
15968.2461390029
15967.9402015456
15966.785405243
15968.0060132895
15966.7035851746
15966.5185747863
15966.9295550406
15967.0027455543
15966.9377857886
15967.8025878066
15967.8385829072
15967.450837496
15967.6377994304
15968.1581475139
15967.024393281
15966.5185747976
15968.1168868889
15968.2927069463
15966.5185747786
15966.9219263489
15966.9938780958
15966.5185747903
15966.8346603247
15966.9141916522
15968.5431091402
15966.9167712132
15966.7642780159
15967.9084232064
15967.1155254192
15967.2524292671
15968.0332119022
15968.0036050409
15967.6219476376
15967.8909936104
15968.2790476083
15966.8417178931
15967.0866883851
15966.9951561659
15966.5185747873
15966.7626990657
15967.830450561
15966.6583378024
15967.9135250739
15966.5185747802
15966.9089983343
15966.6340553223
15967.4214128723
15966.5185747984
15968.2219255934
15968.2022972774
15968.2260044834
15966.5185747614
15966.7436699638
15966.872978071
15968.2112827094
15968.0562809595
15966.518574783
15966.5185747866
15966.9787867859
15968.4727139092
15966.5185747697
15967.9075501919
15967.0090850097
15968.0504115233
15967.7922503645
15967.66072525
15967.4649005152
15968.229233223
15966.5185747838
15967.8564223241
15966.5185747824
15966.5185747954
15967.9529178526
15967.8478100579
15967.7424117488
15967.9747063762
15967.8793237302
15967.4735434366
15967.6715661447
15967.4474933469
15966.5185747956
15966.5185747917
15966.5084169092
15966.970343027
15966.5185747883
15966.9737846682
15968.4120597514
15966.9948802627
15968.3178520319
15966.8896046686
15968.3368543662
15966.9987626393
15966.6018976194
15966.5185747779
15966.7113954735
15967.2585909878
15966.6449835477
15966.9374614064
15966.9537476235
15967.7780431837
15966.5185747852
15966.6557102497
15966.5185747762
15967.7170612418
15966.5185747792
15966.5185747804
15967.8040864477
15968.1553515488
15967.1065592496
15966.5185747868
15968.082756773
15968.1193049966
15966.5185747902
15966.9495217733
15967.7603867175
15967.7852329584
15967.7833284583
15966.9863241636
15968.0579771411
15966.5185747853
15966.8555479993
15966.5185747884
15968.0577850445
15967.6727055677
15967.825763848
15966.5185747863
15966.8979969128
15966.9975385416
15967.9705396775
15968.3317232308
15967.010436184
15967.0710663865
15966.5185747837
15967.0485474835
15966.9714483781
15968.0544898808
15967.1903430065
15966.9336733346
15967.108153182
15968.1679966406
15966.8040800529
15968.0126668534
15966.8950262321
15967.1307018827
15967.9109151313
15966.5185747776
15967.988826938
15968.1193232078
15966.5185747859
15966.8833178841
15966.9070145396
15967.0858280202
15966.9930620268
15967.9396774499
15967.8599042141
15968.0307015087
15968.2023064192
15968.1076706623
15966.5185747805
15968.0600224529
15966.9158044905
15968.4421531263
15966.9641728533
15966.9449863433
15967.9486557617
15966.5185747751
15966.5185747728
15968.0467386582
15966.5185747843
15966.5185747828
15966.8314738822
15966.8073252503
15966.5185747925
15966.5185747842
15966.5185747811
15967.8721230922
15966.5185747881
15968.058897246
15968.0883556391
15967.6922257525
15967.9219658614
15968.1131055199
15966.9854732596
15967.9769770661
15966.5185747875
15968.170636405
15966.5185747914
15966.8825380365
15966.5185747974
15967.6227122246
15968.2188224851
15967.0614328567
15966.5185747899
15966.8741202751
15966.5185747876
15966.8340718822
15967.8094384441
15968.428904534
15967.1083574112
15968.0239426303
15967.8353683584
15967.9850511143
15966.80884917
15966.7942842236
15966.5185747828
15967.7907439102
15966.681735634
15968.4511942298
15966.518574781
15966.6795283854
15967.7575450916
15967.8095046734
15968.2211822309
15966.9103484361
15966.9108420171
15966.8513237208
15966.9374510912
15966.7787333208
15966.6132796558
15967.3571505384
15967.6669496232
15966.7412907171
15966.1089671558
15967.7548510423
15967.8564252245
15966.5185747904
15966.5185747767
15967.8416901967
15966.4800244239
15967.9309783197
15968.1949057932
15966.5185747877
15968.0557193602
15967.2030964309
15966.811228487
15968.1509068803
15966.7777049682
15968.3416880162
15967.2359158772
15966.5185747877
15966.8696193889
15966.8139696037
15967.6904867486
15967.3320186622
15967.7550210717
15966.5468239036
15967.8538287122
15967.9418839184
15966.8203126521
15966.5185747837
15967.084340595
15966.5185747427
15966.7233338646
15967.4891116776
15966.7070779325
15967.3059707337
15967.8896806711
15967.0419101119
15966.7962740817
15966.9454217396
15968.0212949273
15967.9804193337
15966.8590000118
15966.7308198103
15967.9350909521
15966.5185747687
15967.8184187594
15968.3139522122
15966.5185747954
15966.924905559
15966.7664484312
15967.6088285317
15967.4400739189
15966.5593681633
15967.7323270092
15967.6676428708
15967.6964328823
15967.7510660096
15966.5185748017
15968.381404763
15967.9783399537
15966.6709041888
15967.858442396
15966.5912074978
15967.7183217496
15968.0626420943
15966.7030197593
15966.8732919875
15966.7890185415
15967.9733421006
15966.6126191414
15966.8100923705
15966.9899799494
15968.1332516378
15966.6680789754
15966.7965582805
15966.8087558993
15966.5185747811
15966.6275494266
15966.5710113347
15967.7996151725
15967.4901181697
15966.398677899
15968.2829622521
15967.6100320907
15967.7845331147
15966.5185747757
15967.7595378491
15966.518574774
15966.5936359889
15967.4321296382
15966.5185747907
15967.8741946452
15967.8060938937
15966.5185747845
15968.0053404284
15967.0084490057
15966.8327275537
15967.7375447135
15966.5185747823
15967.9427600789
15966.8974872039
15966.8621632017
15966.845288331
15968.0893754765
15966.7467612403
15966.5185747878
15968.0310654899
15966.959387683
15966.5185747872
15967.2433610615
15966.9257416538
15968.1368225507
15966.7119204496
15966.5185748051
15966.9671658122
15966.9983658979
15966.6475207709
15967.0311727474
15967.8920855505
15966.8782575689
15966.6009947881
15966.5185747775
15966.5185748589
15966.5185747852
15968.378173432
15966.7471690024
15966.9457591914
15968.301467098
15966.8343123127
15967.7971983078
15968.113101307
15966.7515199455
15968.0466256603
15966.7237523956
15966.9374950166
15966.9985909987
15966.5185747961
15966.610456393
15968.2436584373
15966.718523302
15966.7338176054
15966.5185748011
15966.7689524695
15966.828687734
15966.5842501745
15966.5185747902
15966.794022859
15967.0415102826
15966.5185747931
15966.8859721663
15967.2277313747
15968.385115584
15966.743057907
15968.1039383163
15966.9068991885
15966.932026838
15966.5185747742
15966.8075776238
15967.0336827008
15967.0290215501
15967.9451798799
15968.4721282972
15966.8355073429
15968.0043557796
15967.8569424141
15966.8143241381
15966.9938700335
15967.4802930481
15967.9279597368
15966.9822974615
15966.5185747692
15966.5185747919
15968.0281586598
15966.5185747798
15966.5185747671
15967.0089365866
15967.1491551588
15967.9244670869
15966.9679202114
15966.8464645078
15966.8650426635
15967.5997762687
15967.8350367932
15966.5185747851
15968.2774572895
15968.2741533295
15966.5185754465
15966.7681262506
15967.8039649305
15967.1503954459
15967.7545271295
15966.9652505302
15966.5185747707
15968.3715578079
15967.9279750942
15966.9087992157
15968.2790571116
15966.8387610324
15966.951536253
15967.0737668727
15966.8106616021
15968.0054821015
15966.9467924118
15966.5185747923
15966.8779241521
15968.3930863469
15966.8249681529
15966.7034468581
15966.7437465428
15967.7835911354
15966.5667668192
15967.7906507376
15967.0788208127
15968.254211169
15968.2244071765
15967.0650809404
15966.906774551
15967.8743647498
15966.5185747933
15967.9775889367
15966.5880530706
15966.8701257413
15966.686389489
15967.5723821605
15966.826175337
15966.7200009806
15967.8054009333
15966.5185747782
15967.8359238959
15966.518574788
15966.5392856329
15966.613520222
15967.7075386389
15966.8571488222
15967.0335492874
15966.5185747919
15966.766618554
15966.9541355842
15966.9933321106
15966.9167067127
15966.5185753868
15967.4513981227
15967.3987808177
15966.625140988
15966.7225143554
15966.9094176865
15966.6321551047
15967.9329633395
15967.0136678204
15967.5547182124
15968.056949584
15966.5185747878
15967.9430005295
15967.8042340781
15968.239649924
15967.7155706493
15966.9471852229
15966.5185747991
15967.7571768905
15967.1261197321
15966.5622501883
15966.7828486128
15966.6390760933
15967.6525120984
15967.2606334803
15967.6414299422
15967.8152864117
15966.8473093232
15967.8449364747
15967.1657879281
15966.723807415
15966.7968255066
15966.5185747951
15966.9576169407
15967.9909586826
15967.8230804352
15967.8743323012
15966.8779942949
15967.9692396456
15967.0844652296
15966.8325840892
15966.8934422119
15967.0823145233
15966.7482848022
15966.837387538
15968.3945993004
15968.1102468242
15966.8300257036
15966.518574798
15966.5185747867
15966.7089410051
15966.8745254293
15966.6417094074
15966.8825968382
15966.5185747827
15967.9113451099
15966.8225739427
15966.5185748003
15968.1321532127
15967.8485986597
15967.0848883482
15966.5185747871
15968.0677292089
15968.1907181574
15968.3466893345
15967.7996708169
15966.5185747874
15966.8441303649
15967.999016677
15966.6596465626
15966.6838548395
15967.8589366643
15967.0669197724
15968.3422669326
15966.518574691
15966.5185747867
15966.8997989955
15967.9308823043
15966.518574792
15968.088923727
15966.5185747829
15968.589534095
15966.8357774299
15966.912170093
15967.0321942815
15966.7169646115
15966.984789769
15968.2365497756
15967.9890059229
15968.1301740756
15967.8821193601
15968.2060437282
15966.8872265185
15966.5185747872
15967.4771691936
15966.7268382537
15968.0107567336
15966.5185747859
15966.8454954375
15968.0729379166
15966.5185747782
15968.19551434
15966.5185747776
15966.7624423285
15968.0261932688
15966.8115909342
15966.813137802
15966.5185747783
15968.0969602731
15966.5185747809
15968.508120065
15966.869627082
15968.0685849405
15966.5546040634
15968.1958678958
15968.0659037001
15966.9176270901
15967.9388399771
15968.0479147277
15966.5185749982
15968.1289476187
15966.6488705188
15966.840945816
15968.0887075341
15968.057250597
15966.5185747786
15966.6524481483
15966.5185747861
15966.8507851487
15967.9955566719
15966.5892710801
15966.5185747933
15966.6467495284
15966.6030876925
15966.8546355728
15967.4254726723
15967.8042299242
15968.0055790163
15966.5185747892
15966.6882253992
15966.7496386346
15966.8213976988
15967.6232920613
15967.9486376402
15966.5185747991
15967.8566667717
15966.6365672625
15967.8107348709
15967.7572686154
15967.9641874318
15966.7960079008
15968.1023021166
15966.5185747855
15967.9863661187
15966.9114327691
15966.5185747844
15967.961167438
15967.8706144155
15966.8027366285
15966.7900960876
15966.5185747928
15967.6270514774
15966.5185747922
15967.4728591661
15966.8500626599
15967.8431229925
15966.5185747963
15968.0386495654
15966.5327695447
15966.5185747928
15966.7335233699
15966.5185747744
15966.9411960042
15966.5846730168
15966.8682026547
15966.7334374004
15967.896337943
15966.9104911952
15966.7352398244
15966.7713097296
15967.8842037232
15966.8897172746
15966.7159398546
15968.4601710444
15966.7095011031
15966.9455296259
15967.8624646347
15966.7902213081
15967.778721317
15967.8482069833
15967.5091815742
15966.7823985394
15966.8639390431
15967.6488468919
15966.8858205327
15966.7906883615
15966.518574789
15966.5185747854
15967.7549237765
15968.1807942321
15966.5185747973
15967.9681784495
15966.5185747779
15966.861364773
15967.8799785162
15968.1962083268
15966.5185747755
15968.1246729649
15967.7463954454
15968.0002157197
15966.6730653215
15966.5079050986
15967.6520613533
15966.5185747769
15966.5185747901
15966.8938224225
15966.8113257844
15966.9619309455
15967.9170051246
15966.5185747792
15968.2089709271
15966.518574791
15967.8508472628
15966.5185747853
15966.6590229151
15967.4744695134
15967.4094121739
15966.8948790956
15966.3783102045
15966.6247996439
15968.1032700331
15966.8907876608
15968.2477311716
15966.5185747807
15966.5185747907
15966.7244275762
15966.5185747803
15966.6037296837
15967.8189823419
15966.7247352135
15967.4319679554
15966.8161951492
15967.5106896209
15967.7065882283
15968.1292132491
15966.9735885903
15966.6822733984
15966.5185747821
15966.5185747826
15966.9405972528
15966.7230201855
15966.51857479
15966.6644114363
15966.5350808843
15967.7024981301
15968.077890168
15966.8973064039
15967.238644448
15966.8415677811
15967.3371762521
15966.5185747849
15967.5856801544
15966.7726507554
15966.5185747681
15966.7757726409
15967.284779974
15966.5185749849
15966.5185748131
15968.1541842578
15967.8015267478
15966.8305088762
15966.9587563348
15966.8676591962
15966.5185747903
15966.5521148843
15968.0553014441
15966.8685376573
15967.929343413
15966.5185747513
15967.74534378
15966.8108642682
15966.5185747915
15968.0896817284
15966.9671764363
15966.5185747856
15966.8255110907
15967.6937990626
15966.5185747862
15966.8147320216
15968.1375807315
15967.1030812806
15966.9356573081
15967.3281327919
15966.8927925199
15966.9658203651
15966.7127536407
15968.1422482498
15966.7995129836
15966.5185747832
15968.1357650445
15968.052736176
15967.5300791711
15966.7782012018
15966.5185747904
15968.1851279259
15966.6938821754
15966.5185747827
15967.4600337039
15966.6720494044
15966.6975985631
15968.0856472289
15967.926752611
15966.6489433974
15967.8209302113
15967.5848078417
15966.7189574427
15966.7913238375
15966.5185747801
15967.9042887855
15966.5185747835
15966.5185748011
15967.0671852419
15968.0877661618
15967.0581681938
15966.5185747792
15966.5185747671
15966.6858773855
15966.9599991191
15968.1953232701
15966.5185747803
15968.2213267037
15968.361974027
15966.7845124487
15966.5185747927
15966.8989234615
15967.9244154341
15967.9138700135
15966.5185747812
15967.1332713054
15967.5315554805
15966.8265989987
15966.5185747847
15966.6268194141
15966.827420438
15968.1479346383
15967.1298339069
15966.6526393489
15966.8173091611
15966.7909222894
15967.5910231219
15966.5185747825
15968.075215284
15968.3881065683
15967.3138219119
15966.5185747881
15967.9741162511
15966.9977764479
15967.6743106396
15966.7264799665
15967.8223679971
15967.631900172
15966.7602836217
15966.5185747808
15967.9921737577
15968.2111332699
15966.8532581642
15966.5185747757
15966.5185747814
15966.797131581
15967.819298796
15966.518574783
15968.1046332037
15966.5185747845
15967.0645107195
15966.518574781
15968.0288777838
15967.5779281982
15966.9531253572
15967.962006308
15966.8565654241
15966.8325633764
15966.9369158997
15967.7241302937
15966.5185747813
15967.710906868
15966.5185747921
15966.9970537391
15966.5185747914
15967.0799276182
15967.7105658479
15967.4965063791
15968.1116065979
15967.8067491557
15966.5925010954
15966.5185747861
15968.0895701867
15966.5079836899
15967.6487410754
15968.3397840595
15967.8625451816
15967.8835272265
15966.5185747865
15966.9348458056
15967.0438741542
15968.274445672
15967.655971474
15967.7394381564
15966.5185747828
15967.8128669166
15966.684653466
15967.6708017132
15966.6967225289
15967.6698274401
15966.6164833415
15966.4177043725
15966.4953235457
15968.126839549
15966.5185749064
15967.906206084
15967.5573790323
15967.7332541396
15967.7359026456
15966.6320173087
15967.7486573048
15966.5185747898
15966.7019204589
15966.7305688382
15967.6481697891
15967.9072512164
15968.0395080921
15966.7970850989
15967.7055168312
15967.7961885363
15966.9284355954
15968.1402982757
15966.5185747801
15966.5185747857
15968.0924013794
15966.8384883383
15966.730901993
15966.7111448061
15967.7202593511
15967.7495030144
15968.0115718178
15966.6733580381
15966.5185747832
15966.8198821152
15966.518574773
15966.5185747853
15966.7642540416
15968.5149950386
15966.5185747979
15966.706289402
15966.7538782058
15966.8701530264
15968.1280835349
15968.138501027
15966.5185747879
15968.4338688119
15966.5185747746
15966.9697496323
15967.2245971383
15966.7555469228
15968.8590729707
15967.1328403502
15968.2262676822
15968.3417593519
15966.5185747829
15966.5185747845
15966.8491395553
15968.3692531964
15967.030669155
15966.5185747834
15966.9055354039
15966.5185747807
15966.8470253631
15968.203557778
15966.9741041912
15966.7753641223
15966.7169351144
15966.5682328702
15966.5878293441
15966.5110711162
15966.5185747917
15968.135121454
15968.2295571197
15968.5877776385
15966.8255098542
15968.0694596151
15966.5185747878
15966.9069750723
15966.7440099693
15967.834762102
15967.0615447968
15966.5185747803
15967.8572096545
15966.5185747642
15966.8100650053
15968.144831509
15968.0867765547
15966.5185747836
15966.5425945424
15966.6096586412
15966.854958646
15967.9029906479
15968.250377862
15966.5185747838
15966.9381627509
15966.5185747828
15966.6437515936
15966.9602191111
15967.9172159972
15966.6079914226
15966.7903064665
15968.5470289054
15966.823520788
15968.1996657939
15966.9842853361
15968.2782514606
15966.774686466
15966.5185749702
15968.6978413753
15966.965197368
15966.8776838618
15966.5185747748
15968.0706822499
15966.7863503781
15966.9782483096
15966.5185747846
15967.0784168617
15967.0340528833
15967.9544312215
15967.9937539419
15966.5185747887
15966.9389099978
15966.6456587667
15966.5268300853
15967.8396237204
15967.6038785534
15966.5783757956
15968.0883771717
15968.1625111975
15968.0458170502
15966.8101840708
15966.5185746653
15968.4738739069
15966.5185747877
15968.3441004798
15966.9336104312
15966.5185747838
15966.8858000469
15966.5185747885
15966.8941915024
15967.1295552179
15967.9691103605
15967.0302612377
15968.370140986
15966.5185747907
15966.9448782945
15967.5200844973
15966.876406492
15966.518574781
15966.8988298822
15966.7870497877
15966.5185747855
15966.8442927283
15966.9364464623
15966.5185747835
15966.518574783
15966.5185747924
15966.7639178044
15966.507937352
15968.1331125262
15967.516459867
15966.8662748607
15968.0683486336
15967.8464632982
15967.7585492003
15966.9412277534
15966.518574778
15966.8960618487
15967.6654039361
15967.3334773673
15966.5185747734
15966.7754659989
15968.0739296863
15966.5185747832
15966.7382403295
15967.8597793622
15966.8509765067
15966.9801917643
15968.1152565447
15966.7823298468
15968.0512262544
15967.7953815244
15967.9723025129
15967.6517346648
15966.633092084
15967.6394533471
15967.9367401208
15966.8578846397
15966.5185747788
15968.1549501432
15966.8745796346
15968.0029494898
15968.0764826278
15966.5185747797
15968.1235928949
15967.8947698874
15966.8194312305
15966.5185747886
15968.0758617862
15968.1542037109
15967.9809632593
15967.8744947603
15966.5185747782
15967.0553661421
15966.9544730653
15966.9490198842
15967.4177482184
15966.8774879952
15968.2960138495
15966.8750555469
15966.73455282
15966.9241837117
15966.5185747928
15966.8298633869
15966.5185747871
15966.9842414136
15967.0353994623
15966.5185747863
15966.8276309606
15968.377045093
15966.5185747826
15968.0975968751
15967.1587934338
15968.2647574727
15967.0172429542
15968.1013349624
15966.518574781
15967.0328408243
15968.285910323
15966.7313117637
15968.3095206875
15968.4399372979
15967.1159546613
15967.1048535015
15967.0363917589
15966.5185747838
15968.3984690151
15966.5185747937
15966.5185749913
15966.8158214466
15967.8891307927
15968.1106561908
15966.9653750795
15966.6976345551
15967.0087134494
15967.992402514
15967.5841565465
15966.5185747769
15966.9717911372
15968.0081641114
15966.6729679882
15968.2498006205
15967.6529555291
15966.5185747929
15966.7882053782
15966.5185747911
15968.5450424956
15966.8204076753
15966.9728619944
15966.5185747942
15966.5185747798
15968.2060011393
15966.9321146503
15968.1967349463
15966.5185747924
15968.0643696214
15967.8188128244
15967.8332448974
15967.9629379769
15968.0045169143
15966.5185747936
15966.5185747834
15968.1436333637
15966.5185748053
15967.920038365
15968.0911999881
15966.9805089633
15966.9922355928
15966.5185747844
15967.8863555395
15967.1575194836
15966.5185747902
15968.3519002723
15966.2772333342
15967.8262040798
15966.5185747881
15966.5284751908
15968.009035105
15967.6259878685
15968.2661577803
15968.3132406779
15966.7237124144
15966.5185747915
15967.8855005601
15966.5185747787
15967.8135293004
15967.8993729231
15967.7916339833
15968.1962138654
15966.8271707063
15966.8722922115
15966.5185747839
15966.9584437586
15968.0935779435
15966.7900072492
15967.9799961774
15966.6387352771
15967.8977579253
15966.2227858425
15966.8306147285
15967.7424456841
15966.7692064024
15967.6891598951
15966.715548493
15966.5185743342
15967.8238799706
15967.5527283936
15967.347631736
15967.9142404361
15966.4293078135
15966.518574792
15967.9158866465
15967.6894680833
15966.6813667296
15967.7570338146
15967.4995404121
15966.5185747855
15966.6474244696
15966.5185747865
15966.580954486
15966.8595564588
15966.4628458752
15967.2417665658
15966.5184995654
15966.6055724439
15967.8373104172
15966.7007762221
15968.0219328224
15966.5185747811
15966.7981787286
15967.9769720329
15966.8650651913
15966.5185747883
15966.8957971539
15967.8467904198
15967.7206469354
15966.5185747704
15967.5913499746
15966.8844778379
15967.8426503428
15967.975765482
15967.744107028
15966.5185747894
15968.0229219802
15966.9772606736
15966.5185747908
15967.0259371701
15966.5185748022
15967.7028638828
15967.8433361462
15966.62267934
15966.984622075
15967.812564379
15966.7311167413
15966.7495876588
15968.2098694435
15967.058694163
15967.0184575643
15966.9365869448
15967.0439140258
15966.5185747952
15966.9126956109
15966.6851613558
15966.5185747855
15968.0792675197
15966.9068168666
15968.1225665931
15968.1489138814
15967.5892700727
15967.8939400276
15966.5185747846
15966.6469610302
15966.5580396862
15968.0745575887
15966.8303196538
