# type 2 occupying volumes
15965.7802287588
15965.8496778915
15965.1960114667
15965.6297454322
15967.1139959185
15966.0166374751
15966.3196881656
15967.1139959197
15967.1139959118
15966.1583713179
15967.1525284345
15967.3629099458
15967.4012155398
15967.1139959121
15965.7015835161
15966.1516691337
15965.8641311956
15967.1139959174
15967.3630442161
15966.2630724227
15967.2422254783
15966.1049471443
15967.334692573
15966.0915848499
15967.1139959129
15967.1139959269
15967.113995912
15967.1139959217
15965.6687476391
15966.0184190567
15965.3415857186
15967.3084431695
15967.5358023687
15966.2761842709
15967.5468517869
15965.542639344
15966.2150607206
15966.318555314
15966.4084506824
15965.8032762786
15966.2164324859
15967.3741215141
15965.820690132
15965.4118043024
15967.1139960393
15966.1239176882
15967.113995916
15967.1139959212
15965.7137682447
15965.9528227979
15966.1489788316
15966.0835656167
15967.113995991
15965.4712266715
15967.1637851544
15965.7961698311
15967.1139959247
15965.7439638089
15965.8102662217
15967.113995923
15965.8580932619
15965.7464577558
15967.1139959171
15965.6883276663
15967.3847429531
15966.2246298016
15967.2478890928
15966.2466824494
15967.1139959178
15966.1982333679
15966.1976973014
15965.3104531856
15965.9595714236
15967.1139959201
15965.4085891954
15965.3652082826
15965.5653499715
15966.0195074177
15965.7229678844
15965.7318808577
15967.1139959094
15967.1139960062
15965.76031141
15965.8109509034
15967.1139959202
15965.8282276949
15967.1139959087
15967.3489351828
15966.1579282411
15967.113995919
15967.4144114811
15967.5671090001
15966.1193422213
15967.4719834559
15967.4244642525
15965.7490788115
15966.1975715702
15967.1139959197
15967.3769288707
15966.1156355023
15967.0830240977
15966.2926960083
15967.2513050006
15967.3447962407
15966.1277797367
15966.3800370427
15967.2540742544
15967.40172202
15967.1139959114
15967.1139959182
15966.3418766711
15967.1139959236
15967.2746191565
15967.3567170948
15967.4142157611
15966.3325469453
15967.1139959178
15966.0813015298
15965.5658383789
15965.6581825313
15967.1139959094
15965.9804081668
15967.113995919
15967.1139959202
15967.4003609572
15965.8079648482
15966.3978223636
15967.1139961176
15965.396336138
15967.1139959491
15965.6509099132
15967.1139959251
15965.9052526162
15965.8845467964
15965.9428822892
15967.3472349513
15966.4350354593
15967.1139959239
15966.2738538376
15966.4631745519
15967.4327844195
15965.8912488595
15965.7037500242
15965.7047531972
15966.367526228
15967.4522877003
15967.4815245145
15967.6445202908
15965.9349837006
15965.2085577742
15967.1139959144
15965.8532607247
15967.5294791229
15966.5002041973
15966.2832354873
15967.3400884952
15966.0843811632
15965.7350815558
15966.3485785781
15967.4406198046
15966.0197092955
15965.7100442867
15967.485015763
15965.9104249327
15965.3892296786
15966.3188151522
15965.9305354329
15965.9825758685
15967.1139959111
15966.1923859975
15966.3380035892
15966.2116248825
15967.3151927277
15966.386191007
15966.0829294304
15967.113995918
15967.3684619576
15967.2446070975
15967.1139959225
15966.071014604
15966.2111130915
15965.8663644753
15967.1139959103
15966.1995751811
15966.3541846781
15967.1594037939
15967.1139959134
15966.2528127923
15967.3302792738
15967.1139958726
15967.3256412844
15966.2740856103
15966.4368038437
15967.4485840634
15967.113995964
15966.1891645253
15967.3228008685
15966.3402588865
15966.101547088
15967.1139959177
15967.2039477746
15967.1139959208
15966.1524845001
15967.1139959175
15967.1139959196
15967.2448261479
15967.1139959164
15966.0473752539
15967.2915829119
15967.1139959159
15965.8216458829
15965.9384810544
15967.3576471013
15966.1583066167
15967.4836789722
15966.2469448917
15967.3743947099
15965.7309689063
15965.3442858567
15967.1139959119
15966.0426609945
15965.9358491564
15965.4968523642
15966.0310916189
15967.1139959298
15965.4910637689
15966.1832872619
15967.1139959251
15967.3403370879
15965.7169578602
15967.4450300559
15967.1139959126
15965.5080230799
15965.7978870241
15965.9802304422
15966.1707373826
15966.2299322475
15966.2468805762
15965.988370982
15966.1303750232
15966.2224762081
15967.1139959194
15967.1139959189
15966.1657705928
15966.2328269751
15967.2844332651
15967.2620433151
15967.1527278916
15967.1139959161
15966.3259038361
15965.8833927055
15966.1051764356
15967.1139959158
15965.9797367188
15967.4652593266
15967.2627849424
15967.113995915
15966.4279440388
15966.3231977792
15967.1139959225
15967.3151151074
15967.1139959137
15966.0011846047
15967.2749352237
15967.4201144725
15965.6313592818
15967.1139959207
15966.3538780468
15967.4811983176
15966.1398417517
15967.1139959231
15965.5838655678
15965.5653047072
15965.7328301119
15966.1969771508
15967.5098092562
15967.1139959192
15967.1139959134
15967.38670124
15965.8258110278
15967.3235843441
15965.9999528649
15965.7649081372
15967.3213342762
15965.5840857461
15965.909572222
15967.1139959124
15965.3005292494
15966.0496774956
15966.1626579895
15966.3360223208
15965.3240067884
15967.3172532095
15967.1139959187
15967.113995919
15966.1032852036
15967.1139959111
15965.6177823316
15965.1606482614
15967.1139959189
15965.8458183611
15965.8891568888
15965.8539887975
15967.5396436141
15966.1287984924
15965.4182358638
15965.6821612021
15966.3322540174
15967.1139959173
15967.1139959067
15965.452622531
15966.2346771045
15967.1139958746
15967.2445896469
15967.1139959203
15966.2725683016
15965.980062832
15966.1529042002
15967.2003011801
15967.1139959278
15967.4374706023
15967.1139959151
15966.3083304397
15966.0167113803
15966.3983830692
15967.113995916
15967.2153326846
15967.4224691506
15967.2446836041
15967.4982157922
15965.8448453455
15967.1139958385
15967.3067267085
15966.2802357192
15966.2707437357
15966.3918674697
15967.2588337903
15965.7199186534
15966.3338292258
15965.9495920791
15966.0232988568
15966.3807640613
15967.436986087
15967.1139959202
15965.3647982407
15965.8953716974
15965.5270546573
15966.3988076812
15967.5040105102
15967.4285936385
15965.6241247422
15966.1519724333
15967.1139959173
15965.9675252454
15967.113995919
15967.3165315495
15967.3540063856
15966.1049566243
15966.2569448749
15965.8184480285
15965.7249206603
15966.0457384522
15965.7400803392
15965.922444055
15965.3646363766
15966.257424152
15967.3042363304
15967.2055380921
15966.07101776
15967.1139959148
15965.9706338557
15965.9131999242
15966.3575380393
15967.1139959201
15967.1139959198
15967.1169638964
15966.4580931519
15967.1139959095
15967.1139959193
15967.1139959113
15967.2190018282
15966.0287671302
15966.0290712762
15966.2141597068
15967.0440405076
15967.1139959189
15967.1629194577
15966.2668409477
15966.3283539985
15967.099604324
15967.1139959208
15965.9500543935
15967.3710551768
15966.1763305602
15966.254412689
15967.1177595263
15967.0988920359
15966.1080055256
15967.3526338586
15967.1139959191
15966.3801124711
15966.4972413509
15965.8986145093
15967.1818661196
15966.2113501553
15966.2532612652
15967.4069581373
15966.2291907944
15966.1886661249
15965.9246712235
15966.1698946079
15966.1779161582
15966.4086345593
15967.1976602655
15967.2418569054
15967.1952819024
15966.3091858868
15967.2809055671
15967.2558201597
15966.2349258135
15967.4042721864
15967.3476325105
15966.5434912434
15967.3782095734
15967.1139959041
15967.4162710363
15967.1139959106
15967.1139959232
15967.6680660661
15965.7279319176
15965.9256753659
15967.4177097037
15965.9188411037
15966.2390697478
15966.3919990115
15967.7162162727
15965.9712243529
15967.427211406
15966.0937085472
15966.0767632641
15965.8151287037
15966.2471245358
15965.8294785921
15965.5435035884
15965.6826472222
15967.5425969723
15966.090833319
15966.1167653027
15965.6938318857
15965.2665356602
15967.113995921
15965.7583375793
15967.1139959203
15965.8491104723
15965.5195040992
15965.9640818961
15965.843382453
15965.7915734672
15966.1471617415
15965.7267095955
15965.6055468654
15965.6014252821
15967.4216517104
15967.1139957997
15967.2161490968
15967.2787095056
15967.1139959206
15965.8576808037
15965.8278381799
15967.1139959162
15965.430582195
15965.7742268164
15967.1139959171
15965.5060685926
15965.9772224719
15966.0343048664
15965.347435146
15966.0958253338
15965.5062072927
15965.5541314813
15965.9037793981
15965.5067577398
15965.7242822023
15967.1139959123
15965.5174869855
15965.3447325817
15966.2002550972
15966.1674025258
15966.3688124515
15967.1139959189
15967.1139959214
15966.0570024724
15965.5874514537
15967.1139959209
15967.1139959097
15967.1139959164
15965.9137806314
15967.1139959111
15966.084541293
15965.9892426015
15965.8859114421
15967.1560934008
15967.1139959157
15967.1139959232
15966.0069436236
15965.4883177469
15967.1139959122
15967.1139959164
15965.6079365495
15966.1882195474
15965.4567057678
15966.1512198253
15965.8475414043
15966.0674405523
15967.1139959137
15965.8638574248
15965.807841775
15965.4863889145
15966.2286358214
15966.0252504745
15966.2746098316
15965.8746984894
15967.1139959153
15967.1139959233
15967.1139959126
15966.0930462705
15965.6001153435
15967.4415922022
15967.1139959199
15966.2439595898
15967.1139959194
15965.8689347429
15966.0807692246
15967.1139959169
15966.1284820074
15967.4405398966
15965.733990706
15967.1139960048
15965.8849474419
15967.5591066136
15965.823288627
15967.1139959219
15966.2735153193
15967.3555061445
15967.2916661679
15967.2526573482
15965.871757948
15967.1139959189
15965.8186976491
15965.7531494546
15965.9408389623
15965.7365236509
15966.3327306293
15965.9866712559
15966.2459344019
15967.1556486829
15966.3632622609
15967.312706269
15967.1139959153
15966.4248098473
15967.1139959174
15965.9298395555
15967.3124385553
15965.8150196
15966.2747882266
15967.1139959192
15967.1139959215
15965.5659107917
15965.4553957519
15965.6981400781
15966.0171472471
15966.0401912813
15966.2007311865
15967.1139959127
15965.7809173477
15967.1578208199
15966.4653162602
15967.2487806226
15967.2957198796
15966.4012756708
15967.1907522117
15967.3356070586
15966.0960751983
15967.1139959116
15967.2230602138
15965.9825916581
15965.921857255
15967.3860462402
15967.3465432107
15967.5641101472
15967.1139959217
15965.675376097
15966.151258838
15966.2671199357
15967.1139959202
15965.4441892039
15966.1099378244
15967.270368602
15967.1139959158
15966.2852822257
15966.1393454309
15966.2487991454
15967.1500221791
15965.8910055639
15967.1139959147
15965.7429387432
15965.4794887524
15966.396892995
15967.1139959212
15967.0905032878
15966.362027222
15966.2328298617
15965.7609780841
15966.0274260723
15967.4250836184
15967.1139959094
15967.1139959247
15965.8561842185
15967.1139959226
15967.2658130119
15967.1139959161
15966.1093994897
15966.4184302322
15965.8694309359
15965.809030834
15967.3546835518
15966.2543208128
15966.2305275382
15967.1139959157
15967.5987375573
15965.5503974538
15965.8028308306
15965.6204411421
15967.1139959203
15967.3422402517
15966.482646829
15965.9137859087
15967.1139959203
15967.2163813835
15967.270663501
15966.329611834
15966.206923684
15966.1233214402
15966.3024217901
15967.510349337
15967.1139959141
15966.0166242237
15967.5235387246
15965.9660149954
15965.9201435602
15966.189097739
15967.1139959199
15965.9201090742
15965.7585760642
15965.9286809754
15966.2291909729
15965.5252056132
15965.5637558419
15966.3308055369
15967.4693986158
15967.3751663359
15967.1139959125
15967.1139959216
15967.4572825914
15967.1139959143
15967.1139959207
15967.1139959141
15967.5217262832
15966.3393705828
15965.9741446107
15967.4242136906
15965.6682760453
15966.0297561905
15966.2670021617
15966.2925550678
15966.2638996045
15967.2371024422
15966.4750884058
15966.179697276
15967.3423893508
15965.7529969495
15965.9254406228
15966.0910114574
15965.9476236506
15967.4116529697
15967.1139959249
15967.1139959169
15966.0728710623
15967.6286253753
15967.2663624966
15966.2651777306
15967.1217698344
15967.3513524602
15967.2567394194
15967.2013411435
15965.9489048382
15966.3032767011
15967.44473234
15967.1139959138
15965.9972963937
15965.9635288438
15967.1722951186
15966.1322407458
15967.3005099677
15966.2476645332
15966.1580464462
15966.5046264527
15966.4287775735
15966.2797248561
15966.5220307885
15967.319158507
15967.1139959152
15967.3373096825
15967.1139959149
15966.2342926257
15965.9656010462
15967.1139959206
15967.2294044381
15966.1006733974
15967.1139959057
15966.0842484654
15966.1206152275
15967.5039008532
15967.3417210216
15966.2739621983
15966.1898334162
15967.1139959166
15966.1650031744
15966.229115402
15965.4392468944
15967.1139959126
15967.1139959239
15966.0091417668
15965.9906130582
15966.8621820465
15967.3289457964
15967.1139965628
15966.257609576
15966.2880214489
15965.6414293391
15967.4009617384
15966.1916150159
15965.7423185031
15965.6330852037
15965.5712774385
15966.2138032892
15966.0535011535
15965.8844410752
15966.3062012883
15966.1846461679
15967.3770160592
15966.1942137886
15967.3637098242
15967.2565517068
15967.3051699784
15966.2524101057
15965.4280111859
15965.4224983753
15965.8316283925
15965.6860619086
15967.1139959172
15967.113995922
15966.1810609214
15965.8629985187
15965.9131413692
15966.2350583717
15966.3497554768
15967.1139959096
15965.8734673954
15966.1144683152
15965.9048450738
15966.2920680117
15967.3006481797
15967.3121602889
15967.3004176646
15967.1139959077
15965.6882001669
15967.3974701091
15967.2863550054
15966.3972323295
15966.390678207
15967.3751290151
15967.1139959245
15966.1804717311
15967.1696597139
15966.239917809
15966.3036947344
15966.0816211797
15967.4627854522
15966.0737870415
15966.0015987636
15966.1684158608
15967.1863348122
15966.1847556699
15967.3397120322
15966.276306292
15965.6175614183
15966.0635731849
15966.104601282
15967.1139959096
15966.1093603327
15966.2955666215
15966.2747699292
15967.0764812704
15966.3214603273
15966.1975774987
15967.4899190392
15965.5931777525
15965.8200312877
15967.1139959131
15966.2437469465
15965.8404249402
15966.3491306162
15966.351087143
15967.0119313301
15966.1651632131
15967.1139959142
15967.1139959196
15967.415689769
15965.9844231026
15965.7310453836
15966.2181828338
15966.1252915078
15967.1139959247
15965.4560780436
15967.1139959133
15966.0106302934
15967.4273961226
15967.430039017
15967.1139959146
15965.681243554
15966.2270438173
15965.5408134711
15967.4626958328
15967.4168070663
15966.1677031032
15965.9307770016
15966.1594773315
15965.7140283329
15965.919802778
15966.2361001962
15965.8298036638
15966.4007250282
15965.734907295
15965.7787895943
15966.1701780504
15965.9625718406
15965.8441441539
15966.1945575927
15966.3132381656
15965.8075070497
15967.5244960935
15965.9395980562
15967.1139959168
15967.4035680616
15965.864937014
15967.113995919
15965.6976172665
15966.06746431
15966.2041754467
15967.1139959752
15966.0136736431
15966.2428104071
15967.4445300201
15967.4915659691
15966.2439838809
15966.4738626576
15966.4347720067
15965.991207697
15966.2704812567
15967.1139959195
15967.1139959167
15966.1281625297
15967.1139959172
15967.6286453348
15966.4978794497
15966.573604403
15966.1449272797
15967.311288073
15966.3318969819
15967.2281756112
15967.2080570291
15966.2756945281
15966.1925530457
15967.1139959207
15965.8069018818
15965.8238393702
15967.1139959193
15967.1139959216
15965.9096710014
15966.2970889427
15965.4942915662
15967.4851115547
15965.8549256743
15965.8324236368
15967.5216502835
15967.4677374909
15965.5143759897
15965.8374126161
15965.3428185544
15966.2858007202
15965.7752925578
15967.1139959213
15965.7567624527
15966.0523680657
15967.1139959964
15965.8602945793
15965.7502565675
15965.7922490749
15967.4583437016
15967.1139959238
15966.1423403439
15966.330533874
15965.9768347743
15965.4859006042
15965.5398317168
15965.74850497
15965.7428213865
15965.7636077032
15965.7915165544
15965.7853689712
15967.1139958777
15966.2100266622
15967.4357820728
15965.6984361365
15966.0673647615
15967.1139959227
15966.2845317178
15967.2786689046
15967.3289882729
15967.6383518232
15967.3848024396
15966.334538252
15967.4050473502
15967.6197792232
15966.2867026549
15965.4159617137
15965.902976832
15965.5524242412
15965.5940798019
15966.0335785067
15965.6413089053
15965.7566070393
15967.5314503217
15965.5638426505
15967.1139959134
15966.1115459125
15967.1139959152
15966.2015792794
15966.2437432368
15965.2041438361
15965.5710382259
15965.872265619
15966.1250104858
15965.3939025298
15966.2684853866
15967.1139959235
15967.1139959132
15966.3237370324
15967.1139959197
15966.1726374348
15965.5701725333
15967.4890588609
15967.1139959578
15967.1139959218
15966.0969647446
15965.8065686695
15966.2315293569
15965.7900784168
15966.3524532223
15966.3280791154
15967.5258169753
15967.340464776
15966.2914278028
15967.1139959168
15966.1337237645
15966.2557035396
15967.6042088367
15966.224198966
15966.2108945824
15966.2528782842
15966.0693800795
15966.2786654261
15966.174298998
15967.350484959
15966.2407609869
15965.6261031108
15966.7087500354
15966.2072041976
15966.2380314338
15965.8312915142
15966.343150784
15966.2268543556
15967.1139959259
15967.2690747879
15967.3747535665
15965.7759408615
15966.1623949678
15967.1139959237
15967.2879842065
15966.4019878986
15967.1139959183
15967.2752157218
15965.8819630698
15966.1127874781
15967.4914937878
15967.1139959214
15965.8136798756
15967.1139959201
15965.8674303019
15965.638796514
15967.1139959214
15965.710995258
15965.8794858261
15966.1731659565
15967.113995908
15967.3490942589
15967.113995909
15966.3434914846
15967.1139959207
15966.2625156872
15965.5555471011
15965.8518712947
15965.8709652743
15965.790041182
15965.698731781
15965.7571133363
15965.9621436457
15965.671301227
15966.2357874152
15966.0300483501
15965.8069071489
15965.7905734211
15967.4158117641
15965.5020468251
15966.0616510011
15965.2701940279
15967.1139959161
15965.7184632937
15966.2116306455
15967.3931612663
15965.5477719527
15965.6057258887
15965.5662333159
15967.1139959243
15967.1139959195
15965.464467903
15965.6836062157
15965.2653206947
15965.4376962994
15967.1139959147
15965.8704731185
15965.6750464354
15966.2180445597
15965.702649413
15965.715058109
15965.7340108503
15965.7385339832
15966.3646777344
15965.1235908052
15967.3109236966
15966.1993427294
15966.0729651417
15965.8501826536
15965.7362497922
15966.2419850146
15966.2906266682
15967.1139959154
15966.1249914188
15967.1139959167
15966.5886653588
15965.5705055114
15965.7222654873
15967.1139959159
15967.1139959155
15967.1139959239
15965.9361967232
15966.0193962838
15967.3366598193
15966.0482726452
15965.5296547772
15965.5278313031
15965.5326332662
15967.1139959779
15965.8063117555
15965.7371022833
15965.610338882
15965.7071719169
15967.1139959226
15965.9808243952
15967.4982802883
15966.3849231743
15967.4161047021
15966.0299333814
15965.590319362
15966.2568181787
15966.1681244901
15967.1139959194
15965.6561056569
15965.6430603612
15966.1459249321
15967.1139959152
15965.5395820411
15967.1139959208
15966.2997138381
15966.2148388375
15966.2295595872
15966.1360462813
15967.1139959224
15966.0012306886
15965.6184035043
15967.1139959155
15966.13942524
15965.5241125363
15967.1139960212
15967.1139959112
15967.1139959132
15965.7282022629
15965.7841200133
15965.4777361288
15965.8100881494
15967.11399592
15967.4003738539
15965.3785807675
15965.920577177
15966.1884446434
15966.1680750847
15966.2874391498
15966.1496915442
15966.2026654712
15967.1139959126
15967.1139959171
15966.0681097211
15967.2802545818
15966.3223174568
15966.3518141612
15967.1495600796
15965.6896261537
15967.4205920796
15967.1139959219
15966.1523077831
15966.2503203597
15965.9176172482
15966.3310415304
15966.4599655655
15967.1139959181
15967.1139959173
15967.3479330876
15967.1139959165
15967.1139959139
15967.1886774197
15966.2707858165
15967.1139959115
15967.2524097425
15967.219346576
15967.113995919
15967.0975718676
15966.0689136186
15967.2330660746
15967.4130300966
15966.2868393676
15966.2362666131
15966.2962973698
15966.2494605524
15966.3035516187
15967.2209088638
15967.1139959113
15967.2495966167
15967.1139959106
15967.113995927
15967.2160382041
15966.2151284984
15967.1139959167
15967.1139959161
15965.956259558
15966.2042785352
15967.1139959218
15966.2509630113
15967.2559722033
15966.1784947885
15966.1839003059
15967.1139959136
15967.1906729538
15966.1643017078
15966.1012792951
15966.2969734287
15966.1575658878
15966.2734010597
15967.113995914
15967.2691257524
15967.1253400656
15966.2763095891
15967.1139959197
15965.4587179839
15967.1139959147
15967.3928170117
15966.3037591775
15965.9419285558
15966.2668943627
15967.5360624253
15965.6908729839
15965.2292536318
15967.1139959121
15965.4369087576
15967.1139959179
15965.8794441659
15965.781262783
15966.39786733
15967.1139959421
15967.3803464602
15967.1139959124
15966.2021403163
15965.7964721886
15965.6899865084
15966.2542709545
15967.3050342544
15965.4198335235
15967.1139959246
15965.472032611
15966.0779111528
15967.1139959185
15966.187469905
15967.5184155089
15966.3161500051
15967.4803228342
15965.3964678718
15965.4626342135
15965.486628975
15965.7421645436
15965.7598688311
15965.7020983847
15965.438728923
15965.8872850436
15967.1139959207
15965.6370000444
15965.8871150044
15967.5228455002
15966.3634471263
15965.807805797
15965.6203315862
15964.8998828923
15966.157513967
15965.9296015508
15966.2273928276
15965.51130451
15966.0862765433
15965.9140869684
15966.2326921179
15965.6967250325
15965.6890796966
15967.1139959079
15965.3930595003
15965.8751606593
15967.2688333653
15967.113995915
15966.3420335733
15967.1269985874
15967.2054002077
15967.1139959156
15967.1139959129
15965.9957049148
15966.0198276588
15967.1139959139
15965.6631399763
15967.1139959994
15965.58721592
15967.3615474464
15966.434669885
15966.111595988
15967.1139959213
15966.0354211548
15965.4788954727
15967.1139959244
15967.1139960809
15966.220940518
15967.113995917
15965.8596711819
15966.0285841394
15966.0552507641
15965.8241710294
15967.3927946954
15965.7758751034
15966.1639356722
15967.1139959251
15965.9460727414
15967.1139959242
15967.3118239997
15965.8913736487
15965.739805132
15967.4299187304
15967.1139959196
15965.9288716242
15967.3687260318
15965.8462585642
15967.1139959156
15966.3238035468
15967.3735787388
15966.201482231
15965.8364778682
15966.1235998664
15966.0344144924
15967.113995925
15966.2360753102
15967.3502453558
15966.3748675538
15966.12699061
15966.3974884354
15965.0230699009
15967.1139959172
15967.1139959231
15967.1139959168
15965.8553556039
15966.179337105
15967.1782252531
15965.5979480102
15965.5463532925
15966.3714912196
15966.3341549226
15967.1139959579
15967.0171077405
15966.1427837827
15966.2088337395
15967.3499179315
15967.3690077253
15965.9492698944
15967.1139959215
15966.0187889443
15967.1139959113
15965.9225205362
15967.4970018671
15967.1139959335
15967.1139959129
15966.3783830802
15966.2519628236
15965.7471282263
15965.6267750352
15967.3172708656
15967.113995919
15966.0485486951
15966.3563124569
15967.3579034431
15967.1139959142
15965.9556819419
15966.3432106541
15965.8932091106
15966.1327032977
15966.0293746353
15966.2499445941
15966.5392532229
15967.4329746849
15966.5374106181
15965.5247463739
15967.1139959227
15965.9356105206
15966.3875950738
15966.3903273909
15966.195959663
15965.8984936843
15965.44859527
15967.1139959166
15965.5181400344
15967.4189514967
15967.1139959223
15965.6788767063
15967.3955541926
15967.3526942846
15967.1139959113
15965.9129612306
15967.11399592
15966.2754442282
15967.3079983139
15966.5057940385
