# type 5 occupying volumes
15992.1664745225
15992.2087157211
15991.1339897781
15992.6978594249
15992.0829764577
15991.9730948636
15992.3986015272
15991.2267641634
15992.200336004
15991.1755672313
15991.1339897694
15992.3794782453
15991.1339897736
15992.2207506172
15991.2447620177
15992.2777802481
15992.365412159
15991.133989717
15991.1756539765
15991.2097645672
15992.3260905869
15991.2768653765
15992.1521767773
15991.0969465868
15991.9021557754
15992.6169282133
15991.1043516976
15992.4883613163
15991.1339897686
15991.618272956
15992.4232129312
15991.452018465
15992.4327126123
15991.1339897713
15992.2299138126
15992.5338252092
15991.1321187062
15992.1448851828
15992.4536451812
15991.3500895561
15991.288364974
15991.3308997878
15991.5013264599
15992.5067361656
15992.7917931923
15991.3776994545
15992.8510654729
15991.1339897756
15991.4571830319
15991.6784327814
15991.1339897726
15991.133989779
15991.1339897615
15991.3252153762
15991.3017891227
15992.6190690922
15992.3074275899
15991.1339897776
15992.5524718098
15991.217302271
15991.1501739381
15992.3642456644
15991.4341724229
15991.435894797
15991.3154466454
15991.3124807197
15992.4234617592
15992.5028169098
15992.1965315527
15992.5951953521
15991.1339897711
15992.4746476446
15992.6682160396
15991.3362128957
15992.515684005
15991.1339897637
15992.4266146896
15991.5685783387
15991.7518675655
15991.6377930095
15992.6301561872
15991.1339897765
15992.5003452534
15991.1339897611
15992.4570907525
15991.3043310385
15992.3936556241
15991.1339897636
15991.3614766216
15991.4330764819
15991.1339897677
15992.0595809934
15992.633239366
15991.4224817108
15991.4516950512
15991.4101879879
15991.1339897688
15991.5363709577
15991.516173956
15992.542749691
15991.5303577226
15992.4275907294
15991.7101271484
15991.1339897753
15992.5179668206
15991.2070014536
15992.6686756429
15992.6547747297
15992.1929453519
15992.6889822955
15992.7535912964
15991.5234785645
15992.9574226203
15992.3295551871
15991.13398977
15991.4298051623
15992.6148243868
15991.1339897663
15991.5355795975
15992.5701921295
15992.4377231787
15991.2825449745
15991.34999342
15992.4052245804
15991.1339897765
15992.073581158
15992.4209721229
15991.133989766
15992.6055741059
15991.5099825909
15991.2275897519
15991.1339897688
15991.1404833548
15992.0304422544
15992.3612323899
15991.2797428603
15990.9851824642
15991.9918698432
15992.232584803
15992.0943471128
15991.5672187718
15991.133989775
15992.6989096778
15991.0884000567
15992.7225121168
15992.2642012091
15992.512281752
15991.133989776
15991.2095951182
15991.039317877
15991.7301724312
15991.8338358897
15992.2028503195
15991.2581925398
15991.1339897679
15992.44513905
15992.5329867121
15991.5194118701
15991.1339897744
15991.121648045
15991.1339897701
15992.3634224008
15992.2856887694
15991.8341187712
15990.6317919464
15991.2750648087
15991.0128090513
15991.1339897789
15992.4291492707
15992.4237822436
15990.7924977247
15992.2835962887
15991.1339897761
15992.1610392869
15991.4385525318
15992.3003757194
15991.1339897745
15992.5244825049
15991.5596286867
15991.6653400502
15991.1339897758
15992.324635743
15991.1339897769
15992.3274471943
15992.2036239148
15992.4614609498
15990.9361679753
15991.8283658436
15992.2698350944
15991.1339897744
15992.1319676747
15992.4742632999
15991.0880825194
15991.2360080806
15991.1339897658
15992.3648954446
15991.4917635149
15992.2754153088
15991.2599226103
15991.3196633017
15992.5341811514
15991.1339897681
15992.2023970944
15992.2736501346
15991.1339897746
15991.5522307825
15992.7509584474
15992.2502414387
15991.1339897667
15992.5060435055
15991.4509400002
15992.6923855848
15991.4979711498
15991.5845540745
15992.7559983875
15991.4428021917
15991.3538179516
15992.3756880099
15992.5093216137
15991.1339897683
15990.9879035955
15992.7398466987
15991.4415701977
15992.6152477869
15991.1339897732
15991.1339897773
15991.6178595045
15992.9749213088
15992.3284113001
15992.5670094481
15991.5074443484
15991.2145501868
15991.071440254
15991.1339897646
15992.7836491014
15992.1639583736
15992.8301061385
15991.133989777
15992.2107666114
15992.4046085694
15991.4227876764
15992.2047196247
15992.7034470167
15991.5707238755
15991.5879687477
15991.1339897694
15991.4960388173
15991.1339897762
15991.5726773708
15991.5838254438
15993.4897578189
15991.5027953117
15991.0599571285
15992.2530956572
15991.3636247332
15991.4948512015
15992.6169191294
15991.9514127167
15992.6343272984
15991.4732747707
15992.6018445564
15991.5819203976
15991.289419151
15991.3781498191
15992.7854866267
15992.8180749145
15991.5651045602
15992.8272603576
15991.5874850726
15991.3156441129
15991.1339897732
15992.3459880208
15991.4603499701
15991.4167300495
15991.6237077821
15991.1339897681
15992.8064330486
15991.2687715068
15992.60127999
15992.5846725621
15991.3691372042
15992.4468668916
15991.3684439668
15992.2688698427
15992.8255108962
15992.6204602555
15991.1339897667
15992.2260400961
15991.5114326471
15992.7755011936
15992.1288507098
15992.2930952447
15991.1339897635
15991.4110245152
15991.5217103224
15991.4837513301
15991.4579328326
15992.6228158178
15991.5007835439
15991.6436416625
15991.1339897633
15991.2916415163
15992.1124351504
15992.1460444309
15991.8600170361
15991.0134645261
15991.3867989338
15991.4875306475
15991.5037689338
15991.3441369845
15991.3710092653
15992.502616048
15991.1339897747
15992.1843739472
15990.8173657062
15992.2768630127
15992.0663963643
15992.3363982194
15991.1339897676
15992.3413059324
15992.3364561142
15992.6096981279
15991.2094423599
15992.3350505948
15991.1558972703
15992.4626347764
15992.2278641694
15991.1339897738
15992.0487229843
15992.6289569114
15992.177922539
15991.3353634955
15991.1339897736
15992.6908284273
15991.3670447076
15992.8006185091
15991.5932501033
15991.4678839382
15991.37297594
15992.3291920581
15992.4498687408
15991.5789249061
15991.6275584466
15991.1339897635
15991.5685757034
15991.5343565754
15991.5145955221
15991.1339897698
15992.1662089787
15992.9178413715
15992.8033626892
15991.580213534
15991.1339897822
15991.383938236
15992.8632020539
15991.4121771616
15993.0747396692
15991.6654231225
15991.3065515327
15991.2281420508
15992.4422348208
15991.1339897655
15991.3100614524
15991.4139435729
15991.1339897498
15991.4104370631
15993.1588307586
15992.918902673
15991.2435603838
15992.5344005986
15991.1339897703
15992.4727880237
15992.1317398023
15992.1816674219
15992.4986204344
15991.3794364808
15991.286477809
15991.5865166258
15991.3644127763
15991.7288500524
15991.3413503762
15991.1339897686
15991.3956979003
15991.133989768
15992.4120808879
15991.133989763
15992.2467848312
15992.7098318133
15992.8553362776
15991.2340758832
15991.1339897746
15991.4722360494
15992.4597603815
15992.4633511194
15992.2829432233
15992.5517536865
15991.2772497238
15992.6031990155
15991.1339897659
15992.6899278906
15991.1339897648
15991.133989765
15991.4856834726
15991.1339897747
15992.5586625168
15991.3107146563
15991.1339897753
15993.0476018119
15991.1339897732
15991.4471929292
15992.6216916791
15991.1339897678
15992.6601673974
15992.3873222138
15992.4094841341
15992.2348703385
15991.1339897778
15991.400551795
15991.4852725375
15991.1837191197
15991.4288072005
15992.4813707373
15991.0893503796
15992.4786343959
15991.3922699297
15992.7287566357
15991.5264592397
15991.3214005765
15991.133989774
15991.0262618009
15992.920306878
15992.872185413
15991.6436701499
15991.5669672052
15992.838697766
15991.665408996
15991.4890554314
15991.5204949096
15991.1339897653
15992.4525514591
15991.3657745855
15992.8193233409
15991.2844820422
15991.1339897926
15991.1931650685
15991.2934345869
15991.6352087211
15991.1337178828
15991.5346191232
15991.2000645422
15991.1837191176
15991.1829256299
15992.8041958675
15991.1339897605
15991.5596106271
15991.1339897749
15991.1339897773
15991.3031786522
15992.7707799084
15991.2037319833
15991.1339897775
15991.138027917
15991.1339897818
15991.307146238
15991.5110408263
15991.1339897726
15991.1872941285
15991.4617884474
15991.1337178897
15991.1337178893
15991.1789438234
15991.4847402557
15991.2441435215
15991.5046317002
15991.0761649398
15991.3730592727
15991.1339897764
15991.2588615246
15991.3533546236
15991.2654807387
15991.7424964703
15991.4322048379
15991.4298390253
15991.1339898323
15991.4149077858
15991.1339897645
15992.7787697514
15991.1339897786
15991.4731415292
15991.3562534067
15991.5491550551
15991.6728390714
15991.2726112714
15992.3589575465
15991.1603937974
15991.5788303429
15991.5620071275
15992.5323445526
15991.566917239
15991.1339897773
15991.6132195981
15991.133989773
15992.3407187462
15991.4255170423
15991.4505170786
15991.5242416213
15991.0761649298
15991.4859878361
15991.1339897744
15992.8842582401
15991.5128943588
15992.7650131785
15991.4651678245
15991.1339897771
15991.1339897755
15992.4454051624
15992.750465076
15991.5692073508
15991.1339897742
15993.2106558115
15991.7017611761
15992.7248998355
15992.6817638802
15992.7412596826
15991.4927708696
15991.133989775
15991.1339897805
15991.346406824
15991.4586105861
15991.4453898346
15992.7838896452
15991.2711207989
15991.1339897837
15991.4531595995
15991.1339897736
15991.1339897707
15991.1339897697
15991.2126194579
15991.1437096617
15991.4180694053
15991.4644268599
15991.3231445866
15991.1339897671
15991.3693528818
15991.4296883722
15991.1339897682
15991.1339897687
15992.061348904
15991.6148386685
15992.4614503823
15992.2612790292
15991.1549193411
15992.0761155882
15992.3987207944
15992.2428713487
15991.2588292337
15991.1339897691
15992.2887921141
15992.4269267407
15992.5942690832
15992.7436593735
15991.1339897743
15991.0408230737
15990.8932589617
15992.3055788653
15991.1339897768
15991.1339897647
15991.1339897671
15991.6224074731
15992.1194936886
15992.4054187628
15992.3069908384
15990.9098621751
15991.7914979859
15991.0119792162
15992.2248203224
15992.2825345021
15991.2087032056
15991.8515635389
15991.5959304349
15991.4509146785
15991.3566294317
15992.5367735393
15990.8093040626
15992.0867333796
15992.082070475
15991.2554899815
15991.1339897733
15992.8171266648
15991.2842134965
15992.2022186117
15991.5197362815
15991.9031330641
15991.0069156633
15990.8558132183
15992.0084627803
15992.2337314339
15991.2551077999
15991.1339897756
15991.3378211133
15992.5830352545
15992.6219213753
15991.1339897696
15991.2305666197
15991.1339897771
15992.833483373
15991.1339897719
15992.3566859571
15992.1212138518
15992.6916524712
15991.4654311398
15991.5187169484
15992.8477210632
15992.5115573661
15991.3482143239
15991.4806132157
15991.133989768
15991.5766311435
15992.5427607389
15991.5013739312
15991.1339897692
15991.5284723213
15993.0563134638
15991.4978710108
15991.1339897698
15991.4127286141
15991.1339897695
15991.3044542062
15991.2750159616
15991.7207490591
15991.6178424852
15991.6439443956
15992.8047674241
15993.2017399268
15992.5907141685
15991.1339897387
15991.1339897705
15991.6210773375
15991.1339902617
15992.8268650936
15991.5395781199
15991.5759398188
15991.6142472296
15992.2271254252
15993.0081749039
15991.1339897692
15991.0761649254
15991.5245359678
15991.5798052256
15992.631017965
15991.5286487055
15991.5008116195
15991.5225543104
15992.9249612594
15992.5646275615
15991.487648008
15991.4855168523
15991.4685458514
15991.1339897616
15992.4757493168
15991.1339897752
15992.7568673941
15993.2832463876
15991.377826904
15992.5167992781
15992.3909178552
15992.5021376557
15992.2825888581
15992.5527813936
15991.1339897764
15992.7987872252
15991.2415161147
15992.1090230477
15991.9655373301
15992.0984653188
15990.9312829713
15992.3390376842
15991.4666877215
15992.1167115208
15991.0144704299
15991.5160424507
15991.3197271423
15992.5686049881
15992.3999647053
15991.335811977
15992.7188963046
15991.3634680907
15992.5960110132
15991.13398978
15991.2314735633
15991.13398978
15992.2624120172
15991.1101285642
15992.397264971
15992.3777537106
15992.1917976114
15992.4541285074
15992.4071640228
15991.3685299564
15991.1339897591
15991.438905987
15991.4013263464
15991.1339897758
15991.192130538
15992.1524822284
15992.6528712022
15991.0413073014
15992.2991476776
15992.4817121948
15992.2362621482
15991.6446980046
15992.5540709699
15991.6074848767
15991.1339897694
15991.1339897709
15991.4768127229
15991.133989778
15991.4601158057
15992.2888149593
15992.6231379813
15992.473295826
15991.2450859182
15991.4142176169
15992.2086409284
15992.1613282983
15992.8208428231
15991.297847779
15991.1339897736
15991.1339897716
15992.6026635404
15991.4951018515
15991.1339897717
15991.1339897664
15991.595244022
15992.1135921861
15991.3520583999
15991.3169934076
15992.065303407
15992.120025554
15991.1339897673
15992.6298910907
15991.3439320148
15992.2720762986
15991.4510666097
15992.2463514176
15991.133989772
15992.5874931893
15991.3565335297
15992.6816841494
15991.1339897808
15991.5625644454
15991.321127831
15992.0922362664
15992.5310678557
15992.4344448433
15991.1339897552
15991.5434211062
15992.3654360551
15992.3406515151
15992.3055703973
15991.1996118908
15992.6691833143
15992.5451150268
15992.2528141959
15991.133989773
15992.1766815162
15992.0798105838
15992.2204037094
15991.4412699854
15992.4491286784
15991.133989776
15991.1339897809
15991.3479043813
15991.3408113402
15992.5297235949
15991.60300398
15992.7721925133
15991.1339897773
15992.4545710621
15991.2809520332
15991.3908391778
15991.1465521293
15991.6098037851
15991.1339897722
15992.3197124119
15991.1339897759
15992.5837470137
15992.4422498799
15992.3641693133
15991.1339897686
15992.3126583127
15992.1600939978
15992.0515242422
15991.4432225436
15991.1339897791
15992.1572930298
15991.2425636707
15992.2737639472
15992.2629245472
15991.4067216959
15992.1044736254
15991.4265879967
15991.1339897805
15991.5167906937
15992.584797642
15992.6587389161
15991.1339897653
15991.5585971502
15991.6450567561
15991.1339897688
15991.7384686579
15991.5554786237
15992.3293246531
15991.0153954459
15991.3083234297
15991.1339897701
15991.7349131763
15992.5697751669
15992.7350235215
15992.58607835
15991.1339897691
15991.5673779954
15991.5667580702
15992.0616818114
15991.1339897655
15992.4176583484
15992.0756179727
15991.3315487768
15991.5755745188
15992.168054558
15992.6479023896
15991.4654601904
15991.4885538725
15992.3918823582
15991.5833364018
15991.6704733805
15992.7555717284
15991.1339897758
15991.5673601077
15991.8852536841
15991.4096808579
15992.2104971061
15992.5549719646
15992.4683845509
15991.1339898355
15991.1339896314
15992.4726636036
15992.1056409734
15991.5724588537
15991.2745012479
15991.3354599141
15992.5246081457
15992.2938791536
15992.1568910356
15992.4717775623
15992.8203231906
15991.1339897638
15991.1339897556
15992.8660826864
15991.3000085738
15991.1339897688
15992.1495991703
15991.3838643959
15991.2172484515
15992.6834826964
15992.4671764588
15991.5499964255
15991.1339897596
15992.4085655594
15991.3471395381
15992.2874982653
15991.4092971264
15992.3510536393
15991.1339897767
15991.4122887691
15992.2392372159
15992.200424309
15992.4145550984
15992.2193659656
15991.0813076763
15992.6694480812
15991.1339897616
15991.1339897745
15991.1339897672
15992.741323764
15992.3699293674
15992.212565221
15991.1208684105
15991.4494483169
15992.5559322276
15991.5180271793
15991.1339897665
15991.6462562123
15992.665464147
15992.5891993185
15991.5378842657
15992.4471536315
15991.2968537151
15992.6357389974
15992.9229961553
15991.133989762
15992.751111387
15992.6967793485
15992.4887824054
15991.4783128795
15991.2104660434
15990.759333345
15992.2036267473
15992.2677744556
15992.1246023224
15992.2137959055
15991.159679663
15991.9700434855
15992.4001460906
15992.4101445704
15992.1561595819
15991.1339897675
15991.3213495702
15991.7413982042
15990.9302268613
15992.4470364729
15991.4470667838
15991.1339897788
15991.2860324641
15991.3214372555
15991.4159494579
15991.1339897759
15991.4531548185
15991.1339897745
15991.133989777
15991.0302972813
15991.2544784155
15991.9587252745
15991.2810269193
15991.0491578751
15992.0589035843
15991.1298191122
15992.0107251138
15991.133989303
15991.4105166339
15992.115551979
15991.37621772
15991.9165690127
15992.3608331383
15991.2306770152
15991.4302620649
15992.4030365963
15991.5486270045
15992.3735674347
15991.2125963788
15992.066636775
15992.2869639405
15992.4310376749
15991.4163454624
15992.2320072475
15992.4223672416
15991.1339897744
15991.133989796
15991.2706225045
15991.1339897711
15991.1339897755
15992.4325376467
15991.331688035
15992.8714704146
15991.2685080639
15991.1339897756
15991.572290797
15991.7039558499
15992.8504796327
15991.4196141819
15991.7143865029
15992.9208340598
15991.1339897701
15992.1827318111
15992.5743028073
15993.0570587364
15991.0850742877
15992.1504866487
15992.0471906216
15991.2617141956
15991.133989769
15991.499368156
15991.1339897619
15992.5414324499
15991.1339897677
15992.4042324612
15991.376994201
15991.4908959555
15992.2545827861
15991.5620882833
15992.6250093
15991.1339897702
15991.1302223267
15992.2755700882
15992.4039672505
15992.8703270428
15992.6033348388
15992.510521946
15991.7090506658
15992.7228592159
15991.4065537204
15992.6051942857
15992.1173116109
15991.1339897679
15991.1339897719
15991.13398977
15991.5683697054
15991.1339897701
15991.1339897755
15992.2856358784
15992.6735671436
15991.3989248579
15991.1339898465
15991.1339897763
15991.4692377874
15993.1567006031
15991.4852175811
15991.1339897684
15992.4075381971
15992.5706682861
15991.1339897653
15991.1339895751
15991.4781951657
15992.8136106887
15991.3384542384
15991.1339897655
15991.133989797
15991.3850787945
15991.1339897685
15991.3352793015
15991.1339897609
15991.5422156226
15991.4998411901
15991.1339897642
15991.3874515181
15991.4624624265
15991.3974253559
15991.1339897738
15993.3641078916
15991.570026481
15991.4708833825
15991.1339897729
15991.3587693834
15991.5677049908
15991.6211494608
15991.1339897707
15991.3663977423
15991.4300527919
15991.1339897721
15991.3686555599
15991.7721854382
15993.0032919387
15991.499901687
15992.964384323
15991.133989782
15991.1339897774
15991.2584384999
15992.4393393355
15991.1339897829
15991.4344222137
15992.6442666904
15991.4921361738
15992.4152378743
15992.3556635887
15992.9183919602
15991.4896941046
15992.7258915557
15991.295717283
15991.1339897691
15991.5279436013
15993.0769746536
15991.482227536
15991.5010113156
15991.4920332591
15991.1339897727
15992.7697518226
15992.4802067286
15991.1339897767
15992.5808307047
15991.5352442134
15991.4047959214
15991.4317922876
15991.5611949226
15991.5000116829
15991.1339898613
15992.9991922475
15992.4883682735
15991.1339897722
15991.4747010302
15991.1339897751
15991.2643049759
15992.1653660294
15991.1339897697
15991.6408033531
15992.823863755
15991.4650929924
15991.3821457458
15991.1339897679
15992.5004834412
15991.791919523
15991.2742189277
15991.1339897744
15992.5599877948
15991.4300896906
15992.5532291945
15991.6021215467
15991.1877664981
15993.226314552
15992.5190019649
15992.9366250535
15991.1339897709
15991.3050520518
15991.1339897628
15991.5056082506
15992.3672509918
15992.1820114704
15991.217007277
15991.259902813
15992.6218578352
15991.4784013053
15992.5880306771
15991.4953135989
15992.4546480017
15991.5298089893
15992.8819262018
15992.8366061271
15992.6097283433
15991.0156282566
15992.1292236744
15991.2051025697
15991.0448085359
15991.512511334
15991.5115409733
15992.3193583841
15991.5933430237
15992.4450922862
15992.4575937634
15991.076164928
15991.1339897658
15992.3341239657
15991.5797598743
15991.2506815436
15992.750876653
15992.6881631174
15992.3702162918
15992.4654232295
15992.7760075296
15991.1339897697
15991.1609444426
15991.1620164208
15991.436817971
15991.770747526
15991.1339897734
15992.7401289228
15991.1339897658
15991.4706597689
15991.5190697006
15993.027082803
15991.5009087438
15991.1339897694
15991.4335361457
15992.4160857313
15991.7023910697
15992.6079227007
15991.1339897652
15991.3941567738
15991.1339897725
15992.5846268926
15991.5002885586
15992.8016936373
15992.8631098005
15992.4966563676
15991.1339897686
15991.1171480075
15991.1339897798
15991.4664041768
15991.4583505298
15991.4456161509
15991.4991279075
15991.5463857821
15991.1339897687
15991.1339897742
15992.0361789973
15991.6889375995
15991.374322901
15992.676166641
15991.0761649237
15991.6769298886
15991.2889018173
15992.4577863883
15992.5294188364
15992.5640622249
15992.3284292717
15991.3475460556
15991.6547694909
15991.2944572478
15991.3502260872
15992.6015802786
15991.1339897688
15991.5787553485
15992.798751213
15991.3176432312
15991.3148800137
15991.1339897805
15991.3022808751
15991.7186694181
15992.7001282916
15992.9184451056
15991.4004719457
15991.1339897815
15991.1339897746
15992.480721279
15992.7920678107
15991.5034357082
15991.4506047007
15991.6529131462
15991.543459836
15992.887267905
15991.2581295714
15991.1247164854
15991.6255933388
15992.5934739719
15992.5969200934
15991.1339897712
15991.6624802951
15991.3883161671
15991.1339897757
15992.6649486301
15991.1339897749
15992.7357285546
15991.5523402574
15991.1339897636
15991.4382445168
15991.1339895697
15992.6790228861
15992.3799776288
15991.1339897713
15992.4043897082
15991.5653919403
15991.9906269205
15992.4365353451
15991.4819886903
15992.8119517314
15992.4861884475
15991.4679024651
15991.1339897702
15992.6813554967
15991.1339897704
15991.5565229674
15991.4333383012
15991.3559754367
15991.3745280843
15991.4841228129
15991.6291231896
15991.1339897744
15992.8207754841
15991.1339897773
15991.3560894285
15991.13398977
15991.371921236
15991.3926436867
15991.3146005411
15991.1339897685
15991.133989765
15992.5590101625
15991.133989771
15992.7530430122
15991.4369116468
15991.5547273522
15991.1339897628
15991.133989763
15992.6662053832
15991.7201790363
15992.921051377
15992.5346534315
15991.6788305989
15991.7501410061
15992.5701250715
15992.5600387594
15991.1339897666
15991.1339897773
15991.1339897582
15991.5464112923
15991.6334541186
15992.4841512791
15992.5354103715
15991.1339897379
15991.1339897648
15991.3878627973
15991.1339897654
15991.0812250433
15992.4664254299
15992.482926113
15992.747084817
15992.7724702239
15992.1415232955
15991.7350176285
15991.4926181908
15992.6142925595
15991.639220863
15992.0036568943
15992.0981349531
15991.1339897713
15991.0336220013
15992.4670418915
15992.3366600429
15991.2100589264
15991.1339897736
15991.1339897752
15991.1339897767
15992.6133717503
15992.7822538442
15991.1512280242
15992.3593479051
15992.4495931546
15991.1587560294
15991.4974983133
15992.3254264316
15992.3001462845
15992.3891439155
15991.1339897649
15992.186742598
15991.1147153737
15991.1339897689
15992.4966435252
15992.8256033336
15992.5869780573
15992.875316653
15991.4415247721
15991.5448715581
15991.1339897491
15991.40652375
15992.2608758558
15992.3362030265
15991.3395531685
15992.8051418067
15992.7201160932
15991.336364736
15991.5559642309
15992.1948624262
15991.1339897083
15991.4864800687
15992.4506185327
15992.1753330379
15991.4911881621
15991.1339897706
15992.7560449684
15992.0916139382
15991.3357873983
15992.3295269023
15991.4313123416
15991.2856425665
15991.6268054565
15991.3742980239
15992.1749900827
15991.4689946606
15992.5230081871
15992.3518783339
15991.2935311505
15991.1339897761
15991.2587175186
15992.3143932798
15991.385572047
15991.3940290856
15992.4644621474
15991.9414389546
15992.346810627
15991.3300265504
15991.1776619069
15991.5207715974
15991.5264041594
15991.1339897717
