# type 4 occupying volumes
15964.7560070395
15966.2301978311
15964.4200624607
15964.9363247583
15964.8831853026
15965.3627086147
15966.1537927504
15966.0070316245
15966.1437295292
15965.1437440546
15966.195312065
15966.0503685505
15964.9198628885
15966.1345724072
15966.0122132036
15966.2362607252
15965.066116
15966.1591621838
15965.094754474
15964.9973329142
15966.2157909195
15965.1437440492
15965.9047387894
15965.1437440463
15966.2572448469
15966.0972687023
15965.977075246
15966.1933145866
15964.7577070644
15964.8026697741
15964.9047659644
15966.3768745601
15966.4031206031
15965.14374405
15966.1245032567
15964.5843063503
15965.4157087402
15966.1770427968
15966.2559003989
15965.1437440554
15965.2772307939
15964.8434253003
15964.6126356357
15966.1727350677
15966.4962157911
15965.1990458069
15964.5533080783
15966.0507509125
15964.8058292654
15964.8028296231
15965.1437440599
15966.1346812354
15965.9344804384
15964.582651549
15966.3704279305
15964.9501694858
15966.248196547
15965.0464180301
15964.8343634135
15965.9978151863
15965.1033552569
15965.9470890891
15966.1192257571
15964.6936964357
15965.1437440578
15964.5531708537
15964.7154416642
15964.9852732102
15966.0064163778
15964.8342953368
15966.2238478431
15964.5025543879
15965.0829123447
15966.0887027535
15964.838270816
15964.6366055538
15966.2852948018
15964.7943626281
15965.0746429274
15964.7194211849
15966.5251042943
15966.1971631435
15964.6124000072
15964.3853590236
15966.4154084869
15964.6626134895
15965.0376968654
15966.1140856419
15965.143744065
15964.4813341854
15964.5993556678
15966.2607470107
15964.7921725618
15966.2987421926
15965.7809112203
15965.1437440538
15965.1211136134
15965.8484643355
15964.8851652179
15965.1437440398
15966.0926845049
15965.1437440646
15965.0443493102
15965.9385993853
15965.9257221004
15965.1437440597
15965.1437440529
15966.0485546897
15965.1437440876
15965.1108902867
15965.166252194
15966.1244330379
15964.6321132249
15966.3258537397
15965.9852430648
15964.545424604
15965.9618315056
15965.143744064
15964.6766872518
15964.9623306225
15964.8574108239
15965.1437440566
15966.0686870923
15965.9149273623
15965.8516793879
15965.1437440591
15965.1384126329
15966.1656715535
15964.4587662273
15966.0196568166
15966.0220158094
15966.3764423482
15965.139539032
15965.1134922347
15964.7816013614
15966.2873726995
15965.1437440635
15965.95832235
15965.1437440637
15965.7408907918
15966.2230192737
15964.5875386283
15964.9800151514
15966.1237368611
15966.1874844105
15966.0248472625
15966.2487312098
15964.8555063484
15964.6523971381
15964.6417790586
15966.2230080544
15964.7631521439
15966.3824910137
15965.1437440595
15965.1385885573
15966.1220917813
15964.67624375
15964.7821436101
15965.143744054
15965.85236599
15964.8614345876
15964.8311788177
15966.3668437822
15966.1212464572
15964.8012316356
15965.1437440569
15965.1698493382
15965.9483236152
15965.1437440538
15964.4498412987
15965.0609375764
15965.1437440247
15966.4906315268
15965.2324406513
15966.2487533664
15965.143744057
15966.3084307548
15965.9112348144
15965.9492820202
15965.1437440505
15965.9293951109
15964.7135565589
15965.9411766915
15965.1437440612
15964.7367927212
15966.0401935173
15966.0900343553
15966.1549412097
15966.2956131196
15966.2726364385
15966.0616692799
15965.1437440579
15965.1437440637
15965.4928723835
15964.9275684428
15965.1437440548
15965.2451624009
15964.6770968538
15964.9136903014
15966.1506989036
15965.1437440508
15966.29790784
15965.1073211749
15966.2912419659
15966.4143035169
15966.0415669218
15964.8954980326
15964.942401906
15966.1335651609
15966.3138450817
15964.7961373966
15965.0096411851
15965.9826049625
15964.9078710471
15965.9780403441
15964.9637904184
15966.2345794546
15965.1122983779
15964.6551263196
15966.1175590567
15966.1549543175
15965.082539089
15964.4985713997
15964.4663914601
15965.977728578
15964.5792552726
15965.1437440643
15966.0804001894
15965.9372338829
15964.7612648878
15966.3449110811
15966.0347242772
15964.6389713449
15964.934518814
15964.7481923601
15965.9107089938
15965.99394917
15965.9169721099
15964.7918412741
15965.1437440573
15964.8091920844
15966.138962261
15964.6889610628
15965.8634123279
15965.1437440513
15964.4505845853
15965.0166391561
15965.1437440649
15966.4823181234
15965.1437440581
15964.9557817512
15965.2976176059
15966.0801035307
15964.7282822412
15965.1437440532
15965.1437440494
15965.1437440605
15965.8572572518
15966.3277163826
15966.2331163209
15966.2963577543
15965.0500630915
15964.5653183211
15965.1437440596
15966.1760060869
15964.7545332705
15964.5758172917
15966.1101458226
15966.2044519848
15964.5897381638
15966.0183022578
15964.856885288
15966.0897019446
15965.2842264538
15966.1874091162
15965.1437440554
15965.1437440568
15966.1568325942
15966.0679193492
15964.8901204811
15965.1437440491
15966.3413958869
15964.7611872437
15966.2590306869
15965.1053438001
15964.9696650732
15964.605059197
15964.4914179155
15964.8274245992
15966.1775473304
15964.9657531801
15966.1739763243
15966.0346973221
15965.8813062975
15966.2612265564
15965.1437440483
15966.0012746037
15964.6218319353
15966.0874868373
15964.7320835034
15965.0459881463
15964.9841651687
15965.2837689354
15966.1358202943
15965.2244235595
15964.5609363346
15965.0134370568
15965.1437440626
15966.0998855011
15966.0243784657
15966.5522420683
15965.1437440548
15966.2806460903
15966.2389205734
15966.0503948594
15965.1437440554
15964.9711232731
15965.0164471347
15965.6276709812
15965.1437440505
15966.3394939121
15964.5926156683
15965.1437440603
15966.173200157
15966.0517878822
15966.041020439
15966.0758542857
15966.0647975425
15965.143744052
15966.0081405536
15965.1437440557
15965.1437440549
15965.6394264055
15966.0032210407
15965.143744068
15965.1437440504
15966.1733307976
15964.7494581366
15965.0129231693
15965.1661971301
15966.3979053447
15965.1437440563
15965.9400843652
15966.2979867421
15964.3878062339
15966.2180461204
15965.1437440132
15965.1437440575
15966.2539908744
15964.8660017777
15964.7867007719
15965.1437440605
15966.0935218041
15965.02258821
15965.3734667233
15966.0621041847
15965.9586789393
15965.9075013833
15965.143744059
15966.3978630573
15966.1547778282
15965.1437440659
15964.9052108659
15965.4563236348
15964.3397244716
15965.1437440554
15965.6201550253
15965.1437440586
15965.3441225757
15966.3048132771
15965.4917700847
15965.015047525
15965.293085215
15966.0278034008
15966.3179819354
15965.14374405
15965.1437440499
15966.2385682153
15966.0718519918
15966.0493429049
15966.168388599
15965.1228041271
15965.1437440162
15965.1437444524
15965.9931540465
15965.7405503387
15965.1437440591
15966.0987562694
15965.1437440611
15966.1825118311
15966.1276468782
15965.1128845241
15966.3635347978
15966.0924836747
15965.1437440533
15966.1509912221
15965.1437440552
15965.9879320547
15966.1218976115
15965.1437440568
15964.9420159846
15965.1437440572
15966.2437868524
15965.795818743
15965.1437440593
15965.1437441543
15966.5061258566
15965.1437440503
15965.4008267882
15965.1437440571
15965.3897489037
15965.1437440577
15965.1437440576
15966.2385776067
15965.7450097956
15965.103679234
15966.2557952411
15965.143744048
15966.3749128228
15964.7792918183
15966.4919204369
15965.3040129454
15965.143744054
15966.0124367133
15966.1146907324
15965.143744063
15966.1185428085
15966.1730797928
15965.8254029726
15964.9470814666
15964.954866651
15966.240702878
15965.0978958734
15966.0527722528
15965.1437440544
15964.8399417241
15964.5938492343
15966.2584672058
15965.1437440535
15964.6831786972
15966.0542449464
15965.2433612489
15964.8326486773
15965.1437440512
15964.4924899571
15966.096716159
15965.1437440558
15966.362623356
15965.1437440622
15964.5586493076
15965.9679010194
15964.4973395448
15966.2095993385
15964.6861710286
15964.2825360198
15964.9591184793
15966.2339824304
15964.5523251217
15966.4118509803
15964.7334598778
15964.8946981686
15966.201450396
15965.1437440626
15965.8462160169
15966.1541505207
15965.1437440499
15966.0551318975
15964.6596806219
15964.5813510129
15964.6347030276
15964.2609298907
15964.6552820536
15966.2316228811
15964.4946708144
15964.6213780262
15964.4638707089
15964.7516330533
15965.0559687541
15964.3927231688
15964.3865885345
15964.5384900321
15964.689818682
15964.4346538736
15966.0290408966
15965.0144540667
15966.1242834516
15965.1437440534
15966.2429876463
15965.029960055
15964.7596034142
15964.9903522893
15964.9383085392
15965.2685104295
15965.93798234
15966.0823488938
15966.2610025161
15964.8902008249
15965.7090865426
15965.1437440532
15965.0239410033
15966.1341701361
15965.1437440573
15964.9582370523
15966.2049590581
15964.6866321765
15964.535344737
15966.0320325266
15966.1478943735
15964.6840017102
15965.1743631926
15964.8527023123
15966.3907850683
15964.7673061643
15965.2765849031
15966.1563804456
15965.0769230673
15966.4176094293
15964.7905735276
15964.3874718978
15964.7267546563
15964.6299437898
15964.6045829876
15965.9665757815
15964.5629147948
15966.2486357089
15965.1437440594
15964.8012145247
15966.2905526684
15966.2600156604
15965.1437440561
15966.1753564689
15966.4131181752
15964.8792346755
15965.9709802228
15964.9270539304
15966.3129828189
15966.2392813953
15966.0669424634
15964.9416354048
15966.2936680068
15964.8783090534
15965.1437440554
15965.1437440594
15966.0673604409
15965.7703883341
15966.3494169395
15965.2125923815
15966.1954367014
15966.0799355336
15964.7763425684
15965.1437440525
15966.0607791448
15965.1437440501
15965.91948233
15965.1437440593
15965.1437440373
15965.1437440517
15966.0323072791
15965.8265029602
15965.1437440508
15965.9465802037
15964.7041701742
15965.8637214172
15965.3350024987
15965.1437440634
15965.1437440479
15965.1437440606
15964.5130612258
15964.7094184929
15964.7161113826
15964.7945739351
15965.0223628465
15965.1437440613
15965.2176866404
15964.5940700961
15966.3997890675
15966.1782906691
15965.7986728425
15966.0377103235
15966.1562944438
15965.1437440493
15966.3921331406
15965.1403009474
15966.1431635349
15966.1596637829
15965.9691505489
15966.0663075391
15966.2820993616
15964.9818549526
15966.0253066815
15966.3293427758
15964.8010981496
15966.3040325584
15965.9961569724
15965.9396969241
15965.1437440833
15965.1437440492
15965.7991780533
15966.0049202979
15965.143744064
15966.2376856456
15965.1437440507
15966.0749408279
15964.6026007154
15965.1437440507
15964.8973840816
15965.1437440559
15964.9991156225
15965.1437440588
15965.9218459762
15965.1437440642
15965.1282805139
15964.638978731
15964.6945507548
15965.1437440572
15966.1642743535
15964.9008117115
15964.8125101269
15964.8372555567
15966.0378598056
15966.0968114524
15965.1437442299
15964.6306484845
15964.2718122291
15964.9774141129
15964.5628481279
15964.8620176528
15965.1835203264
15964.5414443901
15966.2032842822
15964.7162153339
15964.5623461497
15965.1437440516
15965.8475765389
15964.8671527886
15964.7789432855
15965.940270677
15966.0579268317
15966.2415841206
15966.3719584822
15965.1437440518
15965.1437440634
15965.1437440613
15966.1753481028
15966.2656400889
15965.9916097393
15964.7668985205
15966.2663681443
15964.7948214718
15964.708258201
15965.1437440611
15965.9714500119
15964.8820855294
15966.1494287232
15964.6378756893
15966.4614515088
15964.8794364425
15964.696634906
15965.1437447821
15966.1191788276
15965.1437440604
15966.0821083845
15964.8940396834
15964.5897406096
15966.0112466507
15966.0765459356
15964.9136391357
15964.8048957906
15965.1437440532
15964.9989586821
15966.126084914
15964.6819191567
15965.1342578438
15966.2703486043
15964.9068132294
15966.2940589236
15964.7797632978
15965.3095036519
15965.8931148563
15966.0198051995
15966.5278939262
15964.8832258751
15965.143744046
15965.916962847
15966.5117934579
15965.1437440563
15966.1241870355
15965.1437440516
15966.2446946566
15964.7871002707
15965.0103876291
15966.0636518215
15966.213220387
15964.8997314777
15966.1658360939
15965.1437440622
15965.1437440537
15965.143744052
15965.9731458443
15964.7846204439
15966.268190319
15964.9668478618
15965.0745643672
15966.2706408183
15965.1437440557
15964.7408119375
15965.1437440573
15965.1437440535
15965.1437440529
15965.1437440489
15966.0358210633
15966.2828149074
15966.3650923967
15965.1437440629
15965.1437440627
15966.3506362945
15965.997762563
15966.1858962456
15964.9499603627
15965.9689905241
15965.1437440614
15966.3566779033
15966.0935490382
15966.3275832192
15966.2783651735
15964.8938024785
15964.605557463
15965.1437440541
15964.9720417162
15964.3680513612
15965.9850822343
15966.4178301137
15965.2410603494
15965.013516455
15964.9331470099
15965.904919603
15966.095145883
15966.0536203207
15965.188275623
15966.442432316
15964.7414220744
15965.9861114535
15964.8835909218
15964.2392753445
15964.8423514708
15965.1437440593
15964.8892447028
15965.0179272864
15965.1167935942
15965.1437440559
15965.8599322913
15965.143744059
15965.1437440534
15965.1437440755
15966.0731436793
15965.1437440517
15964.7216634915
15966.3897499546
15964.9160016924
15964.7869664299
15966.0687835928
15965.1437440537
15966.0804255959
15966.0617147446
15965.1437440582
15965.143744067
15965.1437440538
15965.9572932315
15965.1437440604
15965.1437440524
15964.5716834753
15965.1437440561
15965.8684864073
15966.3454438892
15965.1437440611
15966.1301185391
15964.7180901288
15964.5768612025
15965.7698389677
15966.2565343571
15965.0579370636
15966.0119828214
15965.887142482
15965.9862778163
15964.5766805606
15965.1437440495
15965.1437440478
15964.6893719001
15965.1041143823
15965.0669614116
15964.9862796608
15965.1437440486
15966.0774331215
15965.1437440619
15966.3062063054
15965.1378417878
15964.6652957777
15965.1437440565
15965.1437440527
15965.7531549149
15965.6293232242
15965.1437440554
15965.1437440473
15965.1437440602
15966.2368309722
15965.1437440548
15966.304285736
15964.7786715504
15964.6885126902
15966.2431755125
15965.1437442192
15964.8027490701
15965.167556634
15965.1437440534
15965.5883702476
15965.1437440609
15965.9753511286
15966.0672811968
15966.3665215818
15964.8502497588
15964.7359906174
15964.7994040525
15964.6209412602
15965.9132020711
15964.5349692219
15965.9630282053
15964.7776855302
15965.1437440553
15966.352557993
15965.8891782112
15964.7379285751
15965.1437440568
15964.7375880219
15966.0739733261
15965.9508504702
15965.1437440571
15964.7490472694
15965.1437440604
15964.6614747486
15965.1437440538
15965.1437440519
15964.8809866814
15966.2162681962
15966.0082279835
15965.0074373184
15965.1437440485
15964.8565450926
15964.7663334835
15964.7506909425
15965.2324787015
15964.6952607257
15966.2663737701
15964.7764935653
15965.9791224265
15966.3828342242
15964.7686529532
15966.0377724289
15965.143744201
15966.1883017071
15965.1059492031
15966.1617950934
15964.7699667518
15965.1437440666
15966.2305598268
15965.1437440538
15965.1437440509
15965.373380203
15965.1437440607
15965.0791003883
15965.1485758131
15966.0969363968
15965.1796182395
15964.725764266
15966.0720320231
15966.4865915641
15966.013046516
15965.143744055
15964.7780725688
15966.3181689872
15966.0520978349
15965.8739471232
15966.1711516973
15965.1437442013
15965.1437440526
15966.2243251941
15965.0578058851
15964.7116006467
15966.1542402517
15965.8924378623
15964.9353395711
15965.1437440569
15964.3953902901
15966.2439579171
15964.3999046251
15964.4731254199
15964.6750439891
15966.3070707667
15965.1154073484
15964.9566068426
15964.5252122539
15964.9703714731
15964.5509342654
15964.4029863914
15964.8847990463
15966.4794871199
15965.9948181452
15964.8489329164
15964.614936044
15964.9470580124
15965.14374406
15965.9027322824
15964.9329438536
15965.143744056
15965.1858287463
15965.1437440592
15965.1437440636
15965.860376876
15965.1417288625
15965.9957392447
15964.8837722011
15964.9550209102
15964.9753165363
15964.6598984484
15966.0188538518
15964.6371379802
15964.8895943818
15966.3243007759
15965.143744058
15966.1464203544
15965.9780597776
15964.7987865426
15966.2971082214
15965.14374406
15966.2163753888
15966.0789101364
15965.1437440654
15964.8084609761
15965.9843806588
15966.1630041184
15964.8593077334
15964.56173295
15964.5780672548
15965.1654453946
15966.2804731151
15964.6110135415
15966.1656497408
15964.7654035691
15965.1437440853
15965.2261493949
15966.2482366853
15966.1355178663
15965.057948224
15965.1114031406
15965.1437440607
15965.1437440653
15965.0094777931
15965.8728354024
15964.7205964644
15966.3175764748
15964.992942047
15965.0937146959
15964.8522658902
15965.1437440582
15965.9987103615
15965.6701709036
15966.3409432067
15965.9024492436
15965.1437440516
15964.7134960234
15966.085583795
15965.1437440614
15965.6288987071
15966.2195498402
15966.0833415948
15965.8331523028
15965.1437440525
15965.1437440615
15965.9402583654
15966.1707328172
15964.9134548038
15966.1780370447
15964.8716902343
15965.1437440594
15964.9132264648
15965.1437440587
15965.143744062
15964.9742216195
15965.1437440527
15965.1437440581
15965.1437440496
15965.5787071199
15965.1437440544
15966.0558229757
15966.0810968191
15965.7935782581
15965.7423789725
15964.8614077431
15965.9594492446
15966.0156952867
15965.1437440478
15965.1437439796
15966.2560841163
15966.0547955406
15966.3712653264
15965.1437440889
15965.7041446705
15965.9548575963
15965.3606377258
15966.1505483166
15964.9341419997
15964.8313237652
15965.1437440593
15965.1437441396
15964.814555526
15965.1437440588
15966.2645994152
15966.0692622594
15966.0237576516
15965.14374405
15964.7983124497
15965.1437440529
15964.7638493257
15964.8891359439
15965.0229419289
15966.0461465924
15964.6692867053
15964.7436064378
15964.8882145619
15964.6291495762
15966.1036863836
15966.0040256925
15964.766070112
15965.9683906686
15966.4004947432
15964.317396428
15964.490218556
15966.2453822028
15966.5302102327
15964.60168176
15964.5524667297
15966.0048706827
15964.5330811578
15964.7592537763
15964.7735772887
15965.9296611334
15964.8134816796
15964.4401192213
15964.6516502453
15964.2235188941
15964.6322746983
15966.2811760375
15964.7436926727
15964.9492158896
15964.6176795085
15964.5869010222
15964.5841676471
15964.6519352179
15964.7950750143
15965.1437440616
15966.1543132225
15966.310338041
15965.1437440551
15965.1437440657
15966.3726860936
15964.5380879912
15965.2174519749
15965.1437440603
15966.0476859687
15964.6820198965
15966.0135989026
15964.9056619928
15964.428887273
15965.9462997055
15965.922997385
15965.1437440522
15965.9255139953
15964.8130576499
15964.8801066218
15965.1437438801
15965.096432629
15964.773034072
15966.5234829956
15964.6131829329
15964.3711233332
15965.1437440901
15965.0348962254
15964.7669875048
15964.7926739357
15966.0137656696
15965.0653359758
15964.7747970728
15965.1437440567
15966.4493570296
15964.8859560956
15964.6140308985
15966.3921179623
15966.260828906
15966.1231278811
15964.6625734176
15964.5770665903
15965.9900439672
15965.0338356618
15964.6237285307
15964.5727592961
15965.1437440572
15966.0699036226
15966.2520982497
15964.7767418884
15965.9637691908
15965.1437440574
15964.4647352581
15965.9018593623
15964.9276301756
15964.2561148362
15966.2046053173
15964.6310559528
15966.0289458632
15964.9700841249
15964.582078668
15964.5549329032
15964.6980946485
15966.4412198766
15964.7707706677
15964.6118026165
15965.1777260129
15964.5870099637
15965.0523538207
15965.1437440547
15966.0672501412
15966.0848999778
15964.683733966
15965.0196176666
15966.1016153456
15965.1437441578
15965.1437440648
15964.7846412752
15965.9666863479
15965.0810470553
15964.8688781204
15965.1437440555
15965.1437440535
15964.6046407368
15964.980807681
15965.1437440548
15965.1437440561
15966.2190080244
15965.7970441267
15966.0005483137
15964.63749873
15965.9731878502
15966.2319984841
15965.1437440686
15965.1437440522
15966.0632896385
15965.1437440511
15965.7068952779
15965.9379545092
15965.1437440588
15965.9280924226
15966.3069500534
15965.0392994158
15965.1437440616
15965.1437440538
15965.1437440595
15965.1437440655
15965.8513122603
15965.1437440585
15966.1954116214
15965.0472033406
15966.0713419159
15966.0507148977
15965.1437440555
15966.2702759189
15966.3394877266
15964.980146838
15965.8787083921
15965.910264629
15965.1437440491
15966.0866041791
15965.9817676958
15965.0714599805
15964.7152424104
15966.0147091987
15965.143744062
15964.7998238048
15966.1026618701
15965.1738365213
15965.1437440568
15966.3937843459
15966.1141581152
15965.0251006193
15965.1437440788
15964.6144841724
15965.143744061
15965.1386843474
15964.953013827
15965.1608923318
15965.1021400754
15965.1437440513
15964.5366430042
15965.032324024
15964.609012876
15966.2527934958
15964.1754095459
15964.5992732111
15965.0217729791
15966.4017867502
15965.0125355868
15966.0045539291
15964.4906267634
15965.9997509612
15965.0719001545
15966.3240684537
15964.8610093143
15965.1419771062
15966.0109297607
15964.7625116322
15966.159838508
15964.6973593422
15964.6760043835
15964.5079877425
15966.50002201
15964.2769734134
15965.1437440672
15964.4261055381
15964.5445427159
15965.1572620079
15966.2115236001
15966.0424989268
15966.0617176551
15964.7339109763
15964.5787030639
15966.1630670277
15965.9367719377
15966.1383679079
15965.1437440505
15965.9854996371
15965.1437440523
15966.0714280612
15966.1346448364
15964.5662715797
15965.1437420293
15965.9198661791
15966.310490919
15964.6438751533
15965.023037712
15964.9528469309
15965.1437440656
15966.2232253246
15965.0125525918
15965.8499179823
15964.3039612448
15966.07201412
15966.0568012869
15965.9137463243
15966.2274659582
15965.1437440564
15964.9086169063
15964.825309575
15966.2819630845
15964.8989973625
15965.1792602037
15966.429604652
15964.7438513285
15964.8084269925
15964.7048794849
15966.0469663193
15965.4369016213
15964.6752805557
15966.2523105401
15965.1437440656
15964.6101208389
15964.4591759774
15965.1437440579
15966.1190119742
15965.951467769
15966.1714601395
15964.5669081254
15965.1402941952
15964.5628909147
15966.4248013833
15964.8264860823
15965.902164049
15966.1562622886
15964.992251261
15966.334495765
15964.560418696
15965.1437440552
15964.8392304192
15966.4248396498
15964.6245284488
15966.4995594845
15964.8331461698
15966.4254964639
15964.732019052
15964.7554668513
15964.7544837327
15965.8472165264
15965.0451180575
15966.0808062959
15965.1437440589
15966.1188190285
15965.1437440565
15966.0267552879
15964.7455540411
15966.0852052862
15965.1437440462
15964.4156434334
15966.0978008127
15965.8617308719
15965.1437441525
15965.6508698595
15965.8898980053
15965.1437440621
15964.6041043453
15964.6144612875
15965.1437440555
15965.101096446
15965.1437440548
15966.0346471457
15965.1437440624
15965.1437440715
15965.9581295877
15965.1437450108
15965.1437440949
15965.3503617751
15965.1452964476
15966.037648532
15965.0750978682
15966.2616180073
15966.1370863945
15966.2569751931
15965.9082286574
15965.1437440666
15964.7733435181
15965.1437440464
15966.0600779993
15966.0832289538
15964.7582160946
15964.8216242383
15966.1283614152
15964.8435830132
15964.9193015428
15965.9660809302
15964.4861809942
15965.143744049
15964.8075568668
15965.1437440619
15965.3840374347
15965.7545023596
15965.1437440579
15964.4705782039
15966.0173147726
15964.6669193892
15965.143744056
15965.3202661774
15965.143744056
15964.756742717
15965.0484792351
15964.9697205772
15964.496628006
15966.3554184512
15966.1086017694
15966.139646989
15966.2714287433
15965.9882875072
15966.1241563411
15965.5314989275
15965.1437440568
15965.1437440618
15965.9943718598
15965.1437440587
