# type 1 occupying volumes
15942.9970738143
15942.0039398087
15941.6134924748
15941.8004512732
15942.6145118972
15942.0730961972
15942.045260247
15942.7539539343
15942.813400986
15942.8828134677
15942.1544284707
15942.9151986358
15941.9342043233
15942.3204457366
15941.5552358695
15941.3585556151
15941.8483728882
15941.1631294695
15942.7231790036
15942.84036045
15942.9970738143
15941.9482794023
15942.9970738143
15941.8507923241
15943.0112254108
15942.9970738143
15942.9970738143
15942.7399669386
15941.3638139329
15941.353506389
15942.9970738143
15941.3831321158
15942.9970738143
15941.9246771802
15942.7067951224
15941.6679474879
15942.9970738143
15941.8158829293
15941.4009423143
15941.7297461309
15942.1144716533
15941.3289475021
15941.2138433591
15941.8352520782
15942.6484653404
15941.9347664408
15942.9970738143
15942.7840248566
15941.8616657718
15943.1188780088
15942.8986751668
15941.7963221824
15941.0760964795
15941.4545275741
15942.9970738143
15941.5298024207
15941.8266011069
15942.9970738143
15941.8428365456
15942.9970738143
15942.1034160954
15941.8664239509
15941.8546642725
15941.9633778291
15942.860076663
15941.706851608
15942.9970738143
15941.9370786641
15941.3454317714
15942.9970738143
15942.0295276757
15943.0309037523
15942.8179683106
15941.5553446442
15943.0022780336
15942.8370964115
15942.9970738143
15942.1723984466
15941.2436041887
15941.0003848239
15941.5781000603
15942.6223679251
15941.6303765473
15941.086542729
15941.6974808945
15942.208531756
15941.5213174072
15941.7123930433
15942.7601384967
15942.9970738143
15942.869295321
15941.3205332538
15941.2866975883
15942.9970738143
15941.8543711015
15942.8991907206
15941.6119163473
15941.8070691113
15942.9970738143
15942.9970738143
15941.6517624341
15941.8627762199
15942.9970738143
15941.8824538919
15942.9970738143
15942.5644092321
15942.6187739757
15942.6750119815
15941.5111372983
15942.8545188596
15941.979174086
15942.7842852237
15941.8913988347
15941.919748243
15942.9970738143
15942.0871212029
15942.6966771601
15941.8433115608
15941.2874667802
15941.4894026028
15942.6240363245
15941.9340156288
15941.4872228806
15942.6113380641
15941.8313280454
15941.0029588029
15941.8251341494
15941.5122959785
15941.0313139761
15942.6501719305
15941.1403509091
15942.7325227679
15942.9970738143
15941.374896501
15941.9438658508
15942.9970738143
15941.1875660491
15942.9970738143
15941.7311487825
15941.6231163906
15942.5771510302
15941.8856591544
15942.9970738143
15941.8626227075
15941.6922334568
15941.601803033
15942.5768028987
15942.9970738143
15941.473239502
15942.6983932774
15942.5511677381
15941.2917679879
15941.4712364357
15941.6004346951
15941.9240479495
15942.9970738143
15943.1905176605
15942.9164425538
15941.9821448412
15941.876105436
15942.1371780686
15941.5549143209
15942.9970738143
15942.9970738143
15941.701953202
15942.9970738143
15941.8484185707
15941.3341682418
15942.0071541861
15942.0993851924
15941.8553336647
15941.7772279006
15942.9970738143
15941.9774401599
15942.0648639469
15942.9970738143
15942.9970738143
15942.9970738143
15941.7871741513
15941.9651314295
15942.6280037638
15942.9970738143
15941.5954172048
15941.7898397028
15942.9970738143
15942.9970738143
15942.7062321229
15941.8962140676
15942.6274504628
15941.564475564
15942.9970738143
15941.7445998211
15942.9970738143
15942.9333904378
15941.8116025844
15941.858085823
15941.5583448549
15942.7560398516
15941.6579597228
15942.9970738143
15941.6806895824
15941.6402350654
15942.0286416272
15942.7761225835
15941.8694694996
15942.9970738143
15942.9970738143
15941.8321954605
15941.8594758549
15942.0364891798
15942.9970738143
15941.8653570007
15942.8500038609
15942.8028094402
15942.0443828056
15942.9970738143
15942.9970738143
15941.7591820899
15941.5403907388
15942.9381447491
15941.4407988311
15942.9381782996
15941.9829434342
15942.8832823675
15941.7996067995
15941.9262937879
15941.8169531834
15941.6851755339
15942.9970738143
15941.9692670492
15942.9970738143
15941.5587428268
15941.556025172
15941.4084130112
15942.6899225605
15942.2063491519
15942.8352172153
15942.9970738143
15941.7572468536
15942.8138018003
15941.5383564688
15942.8543190235
15942.8838902394
15941.9258116411
15941.848400115
15942.9970738143
15941.9536640975
15941.9117804894
15941.8194621979
15941.8825639292
15941.6186051594
15941.9598585876
15941.7544277591
15942.9970738143
15942.8058643178
15942.9970738143
15942.9970738143
15942.9970738143
15941.6942990451
15942.8026361944
15942.9970738143
15942.6009039016
15941.9441707277
15941.4819009526
15942.9970738143
15941.8513939962
15942.8703266493
15942.9970738143
15942.9461260411
15942.5532557629
15941.7854912382
15942.90164486
15941.7385785209
15942.9970738143
15941.3163159611
15942.9970738143
15941.6655941128
15942.3002547558
15942.7147198233
15941.6786710175
15941.769378381
15941.4727710381
15942.9970738143
15941.4701186412
15941.2872014519
15942.0343279839
15941.4760780286
15941.3918387598
15942.752271372
15941.6970546536
15941.6246573734
15942.9970738143
15941.5766393761
15941.681914903
15942.7006488513
15941.6604921836
15942.7476435563
15942.7106947293
15941.3733569925
15941.403726746
15942.9970738143
15941.7578119608
15941.4739711929
15942.9970738143
15941.7628433234
15941.4575002666
15941.7098930995
15941.6259384383
15941.6790829931
15942.6976417183
15942.9970738143
15941.8139644282
15942.7633434761
15942.9970738143
15942.9970738143
15942.1632579151
15941.7281612786
15942.4271210739
15942.9970738143
15941.8336557073
15942.9970738143
15942.9970738143
15942.0398553836
15942.8159927512
15941.7853831484
15941.8000552594
15941.7265107228
15942.8543182413
15942.7805647848
15942.9970738143
15942.9970738143
15942.7726015309
15942.7476341151
15942.9970738143
15941.510057978
15941.5753899188
15942.9970738143
15943.0114456021
15941.6771543407
15941.7672882618
15942.9970738143
15942.083063302
15941.5456025639
15942.9970738143
15941.3562311997
15942.0692425683
15941.25884068
15942.9970738143
15942.9970738143
15942.3832035659
15941.7641259702
15941.8650872987
15941.5150786656
15941.6909138598
15942.9970738143
15941.4519671542
15942.9970738143
15942.6827904445
15941.7156795266
15941.8830769179
15942.8900323168
15941.7230255662
15941.8179173531
15942.9970738143
15941.9325223831
15941.6425645955
15942.9970738143
15941.7475049179
15941.4633456209
15941.7113038568
15941.7004174533
15940.9647106042
15940.988271586
15941.9331246602
15941.5827546351
15942.9702623847
15941.9007968585
15942.8886475253
15941.064776243
15941.3500213577
15941.5427697017
15942.9970738143
15941.73415197
15942.9970738143
15941.983109891
15942.9970738143
15941.9324665743
15942.9970738143
15942.294064247
15941.9772516331
15942.9087460609
15941.916748037
15941.9703042994
15942.740866475
15941.9993007567
15941.4432448883
15942.9970738143
15941.9033010434
15942.1746487835
15942.5705332548
15941.5680191898
15942.9970738143
15941.9991456529
15941.5817627133
15942.157477028
15941.3669288138
15941.5904058078
15941.9427894348
15942.9970738143
15941.9599680781
15941.4266991118
15941.3818043369
15941.7980027473
15942.9970738143
15942.8008233876
15942.9970738143
15941.7863606447
15941.7765778594
15941.9275511054
15941.8704016346
15942.9534503001
15942.8606313079
15941.6381683138
15942.679437567
15942.7517455912
15941.692548662
15942.138663315
15942.848000144
15941.9140685734
15941.592437141
15941.9593537234
15942.9970738143
15942.8110404261
15942.9970738143
15942.9970738143
15941.4049285499
15941.4619925556
15942.9970738143
15942.9970738143
15942.6962252789
15942.9970738143
15941.7989169737
15941.9853067542
15941.4602643625
15941.0769323358
15942.9970738143
15942.9970738143
15942.0009037909
15941.8699706228
15941.1902201861
15941.9255688587
15942.7413601339
15942.7183248311
15941.5620398902
15941.7490274717
15942.9970738143
15941.7575052916
15942.9970738143
15942.0464393534
15940.9931941194
15941.9088286561
15941.7342835857
15942.9970738143
15942.1304911891
15942.8870890708
15941.8579458175
15941.8667145342
15942.9970738143
15941.8897400829
15942.642502063
15942.9970738143
15941.8719919249
15942.7782547947
15942.9970738143
15942.6487120793
15941.7697718139
15942.8248470764
15942.9970738143
15941.3017095803
15941.4106039545
15941.8878392004
15942.9970738143
15941.1976945821
15942.7666151172
15941.4671238104
15942.9970738143
15941.8640784765
15942.8389616709
15941.7909787072
15942.9970738143
15942.9457617287
15942.9970738143
15942.9970738143
15942.9970738143
15941.4297383667
15942.5900834043
15941.9343788973
15941.8162749467
15942.9970738143
15941.9760790497
15941.9363233973
15942.7342856696
15943.0843088647
15942.779232129
15942.63919707
15942.9970738143
15942.9970738143
15941.4406027294
15942.8672334837
15941.2504851282
15942.6799277879
15941.8803398312
15942.8216731852
15941.8860432955
15942.7595810904
15942.6788509042
15942.9970738143
15941.819852868
15941.984178183
15941.8135815744
15941.8881281646
15942.9970738143
15941.297880537
15941.0825713258
15941.4904126391
15941.4420486594
15942.7667164989
15941.2124281396
15941.8147177079
15941.2726452688
15941.2017539581
15941.4228203255
15942.185526612
15941.8091279536
15941.106662012
15941.6026699881
15941.0191448451
15941.3689776606
15941.636019035
15942.8559153735
15941.6383363635
15941.8713602524
15942.8236614941
15942.9970738143
15941.753362216
15941.9508274579
15941.9352171294
15941.5452849607
15942.8378976748
15941.6618776098
15942.2285343389
15942.8610973669
15942.759282511
15942.9970738143
15942.9970738143
15942.3733343235
15942.5591082087
15941.929499866
15942.1403268579
15942.115688388
15941.7779086773
15942.0583632766
15942.9970738143
15941.6759884841
15941.5921868506
15942.061011038
15942.693780659
15941.7831877228
15941.9227601097
15941.9543727203
15941.6935171911
15942.9970738143
15942.0030648414
15941.9610563082
15942.9970738143
15941.8825342263
15941.9391348056
15942.9970738143
15941.9974146962
15941.9830166064
15942.9970738143
15942.87189374
15941.9221716458
15941.7642654778
15941.6513603461
15942.9970738143
15941.9697224048
15941.855908091
15942.9970738143
15942.9970738143
15942.6879275723
15941.5912879534
15941.9919053938
15942.9970738143
15942.9970738143
15941.691241313
15942.9970738143
15942.8097725798
15942.1474385233
15942.9970738143
15941.9082562604
15941.6713560915
15941.8944073976
15941.8400922914
15942.7599086974
15941.4125320605
15941.3796751045
15942.5649858098
15942.8421381451
15942.9970738143
15941.6814526312
15942.9970738143
15941.8610310639
15941.5495092513
15942.863718428
15941.5497639443
15941.7206113079
15941.2772459101
15941.5893612828
15941.6843411847
15941.3015803552
15941.4295771988
15942.7238816259
15942.9970738143
15941.8634958779
15942.9970738143
15941.5197648817
15941.5098776462
15942.9970738143
15941.3990544659
15941.4632562029
15941.4897488367
15942.9970738143
15941.526687657
15942.6264396652
15941.1813525918
15941.8883363994
15941.9284586237
15942.9970738143
15941.3763888936
15941.6877012078
15942.6572480429
15941.5539959925
15941.7011058846
15942.7953413242
15941.296371352
15942.0037047209
15941.2401160433
15941.5311478033
15941.9057284894
15942.9970738143
15942.115698249
15941.2392979773
15941.6053638273
15942.9820405432
15941.7365109951
15941.6843585253
15942.7136404324
15942.7952827013
15941.9979478135
15942.9970738143
15942.8130435122
15942.6762840555
15942.9970738143
15941.9267498614
15941.7094144478
15942.8416033694
15941.4298052471
15941.8133264019
15941.3852984926
15942.5527299669
15941.4772675776
15942.1356702773
15941.9714494518
15942.9970738143
15942.0279342636
15941.9038419497
15942.9970738143
15942.9970738143
15942.0015049678
15941.7613225461
15941.7798745801
15941.8691576537
15941.8707948079
15942.9970738143
15942.0482746687
15941.6945127872
15942.1041327289
15942.877352013
15942.6493837661
15942.3085404144
15942.9970738143
15942.9970738143
15941.2735822943
15942.9970738143
15941.333685205
15941.7041847674
15942.8285187598
15942.8237783495
15941.4862643308
15941.686548423
15941.922008975
15942.7138416137
15942.9970738143
15941.5907812557
15942.6321954301
15941.724195362
15942.0272741061
15941.6067739279
15942.5333804976
15942.9970738143
15941.3849901374
15940.893200441
15941.6048942321
15941.9796191474
15942.6485891734
15942.9970738143
15942.8437637325
15942.7733230526
15942.8660894919
15941.9208993398
15941.7085779411
15941.4138612899
15942.9970738143
15942.5552543323
15941.5303363158
15941.1375602153
15941.6400918408
15941.8994661426
15942.6320204137
15941.6666364975
15942.9970738143
15942.0009734717
15941.9479645828
15942.7052439327
15941.4237919249
15942.9970738143
15941.6757772715
15940.7506731644
15941.4050135922
15942.7214306459
15941.3884490333
15941.5510663688
15941.4861927918
15942.9970738143
15942.5004158366
15942.8364618634
15942.9970738143
15941.7404200081
15942.0593324389
15941.9374971222
15942.1173484113
15941.1821999908
15942.9970738143
15942.9970738143
15941.9080488617
15942.8695830575
15941.8743122455
15941.8790895735
15941.7509936306
15942.9970738143
15942.8084561426
15941.8842435776
15941.6079222603
15942.9970738143
15941.4922007063
15942.9970738143
15942.9970738143
15941.6716063247
15942.5772389302
15942.1547966941
15942.9970738143
15942.9970738143
15942.9970738143
15942.1821730139
15942.9970738143
15941.7320367698
15942.5987310802
15942.9970738143
15942.1084477152
15941.8861151871
15942.9970738143
15942.9970738143
15941.718709048
15942.9970738143
15942.0606647693
15942.9970738143
15941.6703709852
15942.9970738143
15941.9477666717
15941.9082299857
15942.9970738143
15942.9970738143
15941.7704141436
15942.9970738143
15942.9970738143
15941.9596518552
15942.8144623461
15941.5751958584
15942.6008114713
15942.8658282939
15941.8106650812
15941.7909938912
15940.9759387495
15941.6525131778
15941.43205187
15942.9970738143
15941.1660626825
15942.9970738143
15942.1300521345
15942.0685267591
15941.8502142517
15941.9133584815
15941.1666822634
15941.2463707109
15941.887742086
15941.1659864314
15942.6157154294
15941.6788221181
15941.6758764149
15941.577637512
15941.7634471942
15942.6938803493
15942.9970738143
15942.9970738143
15941.863329838
15941.0261003566
15941.602811187
15942.9970738143
15941.2977737032
15941.7983226141
15941.8831883306
15941.6900212081
15941.7570979861
15941.0211079009
15941.8017503405
15942.6175106423
15942.9970738143
15941.4781090578
15941.3642796487
15941.3803892454
15941.5503179569
15941.522093575
15941.7728286825
15942.9970738143
15942.1275016168
15942.787065757
15941.2130384076
15942.1434946388
15942.6577875434
15941.7809993372
15942.9393092696
15941.9338025244
15941.2852600694
15942.6126755172
15941.6177417428
15942.9970738143
15941.8892931528
15942.7050115565
15941.6791532596
15941.846776806
15942.6980565129
15941.156923639
15941.316191629
15942.9970738143
15942.9970738143
15942.0306751591
15941.8297330313
15941.8196461458
15942.9970738143
15941.8844734918
15941.8748265813
15941.809797694
15942.6136391658
15942.797265061
15942.2515288225
15941.820676689
15942.7733501727
15942.9099636762
15941.6351273853
15941.7866058443
15942.9970738143
15941.8499063662
15942.0987594717
15942.9970738143
15941.3893912327
15941.3684421316
15941.078936396
15941.7657551199
15942.0027048271
15941.1414888835
15941.2079855056
15942.9970738143
15942.9970738143
15942.7128577426
15941.4035474732
15941.788253427
15941.4883408379
15942.6659211756
15942.9970738143
15942.9970738143
15942.6767530525
15941.3783764614
15942.6993807052
15942.8018812458
15942.7064762223
15941.4732169469
15942.9970738143
15942.9970738143
15941.4422827565
15942.7187783073
15941.1629437301
15942.0237073221
15941.6908014229
15941.6997075378
15942.9970738143
15941.6865640542
15941.3894965037
15941.4926913132
15942.8012385219
15942.87607342
15941.8524216538
15941.5884850458
15941.0765499344
15941.1840845102
15941.8209677689
15941.9863155997
15942.8796032878
15941.8643056267
15941.055402301
15942.9970738143
15942.9970738143
15941.8174286645
15942.9970738143
15941.1744771636
15941.206202862
15941.0675198727
15941.5395701715
15941.144348392
15941.267205029
15941.9069723111
15941.9134724185
15942.6203040303
15940.7631693845
15941.6977695323
15941.4616697269
15941.8939975553
15942.6747038984
15941.914338695
15942.9970738143
15941.4921333956
15942.6665766525
15940.9497499313
15942.9227280689
15941.5711972776
15942.9970738143
15942.6651549486
15941.493873178
15942.9970738143
15941.66081662
15941.8729686445
15941.1177693942
15941.596295932
15941.6768513764
15942.6795524916
15941.8941676143
15941.5113343227
15942.6296948776
15942.9970738143
15941.7459078603
15941.8622159376
15942.9970738143
15942.9970738143
15941.8724766257
15942.9567539763
15942.9970738143
15941.8686987153
15942.9970738143
15942.5754398482
15941.8327363272
15942.6115283653
15941.2061114186
15942.6317705862
15942.9970738143
15942.9970738143
15941.8259224932
15942.606616005
15941.9447638406
15942.8712333278
15942.2180715054
15942.8791615074
15942.036367804
15941.9882434604
15941.2495733247
15941.2030039013
15942.8316895424
15941.4024670768
15942.6146471486
15942.9970738143
15941.1678536755
15942.0216054738
15942.9970738143
15941.2125841328
15941.8313205511
15941.5920119292
15942.9970738143
15942.9970738143
15941.7346314768
15942.6046123998
15942.6758342601
15941.4366390084
15941.2702091158
15941.3892799159
15941.4407160721
15941.9373291919
15942.3448206816
15942.8936294243
15942.615752016
15942.9970738143
15941.8689258988
15941.8309729967
15942.9970738143
15941.9005002865
15941.0228479715
15941.3461207646
15941.7614017732
15942.9970738143
15942.1827145978
15942.3074273667
15941.7878364504
15942.6023314243
15941.9130066907
15941.9757381657
15942.9970738143
15942.9970738143
15941.8031472087
15941.488375863
15942.9970738143
15941.2517085973
15941.572288164
15942.9970738143
15941.7965732479
15941.8415197874
15941.2315456797
15942.6394634687
15942.6460735679
15941.3244642981
15941.531593811
15941.18957765
15941.6411018704
15942.5937742816
15941.7622901184
15942.7962606015
15941.8965167296
15942.9970738143
15941.4379381539
15942.7011388518
15942.7671988127
15942.8662797801
15941.0914219706
15942.9970738143
15942.9970738143
15941.1710368172
15941.37655986
15941.8790403775
15942.9970738143
15942.805676074
15942.291519708
15941.9892960234
15941.8756205435
15942.9970738143
15941.6351603286
15941.9771752226
15942.9970738143
15942.9970738143
15942.571504866
15941.4143728693
15941.2246623655
15942.8656162427
15942.9970738143
15942.6902294984
15942.9970738143
15941.0989164687
15941.5430996501
15942.9970738143
15941.4811311627
15941.2960191465
15941.3449398724
15941.5199976569
15942.9970738143
15940.7123435918
15941.0524183766
15942.9970738143
15942.7852848816
15941.4023516406
15942.9970738143
15941.9714289082
15942.8013938532
15942.9970738143
15941.2082399003
15941.2579943481
15941.8292223835
15941.548437711
15942.6408689644
15941.3822905656
15941.1802945239
15942.7921299391
15941.5868311478
15942.9970738143
15941.7181841162
15941.6587976193
15941.7089629882
15941.600976785
15941.1738790835
15942.7336234931
15942.5764151292
15942.9970738143
15942.4679526292
15941.8713105306
15942.8102661995
15941.7511635601
15941.7572567637
15941.2251098314
15941.7348097152
15942.8777429016
15941.9589639648
15942.9970738143
15941.6566522466
15941.9010077956
15941.8397974764
15941.3373975781
15942.8664074447
15941.7227980927
15942.9970738143
15942.7563989999
15942.0766366197
15941.986831296
15942.7529359947
15941.6509738547
15942.8157562768
15941.8957969521
15941.739063865
15942.788640345
15941.8514379763
15942.0522505694
15942.9970738143
15942.9970738143
15941.9392159072
15941.7216129651
15942.9970738143
15941.240861963
15941.68279463
15942.9970738143
15941.742154824
15942.9513844613
15941.7765680687
15942.9970738143
15941.6192756909
15942.8215061023
15942.9970738143
15942.0330463247
15941.7292118043
15941.4547578246
15942.9970738143
15941.6037953818
15942.9970738143
15941.5322922743
15942.0783874112
15942.9970738143
15941.9908324799
15941.4292419458
15941.7604200622
15942.6643614068
15942.594103459
15942.9970738143
15941.7774666292
15941.3975690002
15941.2315299605
15941.751488372
15941.9424248509
15941.7831400854
15942.733865914
15941.5399722018
15941.1316468662
15941.5861968281
15941.8468179107
15941.9066397046
15940.9151939005
15941.2416115431
15942.9970738143
15941.8306594612
15942.0737822161
15942.0202023048
15941.1864304624
15941.810565693
15942.9172261038
15942.865580132
15942.532813322
15941.1240388268
15941.6997802138
15942.6551300077
15941.9614153193
15942.8395485033
15941.9990543665
15942.3766072349
15941.2210998769
15941.0050384574
15941.3920616706
15941.0322284699
15942.9970738143
15942.9970738143
15942.012044216
15942.6508753901
15941.268125485
15942.9970738143
15942.0478738506
15941.8460560992
15941.7777495539
15941.2052655594
15941.3256021837
15942.654862485
15941.97932843
15941.9032660961
15942.981546958
15942.8126186276
15941.1023879192
15942.9970738143
15941.4386281582
15942.9970738143
15941.605888088
15941.285840531
15941.4680033443
15942.6877062995
15942.1002480656
15942.9970738143
15942.8671744384
15942.8085130295
15941.9214764967
15941.8375116295
15941.3213114915
15940.8140727651
15941.8248553513
15941.4301768559
15942.7160608066
15940.9578731467
15941.1921998793
15942.0587401068
15942.1532832455
15941.9108182824
15941.3080810473
15941.1530593325
15942.9970738143
15942.9970738143
15942.9970738143
15942.9970738143
15941.90856581
15942.9970738143
15941.8420116286
15942.9970738143
15941.8020742086
15942.9970738143
15941.5830405156
15942.9970738143
15941.5527987374
15941.669577607
15942.7099862897
15941.2125871337
15941.8298058667
15941.6907494242
15941.7341619433
15941.575871281
15942.9970738143
15942.8405744958
15942.815684868
15941.4516826431
15941.4218254305
15941.5184944978
15941.8328043921
15942.7889213878
15942.5981068781
15942.6955782357
15941.10087106
15941.8372004322
15942.9119669534
15941.3016075425
15941.6941656829
15942.7692085275
15941.4575886458
15941.9347657331
15942.7091716128
15942.9970738143
15941.6401007116
15941.8663894157
15941.366795679
15941.4755998432
15942.0171195704
15942.7461927513
15942.9970738143
15941.8463748644
15941.9667980211
15942.7913625308
15942.0482271657
15942.7545921595
15941.6323235268
15941.9172771216
15941.6730734151
15941.1846647976
15941.8928620232
15942.9970738143
15941.7832094521
15941.4936015245
15941.1604002597
15942.9970738143
15942.9970738143
15942.0663840473
15941.7652510125
15942.9390694022
15941.5747895751
15942.6749382215
15942.7712992612
15941.8080569971
15941.8982266381
15941.9755899343
15941.7291612525
15941.5867843842
15942.7288871592
15941.9707666179
15942.7050522486
15941.1737898759
15941.8283574484
15942.5562089483
15941.5211037942
15942.763983063
15941.3594922251
15941.3787982819
15941.1337706035
15942.6907586568
15941.9183516937
15941.2167296119
15941.1564200769
15941.7935454748
15941.7104618535
15941.965550593
15942.8212130848
15942.9970738143
15941.7947724375
15941.8827377785
15942.7187199894
15941.895490372
15942.6501454944
15941.9378986074
15941.4352269262
15941.5614908979
15941.2942095947
15942.3156440669
15942.9970738143
15942.957597661
15941.9011929322
15942.8012908138
15942.9970738143
15942.6194574295
15942.9970738143
15941.5269323623
15942.3952297116
15942.9970738143
15942.608537178
15942.7512654134
15941.5177869351
15941.4247673171
15941.9705785113
15942.6887204956
15941.3661297448
