# type 5 occupying volumes
15944.6139963451
15942.9970738182
15942.9970738565
15943.5729798588
15944.2646260133
15943.1791682878
15942.9970737957
15944.0924114897
15944.3125406038
15943.9734127927
15943.5984418309
15944.0257437723
15943.529287108
15943.4808658197
15942.9970738144
15942.997073818
15943.7179831465
15943.2922982424
15944.2246358941
15944.4225816343
15944.1677339848
15943.4047241186
15944.1797995061
15942.9664097393
15943.9054156741
15944.3481446094
15944.4890021775
15944.1102730588
15943.3490161961
15942.997073849
15944.8811062348
15942.9970738134
15944.627934133
15943.3040532621
15944.0664307934
15942.9970738175
15944.8420475339
15943.4393303986
15942.9970738179
15943.3467437113
15943.496589353
15942.9970738171
15943.3474182083
15943.6430312088
15944.3689913762
15943.5115330566
15944.6448262887
15944.295768876
15943.4578453533
15944.4837069529
15944.4000211384
15943.3057348081
15942.9970738107
15942.9970738167
15944.6457325755
15943.1869094403
15943.17420409
15944.442982077
15943.5479616608
15944.5871238095
15943.2241963176
15943.4813702269
15943.5251910646
15943.4685531411
15944.1728295409
15943.5626646205
15944.304155044
15943.319287387
15942.9970738136
15944.8994407428
15943.2464323364
15944.5626368407
15944.3030154343
15943.4529654874
15944.408803744
15944.4035877862
15944.4621616406
15943.4897712002
15942.9970738155
15942.997073814
15943.23708607
15944.3841360129
15943.5384880466
15942.9970738184
15943.4896500118
15943.4581611516
15943.3602853849
15942.9970738157
15944.0803160673
15944.2658402758
15944.1474241909
15942.9970738162
15942.9970738152
15944.653373829
15943.4278608604
15944.4069901523
15943.4280353664
15943.3757033949
15944.6737831429
15944.642716244
15943.493611527
15943.5832894707
15944.4950219501
15943.3814773016
15944.4353811548
15944.407091857
15944.5035722532
15944.2337771241
15942.9970738133
15944.4957159171
15943.4549296668
15944.2341757264
15943.304783836
15943.2709912936
15944.6413151849
15943.4275011381
15944.6374137851
15943.383391709
15942.9970738159
15943.3045264154
15944.5040108023
15943.4077324785
15943.3615866473
15944.7639877487
15943.3795596498
15942.997073814
15942.9970738154
15943.2853798177
15942.9970738143
15944.2511171624
15942.997073816
15944.2998331813
15944.7899795245
15942.9970738168
15943.3989200585
15944.9042411068
15942.9970738244
15944.7537509896
15943.4982366549
15943.6485929119
15944.3249813423
15943.4833056671
15944.8420313013
15943.4261591553
15943.3519470346
15943.3632555716
15944.6223782992
15944.8175896916
15942.9970738176
15944.5610930286
15944.0449106041
15942.9970738104
15943.2501897068
15943.7697411585
15943.3329312996
15944.9157954218
15944.0929452972
15944.3948022917
15943.4935500851
15943.1835570501
15943.4492454713
15942.9970738233
15945.1254506083
15944.3205911341
15942.9970738163
15944.7557623503
15943.1749952808
15942.9970738149
15943.3457117759
15943.4351813018
15943.775040042
15943.6339624282
15944.3794557806
15943.0891278497
15943.0881701994
15944.4558221031
15944.2138766727
15943.9666045279
15942.9970738128
15943.1357247551
15944.3061450083
15944.2439297866
15942.9970738121
15943.5410940987
15944.8863688133
15945.1864000308
15944.3384837282
15943.1214288613
15943.4526329364
15942.9970738155
15943.98988823
15942.9970738194
15944.0890256815
15944.165075936
15943.3300226337
15943.1937758285
15942.997073816
15944.1049416871
15943.7231760106
15944.65364611
15943.4603543657
15942.9970738191
15943.3786699837
15944.4480163068
15943.1458553575
15944.1407013305
15943.8375037024
15943.0446059798
15943.3725611204
15943.1181269512
15944.4970085004
15943.3136650284
15944.2917091459
15944.50574397
15943.2132256523
15943.881355261
15944.6409170329
15943.4319753837
15943.2214773729
15944.5400326799
15942.9970738151
15944.8200216492
15943.580829582
15944.3800894688
15943.3697651098
15943.1786314174
15942.8003818421
15943.4131560364
15944.2469336896
15942.997073819
15944.6106279867
15943.8343833541
15943.2621269986
15943.4446492889
15944.4334792613
15943.2395770499
15943.9552631682
15944.3331305608
15943.3883899181
15944.2109579791
15942.9970738132
15944.2704522594
15944.4613839906
15942.9970738206
15943.4959077536
15944.2870195509
15943.4886249211
15942.997073817
15943.67163468
15943.2750745597
15943.2695732439
15943.575453745
15943.4677250611
15944.258023987
15944.2797207318
15944.3982311342
15944.3319431564
15944.6439370198
15943.5243711339
15944.5312652422
15944.1512433
15944.1945789325
15942.9970738126
15942.9970738132
15944.6028441583
15943.5528199223
15944.2442265823
15944.2133129513
15944.3384627339
15944.408642329
15943.400515415
15944.3546050062
15943.4368419247
15944.6363499228
15942.9970738109
15944.8298606913
15943.2875938987
15943.5549416486
15944.1204724913
15943.2421240216
15943.4550412026
15942.9970738169
15945.1756497439
15942.9970738183
15943.2195846808
15943.4632982517
15942.9970738173
15942.9970738171
15944.2382404164
15943.5191363009
15943.3051916857
15944.938296707
15943.385136954
15943.5935810123
15944.2518205586
15943.5531695562
15944.3546081129
15944.3844760464
15942.9970738782
15942.9970738128
15945.1004549649
15943.3293894172
15942.9970739087
15944.895212856
15943.2589436737
15942.9970738159
15943.3556674213
15943.9026852883
15943.3741267156
15944.4330095267
15944.7020506556
15943.550431098
15944.4840185209
15944.8362710995
15944.5655364026
15943.3689778704
15943.5493065164
15943.4310749987
15944.7632608804
15943.4075282989
15944.7060833337
15944.4559198545
15943.4931440005
15944.2990050346
15943.2984132748
15943.4094540989
15943.4406383295
15944.090432607
15944.1341915888
15944.4900847085
15944.2767997674
15944.1586522348
15944.1255807961
15944.4063480624
15942.9970738119
15942.9970738139
15944.4360673651
15944.0655613562
15942.9970738151
15943.2820954957
15944.4550229387
15943.3041306766
15942.9970738127
15944.6217698369
15943.2631696592
15943.2660530181
15942.9970738128
15944.334427579
15944.2746681138
15943.4680133295
15943.3705396377
15943.4720959616
15943.2376282392
15943.7168948128
15944.8367272682
15942.9970738149
15944.5693478572
15944.1730895588
15943.3495866391
15943.597505833
15944.0445277556
15942.9970738142
15943.5082240499
15944.6318540661
15943.4361718704
15942.9970734212
15944.5437988708
15943.3894024881
15943.1669019483
15943.5134610405
15943.346122703
15943.3211947976
15942.9970738168
15943.396680427
15943.4225415631
15944.1269924294
15943.4968841693
15944.4495702013
15942.9970738114
15942.9970738157
15943.2581435939
15944.5637861755
15943.622032302
15944.4617173369
15943.4499962549
15944.9504307052
15943.3407427216
15944.504187338
15943.4711836677
15943.3057757938
15944.1503897209
15943.3695047406
15943.3202137057
15944.3279726696
15943.4365548359
15942.9970738414
15944.5613653155
15943.2708037414
15943.5116036818
15944.2771653807
15942.9970738167
15944.8029785308
15942.9970738158
15942.9970737595
15943.3893302343
15942.9970737759
15943.5480509336
15943.2768149755
15944.8079260897
15943.4875974879
15942.997073808
15942.9970738136
15943.3621447081
15944.4313022114
15944.5084256352
15944.6848983566
15943.6004235146
15942.9970738202
15943.3537503607
15943.4277635656
15944.3830117807
15944.1358371016
15943.3295392729
15944.2639603302
15944.2864872313
15942.9970738184
15943.3261228924
15944.3622576409
15943.3610064826
15943.3988466474
15943.4168032873
15944.2463799879
15943.9751341137
15944.4702095026
15944.9201355114
15942.9970738167
15943.4352296321
15944.5723131546
15944.634492836
15944.3951235709
15944.6859937458
15942.9970738147
15943.2772921451
15942.9970738212
15942.9970738149
15944.7034319091
15944.2729405527
15943.3027617187
15943.2601059886
15942.997073818
15943.3450872887
15944.6685477212
15944.2293728521
15943.2178780429
15943.6681936216
15944.7404951816
15942.9970738126
15944.8566416118
15943.5240288647
15942.9970738984
15943.4157160919
15942.9970738152
15944.5687818823
15943.4482189737
15944.62758634
15942.9970738161
15943.3842717323
15944.9302361777
15943.2820419875
15944.2233483357
15944.8428459239
15943.3110682762
15944.0985925648
15944.3799640011
15944.5959780658
15943.3875865541
15944.2733306964
15944.7310752776
15942.9970738203
15942.9970738177
15943.3082136139
15944.8449551078
15942.9970738232
15944.4571350364
15942.9970738187
15944.3647867531
15943.5498718979
15944.22444272
15943.3226178358
15944.5295517457
15944.2161709465
15944.0897789621
15944.2402039492
15944.4260862729
15942.9970738086
15943.9954964214
15943.5472931401
15942.9970738095
15944.5965001269
15942.9970737802
15943.2998803082
15944.1782243772
15944.3617483622
15944.3574481064
15944.3297006558
15944.3524879075
15944.5296603378
15942.9970738121
15944.5449959295
15942.9970738164
15944.4310692129
15943.3839388966
15944.1677876244
15943.3245991146
15944.572048043
15944.1785543956
15944.9124437445
15943.4753860411
15943.4173675347
15943.4346345546
15943.4304384529
15945.1803632869
15942.9970738153
15942.9970738188
15943.4055996916
15943.1922237817
15944.5141395813
15942.9970738152
15943.3804218893
15943.35788808
15942.9970738118
15943.4666646954
15943.5244968902
15943.5134249885
15942.9970738125
15943.5434687222
15942.9970738135
15943.4558040616
15943.7127045095
15944.4429572984
15943.3565766512
15943.3576905315
15944.1502851654
15944.6833309928
15942.9970738125
15943.6281838428
15943.5139415601
15942.9970738166
15944.654255201
15943.6371064166
15943.4930598869
15944.2590445746
15943.9699394092
15944.5580515434
15944.2731575911
15943.3033430419
15944.1373846774
15943.3486407922
15943.4577927419
15943.552768354
15943.6467844884
15943.4558331833
15944.700540145
15943.2787348935
15942.9970738167
15943.3117991231
15944.1485796016
15943.6385597007
15943.4385842357
15943.3661388454
15943.4686271436
15944.4379699179
15943.2220981552
15943.3653456023
15944.3100781896
15943.4495657162
15943.2452838423
15944.4019065946
15942.997073814
15943.2820793645
15944.3862112291
15944.4896840922
15943.3372585656
15943.2708166787
15942.9970738175
15944.638859911
15943.2321655525
15943.5541342077
15944.6456884564
15944.6415852117
15944.3036707626
15942.997073814
15943.3075126018
15944.2371704775
15944.2960838425
15942.9970738187
15944.4133798669
15944.2412831966
15943.4408488236
15944.2009559589
15943.360790296
15943.3322558423
15943.3705190143
15943.3454744618
15944.2688642511
15943.3043830741
15942.9970738146
15944.499595324
15944.4846175149
15944.6408057733
15942.9970738113
15944.845107932
15943.4477474284
15942.9970738177
15944.3602212802
15942.9970738117
15943.7515596544
15942.9970738207
15942.9970738145
15943.4453612144
15942.9970738126
15942.9970738126
15944.1689854008
15944.7520346803
15943.5053340806
15945.0263151684
15942.9970738141
15943.1905613021
15944.6704700058
15943.422867292
15943.3213987808
15942.9970738139
15945.0371980725
15943.3556707488
15944.4157661264
15942.9970738142
15943.3787902389
15943.3411041436
15944.6776613359
15942.9970738163
15943.8631080475
15944.3685389857
15943.4867771967
15943.5980223257
15944.358319132
15942.9970738127
15943.4250519697
15942.9970738181
15942.9970738285
15943.3586175514
15944.6531006938
15943.3797498102
15942.9970738166
15943.6190010692
15944.6367489539
15943.5575488758
15943.5170505391
15944.3200090518
15944.4195548362
15943.6821199422
15944.4767075632
15943.9890438726
15944.4947168326
15944.6074150024
15943.3778561852
15943.3358216776
15944.6255748334
15942.9970737986
15943.2329397138
15942.9970738193
15944.0504236065
15943.2613950137
15943.4816640306
15943.6020679918
15944.9872365291
15943.5235255888
15943.303994536
15944.0603118509
15944.7077337867
15942.9970738235
15942.9970738114
15942.9970738195
15943.4900730496
15943.2368422621
15944.3715577267
15943.45801146
15942.9970738139
15943.3541531712
15944.4434269861
15944.4030148301
15943.4024518636
15944.6026499715
15944.8674504773
15943.3072918185
15944.8395362907
15942.9970738188
15943.5637080141
15944.5407285577
15944.4827175313
15943.2245623814
15942.9970738146
15943.2443440717
15944.2641987555
15944.4727476111
15942.9970738209
15944.2871542908
15943.4206369358
15943.3914811851
15943.5283180627
15944.2600000882
15945.1329023354
15942.9970738137
15942.9970738413
15943.2906766025
15943.3327284978
15943.9539332413
15944.1489160932
15944.287627868
15943.9863313531
15944.3282439706
15943.1640721445
15943.4696573362
15942.9970738192
15944.6158258
15944.4790783058
15943.4594043541
15942.9970738109
15943.3667922463
15943.3696634519
15944.1637666362
15942.9970738185
15944.9880189661
15943.4925413529
15943.3172613537
15944.3928564025
15943.4087770171
15944.9553351716
15943.2760338661
15942.9970738115
15943.250948908
15944.3681335569
15942.9970738134
15942.9970738141
15942.9970738184
15944.5934956081
15943.3719228272
15944.0476686693
15944.631450369
15943.4502063558
15943.2220085521
15943.5419079389
15943.4552848196
15942.9970738208
15944.6133589875
15944.6923162077
15943.2805907204
15944.7069342484
15943.417533538
15943.4405169656
15943.2352189095
15944.5684615525
15944.4568830205
15943.4635438636
15943.129822184
15944.5796406473
15942.9970738133
15944.4043420538
15944.6605253622
15942.9970738195
15944.2095790753
15943.3276105968
15944.4164684763
15943.955566219
15944.5311076465
15943.1871241081
15944.7308255618
15942.9970737946
15944.2102280576
15944.2705829738
15943.3722894439
15942.9970738175
15944.2864213699
15944.4534471098
15943.4084400338
15944.2301380926
15943.2907813771
15944.2689533629
15942.9970738106
15944.7158375747
15943.302877371
15943.2708609333
15944.6775073484
15944.4174613175
15942.9970738136
15944.350482181
15944.3312386445
15943.3410123884
15944.3043061392
15942.9970738134
15944.2619788923
15944.4287769166
15943.5503469553
15943.3423411957
15942.9970738212
15943.2906031265
15942.9970738132
15945.0395781021
15942.9970738204
15944.5018519898
15943.4533670994
15943.5819361098
15943.3097949427
15943.4047424007
15943.2413794344
15942.9970738101
15943.2915258832
15942.9970738186
15944.4491848168
15943.4501042583
15942.99707381
15943.4448571744
15943.3205903528
15944.2552021182
15944.4822214052
15944.8241041061
15943.4688117832
15942.9970738141
15943.6064312823
15945.1241973973
15942.9970738205
15943.3147666599
15943.6865416522
15942.9970738154
15943.6446531505
15942.9970738105
15943.3590876636
15944.4628066619
15944.6209979312
15943.3352473828
15942.9970738093
15942.997073816
15942.9970738144
15943.2683384289
15943.4193241436
15944.6075396728
15943.4571802077
15944.4190079274
15942.9970738181
15943.5028789955
15944.2829244633
15943.3882590363
15944.2987658052
15943.3993342452
15942.9970738167
15944.2776762095
15942.9970738179
15944.8986326957
15943.5550628113
15944.1982505212
15942.9970738165
15943.4379122829
15944.2112555229
15942.9970738144
15942.9970738146
15944.5522801817
15944.5827405151
15943.4110776227
15943.3497249592
15943.4500434687
15944.51719737
15943.6161897001
15943.3963157696
15943.4316315349
15943.9747302978
15944.3902849631
15943.4796157672
15943.4268095056
15944.2289481737
15944.7180482024
15943.3512296825
15943.3255077962
15944.5676700709
15943.7189900725
15943.460468348
15944.8354313581
15943.3923110708
15942.997073809
15942.997073814
15943.5723246526
15943.35063422
15942.9970738128
15942.9970738177
15944.7409011491
15944.6296127562
15944.4685870544
15942.9970738108
15943.4249677618
15943.4719249431
15944.4096619945
15944.6258960259
15944.4453143778
15944.0840197563
15942.9970737218
15944.3291581053
15944.4441669889
15944.1016556988
15942.9970738158
15944.6952618131
15944.7826658355
15943.296804915
15944.5367369147
15942.9970738166
15943.2997493775
15943.5425239487
15943.722808982
15945.0604144088
15943.3349745376
15942.9970738171
15942.9970738094
15944.3958255127
15944.05749301
15943.3218569764
15943.2672380395
15943.1492484228
15942.9970738153
15943.6281590621
15943.4252851553
15944.1892958053
15943.4912418044
15942.9970738211
15944.5700225716
15944.5711304771
15943.2522087364
15943.999842317
15942.9970738196
15943.2998848
15942.9970738067
15943.2483241603
15943.3514331498
15943.3776289944
15943.4907563681
15943.3160140036
15944.1531318261
15942.9970738152
15943.5933254347
15942.9970738817
15943.4820029744
15944.4911553704
15943.2415244116
15944.475854429
15942.997073815
15944.4855315005
15942.9970738156
15944.272124708
15942.9970738144
15944.8195906407
15944.4098885165
15943.2143101565
15944.6212496256
15942.9970738183
15943.3839559721
15942.997073821
15943.6992484337
15943.3790620234
15944.3813020874
15943.3031729223
15942.9970738202
15944.5116653509
15944.628632031
15942.9970738217
15943.3430256807
15944.7588445306
15944.7179826583
15943.3102547903
15944.4540153848
15944.3128826416
15943.4437086654
15944.6811876476
15944.1131925808
15943.449148901
15944.6004576217
15942.9970738132
15944.2295345547
15944.5308517714
15944.6425277966
15942.9970738192
15944.2515647004
15943.4747657961
15944.2637114511
15943.4629875613
15944.0255578908
15943.1683676593
15943.5670214758
15942.9970738118
15942.9970738118
15944.1116497033
15942.9970738207
15944.3482621679
15944.6077374789
15942.9970738197
15943.3604216876
15944.4428757002
15942.9970738105
15943.5828683178
15943.4102503261
15945.0935013292
15944.6740736914
15943.3388651389
15944.5049539763
15944.5162941391
15942.9970738154
15942.9970738165
15942.9970738124
15943.4158599724
15943.3621283844
15943.3449527841
15944.1081438481
15944.5149700115
15944.6910111056
15943.5010605932
15943.2064532465
15944.5580273986
15943.633956286
15942.9970738188
15943.4122412424
15943.4130230135
15944.5078625682
15943.4506377054
15943.3034593045
15943.316978121
15944.3320225136
15943.4186819093
15943.2294847363
15944.0022996093
15944.8747012585
15943.3978106747
15943.2968515341
15944.9212506707
15942.9970738204
15943.3978310519
15944.7827241063
15943.4396174351
15943.3950540168
15942.9970738176
15944.075239054
15944.2083579109
15942.997073823
15943.2786527902
15942.9970737938
15943.4942126769
15944.5371256267
15943.6031158385
15944.5077615698
15943.2409429735
15944.8968988203
15942.9970738126
15944.5356960811
15944.3283397311
15944.1499443895
15942.997073592
15944.215977061
15944.4433945388
15943.2628203211
15943.2367449437
15942.9970738178
15944.5203701359
15944.3817585339
15943.4894876449
15943.2892198883
15943.3652291301
15944.3918335831
15942.9970738138
15943.3245795532
15944.7681420784
15944.9177012898
15944.0174835767
15942.9970737858
15942.9970738196
15944.3499584982
15944.6594782621
15944.3999647291
15944.7061335483
15942.9970738268
15942.997073821
15944.326019758
15943.4362300831
15942.9970738147
15943.4261438991
15942.9970738203
15944.715474572
15942.997073813
15942.9970739666
15944.430336588
15944.597200499
15942.997073819
15944.5573051488
15943.3301318792
15944.1589358277
15944.5582673856
15942.9970738184
15942.9970738134
15943.427941311
15943.7396535771
15944.4700627895
15943.2763479966
15942.9970738224
15944.6119058837
15942.9970738212
15944.6663705801
15943.2755753437
15943.5488252864
15943.3870958352
15942.9970738181
15942.9970738154
15944.4337431556
15944.2877658319
15945.1369838673
15943.81272191
15943.6463636712
15944.271035586
15942.9970738223
15943.4263411319
15942.9970737943
15943.3555531802
15944.3079944009
15942.9970740209
15944.2826142599
15943.6761292991
15943.2285950479
15943.3543453233
15943.4184341578
15944.4723778737
15943.5578354166
15944.5400540765
15944.3533411687
15943.3257595706
15943.1734249805
15944.2698390192
15942.9970740326
15943.9714500666
15943.1364176628
15943.4500877318
15944.1684364526
15943.3210502184
15943.0644660048
15944.2125101456
15944.6183267517
15943.3120610501
15943.4580219576
15944.7171096159
15942.9970738173
15943.4538781068
15944.727188252
15943.2673409173
15944.1489792026
15942.9970738196
15944.8249251113
15943.1377255456
15943.9963589764
15944.3769131324
15943.4771198747
15943.4870442096
15943.3284764487
15945.2332705874
15943.2736749848
15944.8253756284
15942.9970738175
15943.3568624518
15944.7639563261
15943.5426292875
15942.9970738155
15943.1700722223
15944.6061954726
15944.2977786738
15944.6671885953
15943.7189181521
15943.1026224458
15942.9970738212
15943.3665824932
15943.5806594121
15943.5556579547
15944.4833143675
15942.9970738137
15942.9970738204
15942.9970738147
15943.3275439076
15943.3941641058
15942.9970738117
15942.9970738115
15944.6411904595
15943.3646420606
15943.4724769989
15943.4843687353
15942.9970738159
15943.798473641
15944.5991593597
15944.3146929878
15944.551976063
15942.9970738699
15943.6374482272
15943.8022695943
15943.4297111071
15944.4320954393
15943.3089226658
15944.521946594
15942.9970738459
15942.9970738198
15943.1698253491
15942.9970738212
15945.3050628495
15944.9021606686
15943.3609422778
15944.3994924073
15942.9970738098
15944.3013495026
15943.4025002915
15943.5520011446
15943.4226144841
15943.3083675091
15943.2356773032
15944.376499988
15943.6469392177
15943.4939603296
15944.4282557782
15944.4876495416
15942.9970738098
15944.6167449835
15942.9970738148
15944.7732076225
15943.0920726803
15942.997073818
15943.2431461356
15944.1662877104
15943.225885725
15944.7242602353
15944.4868064121
15944.5458737672
15943.184659235
15943.5079702457
15943.3109218307
15942.9970738189
15943.3674652585
15943.3178147831
15944.5510507073
15942.9970738132
15942.9970738194
15943.4623142029
15943.3051359668
15943.4758871275
15943.1380666923
15942.997073816
15944.6327380869
15944.7268589848
15944.1459435334
15944.3247562132
15943.2797442991
15944.3060350281
15943.4997779641
15944.2674042984
15943.2273076913
15944.736053021
15943.5316512839
15944.5176797615
15943.2689556572
15943.6729683754
15944.3063081209
15942.9970738153
15943.4917112416
15943.3791519044
15943.4551951023
15943.3473447619
15944.7890859585
15944.115786654
15944.3551459775
15942.9970738151
15943.3055366467
15943.2304462952
15942.9970738183
15944.5741339227
15944.4392679751
15944.4155349848
15942.9970738189
15943.3980946135
15944.5850624526
15942.9970736275
15943.5326484243
15944.5325166768
15942.9970738191
15943.358026442
15944.3812317238
15944.3416138444
15942.9970738153
15943.332036257
15942.9970738164
15942.9970738131
15943.4710688486
15944.159147389
15944.3515576541
15943.3569612908
15943.4467750855
15944.310319745
15943.0749009614
15944.3623895547
15943.5545959042
15943.3189268669
15943.0413147815
15942.9970738154
15943.8643956716
15944.1259091118
15943.5690094898
15942.9970738224
15942.9970738154
15944.1296271372
15944.7576976609
15943.4794966761
15943.5562967852
15944.271513445
15943.3834429812
15944.4522515939
15944.5447356185
15943.5571027568
15943.4947040235
15943.4249595323
15943.2517331306
15942.9970738127
15944.3878760033
15943.2215005953
15944.340946503
15943.3188577781
15943.2697467185
15944.471626407
15942.997073814
15944.3109809854
15942.9970738154
15943.1143158361
15942.997073815
15944.5514321867
15943.5212394202
15942.9970738122
15942.9970738138
15943.7206410437
15943.5545502138
15943.48882138
15944.4855580974
15944.6433509889
15943.5352346524
15943.3255992918
15944.5127458951
15943.3438722998
15944.4675678143
15943.3968528794
15942.9970738197
15942.9970738322
15942.9970738209
15943.4906198259
15944.4285306451
15944.5544604004
15943.4671540522
15944.1433920897
15944.6006711968
15944.248191505
15944.7089127931
15942.9970738174
15943.5792861212
15944.5874853527
15944.4388785506
15944.7335919345
15942.9970738168
15942.9970738198
15943.5285495531
15944.5695869873
15942.9970738176
