# type 3 occupying volumes
15984.3536216552
15985.6599418218
15985.3676278944
15983.8783438156
15984.1887486718
15985.4781434541
15985.1530169696
15983.7834520617
15983.9611812999
15984.8585186616
15983.9168921373
15985.1527954013
15985.1589360548
15983.874847354
15983.9540342561
15984.0110406335
15984.3536216503
15984.3536216461
15984.0321898364
15984.1548478028
15985.5180116195
15984.4717673541
15983.8519269498
15984.3536216529
15985.5000566533
15985.3968168799
15984.0598950946
15984.0624499478
15984.0664243601
15985.8351673328
15985.3161805773
15984.3536216485
15983.8495386301
15984.1390922217
15984.3536216498
15984.3536216438
15985.1182638953
15983.8981097133
15985.0567356676
15985.8858411034
15985.0944757949
15983.8881317346
15983.7951152936
15984.3536216534
15984.3536216549
15983.8295698213
15984.3536216526
15985.4704741568
15984.0609717381
15984.3536216669
15984.3536216479
15983.8710181027
15984.3536216476
15985.7817070397
15985.3606479119
15984.1172493993
15985.2759589231
15984.3536216525
15984.3235707235
15985.3199284384
15984.3536216534
15983.906806797
15985.396323639
15985.5230617601
15985.3999462887
15984.4662829065
15984.0270906286
15984.4279155013
15984.4733122413
15984.462359721
15985.4759886741
15985.7093084034
15983.8675837694
15984.1979707511
15984.3536216589
15984.3536216564
15984.3536217932
15984.353621679
15984.2528219228
15984.353621657
15985.3279193145
15984.3536216563
15985.8316215606
15983.8734492338
15984.3148676218
15985.3566104343
15984.3764010643
15984.059804803
15985.3219067646
15985.5818026067
15984.5671618583
15985.568996142
15984.0747354913
15984.6195456013
15984.3536216614
15983.9070405245
15985.4736646335
15983.8796618337
15984.3922372736
15985.38934772
15985.7654725985
15984.1277653911
15984.2210059147
15984.2876000405
15984.1083654444
15984.2034877773
15984.1103649249
15985.3236788112
15985.0640390098
15985.5957385852
15983.9006974204
15984.3536216509
15985.9415577573
15984.5673335418
15984.3536216517
15984.3536216618
15983.8581383774
15984.4282963211
15985.6522513774
15984.0575445258
15984.0306559569
15984.5117726803
15984.1473329905
15985.5886459019
15985.5544900403
15984.2074331616
15984.3536216516
15985.3129811286
15983.8861759842
15985.7046279564
15985.6824500595
15984.0618481993
15984.3536214354
15984.2352076659
15985.2214521345
15984.3536216411
15985.300360397
15984.2526047479
15984.3536216494
15984.353621652
15984.3536216484
15985.6858965906
15984.3536216551
15983.9078401456
15985.3112527197
15983.8850519212
15985.043534032
15984.0458554756
15984.2831210593
15985.3844002347
15985.2691292626
15984.4514612712
15984.5941250714
15984.354480974
15983.9763093635
15984.3378376673
15985.7108096431
15983.8608791624
15984.229441604
15984.3552869294
15984.2655095143
15985.2359441786
15985.3007833117
15985.1328520623
15983.9565739218
15984.3964108389
15985.3712313687
15985.4925708214
15985.0293321661
15985.5713128111
15985.1742262114
15984.0213804897
15985.4620673818
15983.9032796598
15984.6585006222
15984.2886667207
15983.9557420866
15985.2013050855
15985.0116270148
15984.2298726528
15984.9613632159
15983.8451414008
15984.2506415925
15984.9941857346
15984.4435173922
15985.6505624206
15984.1223449117
15985.036947932
15985.0561534674
15985.3991243387
15984.7828943699
15984.4066867171
15984.0675202328
15985.1413658642
15983.9954539032
15985.5627449919
15984.3536218185
15985.3169945571
15985.5441467906
15984.3536216478
15985.2371629768
15984.1367396194
15985.0789030754
15985.3026389253
15985.4950835928
15984.3536216707
15984.3536216483
15985.3605169206
15984.337985404
15985.6676360403
15984.3536216612
15983.9029421612
15983.843876684
15985.103186906
15984.0096590741
15985.6728557325
15984.1149084818
15985.6378354455
15985.5264505212
15984.3536216519
15985.3419613949
15983.9015053666
15984.2988393052
15985.923138032
15984.0498640711
15983.7574355648
15984.0035609284
15985.771225026
15984.5076280756
15983.8905816743
15985.4912038888
15984.3536216533
15984.224251501
15984.3367246222
15985.4135576057
15985.0200291394
15985.1278544927
15984.1562613444
15985.3878162867
15984.0456713292
15984.1339185631
15983.9850248888
15983.9384575629
15984.3536216454
15985.9627918754
15984.3536216823
15983.9678663369
15984.3536216612
15984.3536216597
15985.6031674602
15984.3536216515
15986.0388871234
15985.4200640468
15985.6782423286
15985.282254206
15985.6690124625
15985.6734831783
15983.8405625856
15985.5955194045
15985.0208767836
15983.9842525489
15984.3536216475
15984.3536216482
15984.0017139191
15984.3536216529
15985.6032757534
15985.0226699837
15984.2983387368
15984.3536216346
15984.3536216547
15985.3464677893
15984.239662325
15985.8715581076
15984.3536216458
15985.7689882779
15984.3536216347
15984.3536216553
15985.9426747905
15984.1665916808
15984.353621653
15984.0627992268
15984.0934714371
15984.3859632113
15985.2400751275
15985.0869924105
15985.3352831294
15985.1411224461
15983.8986024155
15985.6624026521
15984.3536216506
15985.7934001513
15984.3536216577
15983.7762520232
15985.4521449183
15984.3536216594
15985.3352671238
15985.7113793077
15985.8392122026
15984.3536216475
15985.8817091817
15983.9698878709
15984.0270150091
15984.958428908
15985.1464571448
15983.9078488969
15984.4218463473
15983.8360402144
15984.3536216572
15983.9899334508
15985.4077362194
15984.3536216409
15984.0743654588
15983.8208992952
15984.8709447796
15983.9445969935
15985.08353258
15983.9745252894
15986.2189628605
15985.8603686546
15984.2658075754
15985.6443721801
15983.8939264398
15984.8949611329
15984.0289985081
15984.0580136402
15985.0589615747
15985.1014322659
15983.7672205711
15984.0711028342
15985.2005476025
15985.2982158932
15984.3536216437
15983.876036885
15984.3536216586
15984.3536216605
15985.6894088969
15985.1980810445
15985.4371898439
15984.4535334968
15984.7925319591
15984.3536218052
15985.0338604315
15984.353621647
15984.3536216445
15984.3536216528
15985.7179836578
15984.0565253945
15983.9904056429
15985.2256797876
15985.4112333883
15984.3536216509
15983.8057488194
15983.9296166479
15985.729927519
15984.4853380791
15983.8296324437
15985.7178033716
15984.4573330441
15984.1632133374
15983.8409511854
15984.0035994621
15985.9001771081
15985.6507128227
15985.5278846983
15985.3074463004
15985.4047864757
15985.4693769013
15985.17646152
15984.353621563
15984.3536216554
15984.3536216505
15985.4966541914
15985.3775974559
15984.003612137
15985.3006578645
15983.8258043796
15984.8848618807
15984.2483796415
15983.9814407927
15985.5619497234
15985.1742173736
15983.8210620158
15984.0192608628
15984.2221962275
15985.2584697944
15985.1435140379
15984.8581565845
15984.080371902
15985.1066829437
15984.2281084846
15985.3397333779
15984.5616348234
15984.3536216589
15983.8069396764
15983.930071343
15985.0706223262
15984.2940979137
15985.619411074
15985.2958702425
15983.975471385
15983.9857929968
15983.9879624565
15985.6803501151
15984.3055552863
15984.3536216473
15985.5386369024
15985.3126501429
15985.2748432978
15983.8960964882
15984.3536216538
15985.2613929839
15984.0357241595
15983.9914939055
15985.0612891275
15985.1797641344
15984.0140546611
15985.8437583021
15985.288448897
15983.7335060192
15984.3536216462
15984.1222538065
15984.1065566276
15985.0356722872
15984.2060839136
15985.210742664
15984.3536216489
15984.3536216484
15984.3536216458
15984.3536216473
15984.0415301237
15984.3536216502
15985.8296309231
15985.3113429556
15985.3390362047
15985.3971173435
15984.3536216559
15984.3536216543
15984.3536216481
15984.2048524257
15984.5328541368
15984.3536216435
15983.9204277631
15984.3536216427
15984.3536214826
15985.9560203512
15984.3100178373
15984.3536216493
15985.4608665533
15983.8297812794
15984.3536216519
15983.910086477
15984.1372372805
15984.3536216557
15984.3536216517
15984.1357208599
15984.3536216471
15985.4347285495
15984.2381043188
15984.3536216562
15984.3536216589
15984.3536216513
15984.229726445
15984.3536216392
15984.1323419038
15984.3536216544
15985.4620117903
15985.9657442357
15984.1367246529
15984.3536216731
15984.3536216548
15984.353621646
15984.0762698669
15984.3536216529
15986.016734373
15985.6752987124
15984.3536216484
15984.0236073754
15984.3536216435
15984.3536216404
15984.3536216545
15984.3536216479
15984.3536216454
15984.3536216511
15984.1012973622
15983.8893317317
15984.3536216429
15984.2671736453
15984.3536216478
15984.3536216548
15984.3536216509
15984.3536216449
15984.3536216439
15984.353621652
15983.9571302576
15984.3536216306
15984.3536216469
15984.3536216506
15985.477200689
15984.7733906894
15985.683695636
15984.3536216573
15984.048006018
15984.4355242224
15984.3536216563
15984.3536216482
15984.3536216571
15984.3536216615
15984.3536216548
15983.8977475861
15983.7609999347
15984.353621652
15984.0485951271
15983.9129102625
15984.1120814069
15983.9471831372
15986.0288573378
15984.3536216523
15984.3536216469
15984.1701670269
15985.2542591649
15985.5167510248
15985.2799452091
15984.4369038249
15985.6153329354
15985.5024660826
15985.2961197949
15983.6266385931
15985.9850350943
15984.3536216431
15984.3536216421
15983.8391302169
15984.3536216528
15985.3826913471
15984.0587021212
15984.1828362511
15984.2223651562
15983.8692362114
15984.35362165
15984.353621665
15984.2224954579
15985.4282095472
15985.0001707746
15985.1910176347
15984.0161301972
15983.7853002478
15984.2745179999
15983.8623929542
15985.4736918484
15985.1501179844
15983.8421720606
15984.2729743498
15985.509998554
15983.7786948218
15983.8469788763
15984.9073511214
15984.0893888421
15985.0363351193
15983.93718308
15984.3536216541
15985.0212184635
15984.2873174583
15985.6408929567
15985.0754652874
15985.374872045
15985.3353323047
15985.3908759953
15985.6981838954
15984.3390251608
15985.1101785321
15983.9282012727
15985.4334419478
15985.1418655343
15985.2945355381
15984.4007899487
15985.6789810831
15984.0781829624
15984.0009089015
15984.0069467478
15984.0688052519
15985.2680204173
15983.8144186682
15985.177681635
15985.2024114607
15983.7368393237
15985.4625510873
15984.3536216411
15985.7590484928
15984.3536216563
15984.3441492984
15984.4485435077
15984.4088654067
15984.5066933122
15983.8796457052
15985.6453287959
15984.3536216401
15985.5715142086
15984.4912807214
15985.378378454
15983.9733719987
15985.170022034
15984.3536216937
15985.5873553538
15985.6455290896
15984.3536216564
15984.3536216614
15984.0527682567
15984.5499029069
15984.3536216687
15984.3536216527
15984.353621655
15985.523090102
15984.3536217345
15984.353621658
15985.7562749822
15986.4601798796
15984.353621567
15985.7998251129
15984.5830618321
15984.3536216571
15985.5081989818
15984.3536216572
15985.4683457628
15985.6370057635
15983.8960768411
15985.915984563
15984.3536216516
15984.353621655
15984.0363103642
15984.3536217857
15984.3536216492
15983.8743580814
15984.4233900035
15985.2736651731
15984.3536216566
15984.3536216531
15984.4615420322
15984.3536216655
15985.4726902704
15984.0210241227
15985.3476863371
15984.353621645
15984.3536215336
15986.1797074605
15985.3385002483
15984.4916559228
15984.6577350231
15984.3536216453
15984.3657042647
15984.4843961772
15985.568547001
15983.789292832
15984.3536216602
15985.6070877167
15984.3536216539
15985.6331993948
15985.2592533588
15983.7869287434
15984.3536216431
15983.8356159631
15985.432980295
15985.8500331126
15984.3536216575
15984.3536216447
15985.544909987
15985.4647201727
15985.0408477991
15985.1901689099
15985.8073476256
15984.3551055498
15985.8331942999
15985.4990142013
15983.7465574569
15984.1342712281
15985.3826793735
15984.4276230904
15984.3956075827
15984.0131277149
15984.3536216519
15985.3315425625
15983.8561935379
15984.3536216482
15984.0298204123
15985.4594565987
15984.4093339664
15984.3536216506
15985.5980044232
15984.9316164964
15984.0537049481
15984.3889740807
15984.9930570223
15983.8996330018
15984.9771537449
15985.0586968631
15983.9538305763
15985.0442206465
15984.8409737126
15984.088802789
15985.547700318
15985.3081862491
15983.8840739224
15985.1738346846
15985.1552829351
15983.9682131965
15984.0779254699
15985.2503628281
15985.1665654201
15983.9162172775
15984.7833046255
15984.0831105263
15984.2072566968
15985.2520838976
15983.9975971104
15985.3751240027
15985.395849412
15985.2654455739
15984.3699582857
15984.2341542188
15985.1057647354
15984.2387733497
15984.0495885872
15984.159116984
15985.0793658369
15985.1276523036
15985.2684445531
15983.9793189172
15985.5099097194
15984.3536216443
15985.2927595069
15984.0808790501
15985.3638023477
15984.2365943349
15984.3136627125
15983.9003878689
15985.9099212996
15985.0372996808
15985.3545962711
15984.2617453466
15983.9516305185
15984.1993220133
15983.9089907979
15985.2320779966
15985.1830058019
15983.9718075003
15985.2821127331
15985.5817666948
15984.0700730737
15985.2383638852
15983.9754076735
15985.1697947822
15983.8983599188
15985.4514193081
15983.8741710135
15984.1592060233
15985.0714458206
15985.0904559095
15984.3302098532
15983.8965527061
15985.5808189721
15984.3536216513
15985.499726336
15984.388874757
15985.4580219089
15984.3536216303
15984.5771415736
15984.4825663007
15984.2977430835
15984.2822687545
15983.9095822304
15984.3097725051
15985.111177645
15983.8322285734
15985.6820279606
15985.1935008144
15984.3536216438
15985.5348745533
15984.3536216559
15983.9344801446
15984.2206074759
15985.0918415953
15985.2655010358
15985.170026159
15984.0659445143
15985.1293123334
15983.9963250196
15984.0763577502
15983.785618224
15985.2420772588
15983.9534394374
15984.327179874
15984.0110011697
15985.3645214841
15985.5160341381
15984.2320345135
15984.1706086383
15985.0285622016
15985.3890257861
15985.1334916386
15985.1720113708
15983.8440319123
15984.1012803005
15985.3730640937
15984.2067145623
15984.1452543169
15985.009415965
15984.2191765635
15985.1704097613
15985.3169978388
15985.00193073
15985.4040785778
15983.9503077004
15983.9627321775
15984.3536216531
15985.5550425381
15985.3428712182
15984.1249470023
15984.351130825
15985.0979577901
15984.260982539
15985.2338257789
15984.235697818
15985.315860804
15983.9343530722
15983.8317463441
15985.3379173865
15984.3536216624
15985.517172831
15984.9778158354
15985.2325296696
15984.0670837496
15984.1779076146
15983.7647323906
15984.353621666
15984.3536216542
15983.9917754356
15984.0595615091
15984.3536217353
15985.2888022485
15984.3536216429
15985.69925224
15984.3536216776
15983.8621001238
15984.0728257186
15985.0221894841
15984.1429454763
15985.524764089
15984.3487912695
15985.1751898028
15985.1980716975
15985.1268060689
15985.5283051887
15984.2525485692
15984.0358683276
15985.5265307694
15985.2489456392
15985.2048762297
15984.1444823728
15985.0956762754
15984.9743760714
15983.8420500589
15985.2183702683
15985.0629716423
15984.0568490904
15985.0809985188
15983.8857204523
15985.2789404873
15985.2500470829
15985.3671708927
15984.2059037906
15985.1642686271
15985.175910859
15983.9497279089
15984.2809001587
15985.4690408731
15984.4741135913
15984.2648530876
15985.1210345942
15985.0253520833
15985.1161989725
15985.0412124373
15983.8542583423
15985.5854561917
15983.994985059
15985.3824219484
15985.3449207935
15984.4050299244
15985.3122140561
15984.2844087546
15984.1490027951
15985.2018977008
15984.3045771437
15984.1919896885
15985.2946648036
15985.4807710078
15985.5369367467
15984.3536216569
15983.9643965122
15983.9311087061
15985.5431888519
15984.9410849318
15984.3536216416
15985.3944451605
15985.1504520803
15984.3536216577
15985.4851109187
15984.3536216565
15984.3103414155
15984.077273425
15985.1751695237
15985.5305058768
15985.0611982362
15983.9187405478
15983.946041716
15985.5103845985
15984.3536216598
15983.9170756054
15985.5859223764
15985.3939272589
15984.0465807443
15985.0192307616
15983.8975175621
15985.166145028
15983.8037201112
15985.5549555742
15984.3536216522
15983.9200451036
15984.3536216591
15984.3536216518
15985.582252587
15983.8165584803
15984.1656215684
15984.2282116603
15985.3915031276
15985.063775645
15984.2128570119
15983.9876261843
15983.716527436
15985.197125726
15984.1626553032
15984.0104647345
15985.7271752327
15985.3638206432
15984.3536216461
15983.9260409946
15985.226216879
15984.9523432854
15983.9164663207
15985.2693516794
15985.1526355368
15985.2862003912
15985.4235694743
15983.9630280026
15984.3717868996
15985.3210236521
15984.2750433956
15984.1037412551
15985.4634046457
15983.978329589
15985.212492459
15984.0694766029
15985.435671934
15985.2154699907
15984.2080973142
15984.1500486888
15983.9272985648
15984.8450327269
15984.2543011661
15985.4795787697
15984.1972033565
15985.3624136296
15985.5803133572
15984.3536216488
15984.3536216479
15984.076409207
15985.2802546274
15985.285052531
15983.8318444069
15983.9446972175
15985.0385085293
15985.0499770657
15984.9878040728
15985.824778044
15983.8736630774
15985.2889856871
15984.1503540448
15984.851925271
15983.8566621676
15985.0765917917
15984.3864333997
15985.9205158873
15984.353621653
15985.7674417674
15985.275037586
15983.9369501081
15984.1536414543
15985.5756770367
15984.260329095
15984.1284340161
15984.3328261865
15984.394759187
15984.449452183
15984.057645683
15984.0157953582
15985.0692168776
15985.0886668575
15984.3536216475
15985.4067690687
15984.9388767009
15983.9879187176
15985.5433842842
15984.3576901082
15983.9351370603
15985.741773516
15984.4914134327
15984.0422586688
15985.4292430943
15984.9240531594
15984.0722555747
15983.9153534189
15985.0483847866
15984.9940873168
15985.121458918
15983.8363757262
15984.3536216474
15984.3536216556
15983.7379911268
15984.9947283298
15985.34203144
15985.1238518318
15984.2381913479
15983.8272191159
15985.6305794757
15984.3045521992
15984.1860845786
15984.3161311268
15984.3536216522
15985.6158442059
15984.3536216624
15984.3536216616
15984.3536216454
15985.6836789415
15984.3536216511
15983.7328097
15984.4558750597
15984.3235750766
15985.581293115
15983.6854028887
15983.9080175381
15984.3536216629
15984.3536216467
15984.3536216495
15985.8415353156
15985.6418984345
15983.9038420549
15985.8801643331
15984.3235751033
15984.3235750907
15983.9630964612
15985.1241437294
15985.6933065028
15985.3036921518
15984.3536216423
15984.3536216445
15983.8633457703
15985.5875301458
15984.3536216507
15984.2956776736
15984.8655923971
15984.3536216483
15984.0460518371
15984.8025635495
15984.3536216609
15985.8170297104
15984.3536216584
15984.3235751005
15983.6632763601
15984.3536216533
15985.9078153178
15984.3235750746
15983.9385872072
15984.3536216556
15984.3536216869
15984.3536216539
15984.1692482178
15984.3536216363
15984.3536216382
15984.2339548319
15983.8770050367
15985.3450917625
15984.0651899213
15984.353621655
15983.7982557391
15985.4692406365
15985.561453017
15985.1740381566
15985.77666084
15984.3536216571
15984.3536216447
15983.7694400247
15984.3536216475
15984.263697108
15984.3536216597
15983.8317785637
15985.421781366
15984.7775627385
15985.344862055
15984.3536216721
15984.353621651
15983.7309436497
15986.1525890248
15984.3536216638
15984.3536216543
15984.4160886353
15984.3536216474
15984.299527691
15985.9101384259
15985.226619906
15985.2848712454
15984.3536216513
15985.6965603506
15985.4431268987
15983.9323328045
15985.6426003387
15984.0447583788
15984.3536216604
15984.3536216573
15984.1857281815
15984.3536216466
15984.4828397605
15984.3512439376
15984.8912911039
15984.0342993077
15984.118099234
15986.1459095168
15985.0742559443
15985.2482369646
15985.3305175985
15983.7589985367
15984.353621641
15983.9547513417
15985.4857830556
15985.9254945077
15985.3528416437
15985.8683528578
15984.446969343
15984.1179637949
15984.4092979914
15984.2460224729
15985.0587308386
15984.3536216502
15984.3536216692
15984.0404167072
15984.3536216517
15984.3536216523
15983.9113693083
15985.3956337342
15984.002015244
15984.0913407606
15985.1668287766
15985.079123596
15985.3995259579
15983.981941829
15985.0969953613
15985.7863802018
15986.0206421201
15986.1113803343
15984.055413021
15985.0996802548
15984.2791549179
15984.4293710374
15984.3536216575
15984.1490650444
15984.1717144224
15984.3063778462
15984.3536216506
15984.3536216504
15984.3536216472
15985.3182184799
15984.1797174664
15984.110345114
15985.3648862042
15984.3536216521
15984.0074399437
15983.950428638
15983.9324871074
15985.1216142839
15984.2237719977
15985.9132400585
15985.8590406006
15984.3536216502
15985.0838085475
15983.9518375557
15985.0332644145
15985.1574899519
15984.3536216632
15984.3536216556
15985.1386209605
15984.3536216514
15984.3536216548
15985.5616151682
15984.3536216491
15983.8980617134
15985.3772635893
15984.1963127273
15984.3264420042
15984.3536216527
15984.353621646
15983.911483917
15984.3536216515
15984.3536216505
15984.3536216442
15983.9119328114
15985.4025358312
15985.4734935393
15984.3536216597
15985.0640724978
15985.2081167501
15985.7602254304
15985.7640836087
15984.3536216544
15984.3536216592
15984.3536216549
15984.3536217269
15984.058937257
15984.4769524002
15983.8959180304
15984.3536216496
15983.8185459542
15984.3536216537
15984.0077994011
15983.8760165158
15985.7572350601
15984.3536216592
15984.0481609858
15985.474406858
15985.5305162082
15985.3794718191
15983.8858587108
15985.1344510702
15985.432002162
15985.3914640838
15984.4183157647
15984.1271264129
15984.0502972125
15985.9639600428
15984.353621641
15983.8908080093
15983.9194487114
15985.7307675577
15985.6463942057
15984.3235750748
15984.3536216555
15983.8989828279
15985.3768996221
15984.1084320243
15985.2754642958
15985.2447615811
15985.4525634806
15984.0882644782
15985.2891596693
15985.6555367733
15985.0826995945
15985.2143622727
15983.959885799
15985.2568634734
15985.5211641043
15983.9280801899
15985.0139314256
15984.3536216472
15985.4152325668
15985.7431066021
15984.3975510429
15983.8018238183
15985.7223907301
15984.3536216707
15985.4350955574
15984.3536216636
15983.8782887853
15984.3342710553
15985.2671718865
15984.3742496082
15985.1947616885
15984.0214127379
15985.529990486
15985.3313319567
15985.5109813527
15985.3050584039
15984.2541250796
15983.9613050343
15984.3536216533
15983.9888649631
15985.3742565921
15985.706216615
15984.3536216539
15984.4630676563
15984.3733455899
15984.1766892378
15983.8832557893
15985.433260183
15986.1152715518
15984.3536216533
15985.2465880713
15983.7673361446
15984.0956371885
15985.5958842749
15984.1312909285
15985.0695109058
15985.4291310425
15984.3536216504
15984.353621639
15984.280028489
15984.3145019765
15984.1763935364
15985.0427285769
15984.1748831214
15984.1403369403
15984.2760924998
15984.3256363482
15984.0537253519
15986.063328556
15983.9712409865
15984.0467181567
15985.2977370658
15985.1765396893
15985.4062080212
15984.051442318
15985.1126482574
15985.3197051545
15985.5528186406
15985.7455556862
15983.8793045194
15984.124672025
15984.1362296445
15985.0918644269
15984.0724308035
15983.9165668839
15984.3536216505
15984.2465640065
15984.1670540144
15985.1589763466
15985.3447782824
15983.9648658667
15984.3536216449
15985.4668040544
15984.0852945695
15984.3536216539
15985.3446013814
15985.3626505528
15983.8869085052
15984.8784262126
15985.2135039531
15984.2395383332
15984.2027422746
15983.9579374296
15985.8830297438
15985.4603391868
15985.5480615027
15984.3152034185
15984.0108153627
15985.3551701918
15983.9027310313
15984.3536216512
15985.3023976331
15983.843834272
15983.9208460288
15985.352736586
15985.0060748948
15984.3536216556
15984.1355347776
15985.2251415341
15983.8714262552
15984.3488882788
15984.1754833063
