# type 4 occupying volumes
15943.7835107309
15942.661769576
15942.4544706404
15942.8072339031
15943.8811159714
15942.8072336897
15942.7143726852
15943.5703947438
15943.7889529375
15943.6740039922
15943.6768761273
15943.6464792937
15942.8072339013
15942.807233899
15942.3488725323
15942.2779872737
15942.8072339018
15942.2932615182
15943.6670152323
15943.8804232272
15943.8204033544
15942.8410632492
15943.7105460803
15942.8072339079
15943.8795519184
15943.7741716081
15944.0253493597
15943.6244679423
15942.4370054291
15942.2758514946
15944.1920019324
15942.2198300912
15944.0347168053
15942.8072339083
15943.5923688863
15942.4169092657
15943.7576925737
15942.8072338994
15942.2999379108
15942.6171045525
15942.8072339017
15942.2903955621
15942.43246248
15942.7517101715
15943.753718435
15942.80723391
15944.0272739816
15943.7612002833
15942.8659015251
15943.9920099726
15943.7642431192
15942.8072339023
15942.1674406129
15942.3411504223
15943.8821695623
15942.5529422642
15942.6925939157
15942.7260117104
15942.807233897
15943.9429058507
15942.6078659202
15942.8072339051
15942.8072338999
15942.3522251369
15943.599560792
15942.8072339086
15943.8348423263
15942.8072339019
15942.4384528017
15944.0348460893
15942.8072339044
15943.9445250998
15943.8232527123
15942.6735660324
15943.9321966402
15944.0060353994
15943.8930468198
15942.9961934068
15942.2441245884
15942.0554492972
15942.3728076986
15943.5081414924
15942.8072339021
15942.0643134175
15942.8072338957
15943.2088769749
15944.1027530856
15942.5497817112
15943.5383212579
15943.8883944741
15943.8667377861
15942.375294265
15942.359841577
15943.999985442
15942.8072338979
15943.7042793241
15942.6679323832
15943.0164755377
15943.9255890319
15943.7676244862
15942.8488355806
15942.807233905
15943.8984941334
15942.8072339078
15944.0171876007
15943.6250166013
15943.6066089221
15943.4789645783
15942.3190946177
15943.8289682779
15942.8600973788
15943.7219499614
15942.8072339039
15942.8072339046
15943.849913367
15942.807233905
15943.7225072669
15942.7043614811
15942.2859694829
15942.7154249001
15943.6839128487
15942.8662224549
15942.5517323208
15943.778506384
15942.8072339052
15942.0827733811
15942.5437647471
15942.5676695061
15942.2513007182
15943.690545615
15942.210120916
15943.5900377539
15943.9985080451
15942.371831742
15942.8072339053
15943.8801581756
15942.8072338968
15943.9629011828
15942.8072339022
15943.8006097061
15943.605443154
15943.6858358699
15944.1502726976
15942.8560508575
15942.7189922579
15942.572805571
15943.6847088022
15943.9772255912
15942.4361854517
15943.8058466516
15943.5807936834
15942.386739871
15942.605375121
15942.807233905
15942.9606732589
15944.1315477718
15943.8484936195
15943.8803818856
15942.8072339017
15942.8072338996
15942.8291660246
15942.5238627431
15944.221760737
15943.9451967352
15942.6489635658
15943.9550867303
15942.8072339061
15942.2331240227
15942.7279136676
15942.9685287654
15942.807233901
15942.8072339012
15944.252046698
15942.8072340102
15942.8072339029
15943.8307079626
15943.7496643989
15943.7718316486
15942.5263387392
15942.8072339091
15943.6208009403
15943.892096198
15942.4938162003
15942.8072339023
15943.9857234042
15944.1326368712
15943.700008141
15942.8072339002
15943.3062189943
15942.3432397996
15943.6476381737
15942.4539978489
15943.7440800914
15943.6910689082
15942.8072339029
15942.7229635794
15942.4071460186
15943.5879001569
15942.807234204
15943.8091592967
15942.8072338966
15942.4090088099
15942.8333359714
15943.7379439157
15942.8072339039
15944.0011017383
15943.3234522769
15942.8072339081
15942.8072339008
15942.807233908
15943.960781488
15942.7402165519
15943.6847506989
15943.7555980575
15942.9021180578
15943.8119033127
15943.9523076154
15942.6332284552
15942.5036883852
15943.8863901453
15942.223171303
15943.9705661705
15942.8072339092
15943.7070040101
15942.7971393804
15942.807233902
15942.8072338953
15942.8072339024
15943.5752072934
15942.7087873407
15943.9983073081
15942.8072339009
15942.4765496205
15942.520737381
15943.6683139747
15942.8072339029
15943.5647208827
15943.867103654
15942.8072339068
15943.7064983554
15942.5479417795
15943.5008870139
15943.850802008
15942.7470678688
15942.8072339039
15943.8702247
15942.8072339038
15942.5472913271
15942.8072339017
15942.8072339038
15942.5353255263
15942.8072339032
15942.8072339027
15943.8601978949
15943.7988098456
15943.8276151178
15943.9957421424
15943.9146863973
15942.8072340481
15943.8294150729
15943.8152786435
15943.5126447505
15942.5070382393
15942.1960005267
15943.8840215177
15942.8072338997
15942.8072339
15943.9606100681
15943.9004614869
15943.598116941
15942.8072339018
15943.6493574616
15942.8072339021
15943.9924230801
15942.0682361757
15942.5465813938
15942.536326631
15943.1202531387
15942.7652612402
15942.4876165381
15942.8072339588
15942.3665465885
15944.2061514083
15942.3782471633
15942.3845501129
15942.7268081774
15942.4101168265
15942.3910888575
15943.7307929308
15942.8072339074
15942.7156263665
15944.164321889
15942.7859133371
15942.6225550482
15943.5807116674
15942.8072339068
15943.6309983722
15943.7501699637
15942.1949954235
15942.3161854167
15944.1320336247
15942.9069596516
15942.4279700147
15944.0937058106
15942.8072338115
15942.3036650059
15942.588506036
15942.8072339371
15942.6081088853
15943.6717940135
15944.0830080186
15942.8072339081
15943.635320641
15944.0204861009
15943.7968519216
15942.8072338867
15942.8072339069
15942.6152515041
15943.8858450224
15942.8072339028
15943.993905616
15943.9404679902
15942.885910382
15943.5642514164
15942.6058595735
15942.8072339024
15942.8072339002
15943.5240094587
15943.4925858874
15943.8812395315
15942.8072339033
15943.6081479811
15943.5923219047
15943.9220064357
15942.3409293466
15942.4351918711
15942.2155408193
15943.0657335275
15942.4988397433
15942.8072339013
15943.9874086317
15942.9550047312
15942.3708856936
15944.0490930848
15942.7339424474
15942.823338756
15942.3025720167
15943.9228462894
15943.7691510888
15943.1486217199
15942.7268571377
15942.8072339078
15942.4762353462
15942.8072339012
15944.0005687444
15942.3577141957
15943.8988159727
15943.6281071081
15942.8072338994
15942.5087362239
15943.6591944502
15942.43202106
15942.8072338904
15943.9921071635
15942.8072339041
15942.4106603181
15943.7816406931
15942.8072339013
15942.3699172495
15942.8072337882
15942.4988547015
15942.1811782505
15942.0507794608
15942.7000286544
15942.6529402163
15943.7101659326
15942.8072339046
15943.7597194631
15942.1407895074
15942.2945104923
15942.4590007437
15944.0236897526
15942.8072339016
15943.7974818123
15942.7046010924
15944.1452410587
15942.8072338997
15943.843443139
15942.8012531966
15942.807233915
15943.722015917
15942.8072339081
15942.8072338987
15943.6567037151
15942.882467459
15942.4132586859
15943.8346436657
15942.8072339015
15942.8179659602
15943.592841715
15942.4400054479
15944.0795692949
15942.7053856927
15942.3859054361
15943.2120183696
15942.2240353333
15942.2637002857
15942.8041525336
15944.1164313303
15942.8388407671
15942.398640571
15942.2736564353
15942.8072339027
15943.9232686707
15943.7133540268
15943.8741118332
15942.8072338984
15942.5448264875
15942.8072339034
15942.8072339062
15943.8405532267
15943.7403015626
15942.6714936799
15943.6777105547
15943.6339696393
15942.6463353955
15942.9055821572
15943.7822104046
15942.8072339039
15942.7229110449
15942.939318249
15943.9044423982
15943.4905562254
15943.9087245635
15943.8830331911
15943.9251669754
15942.6482887288
15943.927744565
15943.9987050898
15943.6801634118
15943.8876633297
15942.4755900048
15942.8072338992
15942.446585515
15942.1431579098
15943.9629980299
15943.7338512012
15942.8072339052
15942.820917377
15942.3671143303
15942.9040963303
15943.7525052472
15943.7677829692
15942.7190120747
15942.8072339034
15944.0391960203
15942.6251116707
15944.0563717999
15942.9833164757
15942.1913793904
15942.8687679506
15942.492545452
15944.0900104286
15943.0474805077
15943.901849581
15942.706687871
15942.834777252
15944.108409422
15942.8091314311
15943.6485812476
15944.1529706511
15942.7880225142
15943.6871178934
15943.9359598413
15943.8581887571
15942.807233905
15943.6954269583
15944.0050361196
15942.46068304
15942.5725202087
15942.7587601224
15944.1461169893
15942.1057052771
15943.7330470188
15942.4100953073
15943.6695806729
15942.8072339028
15943.7473587088
15942.8072339088
15943.9684000923
15943.8405944078
15943.7245069868
15943.7333745702
15943.8869034718
15942.5801705709
15943.6428153563
15942.8652613619
15942.2949227054
15943.9399090264
15942.6725190634
15942.8072339062
15943.4990770608
15943.6712665986
15943.7695010238
15943.6593369663
15943.9766432095
15942.807233903
15942.4505918489
15943.8629709014
15942.3492367352
15943.648630265
15942.8072339006
15943.7083454924
15942.7313072531
15943.7751896142
15943.6225074632
15942.0127704648
15942.8072338994
15942.8072339047
15942.7575898297
15942.8024931615
15943.902024151
15942.3166403392
15942.1113129416
15942.3245909316
15942.4838873774
15942.5058722063
15942.1063226624
15942.3085168804
15942.126129344
15942.2589056563
15942.3434885498
15943.053012167
15942.8072338994
15942.1003376634
15942.8072339011
15942.0267405596
15942.4416506201
15942.8072339008
15943.7607974563
15943.9945460875
15942.807233903
15943.5941649454
15943.895720871
15942.4616117248
15942.8072339017
15943.062549249
15942.4962566189
15943.822934004
15942.8072338986
15943.0206254733
15943.9407874623
15943.6047304717
15943.9885127383
15943.6336392244
15942.7962157066
15943.4606279318
15942.8072339012
15942.8072338999
15942.8072339052
15942.8072339066
15942.8072339013
15944.0069687473
15942.5221881416
15942.3443298092
15942.9621400319
15943.6399156098
15942.713060035
15942.7510109355
15942.6735312234
15942.6088964994
15943.935843965
15942.8072338989
15942.8072339028
15942.6005335202
15943.60700022
15942.9380678928
15943.9385760978
15942.6046124113
15942.8072336786
15943.8598154375
15943.7492993339
15942.8072338975
15942.6266415495
15942.4193041663
15943.8954385139
15942.8072339053
15942.8072339052
15943.8496162191
15943.9920853032
15943.588443531
15942.4257882478
15942.8072336223
15943.8437826215
15943.8815028812
15942.5482952848
15943.9070956546
15943.7048970819
15943.0477399924
15943.8543708585
15942.8072339065
15942.6840678696
15942.8072339006
15942.8072338453
15943.6645249119
15942.454646061
15942.3926387337
15943.7259467436
15943.7430546086
15943.9365797047
15942.6983810905
15943.9744181227
15942.6599304877
15942.448423592
15943.7104870266
15942.3569303175
15942.8072339012
15942.0846040859
15942.5144462151
15942.8329924442
15942.4594087711
15942.8072339001
15943.7203956875
15943.919390365
15942.9276060063
15944.0672920316
15942.8072338983
15942.5473513869
15943.8552757281
15942.4404519719
15942.500769539
15942.4002131246
15944.2202204294
15942.5278026424
15943.7426774456
15942.6861616529
15942.8072339028
15942.7725065604
15943.9455514978
15942.3261106457
15942.8072339028
15943.7971769397
15942.6201355942
15942.807233906
15943.6672649077
15943.4628774308
15942.8830390767
15942.2050419598
15942.438296797
15942.8072338986
15944.0352559906
15943.0749179114
15942.1367535965
15942.6173704319
15944.0180031619
15942.8072339055
15942.8072339059
15943.6823151225
15943.6694432092
15942.8072339039
15943.8344695385
15943.6756404365
15943.7056370756
15944.0419921611
15942.8072339011
15942.7000391502
15943.8934819203
15942.3161359081
15942.6430361785
15942.3357114525
15943.4653124245
15942.566175149
15942.9803503333
15942.8072339037
15944.1130889876
15943.8031747495
15942.807233904
15943.8483305555
15943.9440682061
15942.9656238089
15942.6025480907
15942.4314482953
15942.8072339071
15942.807233897
15943.8191085951
15942.8072338989
15942.5227284017
15942.8072339064
15943.7358142185
15943.7497810203
15943.000278591
15943.9537527442
15944.038879487
15942.4561564475
15944.0186437929
15942.2983446026
15942.7194011808
15943.6928796747
15943.6708678711
15942.5585101537
15942.5333709172
15942.7592562647
15943.7554085976
15943.8714080338
15942.5554522979
15943.5802326425
15942.7650840092
15942.8072335626
15942.8072339023
15943.5589135869
15943.9615333104
15942.47412621
15942.0664548361
15942.4667846792
15942.8072339072
15943.9379176394
15943.943672566
15943.7599569362
15943.6927267777
15943.7320269402
15942.8072339463
15942.6869245518
15942.3295231942
15943.8549023306
15943.6177327724
15942.5886059018
15942.107539568
15942.6754037891
15942.8072338966
15943.4685454283
15942.4272372788
15944.0544637213
15942.8072338799
15942.8072339003
15943.6567676741
15942.5287390806
15944.090270941
15942.6901332799
15941.9142763828
15942.4930902149
15943.6902633746
15942.3755261948
15942.4810138374
15942.3401988552
15942.8506695147
15942.9422528023
15943.7404208918
15944.086763146
15942.8072339084
15942.7412104232
15942.8072339037
15942.8072339089
15942.2157819159
15943.9700007889
15943.9285890677
15942.8072339128
15943.7572122251
15943.7669552667
15942.8072339017
15942.3241343607
15943.98863288
15943.6683155824
15942.8072339061
15942.6685750154
15943.8790643368
15942.5076929458
15943.8456688231
15943.8992686875
15942.585371281
15943.6991900678
15943.1528174077
15943.9597046072
15943.8695052541
15943.8978273233
15943.0519685281
15943.9488754456
15942.5983672402
15943.5715780037
15943.8650968648
15942.8830155557
15942.7552246183
15943.8500054648
15943.9027351106
15942.7772800687
15943.7360600419
15942.9646641503
15943.8908717267
15942.6092259023
15944.0598239255
15942.8376905666
15942.8072339009
15943.8879650029
15943.6592184562
15942.6794653349
15943.7880330542
15943.8914309625
15942.8072339133
15943.7016974303
15942.5742384031
15943.5208362007
15943.7937818876
15942.8072339056
15942.691807298
15942.2197291608
15942.5513794421
15942.4457344666
15944.116556921
15942.1616225189
15943.77290742
15942.807233904
15942.8072339025
15942.779213552
15942.8072339041
15942.5630336597
15944.0606741338
15942.9326626125
15942.197940103
15943.5037815554
15942.807233906
15942.6390124961
15942.5837818448
15942.7249867565
15943.50585224
15943.7849072191
15943.9934742169
15942.807233903
15942.1134845347
15942.8072339101
15944.2321174382
15942.270664084
15942.645830219
15942.8072339004
15942.4273997347
15942.8072339067
15942.1678291573
15942.8072338963
15943.8014674792
15944.0541613619
15942.4307848538
15942.4314286954
15942.4048522392
15942.4704875746
15942.4889816942
15942.8072339068
15943.9855864256
15942.8072339067
15943.7263358939
15942.1403201875
15943.0258131
15943.4922030631
15943.0456698557
15943.728192405
15942.8835235295
15942.4020506172
15943.6072582526
15942.4678147704
15944.1858158867
15942.8072339002
15943.6087040136
15942.4611205444
15942.8072338971
15943.6865179938
15942.2229427417
15942.3011475563
15943.8614101868
15943.8284171981
15942.8072339045
15942.9526868268
15942.8072339056
15943.8996918671
15942.8072339044
15943.9354492134
15942.8072339028
15943.583612072
15943.7806287075
15943.0342123268
15942.8365203299
15943.5572073736
15944.0504008636
15942.9932510263
15943.6043200904
15943.9640372234
15942.8072338981
15942.8072339055
15944.0779360098
15942.5930121962
15942.4727825222
15942.1790898029
15942.8072339004
15942.8457575575
15942.1700286624
15942.2195191201
15944.1225241942
15943.946349023
15943.6711608675
15942.4521538806
15942.7422388565
15942.4821074193
15943.7908207901
15943.9653641013
15942.8072339009
15943.6128598259
15943.8423669591
15943.7152815513
15943.7721362215
15943.7313001395
15942.7610507625
15943.8810271318
15942.8246432278
15942.6160711711
15943.7190965455
15942.2388643143
15942.8072339006
15942.8072338974
15942.8072339014
15944.0928466847
15942.6839609947
15942.2718473494
15942.34839844
15943.8238919518
15943.5952250399
15942.8072336659
15942.5578549247
15942.2894611548
15942.1334912804
15942.8072339062
15942.8205111425
15943.7447487635
15942.8072339007
15942.1342491051
15943.9145165256
15943.9001993288
15942.8072339014
15943.6942864719
15942.2448829097
15942.4694023886
15942.2259703469
15942.4997433497
15942.2853681814
15942.4108230127
15942.8840107725
15942.807233907
15943.7101579369
15941.9288016662
15942.8072339035
15942.269562213
15942.8072338958
15943.7396840571
15942.8072339055
15943.9097773473
15942.4705797814
15942.1692332517
15942.0784035825
15943.7614336806
15942.3104941365
15944.0302998746
15943.7008725029
15942.5431674663
15943.8990303749
15942.4915163561
15942.9096973043
15942.401884204
15942.8072339042
15942.7062121892
15943.7171901671
15942.8072339067
15942.4343804896
15943.6499257267
15943.9180737577
15942.6794415146
15942.8072339081
15943.9786596666
15944.0418663204
15943.0370216474
15943.5913677484
15943.7630603511
15944.0006879403
15943.8540016826
15943.4220002522
15942.8072339071
15943.7003254521
15942.1568352575
15943.6972148316
15944.0687194848
15943.9926235827
15942.4537695601
15943.6826580355
15942.9711808531
15943.8675754773
15943.2252980773
15943.7195308118
15942.8072339023
15942.8072339003
15942.4028044635
15942.4196603712
15943.7487209496
15942.2662973103
15943.6129951852
15943.9226936026
15944.0446703616
15942.8072341299
15943.753425363
15944.0080496192
15942.8072339024
15942.6745766587
15944.0795061088
15943.9463820465
15942.5290824091
15943.661161096
15943.7590499303
15942.5888488073
15942.4607878427
15942.5091964063
15942.5886043212
15942.8072339043
15943.0658574466
15943.720691847
15943.6986009144
15943.9284817742
15942.8072339021
15942.6275313502
15942.4098224451
15942.8072338974
15942.8072338988
15942.6568166149
15942.8072339009
15943.9388366579
15942.7915501352
15942.7800907435
15942.5479897002
15943.6154341817
15942.8072338994
15942.8072339025
15943.7131968278
15943.9963607672
15942.8072338974
15942.4742432553
15944.0728857965
15942.2478008632
15942.683198026
15943.9614894998
15942.8818765387
15942.845624463
15942.2391547362
15943.5851259999
15943.5257179444
15942.2156903116
15942.5455195455
15942.1658044376
15942.8072339007
15943.6822606376
15942.7633697217
15943.6810367326
15942.8072339054
15944.1228781431
15942.3165560633
15943.6126648239
15943.7424797483
15943.7427371782
15942.4167811042
15943.8129128391
15943.7925785709
15942.4547773309
15942.4919011726
15942.6241609798
15943.8373029057
15943.6261341702
15942.8072339027
15942.9581040376
15942.8072338992
15943.8463546696
15942.5147128309
15942.6421671068
15943.9471500219
15944.0843485212
15943.3817790502
15942.2769485279
15942.2300595898
15943.6375183544
15943.9258623232
15943.7690068386
15943.9758300146
15942.2615287425
15942.3348067713
15942.506890367
15942.594317512
15942.3712161221
15942.5085334538
15942.4766199223
15944.0084027834
15941.9249267419
15942.1676124862
15943.8607681531
15943.6876140739
15942.381002367
15943.9044759275
15942.8072338999
15943.6291329774
15943.9378413038
15942.2051530538
15942.2857661869
15942.8072338265
15942.8072339
15943.7908065855
15942.419064679
15942.1735990632
15943.7622866751
15942.5991440875
15944.0050883076
15942.7218222581
15942.8072338993
15942.6168572722
15942.4432399463
15942.1825091566
15943.7577961434
15943.6604947209
15944.2021561197
15943.1571564986
15942.8072338987
15943.6274379559
15942.5258931282
15942.8072339057
15942.3167055713
15942.807233901
15943.7646264697
15942.6377945388
15943.495173774
15942.8072339028
15942.5857767381
15942.8072340929
15942.4354743766
15943.7838000866
15942.8072338992
15943.9341893952
15943.7700965583
15942.8395346058
15942.8072338957
15943.501125206
15942.4739412819
15943.6040016809
15942.8072338997
15942.784989461
15943.6957330518
15942.8072338972
15942.807233899
15943.7971054569
15943.8540479554
15942.8072339052
15942.7387557007
15943.8791249721
15942.2215291492
15942.8208079136
15943.9325574667
15942.704356868
15943.7592626692
15942.4761033005
15944.0454581462
15942.6700280908
15943.5397015496
15943.7051190179
15942.9127770221
15942.8072340838
15942.4941814546
15944.249471249
15942.62666573
15943.8640954366
15942.460487676
15942.8072339031
15944.0041548957
15942.8072339
15942.4199061224
15942.6569595141
15943.6660353354
15943.649877206
15943.917206922
15942.8072339002
15942.5156652218
15942.239840741
15942.5348323658
15942.8072339074
15942.8072339016
15943.6780511189
15942.3903456239
15942.2727618271
15942.7756186844
15942.8072339066
15942.7797930263
15942.1387287042
15942.1906949223
15943.979732953
15942.627475496
15942.8072339094
15942.8072339009
15942.1033341399
15942.8072339024
15943.7853022072
15943.6872899973
15943.5782310403
15942.2627038426
15942.807233907
15943.4302949975
15942.8861288188
15943.5465442858
15942.8072339005
15943.6381035332
15942.1183557866
15942.1200463146
15942.4498657094
15942.1274842833
15944.2966014839
15944.0795419396
15942.8072339029
15943.6646043132
15942.2243143454
15943.5969685055
15942.8072338983
15942.8072339052
15942.9973450516
15942.2717129814
15942.5091752991
15943.620357199
15942.8072339007
15942.8072339075
15943.7074059401
15943.7801760544
15942.1552584172
15943.8825407898
15942.3184534207
15943.987880719
15942.6538871052
15942.280315551
15942.5657252863
15943.4433079825
15942.6375992451
15944.0815109658
15943.737223791
15943.7951768891
15942.8072339011
15942.8440582689
15942.53627264
15941.9473261918
15942.8072338938
15942.5505182833
15943.8168781353
15942.2383983052
15942.2590027021
15942.8072339047
15942.7022466641
15942.8072339003
15942.4024549357
15942.0608528171
15944.0131541834
15944.1194465391
15943.5362786966
15943.6684343603
15942.8072339073
15943.6621962746
15942.8072339034
15944.0102405974
15942.5499757269
15943.989064136
15942.8072338987
15943.8343800656
15942.5620192584
15942.8072339003
15943.6897616378
15942.294628186
15943.7831160489
15942.6746434304
15942.8295415694
15942.5611193414
15944.0484284239
15943.6626680466
15943.8005987109
15942.384459635
15942.4800163025
15942.6517871925
15942.5257611022
15943.8737694068
15943.8507019788
15943.6367227282
15942.1923496112
15942.8417194131
15943.8282941358
15942.2785277593
15942.8072339061
15943.7064400802
15942.4086707557
15942.8072339024
15943.6750054756
15943.8316277553
15942.3980676018
15942.8072339037
15942.2243395943
15942.7106751005
15942.8000730747
15943.8459386707
15943.773940186
15942.8121218875
15942.8072339007
15943.7784179326
15942.8072339026
15943.6212429602
15942.8072339047
15942.8072339056
15942.8072339073
15942.1845919951
15942.8072339014
15943.4232864749
15942.8072339024
15942.3215615768
15942.1481541363
15943.5063828523
15944.0407535215
15942.7109964835
15942.8072338953
15943.824619604
15942.5679608933
15943.61367685
15943.6852562606
15942.8072339024
15942.8072339011
15942.8323755237
15942.8072339023
15942.3113969464
15943.6078333743
15942.8072339007
15943.5003179074
15942.35224626
15942.6107545743
15943.6327385536
15942.247821239
15943.6575524024
15942.4237607878
15942.3237071004
15942.1310967378
15943.6638848398
15942.8072339439
15942.2251883378
15942.1942259036
15942.0888273303
15942.8072338999
15942.8072339064
15943.8396633652
15943.9817681756
15942.8072339011
15942.6898592708
15943.8023932722
15942.7267356841
15943.7352821055
15942.6531786577
15942.3387866659
15942.2470934907
15942.2840514382
15942.9830672073
15943.7645677993
15943.9641715705
15942.8072339105
15943.6543077824
15943.9876563839
15942.5742480029
15944.028062558
15942.4518308485
15943.0985452374
15943.9279434912
15943.5918012494
15943.9834073734
15942.4217198885
15942.4019983639
15942.8072339021
15943.7925044596
15942.3497355509
