# type 2 occupying volumes
15943.3327291404
15942.1748601849
15941.8762655949
15942.0867245982
15942.9970738176
15941.9862485402
15941.966356685
15942.9970738165
15942.9970738162
15942.9970738153
15942.1583183449
15942.9970738156
15942.258527623
15942.2359224256
15941.8843119731
15941.7058761751
15942.1304237863
15941.6420406028
15942.9970738127
15942.9970738193
15943.0155374448
15942.2099764289
15943.0308882102
15941.9826701849
15942.9970738141
15943.0709026652
15943.1454314926
15942.9970738169
15941.8412529686
15941.7021740105
15943.2268699173
15941.6019420336
15943.3206596775
15942.0145938898
15942.9970738151
15941.8169213251
15943.3578728781
15942.2092881906
15941.6406249619
15942.0044461559
15942.3407115127
15941.7201815409
15941.5072943645
15941.9019523686
15942.9970738184
15941.9769676112
15943.2765284341
15942.9970738168
15942.0652560689
15942.9970738191
15942.9970737965
15942.0947220002
15941.5182797339
15941.7174273523
15943.1870681343
15941.9364179161
15942.2556583997
15943.1571208328
15942.0026641228
15943.3126936487
15942.4102980722
15942.0331593557
15942.0932911143
15942.0902050757
15942.9970738197
15942.1164360453
15943.1194113305
15942.213107512
15941.6905894199
15943.1434535759
15942.1495774331
15942.997073808
15942.99707382
15941.8377483703
15942.9970737567
15942.9970738122
15943.2717704813
15942.2779012722
15941.5514877789
15941.4870312068
15942.0241613325
15942.997073818
15942.0294265909
15941.2463384446
15942.0903436117
15942.4319202013
15941.9192246753
15941.9093921556
15942.9970738151
15943.0975246723
15942.9970738141
15941.6099498853
15941.5194389954
15943.3443550066
15942.0444196625
15942.9970738153
15941.7709495046
15941.9380432485
15943.2567134766
15943.1308380026
15941.8716026642
15942.0321874627
15943.2534283576
15941.8864027949
15943.2275627625
15942.9970738913
15942.9970738173
15942.9970738201
15941.6854462845
15942.9970738179
15942.099829482
15942.9970738111
15942.2565842225
15942.1594153148
15943.1837837577
15942.2711826503
15942.9970738143
15942.0212631139
15941.4246446973
15941.8805708894
15942.9970738121
15942.1675413014
15941.7342400733
15942.9970738164
15941.9774911754
15941.3739496682
15941.8920151837
15941.8549661434
15941.34725514
15942.9970737773
15941.4135204151
15942.9970738178
15943.1146793191
15941.6066851376
15942.0899386332
15943.2547471066
15941.6094855288
15943.2872613068
15941.9579397731
15941.9371292722
15942.997073812
15942.1683652292
15943.1556552299
15942.0989064116
15941.9532969319
15941.9384687026
15942.9970738236
15943.4711150346
15941.743842262
15942.9970739623
15942.9970738122
15941.6342077907
15941.9943021077
15942.0159590067
15942.0900516103
15943.2918181088
15942.9970738175
15942.9970738188
15942.2771090712
15941.9639862436
15942.2498546299
15941.7474848102
15943.3558196437
15942.9920555812
15941.8045761563
15943.2654783898
15942.211405319
15941.8430700259
15942.3854823896
15942.3638668605
15942.2338379909
15942.1289694588
15943.1396193276
15941.993993287
15942.1551607305
15943.1388626043
15943.2002811704
15943.1785390545
15941.9963765675
15942.1800603868
15942.997073816
15943.2138490288
15941.8930525357
15942.1794756014
15943.4662702087
15943.3906753512
15942.997073814
15942.0516661702
15942.342766295
15941.6229602466
15943.1062613377
15941.8554308808
15943.0944259776
15942.9970737528
15942.1315571064
15942.1164179428
15941.812911125
15942.9970738213
15941.8826905344
15943.2973332449
15941.9458795966
15941.6717840314
15942.1261694394
15942.9970738195
15941.9580059246
15943.0180567162
15942.9199843213
15942.0243847379
15942.0716738136
15942.3143355731
15943.1804849302
15942.046225792
15942.9970738629
15942.9970738172
15942.2833636239
15943.1409967872
15943.2982804847
15942.152917029
15941.7886522684
15942.9970738147
15941.6112066459
15942.9970738138
15941.9425093102
15942.9970738717
15941.9420974993
15942.0919315985
15942.0393824967
15942.1394882502
15942.9748575504
15941.7896671542
15943.3650596886
15941.9904632343
15941.8025324648
15941.5369893595
15942.9970738141
15942.0972316472
15942.9970738131
15942.9922913285
15942.07647693
15942.9970738156
15941.5900995677
15942.9970738131
15942.9970738211
15941.9938016747
15942.0554422786
15943.1965360285
15942.2096121859
15941.9835911038
15942.2042690376
15942.3515606127
15941.9681289801
15942.2380179678
15942.0908830998
15943.051065879
15942.9970738134
15943.2610736364
15943.3324602424
15943.2935831036
15942.1748275832
15942.9970738101
15943.051893154
15942.9970738187
15942.1121609992
15941.7803508489
15943.2790171925
15942.2013053264
15942.9970738115
15943.1790146088
15942.9970738162
15942.9970738174
15941.9925223103
15942.9970738179
15942.0159365061
15943.1774761527
15941.4568583371
15943.3637244737
15942.0586074876
15942.3788385924
15942.9970738105
15942.0573031752
15942.1042708697
15941.7157440173
15943.5007308223
15941.6855391789
15941.7939275073
15942.2209083215
15941.6661769645
15941.6210842649
15942.9970738096
15941.9743197284
15941.7579082314
15943.3773551638
15941.8720119113
15941.8518936215
15942.9970738127
15941.9755046482
15942.9970738156
15942.9970738171
15941.5712288095
15941.8163450198
15943.4898480484
15942.1481112459
15941.6721113749
15943.5154983401
15942.0370150343
15941.670824519
15942.0780859414
15941.9313418315
15941.9561480333
15942.9970738184
15943.3290265622
15942.0187880921
15942.9970738165
15943.2229429699
15943.246209481
15942.341137834
15942.0971887906
15942.4932230735
15943.3008250822
15942.0126691963
15943.2227782843
15943.1486924808
15942.2331683023
15942.9970738122
15942.1555859162
15941.8883455744
15941.9277170529
15942.9970738194
15942.997073785
15943.1119588812
15942.9816791955
15942.9970738158
15942.9970738141
15943.0496204314
15941.6479068401
15941.7017558458
15943.066233327
15942.9970738121
15941.7097217225
15941.9360263852
15943.2025045501
15942.2478989399
15941.6364739203
15943.1255296613
15941.6502276119
15942.2175373966
15941.5468468719
15943.1306337646
15943.0102027757
15942.4265608717
15942.002703745
15942.2385971647
15941.8974363248
15941.9903349779
15943.2857599313
15941.6293493783
15943.2966288384
15942.9970738179
15942.0389268044
15942.0079704835
15942.9970738169
15941.9823083392
15941.9210077327
15943.3227505076
15942.2217324648
15941.6870893041
15943.1767977276
15942.043344988
15941.8714685628
15942.0903023574
15941.9197972605
15941.3911932722
15941.4280917681
15942.116264324
15941.7436849748
15942.9970738133
15942.007096687
15942.9970736703
15941.4386600753
15941.7424009794
15941.9429227296
15943.2034515177
15941.9276212463
15943.326989558
15942.1608735496
15943.3062534999
15942.038275741
15943.3347416266
15942.3506949455
15942.190760594
15942.997073812
15942.1218859965
15942.1869492939
15942.9970738167
15942.2458099665
15941.6297950416
15943.4607849009
15942.0241191436
15942.3146451303
15942.9970738158
15941.8572930815
15943.3322288724
15942.0261938519
15941.7786315521
15942.3829713546
15941.7015637904
15941.9691901474
15942.0853205814
15943.1370921542
15942.1091754917
15941.7249609546
15941.692882441
15942.0956121281
15943.140631181
15942.9970738205
15943.1567678431
15942.0841059072
15942.0306188918
15942.1848309638
15942.1859442192
15942.9970738126
15942.9970738115
15941.8811359135
15942.9970738214
15942.9970738167
15941.8765408444
15942.3155072521
15942.9970738214
15942.1183171304
15941.8482206563
15942.1258455937
15943.1765272924
15942.9970738188
15942.9917726917
15943.4191343593
15941.826204821
15941.7824375363
15943.2209635462
15943.1256913414
15942.9970738159
15943.3400841223
15941.8536603597
15941.9813002472
15941.7807901462
15941.3461263767
15943.0768924358
15943.0894016953
15942.2501404347
15942.0005023112
15941.5130399867
15942.0522846438
15942.997073822
15942.9970738174
15941.8242008114
15941.8338969612
15943.3560440693
15941.8361778777
15943.1436170392
15942.0756801539
15941.4410566103
15942.1305743806
15941.9601689787
15943.3515425603
15942.1921631222
15942.9970738419
15941.9285635288
15941.9216157966
15943.2956526327
15942.0477128396
15942.9970738111
15943.4184801104
15942.1035047731
15942.9970738174
15943.052490597
15942.9970738151
15941.9861617357
15942.9970738155
15943.3194196956
15941.6100264302
15941.820056921
15941.9137130886
15943.3083051468
15941.4533574309
15942.9970738153
15941.5395470504
15943.2271578254
15941.9959947418
15942.9970738184
15941.7858691575
15943.1281323125
15942.9970738181
15943.0581542669
15943.2061198895
15943.1127168164
15941.6682647933
15942.997073816
15942.0797183213
15941.9210314553
15943.3028749371
15942.0712322165
15942.1298547891
15942.997073814
15942.997073815
15942.9970738188
15942.9970738211
15943.2189111307
15943.2102729255
15941.6808394818
15942.9970738251
15941.7360427334
15942.9970738135
15942.1626328548
15942.9970738169
15942.2011292373
15942.9970738138
15942.9970738196
15943.1101407356
15942.0876893831
15942.2338122076
15942.0042350494
15942.065616705
15943.2232540869
15941.3772001294
15941.4410480259
15941.7068138732
15941.8283388638
15942.9970738175
15941.5645193226
15942.1890223773
15941.6649215423
15941.4372919896
15941.7267681743
15942.1848424156
15941.9675015493
15941.3937696789
15941.9751179102
15941.4167105129
15941.7094248665
15941.9448660342
15942.9970738197
15941.9499061293
15941.9934698262
15942.9970738153
15943.2286543319
15941.8543767194
15942.1440929447
15942.2092640809
15941.7922125621
15942.9970739882
15942.026681136
15942.2772065107
15942.9970738117
15942.9970738087
15943.1603309572
15943.1524658619
15942.36755006
15942.9970738132
15942.0721141813
15942.219988117
15942.2539813604
15941.9564967664
15942.1223776172
15943.2527796306
15941.844320697
15941.7215612605
15942.3584359324
15942.9970738179
15941.9208617836
15942.092086124
15942.1728874916
15941.8911060769
15943.082578984
15942.2957337067
15942.1378499394
15943.2055333283
15942.1836661616
15942.2668229663
15943.2329420548
15941.9631107116
15942.1964378504
15943.2165357214
15942.997073811
15942.0307089854
15941.8376923369
15941.6838447953
15943.2499569478
15942.0760419848
15942.059612794
15943.1924431981
15943.3015649131
15942.9970738399
15941.798505164
15942.0874603149
15943.2281413354
15943.25496113
15941.8477631829
15943.1632828876
15942.9970738141
15942.380872698
15943.095859524
15942.0866075822
15941.9441979358
15942.0067532344
15942.1023837359
15942.9970738205
15941.8276928755
15941.7823456061
15942.9970738164
15942.9970738179
15943.3096134892
15941.9164113213
15943.2232507235
15941.9880763148
15941.8022640069
15942.9970738195
15941.8190698768
15942.0656746604
15941.5775607022
15941.7598817337
15941.9967035879
15941.656860247
15941.822286276
15942.9970738163
15943.2533168104
15942.1950892345
15943.3817304727
15941.8294460991
15941.9833134138
15943.3444018455
15941.5612414426
15941.7708325851
15941.6808609374
15943.4409828508
15941.9622914349
15942.997073816
15941.4596490342
15942.0620623295
15942.288838583
15943.4451602519
15941.6450385673
15941.9349886038
15942.9970738133
15941.8550630325
15941.9569656683
15942.9970738151
15941.7057437373
15942.0085108301
15941.3793759029
15941.6556341807
15942.1148747105
15943.1485541603
15942.3691213529
15941.4231219039
15941.8538116509
15942.9970738162
15942.1543711626
15942.0080739948
15942.9970738162
15942.9970738154
15942.083906882
15943.3463651348
15942.99707382
15942.9970738208
15943.3339347471
15942.1725171912
15941.911964487
15942.997073813
15941.7465302953
15942.0874755708
15941.5225190607
15942.9970738201
15941.9463565852
15942.2501925895
15942.1156160285
15943.2778022013
15942.1454994068
15942.3057109045
15943.2063019777
15943.2305875763
15942.1234073522
15942.0099021754
15941.9891154928
15942.1668969922
15942.0629865366
15943.2516120083
15942.2234918
15941.9532834528
15942.3274633789
15942.9970738129
15942.9970738123
15942.3794863637
15943.151668367
15943.2924069253
15941.7028724112
15943.2339327574
15941.4396385075
15941.8956516259
15942.9970738114
15942.9970738146
15941.8735820241
15941.6757219794
15942.2156486628
15942.9970737872
15943.183497495
15941.6540679876
15942.9970738177
15941.8721464133
15942.1502599949
15941.8063399693
15942.9970738171
15943.2864212238
15941.6433445711
15941.2904763565
15941.9137680497
15942.1360093186
15942.9970738138
15943.1193885299
15942.9970738125
15942.9970738208
15942.9970738178
15942.0780649592
15942.0285169525
15941.6756630968
15943.1090740101
15942.997073816
15941.650661723
15941.4262947559
15941.9408952927
15942.0165321071
15942.9970738314
15941.8396406679
15943.1823274274
15942.0550240206
15942.1241215415
15942.997073816
15941.6750376224
15943.3186418229
15941.84753758
15941.0027735925
15941.7795913025
15942.99707382
15941.7187265942
15941.8906125294
15941.6359838859
15943.2585157897
15942.4555072359
15942.9970738257
15943.3867833675
15942.0026390713
15942.2372588186
15942.1120801045
15942.0442160203
15941.7016583905
15943.3124873237
15943.4188575013
15942.2489311303
15942.9970738244
15942.0875803509
15942.0551959601
15942.1161864349
15943.2025451721
15942.99707382
15942.1009567315
15942.0363958029
15943.2500178498
15941.7905062174
15943.2531370963
15943.3399164623
15941.9561314864
15942.9970738141
15942.3179698018
15943.1905214304
15943.0721312479
15943.1411295002
15942.3983067832
15943.2795498157
15942.0434400611
15942.9970738119
15943.1116537673
15942.3178607076
15942.1361239981
15943.2011566202
15943.2049456744
15941.8732328958
15943.0139133143
15942.3252097547
15943.2147476174
15941.9621646588
15943.2523714963
15942.2442179788
15942.1466262465
15943.3352714589
15943.2912209034
15941.9259381081
15943.1509249687
15943.2358182278
15942.2450519336
15942.9970740547
15941.8735361161
15942.9970738109
15942.9970738135
15942.0218394693
15942.1160451426
15941.4286263527
15941.9592291743
15941.767935522
15943.3853246102
15941.5574977437
15943.2854960901
15942.2199735328
15942.2618205264
15942.0698846463
15942.0878899516
15941.7634277779
15941.57329426
15942.0852398357
15941.4347867975
15942.9970738177
15941.9975001005
15941.7399324608
15941.8363628715
15941.9986303812
15942.9970737977
15943.0284917459
15943.4012927278
15942.0179624476
15941.3927536505
15941.8224729161
15943.4207478076
15941.6219604118
15942.041818129
15942.1434344716
15941.8561303538
15942.0715850892
15941.4196392118
15941.892556742
15942.9970738129
15943.2160446545
15941.8294077106
15941.7072328879
15941.5041124763
15941.8051784669
15941.9541668767
15941.9190761092
15943.2849494906
15942.2924495929
15942.9970738198
15941.6642105756
15942.2462488006
15942.9970738148
15941.8986732105
15942.9970738159
15942.1474788021
15941.5388887485
15942.9970738125
15941.7267586092
15943.3858465409
15942.2694237691
15942.9970738152
15941.7683866473
15942.1439748074
15942.9970738753
15941.4442006137
15941.4602013544
15943.2497590224
15943.2327029894
15942.242117569
15942.0978476034
15942.0975779231
15943.174088398
15942.097602156
15942.0131009885
15942.0138655473
15942.9970738219
15942.9970738157
15942.3438135248
15941.9941859943
15942.997073815
15942.997073815
15941.9051282536
15942.1258506468
15943.1956951982
15942.3078264291
15942.2429862167
15943.5133925192
15941.739618098
15941.5492980431
15941.3242444978
15941.8421229052
15942.3227873103
15941.359105463
15941.3341234254
15943.259399595
15943.2362052444
15942.9970738016
15941.6628271411
15941.9216305567
15941.6903830177
15942.9970738157
15943.2591660452
15943.1670948595
15942.9970738117
15941.5329678585
15942.9970738185
15942.997073816
15942.9970738103
15941.6454732528
15943.1989623984
15943.1762789865
15941.8052153609
15942.9970738182
15941.3618667119
15942.1667500012
15942.1295690226
15942.2376275755
15943.604237461
15942.1145165114
15941.7187324095
15941.7193446494
15942.9970738138
15942.9970738093
15942.1789607013
15941.884161638
15941.412731882
15941.6702204912
15942.1592679065
15942.2100297841
15942.9970738156
15942.0145192845
15941.4862229119
15943.1699309834
15943.3134918473
15942.1045296289
15942.9841401265
15941.4382276325
15941.6021426313
15941.0564680892
15941.9441592097
15941.6823744524
15941.5010358627
15942.1136693866
15942.1701544259
15942.997073816
15941.20363869
15942.0283323511
15941.7362290432
15942.1143329471
15942.9970738177
15942.1275019183
15943.1657014267
15941.631351998
15942.9970738125
15941.4025006912
15942.9970738158
15941.7336179517
15943.2876347949
15942.997073816
15941.8533037112
15943.427854887
15941.7277242744
15941.9749968044
15941.4587136798
15942.216164494
15941.9994121311
15942.9970738153
15942.1254564304
15941.6285696015
15942.9970738219
15943.2742600354
15941.9542741886
15942.0534589566
15943.2664816003
15943.3359136814
15942.1714606021
15942.9970738153
15943.1324404361
15942.0138199786
15943.1468047875
15942.9970738176
15942.0476053928
15942.9970739262
15941.296189775
15942.9970738184
15943.1046781986
15943.3663375496
15941.8668894267
15942.9970738218
15942.1022366171
15942.9970738138
15942.3504968662
15942.9970738167
15942.214123053
15942.3620851985
15941.5426619149
15941.5386447304
15942.9970738162
15941.6621995639
15942.9970738151
15943.2718978386
15941.3531917786
15942.2341555504
15943.2300154302
15941.6112732134
15942.1849890034
15942.0160210761
15943.6095162381
15943.109870436
15942.081505558
15942.997073815
15942.9970738133
15941.5774360632
15941.6610967782
15941.6632240618
15941.7248368648
15942.0227971272
15942.4558563802
15942.9970738121
15942.9970738111
15943.4097389757
15942.1955344085
15942.19610519
15943.120762888
15942.2957992514
15941.4864865578
15941.6529216602
15941.9850694206
15943.1051727707
15942.1600410974
15942.3247403827
15942.0789434545
15942.997073823
15941.999035352
15942.1092261638
15943.0766342058
15943.342294307
15942.0533917868
15941.9839507504
15943.2512607068
15941.6201323257
15941.9240929271
15943.0112057472
15942.0476977571
15941.975681479
15941.5381254242
15942.9970738203
15942.997073818
15941.6230388887
15941.9088888122
15941.48045489
15942.0049517361
15942.9970738133
15941.9629876339
15942.9970738089
15942.0108712112
15943.315532146
15941.79527023
15942.9970738192
15942.9970738142
15942.9970738682
15941.3634020038
15943.1556900254
15943.1701060146
15941.6510764035
15941.7871875382
15941.9298091266
15943.0901766721
15942.9970738172
15942.3546326596
15942.197630238
15942.0293938068
15943.1715261519
15941.8699897483
15942.2657875465
15943.2881249311
15943.3399768745
15942.9970738189
15941.821179924
15941.5417700147
15942.9970738105
15943.125583956
15942.9970738178
15943.2855992391
15941.4639953399
15941.7750698534
15943.1423619839
15941.7794367125
15941.5224078643
15941.7061378752
15941.6421320159
15943.3415507905
15941.265422667
15941.4855947355
15943.271179617
15942.997073818
15941.7268041778
15943.2680852094
15942.0540324023
15942.9970738152
15943.3811043871
15941.5341066144
15941.7559364248
15942.2409520535
15942.0191632799
15942.9970738125
15941.84815945
15941.6141813768
15942.9970738248
15941.7251533705
15943.1344410324
15942.099452677
15942.0366949829
15942.0138787208
15941.7560025747
15941.6469578596
15942.9970738152
15942.9970737729
15943.3864607921
15942.3410667612
15941.9786369305
15942.9970738156
15941.8427552771
15942.2147839737
15941.6192896906
15941.9396507077
15942.997073818
15942.0097668276
15943.1428100087
15941.9345644103
15941.8938721365
15942.1164471721
15941.6399241897
15942.9970738187
15941.9639816719
15943.2272374145
15942.9970738306
15942.3507375097
15942.0267051287
15942.9970738135
15941.7625139056
15942.9970738128
15942.0924525986
15942.0704992892
15942.997073813
15942.1630961539
15942.2016463623
15942.996081007
15943.254224757
15942.1193438388
15942.0227442459
15943.20827079
15941.4428697869
15941.9711273852
15943.1657984743
15941.9117338546
15942.9970738203
15941.8198073353
15943.1791956058
15941.9942859339
15942.9970738133
15943.1385217782
15942.2724936287
15942.1141472473
15941.8165932119
15943.2181281342
15941.8882427921
15943.3456744339
15941.7852323705
15942.2982399659
15943.5158268365
15942.2283165839
15941.7271046351
15942.1179539402
15942.9970738498
15942.9970738226
15943.4086848573
15942.1359018718
15941.8884786543
15941.5023932508
15942.0372459601
15942.1170803952
15942.2667215468
15942.9970738148
15941.7405505281
15941.6314366137
15941.8448653538
15941.9973808919
15942.1852797619
15941.3859955402
15941.5254093204
15943.1368180878
15942.0919167068
15942.2604534484
15942.272267546
15941.2973831344
15942.1727004657
15942.9970738152
15942.9970738174
15942.9970738148
15941.7157460681
15942.1298302946
15942.9970738199
15942.0933571871
15942.9970738134
15942.0492177018
15942.9970738161
15941.3775762541
15941.4383521187
15941.8845288754
15941.3569030131
15943.547064501
15943.3247570664
15942.2896683786
15942.9970738105
15941.6531148022
15943.142472035
15942.1795538264
15942.128515883
15942.0711726243
15941.4011637794
15941.7452516437
15942.9970738242
15942.3187179303
15942.263605155
15942.9970738106
15942.9970738179
15941.4107473253
15943.1601817845
15941.6354074232
15943.2805357031
15941.896302719
15941.3414501202
15941.9395075246
15942.9970738189
15942.3494524061
15943.3308124908
15942.9970738161
15942.9970738195
15942.1047688955
15942.0640390321
15941.7255874237
15940.8907396697
15942.0954256317
15941.8103957084
15942.9970738104
15941.2878425369
15941.5013825736
15942.1026717159
15942.1307137753
15942.1665741739
15941.7273300529
15941.2280827193
15943.2413950675
15943.3586406343
15943.2107560171
15943.2339817883
15942.2731804341
15943.2143941879
15942.0421231461
15943.251367694
15941.9741166306
15943.4024161043
15941.9104761286
15943.4003798391
15942.0637917214
15941.9954111098
15942.9970738106
15941.6768528388
15941.9393432814
15941.9880863265
15941.8064045836
15941.8307276176
15943.2967402673
15942.997073819
15942.9970738135
15941.7270019112
15941.7506110167
15941.7511669112
15941.7487163427
15942.997074033
15942.9970738155
15942.9970738114
15941.5494200943
15942.0373922566
15942.9970738159
15941.4906476261
15942.0870052313
15942.9970738143
15941.8030371346
15942.2165129618
15942.9970738157
15943.1565942392
15941.9780391734
15941.9998089648
15941.6372823116
15941.7258955667
15942.2020098588
15942.9970738119
15943.1132929605
15942.1228344893
15942.1481777973
15942.9970738134
15942.1871256371
15942.9970738141
15941.973967485
15942.0595464657
15941.8329619921
15941.4676266661
15942.0097900201
15942.9661964046
15941.9828271997
15941.7849596191
15941.5906931154
15942.9680253525
15943.4328611148
15942.1242885051
15942.2024293625
15942.9970738152
15941.8706509526
15942.9970738195
15942.997073816
15942.0657405836
15941.9931050639
15942.2457312156
15941.930994987
15941.7639150563
15942.9970738128
15942.0561669683
15942.9970738155
15941.6294529446
15942.2267311488
15942.9970738109
15941.8241831361
15942.9970738105
15941.5984352574
15941.6965049246
15941.4054877491
15942.99707381
15942.1786012859
15941.5210088739
15941.4258207199
15942.0268605159
15942.1082760473
15942.2034900814
15942.9970738167
15943.230514307
15942.1773085695
15942.1473534395
15942.9970738118
15942.2104870687
15942.9970738169
15942.2348979145
15941.6350024423
15941.7886156277
15941.5533766509
15942.3924531663
15943.2706147266
15942.997073816
15942.0460370841
15942.9970738133
15943.1682406191
15942.997073829
15943.25191353
15941.800108685
15942.4158576304
15943.3734281503
15942.9970738254
15942.9970738166
15941.6464432242
15941.5278123032
15942.133784214
15942.9970738233
15941.5759250194
