# type 1 occupying volumes
15963.4608027514
15963.4045238131
15962.7791085033
15963.1318518993
15963.6066429822
15963.8781286903
15964.0914761676
15964.5293713265
15964.8224457746
15963.9814943528
15964.9968468957
15964.9968468957
15964.9968468957
15965.0490056349
15963.5951120084
15964.7336397019
15963.5572207462
15964.6645957344
15964.9968468957
15963.9203284271
15964.9968468957
15963.7456138623
15964.9968468957
15963.9045698757
15965.0206240787
15964.7885435409
15964.8789662941
15964.524883896
15963.185222043
15963.163801093
15963.537661793
15964.9968468957
15964.9968468957
15963.9354092592
15964.9968468957
15963.2300451093
15964.0109078363
15963.9027029977
15964.1103462911
15963.2878235111
15964.2060233104
15964.9968468957
15962.8937881359
15962.9804448474
15964.9968468957
15963.8423503725
15964.5853700216
15964.6605349872
15963.4072009664
15963.4239084461
15963.8778423906
15963.7905229775
15963.6628344356
15963.1318559332
15964.9968468957
15963.3396070615
15964.9968468957
15963.667025861
15963.4616302508
15964.6833046018
15963.2432318092
15962.9863405252
15963.3914397373
15963.0261949907
15964.9968468957
15963.7275733353
15963.9053956016
15963.3265773164
15964.6934504169
15963.7037226251
15964.9968468957
15963.105776779
15963.5601995532
15964.6543508883
15962.8240568634
15963.3046390267
15963.0276727312
15963.1633595939
15963.3302518715
15963.0663571692
15964.7102164896
15964.9968468957
15962.9901099753
15963.1872572595
15963.2961932324
15963.3621410977
15964.5945722033
15964.9968468957
15963.8835476945
15964.9968468957
15964.9968468957
15964.9968468957
15963.470551699
15964.9968468957
15964.6956964263
15963.609971594
15963.8986302853
15964.7571158626
15963.4388117853
15963.5054161748
15964.9968468957
15963.8785504715
15964.452995957
15964.6847895644
15964.7900995109
15964.0568242913
15964.0251472593
15964.9968468957
15964.010335629
15963.9815432972
15963.9647960796
15964.8775734975
15964.7737001632
15964.9968468957
15964.6782280375
15963.5046994037
15964.7986789043
15963.8502745944
15963.6263881574
15963.39212673
15963.9478922072
15963.5396224803
15964.9968468957
15964.5453723336
15964.9968468957
15963.9080040802
15964.0472658746
15964.8219794349
15962.8068361938
15964.5605892316
15963.7810189875
15964.9129067927
15963.8093529584
15963.5856825776
15963.3548804053
15964.9968468957
15963.8388735724
15964.7870089753
15964.7474329688
15964.9968468957
15964.9968468957
15963.0283086357
15963.644080323
15964.6689959072
15964.9968468957
15964.9968468957
15964.9968468957
15963.4750796392
15963.329586297
15963.0023421241
15964.7959845717
15963.6922526437
15964.9968468957
15964.9968468957
15963.8114072691
15964.9968468957
15963.658334476
15963.5595864208
15963.9011055302
15964.9968468957
15963.7795600826
15963.4768179119
15964.9968468957
15964.8017861531
15963.6784464176
15963.8329298648
15963.8632520681
15963.5838572833
15964.8528722978
15963.8823403604
15963.9236800513
15963.8344287685
15964.9968468957
15964.0716604002
15964.057523678
15964.0180668306
15964.9968468957
15964.9968468957
15964.7659237641
15964.0645724429
15964.5982932499
15963.572813783
15964.5621205772
15963.899120665
15963.7347347753
15964.9968468957
15964.7255316584
15964.9968468957
15964.9968468957
15964.9968468957
15964.9968468957
15963.8610830465
15963.9919660487
15963.9526026664
15963.5076431254
15963.8179304208
15964.9968468957
15964.0850629724
15963.7977156146
15964.4702873632
15964.9968468957
15964.9344859778
15963.8755229347
15964.7676473786
15964.7198705787
15963.9979710557
15963.4005036817
15963.4942354327
15964.9968468957
15964.3743711903
15963.321537904
15963.5889145836
15964.6441211907
15963.4284940326
15964.5888689129
15963.8489146588
15964.9968468957
15963.3829663627
15963.0721857755
15964.5179638244
15963.4265915288
15963.5760056713
15963.0797479544
15963.2816879698
15964.5193917105
15963.1051910648
15963.79887696
15964.4497211246
15964.9968468957
15963.3558315668
15964.9968468957
15964.4467549618
15963.2150752624
15963.6120685589
15964.1353008904
15964.6986142575
15964.9968468957
15963.7275442879
15963.5027514725
15963.7321427967
15963.4150844256
15964.7052044582
15963.3509617446
15964.9968468957
15963.8572879602
15963.1476432201
15964.9968468957
15964.9968468957
15964.5699093253
15964.0629956328
15963.5390272597
15963.6499749575
15964.5301680358
15963.1890669841
15963.7706763177
15964.9968468957
15964.6083666607
15964.4092028323
15963.8893578043
15964.8804466848
15964.7505323227
15963.5560100509
15963.5853720149
15964.9968468957
15964.9968468957
15963.3005916474
15963.7014847192
15963.8005302427
15964.9968468957
15963.3790408738
15964.6769930005
15963.4625017012
15964.7655647271
15963.4710534874
15963.7636950008
15964.9968468957
15964.736160954
15964.7365730192
15964.6695886921
15963.7270499788
15963.8260133173
15963.6148579552
15963.2506824982
15964.9968468957
15963.6769704912
15963.649191872
15964.7126534808
15962.9506427318
15963.7773152277
15963.7313606752
15963.6333059342
15962.9545469449
15964.9968468957
15964.6979481599
15964.6023561285
15963.7474990477
15964.5134994189
15963.4769801834
15964.676782527
15963.0565026183
15963.5711511454
15963.7262467712
15963.7861581172
15964.9968468957
15963.8256634622
15963.1743763228
15963.1081166453
15964.0707796978
15964.7839836763
15964.7288925789
15964.9968468957
15963.9377146279
15964.7020285478
15964.7596906333
15964.9968468957
15963.7353700811
15963.4046833656
15963.6214450775
15964.9968468957
15963.8976513685
15964.7529458642
15963.3626231005
15964.1101454361
15964.0098988478
15963.9900521527
15964.5309581518
15964.9968468957
15964.9968468957
15963.9504594927
15963.8206489421
15963.4326972582
15964.7653459045
15964.9968468957
15963.9994797826
15964.0366559033
15963.9783295591
15964.9968468957
15963.3491997429
15963.743368914
15963.6960588316
15963.8265523986
15964.1463486616
15964.9968468957
15964.678509083
15962.9761028782
15963.544818124
15963.8048923188
15963.8643395352
15964.9968468957
15963.6868133929
15963.2883038661
15963.741900787
15964.738719607
15963.7749298609
15964.077520704
15964.9968468957
15964.8831910233
15964.2878427025
15964.0160106562
15964.8528552605
15964.7994893641
15964.2729711575
15963.3218679385
15963.9941944879
15963.1391669824
15964.7713265717
15964.9968468957
15964.3781492352
15964.1108804699
15964.8057452945
15963.9941643575
15963.711802623
15963.9245352674
15964.7545927528
15964.9968468957
15964.9968468957
15964.1562656049
15964.9257136799
15964.7115955217
15964.8857111597
15964.9968468957
15964.0329535005
15964.0159043046
15964.35760373
15964.9968468957
15964.8084390943
15964.1305834771
15964.8222561834
15963.7395076745
15964.9968468957
15963.7961395836
15963.7022509739
15964.9968468957
15964.9968468957
15964.1714988882
15964.9968468957
15964.3809622045
15964.1404349976
15964.9968468957
15963.161676618
15963.6050739456
15964.1372958482
15963.3279020322
15964.4600512558
15964.2338059624
15963.9786223957
15964.9968468957
15964.0250754742
15963.77405822
15963.973681826
15963.9153101008
15963.9365400514
15963.9285533668
15964.9968468957
15964.9968468957
15964.0255055571
15964.9968468957
15964.9968468957
15964.9968468957
15963.9481429103
15964.9968468957
15964.9968468957
15964.846623349
15964.9968468957
15964.7321435136
15964.9968468957
15964.729602549
15964.7715535966
15964.9968468957
15964.9968468957
15963.7255009406
15964.9968468957
15963.6164582293
15964.9968468957
15964.036073159
15963.9396290385
15963.4844705063
15964.9968468957
15963.9266848168
15963.481229956
15964.9968468957
15963.9098197325
15963.5455981493
15963.3695541302
15962.9380255364
15964.7008247536
15963.8395615513
15963.7839271648
15963.937585302
15963.1959936461
15964.6516810125
15963.0267097232
15964.9968468957
15963.311989734
15963.0131593901
15963.448291697
15963.517559505
15963.7449759139
15963.7404275487
15963.2813202628
15963.4256545197
15964.6359279384
15963.7489333703
15964.7000928016
15964.9968468957
15964.9968468957
15964.6401917966
15963.5530358332
15963.5182425572
15963.2563322322
15964.7139516365
15963.2592979707
15964.6227836644
15963.201817837
15963.3948754433
15963.72544871
15963.1901755965
15963.9074143607
15963.036501141
15963.0443071666
15963.2792270557
15962.8557768122
15963.3083371813
15964.8352407894
15963.5857937838
15962.9226373406
15963.9168326523
15963.8149293095
15963.7445811433
15964.8486378994
15964.8646220269
15963.724301384
15963.2484828904
15964.6408554851
15964.626851339
15964.6395070936
15963.6576039099
15964.66870098
15963.8431451371
15963.6046555848
15963.2523501006
15963.8580667591
15964.8617452343
15964.8988227042
15963.1833774919
15963.2263008618
15964.7190173537
15964.5346064523
15963.3198557519
15963.7767343134
15963.2589045698
15963.3960885966
15963.5484790862
15964.8258260987
15964.6948289876
15963.5151108625
15964.0290617573
15963.4046650168
15963.7737659436
15963.4866696565
15963.1633054069
15963.1958360013
15964.5938981492
15963.555948876
15964.9968468957
15963.8188557298
15963.8187101856
15964.9968468957
15964.9968468957
15963.9376662249
15964.8686500599
15964.9968468957
15963.6908943992
15964.8505081959
15963.5282253213
15964.9968468957
15963.2893425303
15964.5601313551
15963.5302827576
15964.9968468957
15963.3577034828
15964.7843965275
15963.8780259209
15964.9968468957
15964.9968468957
15964.9968468957
15963.1658991695
15964.6610396875
15963.7095646078
15963.1966865319
15963.66720022
15964.9968468957
15963.8350079457
15964.8161260174
15964.022327107
15964.0334347939
15964.1463636686
15964.9968468957
15964.6534709742
15964.0045226816
15964.6513415649
15963.5791880076
15964.9968468957
15963.6728745193
15964.0983000541
15964.1181387641
15963.800845226
15962.7308283272
15963.0186898273
15963.1511170528
15963.3363752615
15963.5057822244
15963.964913341
15963.8952966434
15963.2786744444
15964.9968468957
15964.3319370286
15964.9968468957
15964.9968468957
15964.1397693021
15964.0587150699
15964.9968468957
15963.9333006683
15964.8939329729
15963.9750160913
15963.8528262296
15963.7172605743
15964.9968468957
15964.629159114
15964.6127908277
15964.9968468957
15963.3070121405
15963.8527610244
15963.8786801519
15964.622424797
15963.4013767661
15963.8940050416
15964.9968468957
15964.8326541682
15964.0642038398
15963.6257038365
15963.897747457
15964.7430372075
15963.3882657584
15963.9351302432
15963.3937989894
15963.6616825028
15963.9667406603
15964.8176551923
15964.9968468957
15964.0765341518
15964.0169143824
15963.4332275414
15963.014048267
15963.7457935093
15964.6399687432
15963.35087842
15963.1817618262
15964.6107545112
15964.7955041336
15964.9968468957
15964.0987982659
15963.9315030718
15963.1127782287
15963.4656206479
15963.6258667733
15964.9968468957
15963.8178510981
15964.9968468957
15964.9968468957
15962.8541378272
15963.3009456288
15963.6151598392
15964.8458581849
15963.6028258261
15963.8481217914
15964.9968468957
15964.6508788467
15964.9968468957
15964.9968468957
15963.8708586535
15963.9308981505
15963.8968366437
15964.9968468957
15964.9968468957
15964.888222115
15963.4999386228
15964.6603275697
15963.5742113342
15964.0550283856
15964.9968468957
15964.8380584409
15963.8704366205
15964.8355004508
15963.3724134535
15964.9968468957
15963.7356082343
15963.6363885473
15963.8369455961
15964.9968468957
15964.8010911725
15964.6730325944
15964.6567496026
15963.5483517036
15964.6843504287
15964.5223413703
15963.8064745483
15964.5638327179
15963.878152112
15963.6757114832
15964.9968468957
15963.3106814286
15963.6178068641
15963.8760089152
15963.7868333203
15964.8285460872
15963.6731287328
15963.9202712368
15963.7763199253
15964.9968468957
15964.9968468957
15963.7760542467
15963.8931386966
15964.03379917
15964.9968468957
15963.2837836658
15964.8011832683
15964.2464671299
15964.9968468957
15964.9968468957
15964.0515494085
15964.805537995
15964.9968468957
15964.9968468957
15964.9968468957
15964.0522992936
15964.0641551235
15964.9968468957
15964.7009790463
15963.7462514697
15963.3738438502
15963.4927317619
15963.9190808128
15964.9968468957
15964.1755481275
15963.816593073
15964.1182950953
15964.1569488184
15964.022331822
15964.4690279355
15964.9968468957
15963.9276757751
15964.9968468957
15964.8597064376
15963.9560691584
15963.898206008
15964.9714737711
15964.9968468957
15963.8704440309
15964.4576028128
15963.9973062212
15964.9968468957
15964.9968468957
15964.9968468957
15964.7644579802
15963.6789356874
15963.8829489269
15963.9842821044
15963.4659906951
15963.1672160682
15964.6619309801
15964.9968468957
15963.9042490284
15963.6616493365
15964.1000274545
15964.9968468957
15964.8599196404
15964.6701872455
15963.8320384412
15963.7983990299
15964.9968468957
15964.8748213633
15962.9548515362
15963.4169924856
15963.0179696138
15963.8385952759
15963.6739581364
15963.4732502855
15963.9347560399
15964.2436198266
15964.8350365143
15963.9226909998
15964.0428779583
15964.9968468957
15964.9968468957
15964.0118786706
15962.9742017365
15962.9824309734
15963.2348996467
15963.291085598
15964.5458256726
15963.4004933177
15964.716514255
15964.9968468957
15963.8181083116
15963.3411938166
15964.0549601406
15964.7006150093
15963.7541560061
15963.8664093048
15963.7476381351
15963.9283136618
15964.9968468957
15964.9968468957
15964.9968468957
15964.6955020475
15963.1350339163
15964.9968468957
15964.9968468957
15963.768297734
15963.8519986531
15964.9968468957
15964.5605713537
15964.6742529931
15964.9968468957
15964.3340440563
15964.0364706859
15963.828420463
15964.730472874
15963.6810217515
15963.645575357
15964.0312809626
15964.9968468957
15964.0144091154
15964.9968468957
15963.8540541218
15963.4474415914
15963.8680065241
15963.9529743432
15964.7440694598
15965.0513555933
15963.9497161112
15963.969229782
15964.0247006828
15964.9968468957
15963.6398138657
15964.9968468957
15963.369673677
15963.5881679484
15964.7447562191
15963.9677917845
15963.4693542009
15964.2505949718
15963.9348300417
15964.9513966373
15963.9829967306
15964.7955347383
15964.8389073176
15964.9968468957
15963.6778451588
15963.2771848604
15964.1033193698
15963.7554237921
15964.7562104809
15963.0414953514
15964.8202033996
15963.8018653769
15964.9968468957
15964.9968468957
15963.617326672
15963.2261519673
15963.8434437551
15962.973625594
15964.9968468957
15964.7462243078
15963.9876013613
15963.3706169002
15963.7443261902
15963.2281645166
15964.9968468957
15963.9193157323
15963.7079897268
15964.9968468957
15964.8229369258
15963.3353008051
15963.8761460079
15963.4562273496
15963.4486314858
15963.7347563233
15964.0271494879
15963.3758473999
15964.9968468957
15963.6757482891
15964.9599121813
15964.9968468957
15963.4064310821
15964.7493847368
15963.7965980045
15963.8820186653
15963.9094929983
15963.9453845501
15963.7585304421
15964.0032870114
15964.9968468957
15964.9968468957
15963.993683774
15965.0282790616
15964.0761874561
15963.4552784052
15963.5641132158
15964.7517274763
15964.6562996769
15963.7350959686
15964.7337446776
15964.9968468957
15964.9968468957
15964.8465539313
15963.9684991853
15964.9968468957
15964.9968468957
15964.9968468957
15964.9968468957
15963.3650464773
15963.3614781807
15964.9968468957
15963.8009805109
15963.7201309586
15964.6238244015
15964.5581135085
15963.4983815782
15964.124684789
15963.0458358797
15964.9968468957
15963.4830851558
15963.6984758251
15964.9968468957
15964.9968468957
15963.7389805045
15963.2800952392
15962.7577481619
15963.5296261544
15962.8181841919
15963.0334649616
15963.3974368916
15963.590259556
15964.7399301187
15963.5883545152
15963.6886667414
15963.5366731253
15964.9968468957
15964.6623008909
15963.9754378137
15963.6613653956
15964.9968468957
15963.271216236
15964.7037977554
15963.7497800331
15963.6235074992
15964.5128925225
15963.5527177501
15963.6872243065
15964.5558049062
15963.2710119678
15964.9968468957
15963.0845176199
15963.6006818577
15964.9968468957
15963.6960075362
15964.9968468957
15964.7279388132
15963.8358471734
15964.9968468957
15963.854557978
15964.9968468957
15964.9968468957
15963.9401257231
15963.8898403828
15963.7605674554
15962.7010522872
15963.0829015983
15963.5049183761
15963.0778056421
15963.5950952165
15964.9968468957
15963.4066279021
15964.7223039712
15964.0019955186
15963.9065143436
15963.6003030362
15964.9968468957
15963.3486862086
15963.4673612862
15963.7701328691
15963.8597461591
15964.770939799
15963.9469493088
15964.5620502929
15964.0790327222
15964.9968468957
15963.7917068305
15963.6860974207
15963.622235732
15964.9968468957
15964.5980261545
15964.8550761701
15964.9968468957
15964.7277203574
15964.0671090424
15963.6536964628
15964.9968468957
15964.2001341275
15964.9968468957
15964.9968468957
15963.8118501378
15964.8692317273
15964.2271484378
15963.971207822
15964.9968468957
15964.0554536418
15963.6518988694
15963.9795246386
15963.5872965333
15963.9657752489
15963.8721994724
15964.9968468957
15963.9177555576
15963.6558806034
15964.2753576848
15964.1265114635
15964.0145795038
15964.9968468957
15963.9585755546
15964.9233795374
15964.5447106305
15964.9968468957
15964.9968468957
15963.6590494571
15964.9968468957
15964.9968468957
15964.9968468957
15964.0546223205
15964.9659335455
15964.9968468957
15964.9968468957
15963.9810148383
15964.9968468957
15964.6398600991
15963.5866594337
15964.7063495082
15963.3276834012
15963.6136886987
15963.8762430982
15963.8955393833
15963.3666330696
15964.0757242802
15964.9968468957
15964.9968468957
15964.7577420632
15963.9539165835
15963.5897100272
15963.8463130913
15963.3541734049
15963.2559436818
15964.0185850355
15964.6242280487
15963.4550406602
15963.0699420623
15963.430677864
15963.2631244437
15964.5868832088
15963.8208033667
15963.5360000897
15963.0435478845
15964.9968468957
15962.9205596509
15963.1154092145
15962.9479151451
15964.3755529972
15963.7140747304
15963.1305451754
15964.9968468957
15963.2832541337
15963.3103002814
15962.6253809423
15964.5891412865
15963.4307564749
15963.1299567495
15963.2471571746
15962.8311079317
15963.0045385821
15964.5879054254
15963.1546596309
15963.2734139884
15963.1458534604
15963.0150543029
15963.0280783309
15963.3372812617
15963.4562303188
15963.8778516248
15964.5893111972
15964.9968468957
15963.7923493563
15963.5411037572
15963.4440393882
15963.3054122014
15963.7430318978
15963.9037544325
15964.7167864123
15963.8782260606
15964.6722044663
15964.2845062581
15963.2930230345
15964.654500649
15964.5274643821
15964.601700842
15964.7287134784
15963.5638263284
15963.7584448442
15964.9968468957
15963.717854861
15963.4095797576
15964.9968468957
15963.3172433494
15964.5411895227
15963.9174162208
15963.3538382267
15963.3454080501
15963.0436471554
15964.6985632371
15963.6724972345
15963.1893296273
15963.7609737349
15964.9968468957
15963.5984105511
15963.2050085645
15963.7197008655
15964.6170947902
15964.72335535
15963.2429221154
15963.3398105699
15964.7622172397
15964.7872672764
15963.2937225203
15964.9968468957
15963.7729336136
15964.7629494048
15964.0353213108
15963.8798192356
15964.6535804245
15963.4980083285
15964.681300994
15964.9968468957
15964.1014523768
15962.9041159548
15964.7709762686
15964.7705369635
15964.6445642321
15963.3511803782
15963.1070292643
15963.0537240886
15963.5858542428
15964.848056272
15963.5730997505
15963.066133001
15963.480470291
15963.5118820582
15964.0001865725
15963.7024361051
15963.9354099546
15964.9968468957
15963.1273288484
15963.6397260079
15963.1926746112
15964.9968468957
15964.6197387029
15963.1544504601
15963.7257388137
15963.6511006813
15963.1994574359
15965.000636279
15963.67222816
15963.252199672
15963.7100670788
15963.9662536679
15963.9477326398
15964.9968468957
15964.5497978074
15964.9968468957
15964.6078739561
15964.7165679687
15964.9968468957
15964.0151163573
15964.2310566118
15964.9968468957
15964.0524887078
15964.7758506713
15964.9968468957
15964.2393423755
15963.8316227169
15964.9968468957
15963.6183768805
15963.932340779
15963.9408406629
15963.8088083493
15963.949283342
15964.9968468957
15963.9607221431
15964.9968468957
15964.5748281911
15964.8531079238
15964.9968468957
15963.9324935086
15964.9968468957
15964.9968468957
15963.8702248406
15964.6803267898
15964.7958520489
15963.953211393
15964.9968468957
15964.2098933769
15963.8724540481
15963.5552406607
15964.9968468957
15964.9968468957
15963.6952678727
15963.8642117116
15963.8698001837
15963.7200513544
15964.9968468957
15964.9968468957
15964.9968468957
15963.9414708756
15964.7664985432
15963.7636492141
15964.9968468957
15963.9844502994
15964.0986549024
15963.5739028384
15963.860974081
15964.9968468957
15963.3252911471
15962.8639895473
15964.7257091059
15963.1167685682
15963.2943780728
15963.6674568715
15964.596138803
15964.1692419145
15964.9968468957
15963.0516210909
15964.5373602665
15963.9360393313
15963.1450888859
15963.3889477377
15963.8295247136
15964.8001177273
15964.7325095731
15964.5538991125
15963.0755979342
15963.5047521893
15964.6501707638
15964.828863106
15962.7715556501
15963.8477315663
15964.9968468957
15963.175953119
15963.5598993926
15963.2628508724
15962.7935810361
15964.6112781182
15963.256169435
15963.2212771751
15963.65935526
15964.6509660155
15964.7187275364
15963.8245378096
15964.9968468957
15964.1196044417
15963.8079542179
15963.5451430805
15963.0928620787
15964.9968468957
15963.7018385628
15964.9968468957
15962.586398504
15963.5605434862
15963.7750971656
15963.8092297595
15964.8573630412
15963.9654703203
15964.8167202066
15963.0966653204
15964.8365778453
15964.9968468957
15963.838210139
15963.8438870445
15964.0649417738
15964.9968468957
15963.4648709736
15964.9968468957
15963.8033174858
15964.7705472879
15964.9968468957
15963.2524029977
15962.8972131701
15963.4914037618
15964.7719402587
15964.9968468957
15963.8562399728
15964.7933453597
15963.8563220929
15963.3521664837
15964.7634886608
15963.9247134015
15963.3804718012
15963.7444912917
15964.7981690141
15963.4175331525
15963.7192645766
15963.0345770924
15964.9968468957
15963.7808044167
15964.7185423289
15964.8038925644
15963.8084235377
15964.9968468957
15963.0693508007
15963.5299215637
15963.4751791105
15964.9968468957
15964.8801755066
15964.7774507096
15964.9968468957
15963.4180030323
15964.0362453711
15964.3986609318
15964.9968468957
15964.7700041441
15963.2551452394
15963.4830791408
15963.8861902962
15964.8706508863
15963.8472033179
15964.9968468957
15964.5218237245
15964.9968468957
15963.9656789176
15962.9155707625
15964.7191707675
15964.6047038937
15963.9992257844
15963.5882780436
15964.7620027606
15964.9968468957
15962.9894992849
15963.260441651
15964.0079860268
15963.9568346863
15963.8335906857
15964.9968468957
15964.0277798296
15964.0557409849
15964.9968468957
15964.9968468957
15963.5619687588
15963.8634632003
15963.7875300002
15964.6561075148
15963.6786886537
15964.9968468957
15964.583776577
15964.5291439861
15964.5981843036
15963.6987111932
15963.7677015186
15963.8325561236
15964.9968468957
15964.6726364051
15963.5963040392
15963.8574443654
15964.9968468957
15963.2350048344
15963.6856125904
15964.7925416546
15963.5420131152
15963.8254014811
15963.6364505382
15963.9432287419
15964.1082332435
15964.9968468957
15964.0303148822
15963.0843162162
15964.5467773683
15963.2858534366
15963.7734892193
15963.6567599044
15963.6797982063
15963.5064904079
15963.6012560633
15963.3448034721
15963.103632687
15964.9968468957
15964.8756874086
15964.6957655325
15964.9968468957
15964.9968468957
15964.6520907123
15963.8151347544
15964.9100732851
15963.9714664506
15964.7699152545
15964.1494030174
