# type 1 occupying volumes
15942.9970738203
15942.0039397998
15941.6134924781
15941.8004512755
15942.6145118914
15942.0730961878
15942.0452602579
15942.7539539292
15942.8134009896
15942.8828134004
15942.1544284586
15942.9151986333
15941.9342043208
15942.3204457452
15941.555235872
15941.3585556226
15941.8483728898
15941.163129446
15942.7231789566
15942.8403604618
15942.9970738203
15941.9482794068
15942.9970738203
15941.8507923246
15943.0112254146
15942.9970738203
15942.9970738203
15942.7399669412
15941.3638139428
15941.3535063916
15942.9970738203
15941.383132124
15942.9970738203
15941.9246771802
15942.7067951242
15941.6679474893
15942.9970738203
15941.8158829334
15941.4009422616
15941.7297461305
15942.1144716463
15941.3289475036
15941.2138433509
15941.8352520674
15942.6484653673
15941.9347664431
15942.9970738203
15942.7840245823
15941.8616657647
15943.1188780119
15942.8986751701
15941.7963221788
15941.0760964792
15941.4545275681
15942.9970738203
15941.529802415
15941.8266011061
15942.9970738203
15941.8428365478
15942.9970738203
15942.1034160983
15941.8664239517
15941.8546642662
15941.9633778286
15942.8600766593
15941.7068516052
15942.9970738203
15941.9370786626
15941.3454317716
15942.9970738203
15942.0295276747
15943.0309037204
15942.8179683143
15941.5553445721
15943.0022780373
15942.8370964129
15942.9970738203
15942.1723984856
15941.2436041905
15941.0003848197
15941.5781000648
15942.6223679293
15941.6303765439
15941.0865427248
15941.6974808964
15942.2085318358
15941.521317408
15941.7123935116
15942.7601384966
15942.9970738203
15942.8692953132
15941.3205332502
15941.2866975816
15942.9970738203
15941.854371143
15942.8991907019
15941.6119164387
15941.8070691737
15942.9970738203
15942.9970738203
15941.6517624273
15941.8627762263
15942.9970738203
15941.8824539094
15942.9970738203
15942.5644092305
15942.6187739902
15942.6750119893
15941.5111372969
15942.8545187064
15941.9791740864
15942.7842852187
15941.8913988417
15941.9197484477
15942.9970738203
15942.0871212105
15942.6966771589
15941.8433115626
15941.2874667715
15941.4894026026
15942.6240363292
15941.9340156211
15941.4872228748
15942.6113380619
15941.8313282712
15941.0029588352
15941.8251341475
15941.51229597
15941.0313140493
15942.6501719299
15941.1403509043
15942.7325227791
15942.9970738203
15941.3748964944
15941.9438658578
15942.9970738203
15941.1875659806
15942.9970738203
15941.7311488103
15941.6231163995
15942.5771510254
15941.8856591445
15942.9970738203
15941.8626221509
15941.692233457
15941.6018030356
15942.5768028972
15942.9970738203
15941.4732394992
15942.6983932739
15942.551167738
15941.2917679882
15941.4712363705
15941.6004346971
15941.9240479469
15942.9970738203
15943.1905176546
15942.9164425563
15941.9821448369
15941.8761054365
15942.1371780677
15941.5549143523
15942.9970738203
15942.9970738203
15941.7019532075
15942.9970738203
15941.8484184568
15941.3341682365
15942.0071541829
15942.0993851934
15941.8553336617
15941.7772279112
15942.9970738203
15941.9774403921
15942.064863939
15942.9970738203
15942.9970738203
15942.9970738203
15941.7871741593
15941.9651314245
15942.6280037704
15942.9970738203
15941.5954172006
15941.7898397035
15942.9970738203
15942.9970738203
15942.706232124
15941.8962140649
15942.6274504616
15941.5644755924
15942.9970738203
15941.7445998229
15942.9970738203
15942.9333904425
15941.811602587
15941.8580859452
15941.5583448469
15942.7560398498
15941.6579597226
15942.9970738203
15941.6806895836
15941.6402350672
15942.0286416271
15942.7761225989
15941.8694695078
15942.9970738203
15942.9970738203
15941.8321955767
15941.8594758528
15942.0364891775
15942.9970738203
15941.8653570173
15942.8500038548
15942.8028094406
15942.0443827998
15942.9970738203
15942.9970738203
15941.7591820872
15941.5403907393
15942.9381447561
15941.4407988299
15942.9381782855
15941.9829434346
15942.8832823721
15941.799606807
15941.9262937823
15941.8169531876
15941.6851755482
15942.9970738203
15941.9692671801
15942.9970738203
15941.558742824
15941.55602535
15941.4084130153
15942.6899225597
15942.2063491476
15942.8352172188
15942.9970738203
15941.7572468373
15942.8138017918
15941.5383564758
15942.8543190196
15942.8838902441
15941.9258116401
15941.8484001177
15942.9970738203
15941.9536641006
15941.9117804894
15941.8194621975
15941.882563932
15941.6186051602
15941.959858583
15941.7544277579
15942.9970738203
15942.8058643174
15942.9970738203
15942.9970738203
15942.9970738203
15941.6942990439
15942.8026361971
15942.9970738203
15942.6009038925
15941.9441707331
15941.4819009541
15942.9970738203
15941.8513939983
15942.8703266545
15942.9970738203
15942.9461260459
15942.5532557599
15941.7854912415
15942.9016448594
15941.7385785286
15942.9970738203
15941.3163159645
15942.9970738203
15941.6655941021
15942.3002547568
15942.7147198272
15941.6786710148
15941.7693783806
15941.472771033
15942.9970738203
15941.4701186405
15941.2872013545
15942.0343279862
15941.4760780205
15941.3918387598
15942.7522713682
15941.6970546457
15941.6246573767
15942.9970738203
15941.5766393748
15941.6819148976
15942.7006488569
15941.6604921901
15942.7476434747
15942.7106947317
15941.3733569882
15941.4037266554
15942.9970738203
15941.7578119642
15941.473971222
15942.9970738203
15941.7628433319
15941.4575002535
15941.709893111
15941.6259384353
15941.6790829988
15942.6976416016
15942.9970738203
15941.8139644193
15942.7633434775
15942.9970738203
15942.9970738203
15942.1632579177
15941.7281612775
15942.4271210881
15942.9970738203
15941.833655711
15942.9970738203
15942.9970738203
15942.0398554224
15942.8159927512
15941.7853831431
15941.8000552658
15941.7265107196
15942.8543182366
15942.780564784
15942.9970738203
15942.9970738203
15942.7726015346
15942.7476341189
15942.9970738203
15941.5100579719
15941.5753899133
15942.9970738203
15943.0114456052
15941.6771543353
15941.7672882702
15942.9970738203
15942.0830633035
15941.5456025696
15942.9970738203
15941.3562311993
15942.0692424209
15941.2588406809
15942.9970738203
15942.9970738203
15942.3832035702
15941.7641259082
15941.8650871672
15941.5150786932
15941.6909138547
15942.9970738203
15941.4519671575
15942.9970738203
15942.6827904436
15941.7156795309
15941.8830769208
15942.8900323206
15941.7230255586
15941.8179173556
15942.9970738203
15941.9325223841
15941.6425646005
15942.9970738203
15941.7475049145
15941.4633456228
15941.711303853
15941.7004174466
15940.9647106061
15940.9882715758
15941.9331246598
15941.5827547003
15942.9702623946
15941.90079686
15942.8886475189
15941.0647762307
15941.3500213631
15941.5427697133
15942.9970738203
15941.7341519257
15942.9970738203
15941.9831098945
15942.9970738203
15941.9324665772
15942.9970738203
15942.2940642534
15941.9772516308
15942.9087460568
15941.9167480432
15941.9703042938
15942.7408664715
15941.9993007575
15941.4432448873
15942.9970738203
15941.9033010406
15942.1746487906
15942.5705332597
15941.5680192015
15942.9970738203
15941.9991456238
15941.581762716
15942.1574770347
15941.3669288173
15941.5904057469
15941.942789437
15942.9970738203
15941.9599680791
15941.4266991198
15941.3818043385
15941.7980027538
15942.9970738203
15942.8008233906
15942.9970738203
15941.786360639
15941.7765778597
15941.9275511045
15941.8704017748
15942.9534507101
15942.86063131
15941.638168315
15942.6794375603
15942.7517455848
15941.6925486633
15942.1386633084
15942.8480001547
15941.9140684462
15941.5924371545
15941.9593537233
15942.9970738203
15942.8110403967
15942.9970738203
15942.9970738203
15941.404928553
15941.4619925519
15942.9970738203
15942.9970738203
15942.69622528
15942.9970738203
15941.7989169728
15941.9853067633
15941.4602643717
15941.0769323313
15942.9970738203
15942.9970738203
15942.0009037929
15941.8699706232
15941.1902201103
15941.9255688576
15942.7413601385
15942.7183248253
15941.5620398888
15941.7490274701
15942.9970738203
15941.757505162
15942.9970738203
15942.0464391415
15940.9931940413
15941.9088286546
15941.7342835767
15942.9970738203
15942.1304911811
15942.8870890789
15941.8579458177
15941.8667145379
15942.9970738203
15941.8897400773
15942.6425020698
15942.9970738203
15941.8719919288
15942.7782547899
15942.9970738203
15942.6487120744
15941.7697718126
15942.8248470792
15942.9970738203
15941.3017095749
15941.4106039524
15941.8878391935
15942.9970738203
15941.1976942837
15942.7666151201
15941.4671238176
15942.9970738203
15941.8640784774
15942.8389616707
15941.7909787044
15942.9970738203
15942.9457617256
15942.9970738203
15942.9970738203
15942.9970738203
15941.4297383799
15942.5900834012
15941.9343788981
15941.8162749525
15942.9970738203
15941.9760790433
15941.9363233716
15942.7342856961
15943.0843088568
15942.7792321326
15942.6391970725
15942.9970738203
15942.9970738203
15941.4406027192
15942.8672335189
15941.250485128
15942.6799277893
15941.880339829
15942.8216731924
15941.8860433613
15942.7595810882
15942.6788508998
15942.9970738203
15941.819852872
15941.984178171
15941.8135815643
15941.8881281654
15942.9970738203
15941.297880591
15941.0825704342
15941.4904126379
15941.4420486481
15942.7667164984
15941.2124281341
15941.8147177131
15941.2726454186
15941.2017539458
15941.4228203222
15942.1855266272
15941.8091279581
15941.106662031
15941.6026700212
15941.0191447921
15941.3689776616
15941.6360190296
15942.8559153774
15941.6383363563
15941.8713602595
15942.8236614945
15942.9970738203
15941.7533622162
15941.9508274519
15941.9352171353
15941.5452849811
15942.8378976588
15941.6618776137
15942.228534336
15942.8610973712
15942.7592825163
15942.9970738203
15942.9970738203
15942.3733343432
15942.5591082051
15941.9294998668
15942.1403268226
15942.1156883903
15941.7779086828
15942.0583632793
15942.9970738203
15941.6759884815
15941.592186853
15942.0610110443
15942.6937806594
15941.7831877205
15941.9227601075
15941.954372722
15941.6935171955
15942.9970738203
15942.0030648392
15941.9610563059
15942.9970738203
15941.882534224
15941.9391348058
15942.9970738203
15941.997414696
15941.9830166147
15942.9970738203
15942.871893741
15941.9221716467
15941.7642654799
15941.6513603513
15942.9970738203
15941.9697224486
15941.8559080963
15942.9970738203
15942.9970738203
15942.687927569
15941.5912879595
15941.991905392
15942.9970738203
15942.9970738203
15941.6912413204
15942.9970738203
15942.8097725806
15942.1474385172
15942.9970738203
15941.9082562555
15941.6713560934
15941.8944074139
15941.8400922918
15942.7599086872
15941.4125320714
15941.3796751006
15942.5649858099
15942.8421381374
15942.9970738203
15941.6814526317
15942.9970738203
15941.8610310643
15941.5495092557
15942.8637184279
15941.5497639445
15941.7206113052
15941.2772459042
15941.5893612778
15941.6843411847
15941.3015803568
15941.4295771737
15942.7238816205
15942.9970738203
15941.8634958811
15942.9970738203
15941.5197648871
15941.5098776458
15942.9970738203
15941.3990543641
15941.4632562088
15941.4897488457
15942.9970738203
15941.5266876087
15942.6264396674
15941.1813525885
15941.8883363203
15941.928458609
15942.9970738203
15941.3763895303
15941.6877012074
15942.6572480369
15941.5539959942
15941.7011058799
15942.7953413145
15941.2963713523
15942.0037047234
15941.2401160393
15941.5311477985
15941.9057285021
15942.9970738203
15942.1156982554
15941.2392979847
15941.6053638145
15942.9820405425
15941.7365110732
15941.6843585289
15942.7136404179
15942.7952827008
15941.9979478199
15942.9970738203
15942.8130435183
15942.6762840694
15942.9970738203
15941.926749851
15941.7094144476
15942.8416033792
15941.4298052539
15941.8133263979
15941.3852984941
15942.5527299983
15941.4772675719
15942.1356702721
15941.9714494548
15942.9970738203
15942.0279343251
15941.9038427356
15942.9970738203
15942.9970738203
15942.0015049639
15941.7613225406
15941.7798745817
15941.8691576495
15941.8707948061
15942.9970738203
15942.0482746647
15941.6945127876
15942.1041327299
15942.8773520093
15942.6493837624
15942.308540419
15942.9970738203
15942.9970738203
15941.2735822976
15942.9970738203
15941.333685201
15941.7041847579
15942.8285192043
15942.823778354
15941.4862642822
15941.6865484133
15941.922008973
15942.7138416174
15942.9970738203
15941.5907812537
15942.6321954291
15941.7241953729
15942.0272741035
15941.6067739281
15942.5333803628
15942.9970738203
15941.3849901031
15940.8932004374
15941.6048942334
15941.9796191455
15942.6485889973
15942.9970738203
15942.8437639391
15942.7733230531
15942.8660894522
15941.9208993439
15941.7085779324
15941.413861278
15942.9970738203
15942.5552543315
15941.5303363314
15941.1375601944
15941.6400918455
15941.8994661422
15942.632020412
15941.6666364951
15942.9970738203
15942.0009734682
15941.947964584
15942.7052441038
15941.4237920766
15942.9970738203
15941.6757772696
15940.7506731584
15941.4050135912
15942.7214306532
15941.3884490177
15941.5510663674
15941.4861927984
15942.9970738203
15942.5004158379
15942.8364618605
15942.9970738203
15941.7404200145
15942.059332419
15941.9374971196
15942.1173484192
15941.1821999939
15942.9970738203
15942.9970738203
15941.9080488615
15942.8695830656
15941.8743122459
15941.8790896538
15941.7509936851
15942.9970738203
15942.8084561354
15941.8842435604
15941.6079223571
15942.9970738203
15941.4922007023
15942.9970738203
15942.9970738203
15941.6716063221
15942.5772389304
15942.1547966913
15942.9970738203
15942.9970738203
15942.9970738203
15942.1821728029
15942.9970738203
15941.7320367796
15942.5987310796
15942.9970738203
15942.1084477218
15941.8861151879
15942.9970738203
15942.9970738203
15941.7187090533
15942.9970738203
15942.0606647656
15942.9970738203
15941.6703709816
15942.9970738203
15941.9477666718
15941.9082299796
15942.9970738203
15942.9970738203
15941.7704141461
15942.9970738203
15942.9970738203
15941.9596518629
15942.8144623483
15941.5751958616
15942.6008114719
15942.8658282982
15941.8106650804
15941.7909938904
15940.9759388403
15941.6525131822
15941.4320521765
15942.9970738203
15941.1660626814
15942.9970738203
15942.1300521489
15942.0685267543
15941.85021425
15941.9133584663
15941.1666822592
15941.2463707124
15941.8877420929
15941.165986396
15942.6157154278
15941.6788221264
15941.67587642
15941.5776375166
15941.7634471897
15942.6938803515
15942.9970738203
15942.9970738203
15941.8633298328
15941.0261003498
15941.6028111963
15942.9970738203
15941.2977735709
15941.7983226179
15941.883188321
15941.690021208
15941.7570979755
15941.0211079067
15941.8017503396
15942.6175106359
15942.9970738203
15941.4781090502
15941.3642796474
15941.3803892385
15941.550318111
15941.5220934937
15941.7728286819
15942.9970738203
15942.127501625
15942.7870657977
15941.2130384167
15942.1434946433
15942.6577875321
15941.7809993338
15942.939309267
15941.9338025313
15941.285260076
15942.6126755203
15941.6177417397
15942.9970738203
15941.8892931563
15942.7050115498
15941.6791532598
15941.8467768502
15942.6980565081
15941.1569236376
15941.3161916198
15942.9970738203
15942.9970738203
15942.0306751508
15941.8297330263
15941.819646148
15942.9970738203
15941.8844734793
15941.8748265764
15941.8097976901
15942.613639167
15942.7972650577
15942.2515288164
15941.8206767008
15942.7733501699
15942.9099637478
15941.6351273588
15941.7866058455
15942.9970738203
15941.8499063658
15942.0987594764
15942.9970738203
15941.3893912269
15941.3684421235
15941.0789364032
15941.7657551213
15942.0027048217
15941.1414888896
15941.2079854984
15942.9970738203
15942.9970738203
15942.7128577408
15941.4035474842
15941.7882534161
15941.488340692
15942.6659211796
15942.9970738203
15942.9970738203
15942.6767530413
15941.3783764648
15942.6993807059
15942.8018812576
15942.7064762247
15941.4732169516
15942.9970738203
15942.9970738203
15941.4422827577
15942.7187781682
15941.1629437304
15942.0237074045
15941.6908013716
15941.699707536
15942.9970738203
15941.6865640481
15941.3894965065
15941.4926913217
15942.8012385196
15942.8760734201
15941.852421663
15941.5884850472
15941.0765499303
15941.1840845098
15941.8209677688
15941.9863155961
15942.8796032211
15941.8643056335
15941.0554023087
15942.9970738203
15942.9970738203
15941.8174286581
15942.9970738203
15941.1744771662
15941.2062028682
15941.067519871
15941.5395701758
15941.144348395
15941.2672050317
15941.9069723111
15941.9134724224
15942.6203040276
15940.7631693811
15941.6977695299
15941.4616697326
15941.8939975532
15942.6747038973
15941.9143387061
15942.9970738203
15941.4921334201
15942.6665766763
15940.9497498856
15942.9227280659
15941.5711972693
15942.9970738203
15942.6651549519
15941.4938731809
15942.9970738203
15941.6608166243
15941.8729686424
15941.1177693906
15941.5962959364
15941.6768513723
15942.6795524882
15941.8941676164
15941.5113343335
15942.6296948739
15942.9970738203
15941.7459078603
15941.8622159282
15942.9970738203
15942.9970738203
15941.8724766318
15942.9567539856
15942.9970738203
15941.8686987201
15942.9970738203
15942.5754399297
15941.8327363982
15942.611528364
15941.206111344
15942.6317705697
15942.9970738203
15942.9970738203
15941.825922499
15942.606615992
15941.9447638549
15942.8712333268
15942.2180716082
15942.8791615139
15942.0363678059
15941.9882436357
15941.2495733295
15941.2030039081
15942.831689538
15941.402467073
15942.614647391
15942.9970738203
15941.1678536732
15942.0216054722
15942.9970738203
15941.2125841046
15941.83132055
15941.5920118536
15942.9970738203
15942.9970738203
15941.7346314747
15942.6046124092
15942.6758342668
15941.4366390077
15941.2702091144
15941.3892799169
15941.4407160725
15941.937329022
15942.3448210715
15942.8936294182
15942.6157520117
15942.9970738203
15941.8689258906
15941.8309730077
15942.9970738203
15941.9005002824
15941.0228479729
15941.346120793
15941.7614018004
15942.9970738203
15942.182714598
15942.3074273664
15941.7878364521
15942.6023314832
15941.9130066917
15941.9757381694
15942.9970738203
15942.9970738203
15941.8031472139
15941.4883758571
15942.9970738203
15941.2517086027
15941.5722881699
15942.9970738203
15941.7965732207
15941.841519792
15941.2315456331
15942.6394634608
15942.6460735669
15941.3244642939
15941.5315938088
15941.1895776541
15941.6411018741
15942.5937742771
15941.7622901219
15942.7962606048
15941.8965167298
15942.9970738203
15941.4379381588
15942.7011388374
15942.7671988084
15942.8662797835
15941.0914219898
15942.9970738203
15942.9970738203
15941.1710368231
15941.3765598609
15941.8790403747
15942.9970738203
15942.8056760782
15942.2915196966
15941.9892959921
15941.8756205402
15942.9970738203
15941.6351603303
15941.977175224
15942.9970738203
15942.9970738203
15942.5715048675
15941.4143728744
15941.2246623617
15942.8656162392
15942.9970738203
15942.6902295403
15942.9970738203
15941.0989164709
15941.5430996515
15942.9970738203
15941.481131168
15941.2960191426
15941.3449398701
15941.5199976467
15942.9970738203
15940.7123435916
15941.0524182634
15942.9970738203
15942.7852848815
15941.4023516405
15942.9970738203
15941.9714289078
15942.8013938539
15942.9970738203
15941.2082398982
15941.2579943484
15941.8292223856
15941.5484377144
15942.6408689673
15941.3822905739
15941.1802945206
15942.7921299429
15941.5868311559
15942.9970738203
15941.718184114
15941.6587976228
15941.7089629871
15941.600976565
15941.1738790799
15942.7336234994
15942.576415118
15942.9970738203
15942.4679526349
15941.8713105626
15942.8102661961
15941.7511635588
15941.7572567608
15941.2251098355
15941.7348097046
15942.8777429084
15941.9589639626
15942.9970738203
15941.6566522384
15941.9010077954
15941.8397974833
15941.3373975742
15942.8664074381
15941.7227980974
15942.9970738203
15942.7563990008
15942.0766366209
15941.9868312975
15942.7529359931
15941.6509738545
15942.8157562801
15941.895796953
15941.7390638615
15942.7886403496
15941.8514379824
15942.052250569
15942.9970738203
15942.9970738203
15941.9392158829
15941.721612969
15942.9970738203
15941.2408619579
15941.6827946406
15942.9970738203
15941.7421548112
15942.9513844609
15941.7765681682
15942.9970738203
15941.6192756845
15942.8215061054
15942.9970738203
15942.0330463721
15941.7292117978
15941.4547578384
15942.9970738203
15941.6037953814
15942.9970738203
15941.5322922678
15942.078387406
15942.9970738203
15941.990832479
15941.4292419487
15941.7604200659
15942.6643614148
15942.5941034632
15942.9970738203
15941.7774666323
15941.3975689966
15941.231529961
15941.7514884677
15941.9424248521
15941.7831400929
15942.7338659112
15941.5399719893
15941.131646864
15941.5861968293
15941.8468179112
15941.9066397002
15940.9151938995
15941.2416115633
15942.9970738203
15941.8306594624
15942.0737822103
15942.0202022996
15941.186430457
15941.8105656935
15942.9172261022
15942.8655801313
15942.5328133236
15941.1240388363
15941.6997802111
15942.6551300039
15941.9614153141
15942.8395484996
15941.9990543725
15942.376607233
15941.2210998756
15941.0050384513
15941.3920616653
15941.0322284498
15942.9970738203
15942.9970738203
15942.0120442113
15942.6508753866
15941.2681254822
15942.9970738203
15942.0478738521
15941.8460561084
15941.7777495638
15941.2052656488
15941.3256021807
15942.6548624945
15941.9793283766
15941.9032660574
15942.9815469538
15942.8126186288
15941.1023879225
15942.9970738203
15941.4386281666
15942.9970738203
15941.6058880889
15941.2858405302
15941.4680032111
15942.6877062996
15942.1002480871
15942.9970738203
15942.8671746009
15942.8085129728
15941.921476497
15941.8375116302
15941.3213114884
15940.814072761
15941.8248551709
15941.4301768634
15942.7160608132
15940.9578731436
15941.1921998813
15942.0587401038
15942.153283237
15941.9108182968
15941.308081041
15941.153059343
15942.9970738203
15942.9970738203
15942.9970738203
15942.9970738203
15941.9085658189
15942.9970738203
15941.8420116404
15942.9970738203
15941.8020742527
15942.9970738203
15941.583040504
15942.9970738203
15941.5527987416
15941.6695776089
15942.7099862968
15941.2125871295
15941.8298058624
15941.6907494309
15941.734161944
15941.5758712857
15942.9970738203
15942.8405744899
15942.8156848575
15941.4516826464
15941.421825428
15941.5184943584
15941.8328043484
15942.7889213852
15942.5981068706
15942.695578241
15941.1008710615
15941.8372004312
15942.9119669518
15941.3016074871
15941.6941656221
15942.7692085272
15941.4575886404
15941.9347656584
15942.709171618
15942.9970738203
15941.6401007094
15941.8663894152
15941.3667956732
15941.4755998441
15942.0171195811
15942.7461927498
15942.9970738203
15941.8463748669
15941.9667980223
15942.7913625386
15942.0482269642
15942.7545921568
15941.6323235286
15941.9172771194
15941.6730734187
15941.1846647913
15941.892862025
15942.9970738203
15941.7832094189
15941.4936015234
15941.1604002549
15942.9970738203
15942.9970738203
15942.0663840504
15941.7652510103
15942.9390694043
15941.5747895746
15942.6749382201
15942.7712992551
15941.8080570041
15941.8982266383
15941.9755899348
15941.7291612496
15941.5867843931
15942.7288872136
15941.9707666212
15942.7050523523
15941.1737898743
15941.8283574432
15942.5562089445
15941.5211038024
15942.7639830629
15941.3594922231
15941.3787982829
15941.1337706115
15942.6907586592
15941.9183517
15941.2167296151
15941.1564200781
15941.7935454816
15941.7104618529
15941.9655505961
15942.8212130841
15942.9970738203
15941.7947724339
15941.8827377775
15942.7187199894
15941.8954903791
15942.6501454921
15941.9378984397
15941.4352269266
15941.5614908582
15941.2942094653
15942.3156440545
15942.9970738203
15942.9575976601
15941.9011929166
15942.8012908188
15942.9970738203
15942.619457015
15942.9970738203
15941.5269323853
15942.3952297115
15942.9970738203
15942.608537175
15942.7512654176
15941.5177868995
15941.4247673164
15941.9705784923
15942.688720482
15941.3661297509
