# type 5 occupying volumes
15944.6139963376
15942.9970738119
15942.9970738166
15943.5729798545
15944.2646260084
15943.1791682839
15942.9970738163
15944.0924114992
15944.3125405823
15943.9734127999
15943.5984418264
15944.0257437739
15943.5292871039
15943.4808658227
15942.9970738215
15942.9970738206
15943.71798315
15943.2922982464
15944.2246359003
15944.4225816368
15944.1677339859
15943.4047241194
15944.1797995053
15942.9664097412
15943.9054156737
15944.348144607
15944.4890021845
15944.1102730549
15943.3490161904
15942.9970738128
15944.8811062346
15942.9970738122
15944.6279341247
15943.3040532605
15944.0664307902
15942.9970738206
15944.8420475292
15943.4393303988
15942.9970738162
15943.3467437026
15943.4965893558
15942.9970738151
15943.3474182051
15943.6430312022
15944.3689913754
15943.5115330892
15944.6448259648
15944.29576888
15943.4578453555
15944.4837069636
15944.4000211375
15943.305734812
15942.9970738161
15942.9970738108
15944.6457325779
15943.186909444
15943.1742040836
15944.4429820794
15943.5479616619
15944.5871238071
15943.224196325
15943.4813702269
15943.525191091
15943.4685531235
15944.172829541
15943.5626645964
15944.3041550452
15943.319287388
15942.9970738148
15944.8994407396
15943.2464323451
15944.5626368369
15944.3030154331
15943.45296548
15944.4088037437
15944.4035877823
15944.4621616378
15943.4897712066
15942.997073809
15942.997073816
15943.2370860615
15944.3841360174
15943.5384880449
15942.9970738126
15943.4896500076
15943.4581611469
15943.3602853906
15942.9970738149
15944.0803160663
15944.2658402732
15944.1474241475
15942.9970738122
15942.9970738201
15944.653373815
15943.4278608704
15944.4069901649
15943.4280353697
15943.3757034785
15944.6737831459
15944.6427162478
15943.4936115324
15943.5832894743
15944.4950219485
15943.3814772929
15944.4353811582
15944.4070918577
15944.503572251
15944.2337771241
15942.9970738152
15944.495715918
15943.4549296749
15944.2341757223
15943.3047838459
15943.2709912388
15944.6413151742
15943.4275011412
15944.6374137811
15943.3833917106
15942.9970738188
15943.3045263715
15944.5040108027
15943.4077324801
15943.3615867121
15944.763987751
15943.3795596471
15942.9970738115
15942.9970738119
15943.2853798165
15942.9970738153
15944.2511171656
15942.9970738185
15944.2998331891
15944.7899795229
15942.9970737933
15943.3989200545
15944.9042411047
15942.9970738191
15944.7537508908
15943.4982366631
15943.648592913
15944.3249813418
15943.4833056701
15944.8420312944
15943.4261591531
15943.3519470311
15943.3632555752
15944.6223783204
15944.8175896855
15942.9970738213
15944.5610930304
15944.0449106041
15942.9970738099
15943.2501897094
15943.7697411623
15943.3329313028
15944.9157954178
15944.0929452936
15944.394802272
15943.4935500893
15943.1835570548
15943.4492454665
15942.9970738109
15945.1254506135
15944.3205911358
15942.9970737796
15944.7557623556
15943.1749952776
15942.9970738122
15943.3457117721
15943.4351813018
15943.7750400339
15943.6339624403
15944.3794557878
15943.0891278519
15943.0881702089
15944.4558220949
15944.2138767045
15943.9666044726
15942.9970738182
15943.1357247546
15944.3061450077
15944.2439297864
15942.9970738204
15943.5410941
15944.8863688141
15945.1864000351
15944.3384837316
15943.1214288677
15943.4526329354
15942.9970738173
15943.9898882066
15942.9970738222
15944.0890256978
15944.1650759345
15943.3300226352
15943.1937758279
15942.9970738185
15944.1049416838
15943.7231760127
15944.6536460988
15943.4603543645
15942.9970738138
15943.378669977
15944.4480160606
15943.1458553599
15944.1407014237
15943.8375036405
15943.0446059059
15943.3725611226
15943.1181269444
15944.4970085091
15943.3136650277
15944.291709142
15944.5057440253
15943.2132256437
15943.8813552614
15944.6409169526
15943.4319752766
15943.2214773711
15944.5400326824
15942.9970738135
15944.8200216497
15943.580829617
15944.3800894706
15943.3697651137
15943.1786314202
15942.8003818479
15943.4131560328
15944.246933688
15942.9970738169
15944.6106279931
15943.8343830228
15943.2621270035
15943.4446493372
15944.4334792569
15943.2395770518
15943.9552631677
15944.3331305609
15943.3883899226
15944.2109579774
15942.9970738162
15944.2704522664
15944.4613839884
15942.9970738148
15943.4959077494
15944.2870193942
15943.4886248575
15942.9970738037
15943.6716348014
15943.2750745654
15943.2695732325
15943.5754537455
15943.4677250658
15944.2580239832
15944.2797207273
15944.3982311275
15944.3319431516
15944.6439370216
15943.524371139
15944.5312652432
15944.151243304
15944.1945788506
15942.9970738192
15942.9970738175
15944.602844159
15943.5528199221
15944.2442265145
15944.2133129629
15944.3384627387
15944.4086423808
15943.4005154129
15944.3546050152
15943.4368419214
15944.6363499242
15942.9970738175
15944.8298606844
15943.2875938978
15943.5549416487
15944.1204724904
15943.2421240133
15943.4550412015
15942.9970738144
15945.1756497482
15942.9970738172
15943.2195846776
15943.4632982454
15942.9970738123
15942.9970738204
15944.2382404041
15943.5191362955
15943.3051917594
15944.9382967016
15943.3851369655
15943.5935810115
15944.2518204831
15943.5531695549
15944.3546081051
15944.3844763108
15942.9970738131
15942.9970738173
15945.1004549646
15943.3293894194
15942.9970738166
15944.895212864
15943.25894367
15942.9970738162
15943.3556674175
15943.9026852918
15943.3741267087
15944.4330095361
15944.7020506522
15943.5504311009
15944.4840185232
15944.8362711014
15944.5655364017
15943.368977867
15943.549306507
15943.4310749965
15944.7632608764
15943.4075283006
15944.7060825898
15944.4559198617
15943.4931439984
15944.2990050337
15943.298413272
15943.4094540911
15943.4406383336
15944.0904326019
15944.1341915985
15944.4900846143
15944.2767997638
15944.1586522333
15944.1255807974
15944.4063480632
15942.9970738155
15942.9970738149
15944.4360673617
15944.0655613659
15942.9970738197
15943.2820954879
15944.4550229394
15943.3041306745
15942.9970738145
15944.6217698425
15943.2631696684
15943.2660530168
15942.9970738148
15944.3344275854
15944.2746681171
15943.4680133862
15943.3705396529
15943.4720959706
15943.2376282444
15943.7168948186
15944.8367272735
15942.9970738138
15944.569347856
15944.1730896319
15943.3495866272
15943.5975058261
15944.0445277489
15942.9970738124
15943.5082240463
15944.6318540608
15943.4361718782
15942.9970738214
15944.5437988674
15943.3894024988
15943.1669019528
15943.5134610359
15943.3461227127
15943.321194797
15942.9970738124
15943.3966804433
15943.4225415593
15944.1269924285
15943.4968841824
15944.4495701991
15942.9970738188
15942.9970738164
15943.2581435629
15944.5637861729
15943.6220323154
15944.4617173458
15943.4499962407
15944.9504307065
15943.3407426329
15944.5041874261
15943.4711836679
15943.3057757927
15944.1503897174
15943.3695047403
15943.3202135022
15944.327972669
15943.4365548222
15942.9970738199
15944.5613653103
15943.2708037456
15943.5116036823
15944.2771653725
15942.9970738157
15944.8029785283
15942.9970738148
15942.9970738294
15943.3893302304
15942.9970738097
15943.5480509335
15943.2768149803
15944.8079260876
15943.4875973812
15942.9970738175
15942.9970738202
15943.3621447047
15944.4313022275
15944.5084256105
15944.684898347
15943.6004235784
15942.9970738098
15943.3537503573
15943.4277635592
15944.383011777
15944.1358370982
15943.3295393187
15944.2639603214
15944.2864872304
15942.9970738171
15943.3261228365
15944.3622576189
15943.361006483
15943.3988467114
15943.4168032911
15944.2463799918
15943.9751341109
15944.4702095041
15944.9201355122
15942.9970738186
15943.4352296353
15944.5723131582
15944.6344930446
15944.3951235686
15944.6859937413
15942.9970738102
15943.2772921394
15942.9970738201
15942.9970738114
15944.703431907
15944.2729405452
15943.3027617173
15943.2601059887
15942.9970738166
15943.3450872778
15944.6685477324
15944.2293728461
15943.2178780452
15943.668193626
15944.7404951617
15942.9970738113
15944.8566416126
15943.5240288676
15942.9970738203
15943.4157160995
15942.9970738479
15944.5687818834
15943.4482189728
15944.6275863364
15942.9970738156
15943.3842717217
15944.9302361759
15943.2820419954
15944.2233483378
15944.8428459332
15943.3110682804
15944.0985925646
15944.3799639981
15944.5959780655
15943.3875864683
15944.273330699
15944.7310753124
15942.99707381
15942.9970738185
15943.3082136159
15944.8449551062
15942.9970738138
15944.4571350317
15942.9970738184
15944.3647867486
15943.5498718932
15944.2244426496
15943.3226178436
15944.5295517489
15944.2161708174
15944.0897788369
15944.240203953
15944.426086277
15942.9970738169
15943.995496447
15943.5472931289
15942.9970738168
15944.596500124
15942.9970738523
15943.2998803128
15944.1782243137
15944.3617483619
15944.3574481039
15944.3297006579
15944.3524879017
15944.5296603417
15942.997073711
15944.5449959387
15942.9970738124
15944.431069211
15943.3839388891
15944.1677876224
15943.3245990956
15944.5720480605
15944.178554402
15944.912443748
15943.4753860466
15943.4173675375
15943.4346345609
15943.4304384569
15945.1803632899
15942.9970737366
15942.9970738107
15943.4055996966
15943.1922236996
15944.5141395811
15942.9970738177
15943.3804218822
15943.3578880708
15942.9970738198
15943.4666647058
15943.5244968792
15943.5134249818
15942.9970738198
15943.5434686309
15942.9970738188
15943.4558040614
15943.7127045152
15944.4429573706
15943.3565766548
15943.3576905015
15944.1502851615
15944.6833309964
15942.9970738088
15943.6281838346
15943.5139415584
15942.997073821
15944.6542551965
15943.6371064183
15943.4930598939
15944.2590445672
15943.969939358
15944.5580515416
15944.2731575843
15943.3033430496
15944.1373846793
15943.3486408049
15943.4577927388
15943.5527683505
15943.6467844923
15943.4558331827
15944.7005401517
15943.2787348926
15942.9970738159
15943.3117991441
15944.1485795949
15943.6385596917
15943.438584239
15943.3661388376
15943.4686271529
15944.4379699225
15943.2220981572
15943.3653456047
15944.3100781903
15943.4495658291
15943.2452838402
15944.4019065649
15942.9970738169
15943.2820793636
15944.3862112246
15944.4896840891
15943.3372585714
15943.2708166737
15942.9970738135
15944.6388599119
15943.2321655544
15943.554134208
15944.6456884595
15944.641585218
15944.3036707612
15942.9970738131
15943.3075125958
15944.2371704793
15944.2960838359
15942.9970738198
15944.4133798708
15944.241283266
15943.4408487819
15944.2009559771
15943.3607902973
15943.3322558426
15943.3705190129
15943.3454744473
15944.268864258
15943.3043830669
15942.9970738217
15944.499595329
15944.484617435
15944.6408059275
15942.9970738155
15944.8451079234
15943.4477474219
15942.9970738232
15944.3602212773
15942.9970738176
15943.7515596439
15942.9970738739
15942.9970738142
15943.4453612144
15942.9970738129
15942.9970738085
15944.1689853944
15944.7520346269
15943.5053340797
15945.026315164
15942.9970738157
15943.1905613078
15944.6704700052
15943.4228672864
15943.3213987773
15942.9970738181
15945.0371980683
15943.3556708707
15944.4157661327
15942.9970738165
15943.3787902498
15943.3411041373
15944.6776613391
15942.9970738489
15943.8631078325
15944.3685389679
15943.4867772843
15943.5980223245
15944.358319131
15942.9970738422
15943.4250519774
15942.9970738164
15942.9970738157
15943.3586175488
15944.6531007012
15943.3797498088
15942.9970737806
15943.6190010751
15944.6367489531
15943.5575488767
15943.5170505356
15944.3200090576
15944.4195548427
15943.6821199481
15944.4767074596
15943.989043869
15944.4947168275
15944.6074150641
15943.3778561873
15943.3358216789
15944.6255748404
15942.9970738195
15943.2329397186
15942.9970738185
15944.050423607
15943.2613950146
15943.4816640396
15943.6020679956
15944.9872365249
15943.5235255882
15943.3039945414
15944.0603118424
15944.7077337878
15942.9970738105
15942.9970738102
15942.9970738185
15943.4900730477
15943.2368422598
15944.3715577281
15943.4580114575
15942.997073813
15943.3541531708
15944.443426988
15944.4030148311
15943.4024518668
15944.6026500268
15944.8674504777
15943.3072918112
15944.8395362883
15942.9970738164
15943.5637079205
15944.5407286428
15944.482717535
15943.2245623848
15942.9970738146
15943.2443440615
15944.2641987563
15944.4727476014
15942.9970738188
15944.287154286
15943.4206369375
15943.3914811852
15943.5283180701
15944.2600000855
15945.1329019887
15942.9970738144
15942.9970738128
15943.2906766523
15943.3327284904
15943.9539332437
15944.1489160973
15944.2876278651
15943.9863313941
15944.3282439785
15943.1640721295
15943.4696573344
15942.9970739102
15944.6158257884
15944.479078306
15943.4594043554
15942.9970738166
15943.3667922481
15943.3696634695
15944.1637666341
15942.9970738167
15944.9880189623
15943.4925413367
15943.31726138
15944.3928564174
15943.4087770106
15944.955335175
15943.276033869
15942.9970738171
15943.2509489009
15944.3681335549
15942.997073815
15942.9970738173
15942.9970738156
15944.5934956063
15943.3719228195
15944.0476686675
15944.6314503966
15943.4502063323
15943.2220085517
15943.5419079496
15943.4552848209
15942.9970738133
15944.6133589927
15944.6923162145
15943.2805907152
15944.7069342486
15943.4175335314
15943.4405169722
15943.2352189066
15944.5684615542
15944.4568829625
15943.4635438734
15943.1298221812
15944.5796406528
15942.9970738187
15944.4043419834
15944.6605253693
15942.9970738104
15944.2095790771
15943.3276106598
15944.41646848
15943.9555662165
15944.5311076449
15943.187124109
15944.7308255613
15942.9970738208
15944.2102280516
15944.2705829676
15943.3722894448
15942.9970738069
15944.286421368
15944.4534471049
15943.408440037
15944.2301380999
15943.2907813746
15944.2689533705
15942.9970738185
15944.715837572
15943.3028773747
15943.2708609384
15944.6775073562
15944.4174613176
15942.9970738195
15944.350482178
15944.3312386473
15943.3410123905
15944.3043061364
15942.9970738117
15944.2619788881
15944.4287769212
15943.5503469533
15943.3423411828
15942.9970738141
15943.2906031191
15942.9970738141
15945.0395781015
15942.9970738184
15944.5018519991
15943.4533670935
15943.5819361118
15943.3097949405
15943.404742445
15943.2413792926
15942.9970738112
15943.2915258851
15942.9970738182
15944.4491848301
15943.4501042561
15942.9970738153
15943.4448571712
15943.3205903512
15944.2552021245
15944.4822213296
15944.8241041097
15943.4688117786
15942.9970738177
15943.6064311078
15945.1241973956
15942.9970738173
15943.3147666641
15943.6865416504
15942.9970738223
15943.6446529916
15942.997073814
15943.3590878593
15944.4628066558
15944.6209979336
15943.33524738
15942.9970738659
15942.9970738173
15942.9970738131
15943.2683384335
15943.4193241467
15944.6075396676
15943.4571802163
15944.4190079386
15942.9970738115
15943.5028793347
15944.282924464
15943.3882590333
15944.2987658076
15943.3993341338
15942.9970738172
15944.2776762143
15942.9970738104
15944.8986326931
15943.5550628081
15944.1982505295
15942.99707382
15943.4379123304
15944.2112555221
15942.9970738228
15942.9970738202
15944.5522801752
15944.5827405129
15943.4110775654
15943.3497249569
15943.4500434719
15944.5171973686
15943.6161895493
15943.3963157703
15943.4316315303
15943.9747302968
15944.3902849732
15943.4796157625
15943.4268095077
15944.2289481807
15944.7180481968
15943.3512296778
15943.3255078044
15944.5676704787
15943.7189900706
15943.4604683556
15944.8354313598
15943.3923110711
15942.9970738147
15942.9970738181
15943.5723246674
15943.3506342167
15942.9970737893
15942.9970738178
15944.7409011452
15944.6296127616
15944.4685870589
15942.9970738168
15943.424967773
15943.4719249466
15944.4096619855
15944.6258960362
15944.4453143733
15944.0840197482
15942.9970737966
15944.329158107
15944.4441669702
15944.1016556996
15942.9970740945
15944.6952618105
15944.7826658329
15943.2968048356
15944.5367369091
15942.9970738132
15943.2997493711
15943.5425239445
15943.7228089856
15945.0604144103
15943.3349745418
15942.9970738179
15942.9970738171
15944.3958255094
15944.0574926887
15943.3218569741
15943.2672380324
15943.1492484294
15942.9970738131
15943.6281590645
15943.4252851499
15944.1892958039
15943.4912417664
15942.9970738134
15944.570022575
15944.5711304497
15943.2522087317
15943.9998423329
15942.9970738125
15943.2998848303
15942.9970738164
15943.2483241586
15943.3514331493
15943.3776289864
15943.4907562386
15943.3160140063
15944.1531318216
15942.9970738194
15943.5933254512
15942.9970738178
15943.4820029706
15944.4911553663
15943.2415244091
15944.4758544246
15942.9970738108
15944.4855314941
15942.9970737919
15944.2721246587
15942.997073814
15944.8195906439
15944.4098885142
15943.2143101586
15944.6212496227
15942.9970738165
15943.3839555933
15942.9970736008
15943.6992486956
15943.3790620217
15944.3813020864
15943.3031729796
15942.997073817
15944.5116652383
15944.6286320314
15942.9970738136
15943.3430256786
15944.7588445317
15944.7179826646
15943.3102547824
15944.4540153781
15944.3128826503
15943.4437086651
15944.6811876646
15944.1131925817
15943.4491488939
15944.6004576255
15942.9970738146
15944.2295345513
15944.5308517735
15944.6425279103
15942.997073818
15944.25156468
15943.4747657985
15944.2637115621
15943.4629875598
15944.0255578881
15943.1683676619
15943.5670214769
15942.9970738157
15942.9970738175
15944.1116496953
15942.997073811
15944.3482621311
15944.6077374801
15942.9970738557
15943.360421685
15944.4428756971
15942.9970738036
15943.5828683192
15943.4102502442
15945.0935013284
15944.6740733795
15943.3388651399
15944.5049539714
15944.5162941455
15942.9970738187
15942.997073814
15942.9970738112
15943.415859981
15943.3621283812
15943.3449527418
15944.1081436177
15944.5149700118
15944.691011035
15943.5010605937
15943.2064533498
15944.5580273996
15943.6339562833
15942.9970738156
15943.4122412358
15943.4130229958
15944.5078625643
15943.4506376582
15943.3034593048
15943.316978123
15944.3320225074
15943.418681902
15943.2294847358
15944.0022996063
15944.8747012572
15943.3978106816
15943.2968515367
15944.921250668
15942.9970738158
15943.3978310523
15944.7827240978
15943.439617433
15943.3950540141
15942.9970738169
15944.0752390432
15944.2083579133
15942.9970738203
15943.2786527945
15942.997073821
15943.4942126822
15944.5371256046
15943.6031158378
15944.5077615746
15943.240942971
15944.8968988147
15942.997073814
15944.5356960873
15944.328339726
15944.1499444751
15942.9970738132
15944.2159770644
15944.4433945367
15943.2628203246
15943.2367449103
15942.9970738162
15944.5203701342
15944.3817585285
15943.4894876472
15943.2892198859
15943.3652291259
15944.3918335809
15942.997073816
15943.324579546
15944.7681420756
15944.9177012873
15944.0174835738
15942.99707382
15942.9970738154
15944.3499585012
15944.6594779945
15944.3999647318
15944.7061335464
15942.9970738171
15942.9970738178
15944.3260197584
15943.4362300796
15942.9970738184
15943.4261439402
15942.9970738197
15944.7154745731
15942.9970738199
15942.9970738174
15944.4303365785
15944.5972004682
15942.9970738165
15944.557305154
15943.3301318704
15944.1589358163
15944.5582674054
15942.9970738125
15942.9970738151
15943.4279413026
15943.7396535771
15944.470062789
15943.2763480022
15942.9970738156
15944.611905876
15942.9970738613
15944.6663705819
15943.2755753398
15943.5488252898
15943.387095843
15942.9970738872
15942.9970738187
15944.4337431598
15944.2877658358
15945.1369838519
15943.8127219107
15943.6463636744
15944.2710355838
15942.9970738115
15943.4263411315
15942.9970738148
15943.3555531745
15944.3079944031
15942.9970738949
15944.2826142663
15943.676129302
15943.2285950592
15943.3543453256
15943.418434167
15944.4723778789
15943.5578354201
15944.5400540733
15944.3533411621
15943.3257595709
15943.1734249775
15944.2698391452
15942.9970738137
15943.9714500668
15943.1364178699
15943.4500877308
15944.1684364568
15943.3210502316
15943.0644660782
15944.212510156
15944.6183267451
15943.3120610501
15943.4580219587
15944.7171096107
15942.9970738203
15943.4538781061
15944.7271882597
15943.267340916
15944.148979207
15942.9970738163
15944.824925114
15943.13772555
15943.996358963
15944.3769131319
15943.4771198743
15943.4870442065
15943.3284764464
15945.2332705838
15943.273674986
15944.8253756408
15942.9970738126
15943.3568624462
15944.7639563319
15943.5426292876
15942.997073821
15943.1700722254
15944.6061954738
15944.297778672
15944.6671885942
15943.7189183355
15943.10262245
15942.9970738206
15943.366582491
15943.580659417
15943.5556579714
15944.4833143701
15942.9970738076
15942.997073814
15942.997073819
15943.3275439104
15943.3941641046
15942.9970738117
15942.9970738196
15944.6411904653
15943.3646420534
15943.4724769964
15943.4843687367
15942.997073816
15943.7984736393
15944.5991593561
15944.3146929803
15944.5519760666
15942.9970738148
15943.6374482324
15943.8022695949
15943.4297111052
15944.4320954421
15943.3089226673
15944.5219466495
15942.997073816
15942.997073815
15943.1698254987
15942.9970738207
15945.3050628541
15944.902160682
15943.3609423477
15944.3994924015
15942.9970738211
15944.3013495101
15943.402500291
15943.552001138
15943.4226145046
15943.3083675063
15943.2356773039
15944.3764999865
15943.6469392172
15943.4939603468
15944.4282557845
15944.4876495459
15942.997073817
15944.6167449788
15942.9970738122
15944.7732076182
15943.0920726889
15942.9970738186
15943.243146139
15944.1662877064
15943.2258857287
15944.7242602396
15944.4868064214
15944.5458737672
15943.1846592374
15943.5079702472
15943.3109218577
15942.9970738118
15943.3674652641
15943.3178147752
15944.5510507046
15942.9970738206
15942.9970738207
15943.4623142019
15943.3051359636
15943.475887136
15943.1380666938
15942.9970738203
15944.6327380853
15944.7268589902
15944.1459435321
15944.3247562075
15943.2797443005
15944.306035023
15943.4997779611
15944.2674042979
15943.2273077219
15944.7360530169
15943.5316512859
15944.5176797664
15943.2689557646
15943.6729683761
15944.3063081243
15942.9970738135
15943.4917112434
15943.3791519027
15943.4551951043
15943.3473447638
15944.7890859587
15944.115786644
15944.3551459757
15942.9970738177
15943.3055366591
15943.230446301
15942.9970738115
15944.5741339239
15944.4392679712
15944.4155349852
15942.9970738087
15943.3980946107
15944.585062458
15942.9970738162
15943.532648428
15944.5325167116
15942.9970738112
15943.3580264485
15944.3812317296
15944.3416138472
15942.9970738111
15943.3320362464
15942.997073818
15942.9970738149
15943.4710688725
15944.1591473883
15944.3515576518
15943.3569612997
15943.4467751027
15944.3103197519
15943.0749009616
15944.3623895391
15943.5545959051
15943.3189268691
15943.041314702
15942.9970738162
15943.8643956745
15944.1259091157
15943.5690095215
15942.9970738166
15942.9970738163
15944.129627135
15944.7576976624
15943.4794966812
15943.5562967812
15944.2715134127
15943.3834429925
15944.4522515979
15944.5447356202
15943.557102763
15943.4947040246
15943.4249595264
15943.2517331268
15942.9970738188
15944.3878759847
15943.2215005821
15944.3409465092
15943.3188577757
15943.2697467171
15944.4716264035
15942.9970738148
15944.3109809869
15942.997073817
15943.1143158327
15942.9970738148
15944.5514321951
15943.5212394153
15942.9970738067
15942.9970737762
15943.7206410414
15943.5545502161
15943.4888213705
15944.4855580946
15944.6433509901
15943.5352346562
15943.3255992834
15944.5127458949
15943.3438723008
15944.4675678125
15943.3968528799
15942.9970738116
15942.9970738184
15942.9970738154
15943.4906198385
15944.4285306381
15944.5544604073
15943.4671540598
15944.1433920786
15944.6006711929
15944.2481915103
15944.7089127954
15942.9970738089
15943.5792861209
15944.5874853466
15944.4388785558
15944.7335919332
15942.9970738209
15942.9970738191
15943.5285495562
15944.5695869916
15942.9970738142
