# type 2 occupying volumes
15976.778618663
15978.2918254434
15976.6034063438
15976.921827213
15977.163494339
15977.4703736102
15978.2918254427
15978.2918254453
15977.4163726059
15978.3258423367
15978.2918254411
15978.2918254224
15978.2918254365
15977.3018733729
15977.1458339559
15976.5168822374
15976.6703958399
15976.7196388547
15977.1288981292
15977.3888402449
15978.5234970416
15978.2918254437
15978.4415339833
15977.5686804183
15978.2918254906
15978.454746924
15977.4813254475
15977.2462777415
15976.456729574
15976.8305172603
15976.52211957
15978.2918254325
15977.4912371034
15977.2037325372
15978.5956999902
15976.7833311043
15978.2918254417
15976.8464247053
15978.2918254329
15977.0546963154
15978.5370446891
15976.9765319412
15976.559078364
15976.5810474443
15976.6596124258
15976.8063445365
15976.8888223256
15976.9763797335
15976.7270696895
15976.2256274675
15977.3086335627
15977.3063156406
15978.2918254452
15978.2918254413
15978.2918253899
15977.1516901512
15977.4755381246
15976.8918619934
15977.3962882452
15977.1936132719
15977.4234365936
15976.9938971164
15977.2784326328
15978.2918254366
15977.3676479721
15978.5516805444
15977.1156076909
15977.3582546741
15977.5714419823
15977.4701041011
15978.2918254341
15977.2386279997
15977.1389532785
15978.3427053882
15976.7755763163
15977.1069229919
15977.2170151726
15977.3794268464
15977.0844929832
15976.6177287921
15978.2918254374
15976.4216150985
15978.2918254451
15976.6062209982
15977.623941386
15978.2918254352
15978.4768766101
15977.6385041928
15977.2070256503
15978.2918254415
15978.291825445
15978.3578155664
15977.2816817282
15978.4526139514
15977.4821088762
15978.2918254415
15976.6198230569
15977.4021344705
15978.6073101888
15978.5773120346
15977.5875021849
15977.4658622071
15977.1999887683
15977.2655261668
15978.2918254389
15978.3586104397
15977.2160893273
15978.3925214358
15977.6255467764
15977.0782001641
15978.5677155675
15976.8020657373
15978.2918254363
15976.8772010327
15978.2918254357
15978.2918254463
15976.7203658761
15977.4789526617
15978.6701343425
15976.9842515765
15978.509876136
15977.3168598091
15977.2718459436
15977.3661607742
15978.2918254362
15978.2918254433
15977.4422727386
15978.4998918343
15976.8124087247
15978.2918254328
15978.29182544
15977.3719700845
15977.1118719053
15976.7850756007
15978.2918254357
15976.6277507447
15977.4057602048
15976.747484051
15977.1637961663
15977.3619138923
15977.168328719
15977.1893690607
15976.7983462398
15976.8911439875
15977.4796674727
15978.5917611029
15978.2918254451
15976.9465598255
15977.2589814938
15978.2918254473
15977.0528786148
15976.899663737
15978.291825434
15978.437602791
15978.6264548935
15977.1262501975
15976.7622920542
15976.7464775152
15977.5099227855
15978.29182557
15977.4378128162
15978.5713797664
15978.2918254468
15977.2152926158
15977.560724769
15977.5445256076
15977.3933188579
15978.3663675414
15977.4598605248
15978.6526596099
15977.3382016917
15977.4797071943
15978.291825432
15976.8275194427
15977.2685705994
15977.5242870387
15977.1022349182
15978.6748832555
15978.5339400557
15978.6037233297
15978.5783531804
15977.1947835624
15977.5857571369
15977.2548169837
15977.3844168304
15978.2918254458
15978.6574461529
15977.3929526723
15978.2918254416
15978.5705323172
15977.3982919448
15978.2918254358
15978.6355280776
15977.2530491769
15977.2791311376
15977.3580420078
15976.9190440182
15978.291825438
15976.6939598702
15976.9109846254
15978.2918252015
15977.0409770045
15978.2918254471
15976.9176394803
15978.6079801395
15977.0859416803
15978.740290764
15977.3488736482
15978.5494947361
15977.5311754837
15976.7420031398
15976.9956994604
15978.2918254456
15978.2918254445
15978.560278316
15977.4914585253
15977.3834356491
15978.2918254359
15976.3565922471
15978.2918254424
15978.2918243586
15977.0892865719
15977.0713367464
15978.2918254413
15978.2918254601
15976.8864750608
15977.4692195657
15978.2918254377
15976.9192479058
15976.7012229349
15977.4774006342
15978.2918254421
15977.0402534765
15977.1507052242
15978.2918255289
15976.9018106233
15978.702135764
15978.5863054237
15977.4776011884
15977.1823671477
15977.544851549
15978.5152527401
15977.3800962824
15978.4581343494
15978.2918255799
15978.2918254466
15976.807036638
15977.2017182328
15976.6756661951
15976.6098375291
15976.8120950204
15976.2196896764
15978.6220192285
15978.5095074136
15977.4555672977
15978.5352243117
15977.4169996959
15976.6702064095
15978.6596081561
15978.4045952374
15976.8881695419
15977.1740322691
15976.9260221055
15977.2536108634
15976.6784720926
15976.9907117285
15977.5501591618
15977.0339170825
15976.8518980894
15976.8740156704
15978.2672064284
15977.3942112427
15978.4321044169
15977.0503337606
15978.2918255076
15976.855447307
15976.8511435735
15978.2918254362
15975.7791776864
15976.6663384288
15978.2918254456
15976.7812073065
15977.2119104541
15977.3634036487
15978.2918254443
15976.7693556638
15978.2918253964
15976.6487589218
15977.0764125427
15976.5853758136
15978.2918255491
15978.560154276
15976.8801760825
15978.2918253548
15978.2918254457
15978.2918254442
15977.0062530148
15978.291825443
15976.821606047
15976.974678696
15976.3931580046
15977.3433899655
15977.2299326898
15976.7715517054
15976.9300250546
15977.2503497919
15976.8039089695
15976.7824379492
15978.5136427067
15978.5246366025
15976.921695359
15976.9457337432
15978.4399744352
15978.4624248373
15978.2918254333
15977.5105108152
15976.9832273428
15976.8173485076
15978.2918254265
15977.5267836766
15978.2918254399
15976.3695629286
15977.3364111153
15978.2918254325
15976.8895845723
15977.1845812038
15978.2918254415
15977.3482079936
15978.2918254371
15977.2870552595
15976.8357320288
15976.6389859497
15976.9057589545
15977.1787228113
15977.3614734527
15978.2918254419
15978.2918254425
15977.2361613978
15977.417199327
15978.2918253904
15978.2918254474
15977.1899918201
15976.9859486596
15976.9127860586
15976.491654128
15978.4887429537
15977.2829125184
15977.5419349404
15977.4369817175
15978.5718667261
15977.0052955582
15977.1350901675
15978.2918254305
15978.2918254467
15977.3733716103
15977.5201284751
15978.2918252576
15978.5886658102
15977.5390232853
15977.4616034761
15976.9770815026
15978.5980801642
15976.9291451087
15977.0253085278
15978.576648632
15977.5096875618
15978.577713937
15977.4336668463
15978.5413262216
15978.4123578665
15978.2918254549
15978.2918254401
15977.5565193185
15977.1508718623
15978.5450882771
15977.3006053402
15977.4678611608
15977.2381391015
15976.6640076231
15977.3564720227
15978.6410479391
15976.7586667923
15977.1939654826
15977.1965860289
15978.8386463672
15977.3325713372
15978.2918254417
15978.5370938361
15977.252007826
15977.2830815934
15977.4698651393
15978.4821053578
15978.6096113534
15977.0660348972
15978.2918254373
15978.6379133788
15977.4341134393
15977.5720506214
15977.6689139738
15978.4887098647
15977.466887286
15977.4289228578
15978.2918254466
15978.5370752334
15978.2918254438
15978.291825617
15977.0378475123
15978.2918254413
15977.3299709406
15977.0419119184
15977.5409644924
15978.6022532914
15977.4048014326
15978.4824185401
15977.1846828425
15977.3808751238
15978.6692981689
15977.4210800466
15977.2926773475
15976.7569257187
15976.8689589387
15977.0302146959
15978.4794620979
15977.4132060591
15977.2389573607
15976.9952508227
15977.1908290957
15978.2918254367
15977.1062402838
15976.7771571717
15977.0730740231
15978.2918254396
15976.8335665308
15978.2918254352
15978.5601517687
15976.7826528591
15976.634216105
15976.7961814451
15976.632971495
15977.0477155774
15976.8165463019
15976.4310825943
15976.9019650158
15977.0270922354
15978.2918254397
15976.5552736881
15978.2918254379
15978.2918254421
15977.0607774568
15976.9434026463
15976.8779875979
15976.7399968473
15977.1887005249
15976.9886711264
15976.004631664
15976.9097816417
15977.186801014
15976.4505589619
15977.1643013331
15978.2918254404
15976.8717191445
15976.5480953456
15977.107425187
15978.2918254139
15976.1280152141
15977.2513007991
15978.2918254463
15978.2918254409
15976.4950378922
15977.1912562551
15976.8777751235
15976.6115998489
15977.0037260218
15976.7656066813
15978.2918252514
15976.701535119
15976.6548096229
15977.2343813436
15978.2918254442
15976.6288378898
15976.7708479927
15976.7012174415
15976.6376877946
15978.4306908904
15976.8304979785
15978.2918254356
15977.3467429788
15977.1221332016
15976.7995261345
15976.5077042333
15975.8839540382
15976.4949046391
15976.5103501405
15978.4444264554
15978.2918252964
15976.4887294299
15976.3019414391
15978.5074923915
15978.2918254457
15976.8558117114
15976.7385212596
15977.5540733894
15978.4834775433
15976.7586146564
15978.2918254432
15976.9853600788
15976.7086189281
15976.8831602389
15977.3875917147
15977.2824926036
15976.7933638764
15978.6252072242
15976.6842193665
15976.9069762005
15976.9948945206
15976.4098900015
15977.1120440251
15978.2918254409
15977.1155119434
15978.6723383227
15977.2772497545
15978.5547002665
15977.3746027413
15977.5411004361
15978.8145776563
15977.4861380713
15976.8053407679
15978.2918254377
15978.6052402521
15978.4902538113
15976.6169928519
15976.9317101691
15978.516891331
15977.6568670288
15978.420527294
15977.4923605876
15978.291825402
15977.4600352295
15976.6173758235
15977.5139717924
15977.0613763439
15977.2692574297
15978.2918254453
15978.4941884135
15978.3078221848
15977.1410850605
15976.9690625667
15978.2918254478
15978.2918254436
15978.2918254349
15977.3822595902
15978.505253048
15977.4409316823
15977.4173563818
15977.2222519737
15977.2678003896
15978.5073852789
15977.3258691135
15978.411025789
15978.4181947542
15977.2860859642
15978.2918256562
15978.4554814992
15977.4968775572
15978.291825417
15978.5214203778
15978.6811950136
15977.0422413469
15978.2918254442
15977.3005515141
15977.2367372907
15977.2931989131
15978.571186334
15977.482910131
15978.5468765607
15977.4166971217
15977.3326895051
15978.2918254403
15976.9863571706
15977.4228202712
15977.2543800088
15977.5038683963
15978.7455048233
15978.3771511486
15978.2918254419
15976.8101379095
15978.2918254481
15976.9355032772
15977.3572903473
15977.4313363779
15976.9858462817
15977.6349225319
15977.3984585305
15978.2918254352
15978.2839592112
15978.2918254377
15977.241720522
15978.2918254388
15976.8716873978
15978.2918254467
15976.7717519803
15976.9238252849
15978.2918254138
15978.2918253725
15978.2918254484
15978.2918254485
15977.0177620374
15977.1828833028
15977.1277096372
15977.525724997
15978.6390256733
15977.21163154
15978.2918254933
15976.647087763
15976.9794861848
15977.1709419187
15977.0600306997
15978.2918254477
15976.6742275929
15978.8681272324
15977.3170943189
15978.7587636655
15977.4167720727
15976.8399694582
15978.2918253724
15976.7406039889
15977.184671155
15976.59416117
15976.9083983023
15977.1450470547
15976.6495418456
15976.8051888705
15978.2918254352
15977.2541536742
15976.923176353
15977.1155388432
15978.2918254413
15978.2918254452
15978.2918254429
15978.4416688724
15977.3380244388
15978.291825437
15978.5325611739
15978.52005932
15977.2401427925
15976.6882896582
15976.5421563403
15977.273723936
15976.7338160693
15978.5911762509
15976.7523238118
15976.6003681688
15976.8917762403
15976.988097
15978.2918254483
15978.2918254467
15976.2573066906
15976.7616558846
15978.2918254389
15978.2918255871
15976.8538898359
15977.1023240839
15977.0660474202
15978.2918254429
15978.4962898478
15978.3909245544
15978.6830635399
15978.5014864051
15978.5206968221
15976.9395566652
15977.2957176138
15977.4232728506
15977.1765680796
15978.2918254424
15977.5760240605
15978.5205083142
15978.3022078506
15977.3720248506
15978.3739350948
15978.4809234736
15976.9011044415
15977.3830059716
15977.3509918966
15978.4737883453
15978.2918254399
15977.4406288806
15978.2918254364
15978.4455474726
15977.4384054936
15978.3842378591
15977.3293806372
15978.4259174704
15978.2918254451
15978.3573729531
15978.291825746
15978.2918254421
15978.6667425367
15978.2918255216
15977.2399061007
15976.9776863751
15978.2918256409
15976.8618175506
15977.6234868376
15977.373146247
15978.3393226852
15977.3965588971
15977.4499628205
15978.1633517703
15977.3017549778
15977.3641260116
15978.6422332801
15977.0440234337
15978.6568043383
15977.451603756
15978.2918254317
15977.5808084969
15977.3243612235
15978.2918254427
15977.3715535251
15978.3471606848
15977.2869219944
15978.2918254457
15978.2918254923
15978.2639307515
15977.1975638845
15978.2918254442
15978.2918254417
15977.1854155577
15976.9623628849
15977.2500270949
15977.2052618408
15978.6995265288
15977.4366732092
15977.2386758542
15977.2036868843
15977.4102575585
15978.470169431
15977.4566340089
15976.8031506732
15978.2918254444
15978.2918254435
15978.2918254439
15977.2268922058
15978.6914401687
15978.3498299384
15977.3361498653
15978.2918254372
15977.5272648794
15978.2507880318
15978.4790215008
15978.4555986939
15977.4044040121
15977.4797867253
15978.4075906675
15978.5231735759
15978.5319091784
15978.2918254317
15977.4876726382
15977.3863356842
15978.2639339455
15978.2842663335
15978.45263857
15978.4566041007
15978.4167570434
15978.2918254527
15977.2533739271
15977.4283008967
15977.4833456732
15977.4425667439
15978.2918254467
15978.5110847341
15977.2252427479
15978.2918254731
15977.1256309769
15978.5448059923
15977.4360604246
15978.7049423271
15978.2918255613
15978.3700320523
15978.4788278508
15977.4097788296
15977.2975785663
15977.3054678978
15977.3000826016
15977.3387664075
15978.4464568383
15978.4317082914
15977.0967544189
15977.320918884
15977.1050692958
15978.7971117012
15978.2918254299
15977.4426799824
15977.6321372248
15978.6383550139
15978.5968080246
15977.4154985865
15978.2918255032
15977.1469263851
15977.406160233
15978.456521447
15977.4508680871
15977.4643135263
15978.2918254413
15977.6610858109
15977.4773876557
15978.3837886718
15977.677683354
15978.2918254412
15976.9101409204
15976.7981049599
15978.2918259984
15978.7099514493
15978.4259604098
15977.5634191453
15978.0344511038
15978.5050657588
15977.7114526092
15978.1997979347
15977.3513391255
15978.2918254331
15977.3576428278
15976.9924237319
15978.3406521469
15977.0990069142
15977.3537868595
15977.4409693646
15978.5405789087
15978.227667461
15978.2918254441
15977.5051193723
15977.2949106878
15977.0617009417
15977.5160873098
15977.540639897
15977.718041655
15977.5955217087
15977.1189011811
15977.1172490011
15977.3070851228
15977.3772715995
15978.2918254415
15978.5114625554
15978.4732855105
15977.49424913
15978.5101296407
15977.5872784433
15978.603505111
15977.3806607931
15978.6463249445
15977.5529207243
15978.3696581009
15976.9794250057
15978.2918255417
15978.2918254337
15976.9344277837
15978.2918257902
15978.5044289953
15977.4335636043
15978.489808454
15978.291825435
15977.4340851345
15977.4782956152
15977.5782314247
15978.5100018616
15978.6188130467
15978.2918254807
15977.455933214
15977.4672229415
15978.4863511381
15977.4288025841
15977.4913396185
15978.6451463769
15977.3849034241
15977.3440813065
15978.4890885832
15978.4764102462
15978.356803817
15978.5440487258
15977.5032245161
15978.3960836303
15977.4559140206
15977.4082862626
15978.2918254409
15978.2579212443
15978.2918254416
15977.5782352298
15978.4869351715
15978.2444231656
15977.3909496107
15977.4670083339
15978.3048605691
15978.4607932349
15978.6454820594
15976.7426124855
15977.317352252
15977.4397080003
15978.2918254447
15977.090642993
15977.5515626071
15978.2918254486
15976.9634512395
15977.0747420342
15978.2918256049
15977.4360876037
15977.4560849517
15977.4310543466
15978.4294511197
15978.2918254392
15978.2918254447
15976.9231389946
15977.1253275429
15978.2918255741
15977.0229449875
15976.8083507457
15978.5376659643
15977.3686029984
15978.3892471392
15978.5854005327
15976.8874375112
15978.2918254382
15976.8918346837
15978.2918254362
15976.900906485
15977.3866216522
15977.0135853461
15977.4241774892
15978.556866652
15977.276483156
15977.0959775633
15977.2455489895
15978.4760896035
15978.2918254389
15978.2800022067
15977.472776478
15977.4697322381
15978.399360684
15977.4712523172
15978.6390706356
15977.4199449386
15978.5029617509
15977.3645959349
15977.1304649012
15978.2918254264
15978.4299449185
15977.1607204984
15978.291825441
15978.2918254343
15978.42641115
15978.6124425773
15978.2918254323
15977.7347527767
15978.6112432824
15977.6129064782
15977.5887955294
15977.3805931536
15977.449632479
15978.2918254517
15977.3311560263
15977.3137446013
15978.190687192
15977.5894512833
15976.7695754218
15977.2168301903
15978.4474456277
15977.5012880731
15978.2918254375
15977.0712868206
15977.7248670519
15978.5998905606
15977.7765220963
15977.5903107607
15977.5546804654
15978.5825986439
15978.7129882096
15978.2918254426
15977.5293410546
15978.2918254311
15978.5566232004
15977.3204035957
15976.8118800903
15977.2416330648
15978.2918254367
15977.460289728
15978.2918254449
15977.443000493
15978.6811596489
15978.5504417532
15977.8162637541
15977.389300313
15978.2918254439
15977.0539661219
15977.1372511671
15977.4000269653
15978.2918254415
15977.3722059249
15978.5341803046
15977.4333741187
15977.4536105705
15978.2918252503
15977.2759770814
15978.2918254368
15977.4278905136
15978.2918254472
15976.9775922676
15977.1258331429
15977.0495181285
15978.5102927336
15978.2918255814
15978.3616360792
15977.0757627017
15978.4662830704
15977.3641108422
15978.2918254437
15977.3641595678
15978.291825433
15978.3356438168
15977.40648258
15977.3893136379
15978.4317390661
15977.5531775609
15978.2918254439
15976.7858546547
15977.2610303439
15977.1422753702
15977.5465479574
15978.213598922
15977.419596547
15977.277616201
15978.2918254403
15978.2918254422
15978.2918254409
15978.5817182828
15976.823684246
15976.4459431995
15977.2363787099
15976.9347741518
15978.2918254342
15977.2409321861
15977.1226050581
15978.2918258034
15976.8355163628
15976.7675242801
15976.888598749
15976.7329004585
15976.1956032938
15976.9170988589
15976.6231510876
15976.6915614791
15976.5136641574
15978.2918254456
15976.6093250064
15976.5328203565
15978.6769120123
15976.7254270571
15976.9864563071
15976.4644959438
15977.4128120225
15978.2918254473
15977.0916350983
15978.4904349011
15976.74976209
15976.719883048
15977.2635531589
15978.4340660264
15978.5689810754
15977.2832145772
15977.0155108334
15976.2624039495
15977.4234039086
15977.0051102051
15976.8954650549
15976.6923992848
15978.2918254352
15976.3926286357
15977.1769708343
15978.2918254442
15976.9538284785
15977.4297859024
15977.3447720357
15976.7191950709
15976.6905108109
15976.5559895051
15976.7856632912
15978.2918254457
15978.4491791361
15976.8032625013
15978.4579546882
15976.1241825975
15976.8713701101
15977.2653445386
15978.2918254423
15978.291825434
15978.2918254436
15977.3882907991
15978.2918254375
15977.0178311351
15976.5194229331
15976.8799547674
15978.2918254383
15977.0773794078
15976.8430024859
15976.7887561507
15977.1069554357
15976.3503622468
15976.7692542332
15976.820761941
15976.8901400588
15978.2918218852
15978.2918244406
15977.5897403695
15977.1919182757
15978.2918254412
15977.3002503373
15977.4306429888
15978.2918256216
15977.3729794892
15976.8919174033
15977.4369182461
15978.2918254428
15976.7737766133
15978.6550911423
15977.3203821424
15977.0280106041
15976.9532239024
15977.2395028318
15977.3910078427
15978.5877680992
15977.497850575
15978.2918254187
15977.309656574
15978.4481049726
15977.2070738769
15978.2918254477
15978.2918254892
15978.2918254534
15976.8570772706
15976.5842068414
15978.2918254419
15978.2918254538
15978.2918254341
15978.2918254447
15978.4906048514
15977.2259949369
15977.544882243
15978.3440963002
15977.128872248
15978.4439727023
15977.0739353433
15976.9333535578
15978.2918254387
15977.0218432794
15978.5738098304
15976.4168566798
15977.5675319586
15977.1846554803
15978.5211506566
15977.2031221994
15978.2918254327
15978.2918254437
15978.4887826686
15978.5323683916
15978.2918254378
15976.775128861
15978.291825446
15977.2957983432
15977.5910527226
15977.3607544707
15977.51420202
15976.9293714302
15977.6047211244
15977.7128215325
15977.2118181052
15976.7558474011
15977.0793483844
15976.7539357893
15977.6427719417
15978.3820746895
15978.2918254426
15978.509120058
15977.0605627774
15978.2918254438
15977.4302281494
15976.6336360827
15978.4861181398
15977.451322284
15978.2918254396
15978.5449366635
15976.7572763297
15978.2918254373
15977.3982478188
15977.3278758714
15977.5336286008
15976.7044235764
15978.291825448
15978.2918254363
15977.3183534218
15976.7503636827
15978.4410029421
15978.4245251895
15977.5591275263
15977.2236032639
15976.849955764
15978.2918254455
15976.5615844357
15976.7794550386
15977.3790992957
15977.0560425011
15978.2918254426
15976.530819698
15977.4707397931
15977.2935636176
15978.2918254419
15976.7989251579
15978.4016295396
15978.2918254662
15977.1883296059
15978.2918254336
15976.5146972635
15976.3963955035
15976.1842782508
15976.8550227268
15976.6727157745
15978.2918254382
15978.4489864481
15977.3153896276
15977.128063123
15977.1054594988
15976.8148671034
15976.5881839918
15977.0987290083
15976.7637050884
15977.4261193361
15978.2918252496
15978.2918254436
15978.4341583205
15977.1287950347
15977.2359878166
15978.2918254389
15976.9120104102
15978.2918254385
15977.4198974445
15978.2918254969
15978.5327797757
15976.9803795697
15976.8195556745
15977.2137326474
15977.138888789
15978.9005883693
15977.0537386751
15976.9532792891
15976.7262970707
15978.5876901044
15977.4388966663
15978.8149188445
15978.4864610434
15978.2918254392
15977.406941252
15978.584442021
15978.6199344666
15977.1126612104
15978.5547243117
15977.3167315405
15978.2918254515
15978.2918254483
15977.3457585752
15977.31662278
15977.2418958327
15976.8494061609
15978.2918255558
15977.4703151226
15977.1525929389
15978.4745052211
15977.468582228
15977.4497762968
15976.8798310008
15977.1782595295
15977.4124106587
15978.5635645117
15976.869277327
15978.2918254464
15977.4150073826
15978.5906453792
15977.4021186839
15978.4354146493
15978.3560943613
15977.7279550141
15977.5287800237
15976.6313152184
15977.4230478276
15978.4712541546
15977.027651606
15977.4048499301
15978.2918254365
15977.5823272465
15977.4827626835
15977.1384449737
15978.5899363478
15977.4480253695
15977.2408696008
15978.2918254319
15977.0041329859
15976.9241938659
15978.3427367551
15978.2918254399
15978.4502579286
15978.2918254347
15976.9187031942
15977.3859387076
15977.4048192735
15977.5004970316
15978.4566636575
15978.2918254343
15977.2153095252
15976.8916616952
15977.4624556639
15977.5167822847
15977.3083057718
15977.5449975289
15977.391119202
15977.5684008939
15978.6679934159
15977.3003828646
15978.4002115762
15978.2918254344
15978.4391019006
15978.2918253963
15978.2918254432
15978.2918254354
15977.2727166508
15978.2918254421
15977.3188630892
15978.4752438402
15978.3891736367
15977.2924292674
15978.5522061001
15977.5040634636
15978.4793963892
15978.2918253848
15978.2805437481
15977.3615760775
15978.2918257288
15977.3530284684
15977.4027561589
15977.0032839264
15978.5589180439
15978.527226749
15978.38167258
15977.3390873964
15978.4054924328
15977.4792285601
15976.7313823488
15977.358184528
15976.7791032719
15978.3715585132
15977.2353078287
15977.2142938674
15978.2918245057
15977.6236236951
15976.9857936916
15978.5251577986
15977.2957291794
15978.2918254425
15978.2918254449
15978.6393804282
15978.4479730665
15977.3294815829
15977.1564053071
15978.2918254442
15977.3063781475
15978.2918254418
15977.2475592675
