# type 4 occupying volumes
15956.9885965948
15957.4850643944
15956.9209359205
15956.7771443328
15958.3139673431
15957.3052002611
15957.485064382
15958.4624393783
15958.3171505198
15957.4850643856
15958.1555275585
15958.3734236408
15957.4850643908
15957.5182418276
15957.2790931779
15958.6766103233
15958.4515502846
15958.3787904605
15958.2496545843
15957.2035974039
15958.570398052
15957.250225372
15958.4068345847
15957.485064381
15958.3771041611
15957.4850646244
15958.583041769
15958.5362513622
15957.0510872004
15957.5047091878
15956.8424196804
15958.5621591515
15958.6448239544
15957.485064385
15958.4678433342
15957.1613261804
15958.5743433399
15957.4850643855
15957.2135844336
15957.4970842624
15957.4850643834
15958.2974036967
15957.4552293272
15957.0688138561
15959.0402595097
15957.3979427011
15958.7489005324
15958.3828652536
15957.2612385381
15957.4030897864
15958.4314329389
15957.4850643839
15958.3285725244
15956.9750021158
15958.4176671124
15957.5217459439
15958.4205700338
15957.2880776036
15957.3674892616
15958.464165663
15957.4032225074
15958.4443864088
15957.2335538574
15958.7296319687
15958.4254001458
15957.5241127003
15958.4316646004
15957.3591126478
15958.1502163164
15957.4850643917
15957.485064388
15956.8830654966
15957.3185985888
15958.4091408737
15956.8111559414
15956.7767559539
15956.9780479631
15957.2045663812
15957.2116909545
15957.0150902275
15958.4435734591
15958.3324347367
15957.3714921991
15956.7714338046
15958.5312695165
15957.13023558
15957.4850643903
15957.4850643885
15958.5478273221
15957.4850643877
15958.4590245026
15958.8025670279
15957.077058936
15958.8217361187
15957.0589140708
15957.0002952043
15957.5619650517
15957.4850643857
15958.5711613466
15956.8867790181
15957.5567735011
15957.4850643928
15958.4189587547
15958.4794190809
15958.3671770308
15957.1094490942
15957.1907048877
15958.2439238845
15958.4557405447
15958.529925001
15957.4356343215
15958.2218326827
15958.4401922077
15957.4850643841
15958.723465868
15957.4850643834
15958.3061316448
15957.4850643282
15956.8853758671
15956.9814174036
15958.3288825228
15957.3721547334
15957.4850643833
15958.3408033973
15958.585533041
15956.9511462794
15956.8251183942
15957.1591558042
15956.7668732084
15958.2774522775
15956.7837658899
15958.5921238997
15956.9180627836
15956.9197695449
15957.144316147
15958.2633738549
15957.4850643882
15958.4400646436
15957.4850643479
15957.4850643826
15958.0825869964
15957.2783194965
15957.1512523763
15957.2582320354
15958.4096233736
15958.3927488832
15957.1389546762
15958.8202312007
15957.3411504617
15957.1703989267
15958.3718161651
15956.9039163145
15957.1533518077
15958.4660374297
15957.2914456994
15958.7682673672
15957.0951091642
15958.4557639615
15957.485064382
15957.4850643874
15957.4416095061
15957.0940347797
15958.7050536225
15958.4399347758
15956.9318795603
15956.8427790381
15957.0947192286
15956.8802385847
15958.1762665123
15957.6216780483
15957.4850643166
15957.4850643916
15958.5897365405
15957.4850643859
15957.4850643834
15958.4287265653
15958.273994856
15958.2469120274
15957.4793191061
15957.4850643904
15958.3638505381
15957.0803297331
15957.4498138522
15957.4850643786
15958.5447218531
15958.7288890576
15958.4089616589
15957.5752302837
15957.4850643844
15957.2481846469
15957.4850643878
15957.0080418537
15957.4850643874
15958.1561884829
15957.4850643793
15958.4536708542
15957.0592664335
15957.5128370046
15958.8406204811
15958.4080606641
15958.3743316619
15957.068058441
15957.3156208438
15958.6996614191
15957.5464860648
15958.2001822531
15958.433975614
15957.2188847583
15958.5297035476
15957.485064386
15957.4964625106
15957.3335469801
15957.3598654072
15957.0875458577
15958.6478427438
15957.1976159421
15958.479286694
15957.5713679666
15957.18981082
15958.6672736502
15957.4144893301
15957.1913417516
15956.7960634514
15957.2001862637
15957.230772679
15957.4850643839
15957.3380220749
15958.7308591444
15958.5135519098
15957.1238123701
15958.7593086073
15958.6616754929
15956.9222912512
15957.1189747441
15958.3880858864
15957.4850643907
15958.3452758536
15958.696090086
15957.3882772029
15957.0787659755
15957.6056919747
15958.4765006414
15958.3597616361
15957.1960989455
15957.4850643789
15958.6306910488
15957.4850643879
15958.6025112408
15958.4234529258
15957.485064389
15957.4408807645
15957.3610910354
15958.4716229003
15957.4850643885
15958.6054660669
15958.6351192976
15958.5142401914
15958.5452012549
15957.605889924
15958.3895854287
15958.5828615223
15958.5568890386
15957.6435642834
15958.5232162662
15958.43513804
15957.4850643837
15958.3041030125
15958.3103408116
15958.5574609703
15957.4850643859
15956.7829182859
15957.4850643879
15958.5949273118
15957.4743929515
15957.4850643868
15958.6250561579
15958.528226996
15958.5210773595
15958.6851415236
15957.0835878483
15957.4850643923
15957.2055899724
15957.2197475399
15958.4755400504
15957.0053128529
15957.0775909577
15957.2639044921
15956.7906873751
15957.5149458095
15957.3345738355
15957.2791770948
15958.943770918
15957.2713871928
15958.609176878
15958.2297741348
15958.8502282724
15957.2655507151
15956.939094146
15957.0437353421
15958.8555905603
15957.4850643833
15957.4850643862
15957.2639202111
15958.7954166937
15957.1189601046
15956.8785338416
15957.0863349261
15957.4850643903
15958.366584359
15958.7309482384
15957.079214297
15956.9953518827
15958.1506463269
15958.52313061
15958.309238142
15957.4850643861
15957.1282957027
15958.3271097773
15957.3745772986
15957.4850643906
15958.5886313004
15958.4078731722
15957.4850643879
15958.1928533629
15957.2726484869
15958.6698515282
15958.705500561
15958.2851563698
15958.72001322
15958.7147888327
15957.4850643709
15958.3317647189
15958.6145242993
15957.1873964147
15957.4850643795
15957.4167589597
15957.0892925186
15957.1320145955
15957.5464860642
15958.478879036
15957.4850643898
15957.485064388
15957.4850643893
15958.7042074967
15957.1154907985
15957.1250010522
15956.9245443777
15958.1841642873
15958.5774194279
15957.8095217047
15957.1847255141
15958.6562954967
15957.1250652088
15957.1781064209
15958.5387602954
15957.0622913747
15958.6041618715
15958.2983856304
15957.4850643907
15957.2529370778
15958.5782220461
15958.6893728888
15957.1497759108
15957.4948353334
15957.1294674472
15956.9199099956
15957.6570474983
15957.4850643859
15957.2696075773
15957.4850643818
15957.3348322089
15957.0444291411
15957.1733760358
15957.0679015491
15958.4193780683
15958.6960262496
15957.2351282484
15957.249104485
15956.7985620798
15958.4082415142
15957.3840312758
15957.4850643848
15957.5464860593
15957.2144091509
15957.2754537506
15958.9137314712
15958.7079419088
15957.2880729397
15958.1996238943
15957.4850643822
15958.4791816051
15957.485064374
15956.9832471379
15958.6029185856
15957.4825958117
15957.4522887923
15958.5481969555
15957.4850643848
15958.2585590547
15958.4996841481
15957.4642734411
15957.4850643951
15957.4850643894
15958.3856060276
15957.9614911116
15958.357737355
15956.6685974621
15957.4523022109
15957.2911310567
15957.1151199397
15957.1356820351
15957.4850643848
15957.485064386
15958.6900129963
15958.3776531374
15958.3156373078
15957.4850643798
15958.4729552178
15958.4289718242
15957.4850644632
15958.4605542355
15958.2439438665
15957.4543430125
15958.668239966
15958.1720489321
15957.4850643854
15958.3417027544
15958.3886680452
15958.3824158539
15957.2356734386
15957.175620741
15958.6864562753
15957.1669191285
15957.0756038846
15957.4850643889
15958.1987482743
15957.2370962686
15958.6279329257
15957.6456689682
15957.2611795625
15957.1546916611
15956.9046266669
15957.485064391
15958.3407398334
15957.0208807497
15957.485064465
15957.485064387
15957.4850643892
15956.8930517466
15956.7488916035
15957.0326488428
15958.4058876776
15958.4445857833
15957.1932116763
15957.4850643835
15956.9717956763
15957.0238712949
15958.4343263775
15957.4850643924
15956.8298224199
15957.1695387108
15956.9267410971
15957.2784363422
15957.5066724627
15958.3654452837
15958.2870887893
15958.57747874
15957.0755331082
15957.4037143493
15958.4052426475
15956.8218957471
15957.1680499882
15958.4953634985
15956.8753218136
15957.2833125422
15957.4850643873
15956.8821829188
15957.0846443565
15957.006953444
15957.1494866095
15957.3845174745
15958.4016322416
15956.8024683561
15957.7811743436
15957.1181491796
15957.5591856709
15957.4850643851
15957.4850643849
15957.4850643888
15958.3871351061
15958.4821343281
15958.5657485803
15957.0445555315
15958.3910074348
15958.536248262
15957.4850643882
15957.2300901146
15958.3011467929
15958.619057755
15958.7023102559
15958.7065550009
15958.2910196595
15958.2458798687
15958.1291503815
15957.4850643914
15957.4850643825
15957.4850643256
15956.7624741244
15957.0989038113
15958.2767808791
15956.9377959722
15957.026446942
15957.546486062
15957.2837237147
15958.356160412
15956.9453054686
15957.2395031511
15956.9962264929
15957.4850643831
15957.2599436926
15957.4850644014
15956.8463070633
15956.9294776497
15957.4850643836
15957.1144385073
15957.4850643856
15956.8220061289
15956.7307483635
15958.436631693
15957.2444265097
15957.2476792583
15957.1027531384
15957.5461637344
15958.5250326526
15957.265362213
15958.601882786
15956.9672744068
15958.6103662914
15957.1322140097
15958.7575270997
15958.4254353228
15958.4167225606
15958.3511941816
15958.5390365927
15958.3048750593
15958.603869725
15957.7456983707
15958.3471049799
15958.4633329142
15957.1842829448
15957.485064391
15957.1360937825
15957.4850643855
15957.4070834207
15957.485064389
15958.4787085497
15958.5214891163
15958.4264595104
15958.4099913748
15957.4850643853
15957.4850643903
15958.3299192494
15958.6861224997
15956.7342753822
15957.2467360348
15957.0687688683
15958.5530544459
15957.1005771227
15956.944148357
15956.8794757837
15957.2042027665
15957.3350435466
15957.4850642229
15957.3897220519
15957.4850643918
15958.5313512988
15957.4850643812
15957.4373884531
15958.3082210256
15957.4850643824
15958.377804596
15958.3371162043
15957.4850643889
15957.1960978757
15957.4850643978
15957.0433070034
15958.630150703
15958.3729965933
15958.3672530595
15958.2568878491
15958.3106818072
15957.0521489038
15957.4850643885
15958.3210977895
15957.485064385
15957.471371866
15957.446473065
15957.4850643881
15958.4153377672
15958.484670864
15957.485064391
15958.5628861025
15957.4850643879
15957.3608880669
15958.6064479962
15957.1441722125
15957.4850643838
15958.4985361933
15958.5917008519
15958.4966113903
15958.5020665889
15957.4850646724
15957.1422551451
15958.3979733882
15958.282171588
15958.2877466715
15958.5796791428
15957.4442907734
15957.3117190604
15958.2330741329
15958.5029401619
15957.4850642637
15958.6025843748
15957.2777866631
15957.2916784812
15958.6103469296
15957.4850643893
15957.4850643856
15958.3122126967
15957.1662670728
15957.2175975669
15957.1912800255
15957.088543372
15958.6960884099
15958.5068884712
15957.5448451981
15957.4850643939
15957.3132683421
15958.6354774352
15957.3415476254
15957.4850643883
15958.1793489973
15957.1706009924
15957.4850644631
15958.6243962257
15958.3623053048
15957.2807371632
15958.5140533647
15957.2867209454
15958.4946568121
15957.4850643905
15957.4850643865
15956.8543636077
15957.113105344
15958.5701676767
15957.4850643914
15957.4850643849
15957.1491786803
15958.46183467
15957.4850643821
15958.3416380205
15958.4084326498
15958.2245625005
15958.2514862653
15957.4850643897
15957.1292015135
15958.3979395947
15957.4850643868
15957.5592531237
15957.2873150625
15958.2710636288
15957.3240431754
15958.3908165768
15958.4399642513
15957.4850643876
15958.581209177
15958.345795417
15957.7345222161
15958.6505991703
15958.430359899
15957.0044928556
15957.4850643864
15957.2553023807
15957.3063252208
15958.4990308011
15957.4850643837
15958.5564327586
15957.4850643892
15958.2721859984
15958.2510652476
15957.4850643857
15957.4340572114
15958.6330883133
15958.7553369895
15957.0930949046
15957.0662639314
15957.3742005259
15958.2832533182
15958.4249695014
15957.4850643878
15957.2099486128
15957.5005780549
15957.4850643897
15958.6373227843
15957.4850643884
15957.2559114149
15957.3430905867
15957.4850643821
15957.4850643081
15957.4850641314
15958.4696494964
15957.271713361
15957.4850643803
15958.152708008
15957.4850643885
15957.4850643837
15958.4219742312
15958.1651755632
15957.3636063838
15958.2676553116
15957.4850641107
15957.4850643921
15958.3834895334
15958.4819460022
15958.2853575829
15957.4636973898
15958.4138654949
15957.485064392
15958.5213379418
15957.4850643864
15958.4624291744
15958.5521665488
15957.4020191174
15957.4850643838
15958.3618044169
15958.4397218926
15958.367905542
15958.5825262146
15957.4850643839
15958.6647768829
15958.2383878128
15957.2922994646
15957.1637877614
15956.9232717145
15957.1570301954
15958.3681981596
15957.1387163684
15957.2250050927
15957.4850643869
15957.4850643852
15958.222302096
15957.4850643851
15958.6873742795
15958.5158361579
15958.5833574238
15957.6256800995
15958.4196760341
15957.4850643915
15957.4850643915
15957.361697615
15958.639032712
15958.3251318608
15957.4850643908
15957.6605693752
15958.4946281801
15957.2134831427
15958.6509644862
15957.4850643871
15957.2221730466
15958.4340938125
15957.5841124872
15956.8565906195
15958.5798463347
15958.4924430764
15958.4751836964
15958.6410878804
15957.1756176352
15958.2193175092
15958.4781936621
15958.2779443979
15957.7649692228
15958.6233048605
15958.6411288435
15957.4892058793
15958.3062654985
15957.485064404
15958.3697258729
15957.4482709373
15958.5614703681
15957.4810447799
15957.485064389
15957.4850643814
15958.3273473258
15957.4850643931
15958.4597188916
15958.3880901173
15957.4850643824
15958.5061109873
15957.4850643901
15958.1576342834
15958.2803041817
15957.4850643866
15958.365592607
15957.4850643834
15958.6160909819
15957.4850643909
15958.5210250113
15957.3503711485
15958.2841233371
15957.4850643834
15957.4850643953
15957.0865729995
15957.5077401259
15957.4562295313
15958.3957823074
15958.4811898979
15957.4256201714
15958.1565871045
15958.7161605803
15957.002434764
15957.0870249774
15957.6690444484
15957.2279072778
15958.5697459773
15956.6564567164
15957.4850644015
15957.0252215847
15958.7388589081
15958.6444961218
15957.4850643871
15957.4850643936
15957.4850643975
15956.8264669766
15958.5105900434
15958.6753984593
15957.4850643858
15957.3702451607
15958.5433060539
15956.9374816023
15957.6072589885
15956.8205538245
15957.2713065315
15958.4323807132
15958.149201274
15958.4423872202
15957.4850645205
15957.2451593096
15957.101186159
15957.4850643874
15958.1578585774
15957.1711064501
15958.175735281
15957.201266517
15958.1484327716
15958.4068595423
15958.3231141303
15958.3858913164
15958.6558068929
15957.2198317974
15957.4850643847
15957.4850643901
15957.0277042895
15957.1319950891
15957.3669596782
15958.5720929791
15958.5607936491
15957.3275986371
15958.3721383985
15958.3683186637
15957.4850643865
15957.5900047174
15958.7236855679
15957.1099674232
15958.3343100328
15958.7437877278
15957.4850643936
15957.4824924968
15957.0079408096
15957.485064387
15958.5604306397
15958.5514785053
15958.469699958
15957.4850643851
15957.4850643847
15958.4810562653
15957.2680431081
15957.2232491179
15957.2529114817
15958.3441597623
15957.4010555694
15957.4850643828
15957.435288095
15957.4850643854
15956.9429627257
15957.1772967661
15958.6103188217
15958.220104515
15956.8200488749
15958.3778312833
15957.4850643874
15957.4850640281
15957.5464860612
15957.5464860688
15957.4376857173
15958.4736565782
15958.3641582062
15957.2286721976
15958.3352078827
15957.315667221
15958.5562733872
15958.384565154
15958.3979518226
15957.4850643725
15957.7032960738
15957.142454525
15958.4541803849
15958.4558804862
15958.3726427958
15957.0317087442
15957.0236785054
15957.1132025876
15957.4850643859
15958.5410794172
15957.402012647
15956.7552816006
15957.4582218109
15958.5943036095
15957.4850643822
15957.4850643859
15958.5740709249
15958.5219434248
15958.3385248942
15957.485064391
15958.4120703459
15958.623101966
15957.4850644567
15956.9314671618
15957.368546088
15957.1423937469
15956.9229681499
15957.7030866241
15958.6940160541
15957.2993622442
15958.5962357535
15957.4850643904
15958.570804919
15957.4850643807
15958.4352293062
15957.4850643882
15958.6512785358
15956.9739604997
15957.1395541509
15957.0150808705
15957.4850643927
15956.9760230654
15957.4318395045
15958.4851290862
15957.4274238732
15957.3219339016
15958.3975248729
15957.1945812643
15956.9667971342
15958.6882642425
15956.9473353741
15958.3423519278
15957.4432558686
15957.1855757306
15957.485063848
15958.414504997
15957.0468986537
15957.4850643867
15958.5268915155
15958.6896492734
15957.4212993784
15958.3170303317
15957.2987402866
15957.2520133958
15958.4955501569
15957.4850643861
15957.0013758344
15958.2735812066
15957.1769581105
15958.1931807023
15957.4850643862
15958.5152433912
15957.4850643905
15957.4850643895
15957.5598322976
15957.4850644289
15958.5923215978
15958.542695018
15957.4850643871
15957.4850643836
15957.3918303928
15957.3278334791
15958.5149988468
15957.1772777719
15958.2306193044
15957.4850643883
15958.6599861832
15957.4850643827
15958.292405144
15958.3929811658
15957.4850643917
15957.4144493199
15958.4841468069
15958.4891379848
15958.6434493569
15958.6828455305
15958.2838096081
15957.1838745883
15958.4576818184
15956.9512663901
15957.298136989
15957.4850643877
15958.2236018564
15956.9531962121
15958.2800576261
15957.4850643824
15958.3962577418
15957.5140494857
15956.8431426792
15958.6437789575
15957.1456780524
15956.9627297554
15957.485064387
15958.7592363958
15957.4970246135
15957.1522633606
15957.4850643906
15957.4855261036
15957.4850643866
15957.0560698468
15958.5430966662
15958.4511517538
15957.4850643878
15956.6772996547
15958.7711832009
15957.1719936626
15958.3654736049
15958.5448177596
15957.6679028984
15957.4850643876
15956.8188601118
15958.3307084481
15958.3899749266
15956.9917014965
15957.1335817858
15956.7140328713
15956.7173133271
15958.5741707114
15957.4125205464
15958.4463659946
15957.4850645137
15957.0102018971
15957.3958553624
15958.5061785584
15957.4850643817
15957.48506445
15956.614603986
15958.5801083488
15958.3433786456
15956.9845986265
15958.696793435
15957.4043129406
15958.3943970549
15958.4442477458
15958.3113170171
15957.4850643898
15957.4850643871
15957.8075492835
15956.8762158018
15956.9807948782
15958.4917278654
15957.210159186
15958.3826817436
15957.1001913758
15957.3912183912
15957.4850643887
15958.8172716389
15957.2280488261
15956.8583282156
15956.9884656403
15958.3955450797
15957.3090245319
15957.1006531292
15957.1400865321
15956.9555663184
15958.4109541236
15957.3426302675
15956.7904140695
15956.9978302926
15958.3703150574
15957.3401378733
15957.0721129657
15958.4933021496
15957.4850643803
15958.3075621199
15957.5053682449
15957.0257617879
15956.9727239232
15958.4070331803
15958.3717882309
15958.6722395725
15957.151009224
15957.4850643815
15958.6152383456
15957.4850643804
15958.662275114
15958.4573894714
15957.4850643841
15958.6433672502
15957.2770609267
15956.6552837534
15958.3487543322
15958.3311358302
15958.5198094096
15957.0801493317
15956.9468453793
15956.9645174202
15957.1123336581
15958.8328609672
15956.9708583302
15956.7756796989
15958.4995028321
15957.7042190229
15957.2843223633
15957.4850643875
15957.4850643833
15957.4850643866
15958.5109660984
15958.3757121494
15958.345338387
15958.5200628797
15957.6375662789
15957.3624977262
15957.4850643907
15957.0118122726
15957.4850643862
15958.3849093406
15957.4850643905
15957.4850643866
15958.3222173233
15957.4850643879
15957.485064388
15957.4850643863
15958.3277227843
15957.4850643855
15957.3900928382
15958.2382197766
15958.5371843376
15956.9651006779
15958.3971784311
15957.4850643864
15958.4750305547
15957.4850644689
15958.4169269982
15957.8562041428
15958.138759946
15958.6777386717
15957.3725087469
15957.4850643934
15957.1833142393
15957.19843629
15957.2203328091
15958.836110052
15958.387509215
15957.4850643908
15958.3736075956
15958.4831175678
15958.5867596204
15957.4046062821
15958.2439944382
15958.4036897535
15957.5057009959
15957.4850643892
15958.1288247654
15957.4850643906
15958.499755433
15957.4850643823
15957.0328883797
15958.4620097087
15958.448297356
15957.0136902063
15957.4850643882
15957.4850643857
15957.4219146005
15956.9733949579
15957.3051813657
15957.1815997392
15958.6006705206
15957.4850643866
15958.4007462824
15956.5450403045
15958.2886828112
15958.5765027683
15957.4850643879
15958.3609467022
15957.485064384
15958.7944418723
15957.1489646112
15956.6605255149
15957.1035145223
15957.1562558814
15958.455321386
15957.2813007587
15957.0438082313
15958.4099445256
15958.2755105615
15958.7883041998
15956.8209834166
15957.4850643879
15956.8661775569
15956.91673106
15957.4850643897
15958.611550017
15956.726981746
15958.2171431551
15956.9695821676
15957.4742373853
15958.4356805473
15957.2201703722
15958.3562149713
15957.4850643893
15958.4770628424
15957.0359881459
15958.6894534285
15957.1379773317
15958.8478287726
15957.0797505221
15957.5028809477
15957.1051465434
15957.4850643856
15958.130845275
15958.6109542591
15958.2881638514
15958.5704446562
15957.4850643873
15957.4619191128
15956.8594097809
15956.6329244001
15957.4850643923
15957.1781463683
15958.3597099978
15956.9350233182
15957.4850644253
15957.1155433596
15957.2339205792
15956.8761404946
15957.1925784365
15958.5103150718
15956.9841829293
15958.8793738282
15957.9070439284
15958.188633304
15957.19988925
15958.1300408269
15957.4850643831
15958.7256531677
15957.4850643833
15958.4850902041
15957.3953869968
15958.2025299211
15957.200540646
15957.382674581
15958.3699424915
15958.5082533102
15958.3941066072
15957.302920511
15957.5824403604
15956.9292695853
15957.5406577943
15958.4913873642
15956.8784403067
15957.0244843734
15958.4853407054
15957.4850643846
15956.913422231
15958.4441455823
15957.194568378
15958.4847252503
15957.1328822443
15957.1172443152
15956.9704913559
15956.9382462788
15957.485064509
15958.3138393416
15957.151306688
15957.0069002369
15958.8067593976
15958.3949129811
15956.7845189417
15958.4204209109
15957.0233820205
15957.2248490231
15957.5472209713
15958.2990365642
15956.8674299221
15957.4850643882
15957.4850303774
15958.3749374587
15957.4850643441
15958.4981325685
15958.5075350444
15957.485064389
15957.4850643824
15957.4850643887
15957.4850643853
15957.0760866815
15958.6674117762
15958.5078438866
15956.9660497886
15957.4620580336
15957.5754501486
15956.9803027867
15956.8680845625
15958.549669036
15957.3323573993
15958.3586152227
15958.3730362579
15957.4850643894
15957.4850643887
15958.4890211339
15958.6235573958
15957.0189792706
15958.2654950715
15956.7460916912
15958.3738654621
15957.2424094462
15957.5190440507
15958.4862228289
15958.6840106966
15957.6037367975
15957.4850643858
15956.9998573457
15956.8192496452
15958.6575184728
15958.3761517739
15957.178330871
15958.4506884645
15957.4850643854
15957.4850643855
15957.4850643851
15957.1331959676
15957.0703342341
15957.4850643881
15957.3166346706
15957.4850643835
15957.6760052353
15958.2476547515
15957.4850643912
15956.8146088012
15958.6524001142
15957.5379426998
15957.1134029217
15957.734876644
15957.4850643794
15957.0371665391
15957.3528611328
15958.6875756173
15956.9563805713
15958.8248677208
15958.6440785152
15957.3217182799
15958.4393943816
15958.1910192209
15958.4532048058
15957.1470085896
15957.0897273053
15957.4850644137
15958.4371095674
15956.9396444032
