# type 4 occupying volumes
15977.8951857038
15979.2110736737
15977.5971073494
15978.0268687385
15977.9690109103
15978.2918254458
15979.0306904165
15979.0002104529
15978.2918255528
15979.3417234027
15979.0581633473
15979.1693952544
15979.0874082586
15978.2918254397
15978.1778600451
15977.5638545567
15977.7571025211
15977.888878313
15977.9046790941
15978.2918298666
15979.3362903758
15979.3028339282
15979.2304153752
15978.2918254375
15979.3917516212
15979.3874772686
15978.3027547873
15978.3297896305
15977.7194204097
15977.773003897
15977.520380641
15979.3613776738
15978.2918254468
15978.2918254418
15979.4360057073
15977.7403849688
15979.1942870824
15978.0051472361
15979.1727386364
15978.066271938
15979.3412060029
15977.8648812751
15977.6924714402
15977.6964309193
15977.5694993388
15977.838925635
15978.0204377188
15977.861994249
15977.7281709137
15977.4529075556
15978.3013557837
15978.3668122918
15979.2860038318
15979.2434912505
15979.4184738746
15978.0367835541
15978.3330874409
15978.015494758
15978.2918254408
15978.0598720112
15978.4188318356
15977.9657368274
15978.2918254448
15979.1611480967
15978.2666515192
15979.4903448942
15977.8878183579
15978.2918254467
15978.2918254431
15978.291825379
15979.2462717283
15978.0392266632
15977.9587957137
15979.2209178176
15977.7158460305
15977.9676506045
15977.9342621331
15978.2918254334
15978.0586385009
15977.6766595123
15979.1973547
15977.6485584039
15979.1535637259
15977.7121309998
15978.2918253347
15979.3276541988
15979.1907614248
15978.2918254387
15977.8445793146
15979.2039282503
15979.1381715971
15979.21847188
15978.2918254365
15979.3223689659
15978.3718457295
15979.2105322558
15977.6132726129
15978.3574009853
15979.4764750651
15979.5461774973
15978.291825436
15978.2918254401
15977.98616597
15978.291825444
15979.5105725107
15979.2528362437
15978.2918254474
15979.1919126296
15978.4032520526
15978.0326881589
15979.3029953869
15977.8195178771
15979.2048528811
15977.9655082043
15979.4893803781
15979.3792065493
15977.6406104244
15978.2088735657
15979.6670497315
15978.0397459107
15979.3420470065
15978.1926395
15978.29182544
15978.2918273428
15979.1839592668
15979.185021255
15978.3713605711
15979.3380030664
15977.7662989479
15979.1572043618
15979.191848671
15978.2918254238
15978.1230842675
15977.6553108799
15979.0804458124
15977.5693384077
15978.2918254409
15977.7016529079
15978.211226575
15978.2764760852
15978.2430240763
15978.1341889247
15977.76719595
15977.9097776567
15978.3275858511
15979.2634124918
15978.905852062
15977.9182981307
15978.2918254398
15979.3968809922
15978.0208139926
15977.7099347911
15979.161246171
15979.2125978603
15979.7611367079
15978.0984210021
15978.0335924023
15977.7702148022
15978.2918254355
15979.1630485553
15978.2316538971
15979.5145300598
15978.7654259943
15977.9988858657
15978.3067385464
15978.2918254412
15978.2918254423
15979.3149829949
15978.2918254331
15979.2590512214
15978.2918254435
15978.5333180045
15979.2320977962
15977.819122959
15977.99978663
15978.2918254482
15978.1547635987
15979.3790928299
15979.282861724
15979.3370636339
15979.3895040694
15978.1507990039
15978.2918254483
15978.0708427796
15978.2918254906
15979.0609635045
15979.4219974586
15978.2918254352
15978.900467836
15979.4880859691
15978.2918254377
15978.9634281032
15979.4274013238
15978.0475560096
15978.1072253435
15978.2918254476
15977.9656143556
15979.3980260834
15977.8201919297
15977.8166336207
15979.1837499271
15977.9836858416
15979.313430703
15978.0544608011
15979.5271948064
15977.8815037576
15979.4718673717
15978.1462311652
15979.1935835968
15978.2918254511
15977.8562705275
15978.0711112831
15979.2586016326
15979.2178560941
15979.564201128
15978.1863937542
15978.291825449
15979.2347855863
15977.5054727842
15979.2561710169
15979.152442834
15978.1152547801
15978.1732371955
15979.1953106027
15979.2144811458
15977.7762610471
15978.2918254389
15979.1728405554
15977.8560442436
15977.5865332811
15978.2918254466
15979.3637823421
15978.0119984979
15978.1876367557
15979.0463301999
15977.6652659394
15979.2287164446
15979.1866924267
15978.291825436
15978.1038191637
15978.2918254392
15979.5494713541
15978.2918254444
15979.3035554853
15979.1348818855
15979.113470375
15977.7504779958
15978.0791442264
15977.5600143614
15977.5735368751
15977.7536830758
15977.4340685519
15979.5152650492
15979.2312821232
15978.2918254411
15979.4331189687
15978.2918254516
15977.7258588822
15979.4055757711
15979.2035216244
15977.8254910133
15978.2132144726
15977.7544143395
15978.2918254476
15977.6596790172
15977.8549217403
15978.2918254378
15978.1252461059
15977.8557784587
15977.8664712956
15979.379676246
15978.2918254433
15979.4584801369
15977.9732993541
15979.1270902626
15977.786154455
15977.8462580529
15979.2251417287
15977.1842993133
15977.7889410283
15979.1100395172
15977.8521872533
15977.9902087881
15978.2918254417
15979.2246189151
15977.7335292767
15979.2226686973
15977.7157273417
15977.8423347193
15977.6700105563
15979.1878262786
15979.5901064939
15977.7562391033
15979.2115552432
15979.0792618552
15979.1222109665
15978.0162679156
15979.2191771703
15977.8667187264
15977.963398029
15977.6530962768
15978.2918254447
15977.9863478004
15977.748094803
15977.8214704812
15978.2803856958
15977.8935449232
15977.8184482894
15979.2750820244
15979.4450553636
15977.8039279365
15977.9143403035
15979.3681688423
15979.1995479145
15979.1188028019
15978.2918254482
15978.0828348435
15977.92289164
15979.0686372912
15978.2918254483
15979.1536401067
15977.4060599136
15978.2918254345
15979.1287994335
15977.8455862493
15978.1585391366
15979.1815700723
15978.2918254029
15979.1637780093
15978.2918254436
15977.6920861097
15977.7724321674
15977.7637484372
15978.1429318361
15978.3846877366
15979.2798694697
15979.2440347204
15978.2513865302
15978.2918254465
15978.9869332218
15979.3988604487
15978.1333212325
15977.9632640543
15977.8475543628
15977.4461687803
15979.1850992966
15978.2918254462
15978.2918254423
15978.2918254465
15979.3476450882
15978.0066993727
15977.8652939876
15979.1478772367
15979.2138489484
15978.2918254397
15978.378271874
15979.0816336408
15979.4657332149
15978.2918254369
15978.2918254502
15977.7860262933
15979.3740854136
15977.8516576284
15977.9790900178
15979.5336471488
15978.2918254355
15979.3914541688
15978.3375977667
15979.3347033052
15979.1361041625
15979.1393363031
15979.2402615428
15978.275886382
15978.0300296592
15979.4462955337
15978.2918254401
15978.291825439
15978.12138527
15977.7384253109
15978.1821834914
15979.5949251879
15977.7806991922
15978.0506862628
15978.0093108186
15979.6680195482
15978.2918254371
15978.9008711413
15979.4068793593
15978.0834875344
15978.0602588589
15978.1948214845
15979.3415824235
15979.5546515472
15977.8659188496
15979.0901678145
15979.3604063355
15978.2918254454
15978.2918254406
15978.4020671479
15979.3376386403
15978.2918254536
15978.2918254476
15979.233439057
15979.3536216025
15979.0017155723
15979.1449660752
15977.8674989546
15979.1908497243
15978.2918254472
15977.950604553
15978.2918254485
15979.4359793338
15978.291825448
15979.3923393162
15978.0029718841
15978.2918254417
15979.3362885211
15978.2918271337
15978.2918257541
15977.7264341439
15977.8843241583
15977.9548113742
15979.2105474114
15978.2918254307
15977.8802222015
15977.9309150468
15978.0613119269
15979.0977466246
15978.2283678222
15977.8514841041
15978.1201993038
15979.1587067002
15977.8552489646
15979.0804670051
15979.5100649178
15977.838337062
15977.6271781495
15977.8307688065
15977.6947448652
15978.1472976484
15977.5843395028
15977.5537894847
15977.9650836468
15977.8511161571
15979.3411280081
15977.7412900098
15979.2090987434
15979.2185628841
15978.291825441
15978.0006119809
15978.3119396323
15977.6718847372
15978.1406010353
15977.9970042748
15977.0058076026
15978.0684882753
15978.2918254436
15977.5476137501
15978.1589722239
15979.426499881
15977.9483311721
15977.5360354097
15978.0997656616
15979.1277766785
15977.3762581995
15978.2918253936
15979.197866473
15979.2314600355
15977.6264942323
15978.1839956427
15978.0466749731
15977.7698780211
15977.9663713829
15977.4886537197
15979.2105927554
15977.855112271
15977.7952750233
15978.194838821
15979.3576135728
15977.6577236185
15977.6230693143
15977.5778615523
15977.6432717293
15979.4215340723
15977.9828952967
15979.2902467588
15978.1983547378
15978.1658070536
15977.8488372105
15977.562452926
15977.0273826459
15977.5211522117
15977.2745707284
15979.2851170868
15979.2858618559
15977.4630273466
15977.2699221664
15979.4206293884
15979.201174972
15977.9239785542
15977.8176080283
15978.2918254425
15979.3859624354
15977.7902832343
15979.191658798
15977.9758932416
15977.8101025614
15977.8592764542
15978.2802948507
15978.2918254421
15977.8686382598
15979.5337513977
15977.9029012114
15977.7912671067
15977.6853764176
15977.4168326441
15978.0523450523
15979.0869631495
15978.1402253511
15979.3519672072
15977.9857570931
15979.6647764042
15978.29182544
15978.5272788099
15979.4906029388
15978.2918254432
15977.7926219712
15979.1614219938
15979.4313582825
15979.2235317918
15977.6550265211
15977.8222568312
15979.3423762315
15978.4439499876
15979.193407854
15978.2918254493
15979.0595533184
15978.2918254438
15977.5889446584
15978.2918254386
15977.9036941845
15978.2918242484
15978.9741753293
15979.0016297018
15979.023242566
15978.2918254753
15977.9084785078
15979.0301714079
15979.2178613589
15979.3055231564
15978.2918254352
15979.2230156547
15978.2918254451
15978.2918254387
15978.291825443
15978.2918251302
15979.0872144585
15978.3353562155
15979.0592076405
15979.2285077244
15978.2918254409
15979.0642279587
15979.2661310342
15978.2918254334
15979.0833208797
15979.2699941695
15979.507485123
15978.1511240394
15979.1505447715
15978.0764369379
15978.2424424757
15978.2383552399
15979.1719782441
15978.2918254545
15979.3003707385
15978.2918254438
15978.2918250052
15978.9606854028
15978.1105169951
15978.2918254455
15978.1350428119
15978.2918253448
15979.513750778
15979.0230730822
15979.1185686783
15977.7993299843
15979.2768936945
15977.9565795129
15977.9150531403
15978.291825465
15977.8751721119
15978.2918254371
15978.2918254385
15979.2509912942
15979.3916096573
15979.1094207553
15978.2918254492
15979.1685224146
15977.7415735
15979.1469040782
15977.6734890177
15977.7359702824
15979.3408894449
15979.4079684294
15979.1848774133
15979.1473240749
15977.9062287857
15978.0959383706
15978.0094680865
15978.3845973604
15979.3826585847
15978.2918254479
15979.4186889869
15977.8294311354
15977.9156954788
15978.0046961369
15978.108694509
15979.2433875492
15977.68581438
15979.802693372
15978.2918254428
15979.4927751375
15978.2918254413
15978.0001433716
15979.1551551038
15977.7731949212
15978.2129235296
15977.6949458935
15977.9013499563
15977.9027939448
15977.7549876536
15977.9031452968
15979.1449086967
15978.2198240526
15977.9256211109
15977.970505481
15979.2875750398
15979.0646484802
15979.3535058482
15979.3115952106
15978.3407176412
15979.26334639
15979.4020160279
15979.5013578388
15978.2918254402
15977.6523078159
15977.5988873793
15978.2918254352
15977.8318450053
15979.6239464949
15977.7759478134
15977.5468352714
15977.8986080143
15978.0389928847
15979.0842081739
15979.0799877189
15977.3279708325
15977.7849783382
15979.3149341453
15979.081952168
15977.8745183253
15978.165088297
15977.9746710446
15979.3598021808
15979.5044940874
15979.3051521205
15979.5191809196
15979.2710278562
15979.304313927
15977.8363760946
15978.2918254411
15978.2918254423
15978.2143879466
15979.2544036423
15978.291825341
15979.3900901336
15979.3735049477
15978.4042521361
15978.993350368
15979.4210596247
15977.8544222204
15978.0141258741
15978.2918254426
15979.1635373512
15979.1188699084
15978.2918254411
15979.1693660349
15979.3189008859
15978.291825441
15979.3710493121
15978.2918254272
15979.2822218768
15979.1581117433
15979.2329977191
15979.3391981033
15979.3786892261
15979.5460748025
15979.3001130867
15978.3500457427
15978.0182751402
15979.0710896645
15977.7633266859
15978.2918254458
15978.2918253888
15979.0067655446
15978.2918254401
15978.2918254467
15978.9289682556
15978.2918254488
15978.2918254331
15979.4063663498
15977.8557113517
15979.6170753628
15978.2918254397
15979.1079977705
15978.2918254412
15978.3198531538
15978.9748327466
15978.2918252551
15979.2082227063
15978.2918254419
15979.1988601437
15979.1365774115
15979.0469580238
15978.3964952368
15979.3116714544
15979.1554825251
15978.2021349316
15977.8600061609
15978.2987520499
15978.1135220661
15979.3348996872
15978.2918254385
15977.7048079344
15978.2539005185
15978.0373227674
15979.5005991984
15978.2918254362
15977.8277505283
15979.0347513858
15979.1727662613
15979.2064277442
15977.9974982072
15979.4415667775
15978.8619453322
15978.2918254376
15979.2191891954
15978.2918254377
15979.0114527469
15979.2174007808
15979.1379939127
15978.2918254478
15978.2918245568
15979.3381857161
15979.2293497068
15979.7065245604
15979.1195064447
15978.2918255075
15978.2918254449
15978.8042537953
15979.0517822386
15979.1709641783
15979.3527833721
15979.2955473471
15979.1239831464
15978.2918254418
15978.2918254402
15978.291825439
15978.2918254447
15979.1078059065
15979.301825368
15978.0980549819
15979.0283500165
15978.1123054811
15979.2501333764
15978.2918254293
15979.3831285449
15979.2534319314
15979.188097652
15979.3645396495
15978.2918254358
15978.2918254339
15978.2087759898
15978.2918254383
15978.2918254412
15979.2943783037
15979.1123436928
15977.9109058363
15978.2918254342
15978.0124178161
15979.5454387189
15979.3324465479
15978.2918254436
15978.2918254462
15979.4893713429
15979.3401530416
15978.3555102389
15979.2205344287
15978.3251201125
15978.2918254749
15979.2842161715
15978.2918254436
15978.2918257378
15979.4172515667
15978.2918254071
15978.2918254459
15979.18226165
15978.2918254484
15979.1367025592
15977.9145284885
15977.7445989987
15979.2305326468
15979.4537833692
15979.2716494145
15978.291825438
15978.2918254329
15979.1508895268
15978.2918254363
15978.8476411849
15978.1749868242
15979.0344645763
15978.096028647
15977.8681691985
15979.2352070365
15978.0298051552
15978.2918254329
15978.2918254405
15979.3282020031
15978.9809007655
15979.3103378656
15978.2918254939
15978.0779847672
15977.9778586661
15978.2918254461
15978.3283789032
15978.291825439
15978.2918254385
15977.8680714658
15978.0994894977
15978.2288176131
15978.2918254384
15979.0791718782
15979.2535102585
15979.3055136495
15978.2918254424
15979.3341684102
15978.2918247447
15979.3407128164
15978.2918253085
15979.2964953207
15978.2918257574
15979.0959794849
15977.8955146328
15979.0413530967
15979.0622574712
15978.0333264969
15979.2736535361
15979.4265494822
15978.2918256353
15979.1514973694
15979.049522152
15978.3567332761
15978.2918254502
15978.2918254372
15979.2402806287
15979.3794592129
15979.1509310892
15978.2918254427
15978.2745224238
15979.5552087713
15978.3580951744
15978.2401844405
15979.3489013082
15978.2918254341
15978.2697154802
15979.341299322
15979.6518446566
15979.1282186297
15979.3007580797
15978.2918254417
15979.2185147573
15978.2918254431
15978.2918254337
15979.2001201998
15978.9359156284
15979.0553497086
15978.5960942631
15979.4380060983
15979.2765500792
15978.2918254423
15978.2918255486
15979.2733764619
15979.1062511781
15979.6712139795
15977.6649839336
15978.2918254387
15978.1528971759
15979.2107920583
15978.1639208184
15978.4443041968
15979.176109263
15977.9250347708
15977.9184963486
15979.0900164991
15978.2918254403
15978.2918246098
15978.2918246661
15979.2160656392
15979.0550819984
15979.0141774993
15977.7634648437
15978.1221131709
15979.0642071331
15977.7839363562
15977.8277036194
15979.2122653393
15978.2918254391
15979.2267082453
15979.440446254
15977.9407189208
15979.0706675274
15977.8593667878
15979.1770412658
15977.8327065313
15978.1083257467
15978.181173878
15978.2918254532
15979.3769894612
15978.2918254367
15978.1885782031
15978.2918254467
15979.2456339358
15979.1152604218
15979.128009718
15978.2918254401
15978.2918254362
15978.9850196455
15978.2918250544
15979.5001607674
15978.2918260461
15979.349332593
15978.2809579424
15978.204973246
15979.0744180253
15979.1356765516
15978.0602414168
15979.3186108426
15979.1751591582
15979.1583089638
15979.3876650373
15978.9337887938
15978.2918254471
15979.4220270052
15978.4347654972
15978.2918254419
15978.2918254423
15978.2918254342
15979.1175379235
15978.1458621159
15978.4260296745
15979.1338239021
15978.2918255095
15977.8359489803
15978.0415195744
15979.1724768164
15978.2918255253
15979.1257434483
15977.8047935371
15978.2918254292
15979.3300819632
15978.2918254465
15978.2918254399
15978.291825438
15979.4812140834
15979.5860313369
15979.0249849547
15978.2918254502
15978.941623374
15979.3735461323
15978.2299862776
15977.7883071894
15978.0895151929
15978.9587227816
15978.2918254481
15979.4243628219
15978.2918254425
15979.4160630512
15979.4387071014
15978.291825446
15978.2918254375
15979.0440926591
15978.0242920746
15977.9138555756
15978.424326502
15979.1952640171
15978.2918254461
15979.4483804621
15978.2918254427
15978.2918254381
15979.066172921
15978.2918255195
15978.9721625187
15978.2918254491
15978.9576530033
15978.2221614919
15978.0290161547
15977.8709398516
15979.3297501729
15979.2717183984
15979.2230993135
15977.9504106646
15979.2471520557
15978.2918254444
15979.3283544296
15978.3530043992
15979.0372391537
15979.2451352629
15978.291825443
15978.2918254295
15979.3944028572
15978.2528802839
15979.2634264052
15977.9343650128
15978.344423333
15978.2918254464
15978.2918254075
15978.9461392209
15978.2918254353
15978.234865023
15979.1632181541
15979.1875466832
15979.2880484573
15979.570736646
15977.8366109659
15977.7073755423
15978.0453561992
15977.9721801048
15979.302258841
15978.307762075
15977.9091479172
15979.3747422447
15977.7483600428
15977.8278081862
15977.9043053307
15977.5589598219
15977.3182522158
15977.9158344366
15977.5533662312
15977.7937095566
15977.4473325105
15979.2537862234
15977.5314872519
15977.4452675507
15979.7855669708
15977.8192480249
15977.9289604947
15977.4463081762
15978.2918248438
15979.3011640056
15978.0345287105
15979.6092329177
15977.7732259091
15977.6721682056
15978.0881157062
15979.1052296424
15979.2827388774
15978.2918254485
15977.9401430807
15977.3853509733
15978.2918254413
15978.0090666626
15977.8314859095
15977.8310310018
15979.2175370989
15977.3400705922
15978.1202406852
15979.2336640491
15977.9804666461
15978.291825445
15978.2918254409
15977.6600287346
15977.7639922479
15977.6313116505
15977.8381066949
15979.2075109526
15979.2636588481
15977.8660519874
15979.2417175263
15977.3764435786
15977.8851302287
15978.2918254419
15979.0867188443
15979.0400187529
15979.0949814324
15978.290553806
15979.1173502665
15978.0420670947
15977.6992547187
15977.8542827338
15979.3746212695
15978.0429114997
15977.8694939028
15977.8511173815
15978.0293092088
15977.3444664119
15977.6373847366
15977.7106658423
15977.7802455671
15979.2592600291
15979.1277778234
15978.2918254461
15977.9347844992
15979.279976636
15978.1661932399
15978.2918254341
15979.3265578885
15978.1887619177
15977.8233629374
15978.2918254389
15979.2049036174
15977.8248795544
15979.6293582479
15978.2918254387
15978.1132014005
15978.0103194482
15978.2918254435
15978.2265829104
15979.4268712163
15978.291825425
15979.2051786783
15978.2918254496
15979.3091512819
15978.1916278007
15979.0325635251
15979.1421692928
15979.42899483
15977.8726359503
15977.6176483017
15979.2745181091
15979.1701828456
15979.2604815628
15979.1556157881
15979.1471191547
15978.2918254363
15978.2918254747
15979.3633552744
15977.9698710857
15979.2815992271
15977.9819385265
15977.9656696481
15979.121684398
15977.9115003551
15979.3484683075
15977.5272264712
15978.2918265021
15978.0225515239
15979.3322576293
15978.0399570579
15979.1800100474
15979.0795735898
15979.4618342748
15979.3229327207
15979.2234842324
15977.6456519602
15979.1837632062
15978.2918254387
15978.291825436
15978.2918254999
15978.2918254445
15977.8572923017
15978.2918253283
15978.4477584684
15978.2196392457
15977.8130366025
15977.9254452933
15977.8411824192
15978.2918254363
15979.3547568348
15979.2675142199
15979.388200923
15978.150766484
15979.0408807221
15978.1494200528
15977.7274417122
15979.2153484739
15978.2918254361
15979.081456488
15979.4495357599
15977.7636441593
15979.320747396
15978.2431135985
15978.290093274
15978.589366355
15977.8806550418
15979.2489599619
15979.1720692673
15978.2918254328
15977.831961556
15979.201879595
15979.5556710181
15978.2918254837
15978.2918254411
15977.7802815455
15979.08636646
15977.7330697685
15977.8149110312
15978.2988583387
15978.0016486272
15979.1953953999
15977.633561688
15978.2229741561
15978.4202888326
15979.185115487
15977.8806290629
15979.5360895357
15979.1617391679
15978.1684786287
15979.4655615709
15977.5892283917
15977.3864616021
15977.3191866465
15977.930932784
15977.7145857728
15979.3287491004
15979.4835741631
15978.2765030965
15977.9915811017
15978.0919879126
15977.8090427141
15977.4690389393
15978.2669453713
15977.8799234981
15978.2918254395
15979.1255851816
15979.2643030177
15979.3132453252
15978.0590042836
15978.1399895626
15979.151438811
15977.9063967216
15979.1131755768
15978.2918254356
15979.3221193506
15979.5975070594
15978.1520505112
15977.834069185
15978.0583393605
15977.9842759443
15979.6152046244
15978.1702515819
15978.0221174466
15977.7476245197
15979.4852791865
15978.2918254399
15979.3811464395
15979.3548966975
15978.7825075534
15978.2918254393
15979.1426224225
15979.4185707523
15978.01912596
15979.3274163764
15978.1026158671
15979.0544977616
15979.3514733324
15978.2918254399
15978.2918254427
15978.216377023
15977.8250591281
15979.255921801
15978.2918254483
15977.9808222439
15979.366499243
15978.2918254393
15978.2918253477
15977.8492993475
15977.9786677643
15978.2918251431
15979.4592329552
15977.84216391
15979.2217563679
15978.2918254393
15979.4201419315
15978.2918255861
15979.4589243666
15979.0183561709
15978.2918254277
15978.2918254446
15977.5111392364
15978.3457550648
15979.2839527237
15977.8430600741
15978.2263288972
15979.3642864845
15978.4390184345
15978.2918254383
15978.0625463637
15979.3641870022
15978.2918254357
15978.1149265693
15979.2143063535
15978.0286414364
15977.7062200097
15979.3120527065
15979.126126816
15979.4209367245
15978.9808819051
15977.8743420989
15978.3076673935
15978.2918296144
15978.2918253287
15979.2136685712
15979.1461793846
15978.0539547056
15977.7557335715
15978.2918254412
15978.2918254401
15978.2276737957
15978.2918254389
15978.4080894001
15978.2918254325
15979.2599357846
15978.2918254364
15979.3450304148
15979.1348465144
15979.2613782623
15979.2536627888
15979.3919795776
15979.1312542052
15978.2918254464
15979.2723719765
15978.2918254478
15979.3124892749
15979.1814851117
15978.341579558
15979.2681586279
15978.6143604588
15979.4361691053
15979.1318526538
15979.3159347949
15978.2918254364
15979.0827836301
15978.2918254428
15978.2918254389
15978.0054553108
15979.208375437
15979.3836086944
15979.2628212531
15978.3224385417
15979.2236903975
15978.291825438
15977.6379064271
15978.4048024799
15977.8031701875
15979.3355787522
15978.1508798661
15978.1992993465
15979.2371240636
15978.3998291472
15977.8842492515
15979.4443176205
15978.2918256976
15979.1629581089
15979.2230377176
15979.4966342361
15979.3640998749
15978.2918254458
15978.0337345922
15979.3196909042
15978.2918254321
15979.1042349045
15978.1451553421
