# type 3 occupying volumes
15944.1969661716
15942.8959037577
15942.6917626726
15943.2237364658
15944.018899659
15942.7343038257
15942.5906064683
15943.8401000699
15943.9012035558
15943.5178086392
15943.0503628077
15943.6425454272
15943.2114886322
15943.0729275345
15942.6580538119
15942.7551675358
15943.2772281916
15942.9970738152
15943.856232443
15943.9365874468
15943.6497387645
15942.997073839
15943.613336927
15942.4798054824
15943.4309420631
15943.7430383453
15944.1207245414
15943.9367819893
15942.9970738139
15942.6577014258
15944.4460723791
15942.6345383202
15944.3005395621
15942.8626291932
15943.8106877568
15942.5883885403
15944.5807045814
15943.12269032
15942.632337344
15942.997073821
15943.1295332813
15942.6799033599
15942.9970738151
15942.9970738186
15944.014577098
15942.9227921987
15944.374986987
15943.8700364342
15942.9970738203
15943.7993609025
15943.8880684605
15942.9987240178
15942.6531136499
15942.5979045237
15944.2819696331
15942.9970738199
15942.9970738183
15944.0661504351
15943.1600519392
15944.3522538166
15942.9970738192
15943.1802771669
15943.006044326
15943.103963025
15943.7347458882
15943.3329040214
15943.8148939879
15942.926628881
15942.7038893914
15944.5902350532
15942.7947670618
15943.9350434735
15943.9834876987
15942.9970738122
15943.8573210334
15943.9908669825
15944.0526932023
15942.9970738172
15942.5643808641
15942.7201418346
15942.9970738152
15943.9491599472
15943.290990886
15942.4448424269
15943.1436526295
15942.997073823
15942.9970738249
15942.7057537371
15943.8556127135
15943.7760002532
15943.7898370394
15942.7031229245
15942.5762064337
15944.3451209735
15942.9366853668
15943.9424340864
15942.9970738141
15942.9970738152
15944.3248259513
15944.2528838057
15942.9970738403
15943.079366937
15944.1064011832
15942.7929066186
15944.0274604776
15944.0665730626
15944.0883546828
15943.9333872467
15942.5368821029
15944.0021521123
15942.9970738155
15943.8827031254
15943.0800608074
15942.9165959846
15944.2459686044
15943.0835570735
15944.3938919739
15942.9970737752
15942.4951896098
15942.9970738143
15944.1916207318
15942.997073814
15942.9970737843
15944.6042504101
15942.9792059995
15942.8046818597
15942.5753013839
15942.9970738647
15942.6254564462
15943.91572831
15942.5937365281
15943.952069933
15944.4079213934
15942.5986493336
15942.9894951844
15944.4094090097
15942.7260838399
15944.3914299657
15943.0934545861
15942.9970738118
15944.0410281532
15942.9970738163
15944.4982112796
15942.9970738183
15942.9970735609
15942.9970732556
15944.4569307833
15944.5246768552
15942.5356900909
15944.2260338357
15943.7655478779
15942.5832070063
15942.9970738174
15943.4370367577
15942.997073824
15944.6353822546
15943.6679442385
15943.9908050746
15943.1874617405
15942.83544214
15942.9970738115
15942.6695655451
15944.8482780374
15943.9687579477
15942.5431833789
15944.4081259042
15942.9086875137
15942.779782767
15942.9970738203
15942.9970738212
15943.226193327
15943.1819215562
15944.0536920411
15942.6180231519
15942.8012183934
15944.1145390578
15943.9469581111
15943.6919291945
15942.574490792
15942.8204951135
15944.0601084911
15943.8647519392
15942.6098553653
15943.1887940105
15944.3738650758
15944.818668088
15944.0070433197
15942.8061188477
15942.9970738162
15942.5383882931
15943.697165851
15942.6914916696
15943.7845203731
15943.8000921521
15943.0135513554
15942.9970738179
15942.6960062033
15943.7373842658
15943.2289730696
15944.2590014165
15943.1069054888
15942.5147821446
15942.997073813
15944.1703958311
15942.6579228019
15943.8172859447
15943.5747330191
15942.7574816081
15942.918806099
15942.8228487414
15944.0701601802
15942.9970738146
15943.8081118044
15944.1342179673
15942.9970738138
15943.5463477223
15944.1867546236
15942.9970738073
15942.9970738154
15944.1895678978
15942.5130457083
15944.2131989458
15942.9345053902
15943.9372310082
15942.9970738122
15942.8212226255
15942.6365480811
15943.3221914278
15943.7152707425
15942.4882739894
15944.3156059164
15943.5827953036
15942.9970737261
15942.9970738202
15944.0098986499
15942.7245447039
15943.6744572254
15943.7528080406
15943.0145923723
15943.9140908496
15942.5275894712
15943.7856877373
15944.0312991538
15942.5873044281
15943.1548634321
15943.8836642279
15943.0800338124
15942.5474280835
15943.3666829736
15943.0904447723
15942.9970738139
15943.1334964105
15943.2358672537
15943.628485849
15943.9281184596
15944.0378271064
15944.1812421587
15944.3102721529
15943.2166136411
15944.1322279823
15943.6564526606
15944.032745883
15942.6104774106
15942.7350718967
15944.0984793987
15943.2006819831
15943.6843235358
15943.911819504
15943.9802086669
15944.0148833464
15942.9722719686
15943.8829864229
15943.2061556415
15944.2219647402
15942.4293773
15944.4565900753
15942.9970738151
15942.9970738142
15943.7401507236
15942.9970738198
15943.0312562751
15942.6112764034
15944.8452227052
15942.6677768347
15942.9970738126
15942.9970738128
15942.5301699329
15942.6122332998
15944.0444376237
15943.228763604
15942.9970737955
15944.5659626814
15942.9970738116
15942.9970738175
15943.9363963442
15943.0413500596
15944.1247506338
15944.0809866155
15942.6583898957
15942.7246089127
15944.8334074532
15942.9970738186
15942.7114443287
15944.6365575034
15942.9551048323
15942.6716375402
15942.9970738169
15943.3513285415
15942.9970738151
15943.9969357938
15944.37844395
15943.2369050285
15944.1988518173
15944.4657856545
15944.306493311
15942.997073815
15943.25698581
15942.9970739896
15944.3153830862
15942.9332456094
15944.3752471183
15943.9723301286
15942.9970738206
15943.9106882283
15942.9970738162
15942.8976085366
15943.0176254094
15943.8133300448
15943.7723032453
15943.9486544452
15943.7205453746
15943.8229225097
15943.8154167206
15943.9884874258
15942.5568169428
15942.4807723034
15943.9876178894
15943.5367083611
15942.450913366
15942.9311399753
15944.1577823736
15942.9970738206
15942.3988507583
15944.1864489839
15942.9970738144
15942.9970738129
15942.6514480812
15943.9487640522
15943.7542367476
15942.9970736814
15942.9970738642
15943.1773182135
15942.9970738115
15943.3217120761
15944.4522800631
15942.7494507845
15944.2859002777
15943.9294153025
15942.9967019699
15943.3749268455
15943.5921732003
15942.6038053689
15943.0808245941
15944.1730193339
15943.0602793789
15942.5685725156
15944.0522233133
15943.0696419633
15942.9970738187
15943.0739119918
15942.9970738195
15942.9970738124
15942.7982438834
15942.9970738161
15942.997073816
15943.7896811522
15942.9313990337
15943.9453961275
15942.7436386975
15942.7326138347
15942.997073809
15944.1199935928
15943.1475102767
15944.2058720944
15942.9970738173
15944.694000254
15942.9384625464
15944.2417759246
15942.997073819
15942.8485137071
15943.737008428
15943.013811282
15942.9640301382
15944.0238242886
15942.9970738141
15942.6913808595
15944.3762426979
15942.9528016469
15942.9970738212
15944.022596377
15942.7225512302
15944.4616827673
15942.5702909646
15942.5705900745
15942.9970737577
15942.7976133872
15943.2816457906
15942.997073814
15944.2981509811
15942.9970738159
15942.7627818825
15942.5675957683
15942.9802545777
15944.0334631461
15944.1418549644
15944.2290805133
15943.1645232679
15942.5879070143
15943.0974533354
15943.0901560107
15943.8083653015
15943.8360236601
15942.9970738144
15943.930484463
15943.9626224356
15942.629904139
15942.9970738167
15943.9560034374
15942.9689902051
15942.9970737954
15942.9970737914
15943.9406895189
15943.6578587607
15943.8400243858
15944.6230501462
15942.6545175076
15942.9970738141
15944.2230531403
15944.0980697787
15944.1059360712
15944.1777459597
15942.5168621825
15942.8014994931
15942.7203445044
15942.5989692793
15944.0691538245
15943.7843350669
15943.1091716162
15942.9970738182
15942.7517432252
15942.997073815
15944.2779940744
15943.8885884943
15942.9970738147
15943.108733359
15944.375148296
15942.5033837277
15944.4200339491
15942.9970738159
15942.6514023992
15942.9970734697
15942.5138380099
15944.2835865761
15942.9970738142
15944.0788950809
15942.6103445033
15942.9970738166
15944.6773988251
15942.997073812
15944.1104474637
15944.5913588476
15942.9970738137
15943.7730021815
15943.8619077214
15944.4497041992
15942.9346708959
15943.9200050347
15944.3678192793
15942.7332405266
15942.7540533676
15942.9970738187
15944.7014536736
15942.6547776453
15944.0970167421
15942.4929875965
15944.0656570085
15942.9505257961
15943.6788308804
15942.7518680872
15944.1409920764
15943.8050747001
15943.6729577362
15943.898588725
15944.0004302132
15942.6474440576
15943.7044833226
15942.9970737564
15942.5676392366
15944.3227519533
15942.580276034
15942.9294848882
15943.7960520263
15943.7785177269
15943.9754633265
15944.020247843
15943.978317236
15943.9617312325
15942.5544082466
15944.0312327775
15942.7298089421
15944.1303254188
15943.0103190465
15943.7204161169
15942.9970738185
15944.2472678566
15943.9125811318
15944.3012479021
15943.1283101056
15943.0145880375
15942.9970738166
15942.9970738169
15944.3341410051
15942.5908691332
15942.7368057983
15942.9970738099
15942.9970738126
15944.0888563818
15942.756211674
15942.9970738153
15942.9970738151
15942.5289282012
15942.9970738178
15942.9970738147
15943.2317815963
15942.6432559453
15943.3357832443
15942.5806493221
15942.9970738159
15943.3525870695
15944.0991356266
15942.9970738148
15942.9234399179
15943.6791897148
15944.2103257603
15942.4945573124
15943.210317611
15942.9970739714
15942.6416434542
15944.3772861175
15943.2006448809
15942.9970738201
15943.7810810574
15943.651552956
15944.1235467009
15943.8342081053
15942.997073821
15943.8784379371
15942.910100658
15943.0572293662
15943.1146976887
15943.113445868
15942.8492542631
15944.3258098189
15942.997073812
15942.5389301379
15942.9970738214
15943.8619833581
15942.9970738131
15942.9970738109
15942.9970738128
15942.9970738075
15943.9558844144
15942.8899858405
15943.1022589329
15944.0077764471
15943.2128752713
15942.99707381
15944.1612674026
15942.5579945913
15942.9648928983
15944.081020485
15944.0325210407
15942.8389291163
15942.9970738098
15942.4891192681
15944.3602560995
15942.7954700877
15943.0717064915
15944.0819344956
15944.3783904606
15943.8509370289
15942.6032743867
15942.9101666383
15943.9673778548
15943.9911822938
15942.6134078464
15943.9472464221
15943.8292058349
15942.997073816
15943.6973393081
15942.9566611108
15942.9970738157
15942.8689068058
15942.9955858175
15943.8945702178
15942.9970738145
15942.8019987158
15944.1674557713
15944.0654841432
15944.3067358369
15942.7810638441
15944.3712965783
15942.9970738216
15942.5811523584
15943.970968995
15942.6821785467
15943.3625711058
15942.6491974782
15942.5852359178
15942.9970738147
15942.6513061301
15942.7876997681
15943.8225932805
15944.2698884499
15942.9970738135
15944.5750504453
15942.7158159964
15942.997073815
15944.3633244414
15942.9970738164
15942.99707382
15942.7011244801
15944.8076640432
15942.9970738165
15944.1450638162
15942.6426529962
15942.9710152039
15942.9970738132
15944.3535373374
15942.5919156911
15943.3136112418
15944.2163564138
15942.997073815
15943.4332640202
15943.9188574881
15942.8157316568
15942.9970738187
15942.4468391004
15942.5902853834
15943.012776633
15944.1204414842
15942.9970738201
15942.4351857004
15942.997073812
15944.0671513094
15943.2844816891
15943.1983978607
15944.0463267235
15943.9636586882
15943.1450753618
15944.22878088
15943.65075387
15944.200242643
15944.2082246948
15942.971289259
15942.9970738124
15944.0614336416
15942.7533595151
15942.9970738138
15942.5702195685
15943.9564484335
15942.9970738922
15942.9970738182
15943.2531919777
15944.6166511068
15943.112831056
15943.1968370594
15943.8410258543
15944.222868512
15942.674912899
15942.6557350009
15942.820397093
15943.1217679359
15942.9660121661
15944.022915101
15943.0227754797
15942.6867073532
15942.9593945334
15943.9640794096
15944.1139146314
15942.9970738121
15944.2077542504
15944.447980829
15942.9970738187
15944.4949444364
15942.5148079636
15942.9970737973
15944.063347217
15943.8652954376
15942.997073817
15942.3602364156
15942.9970738154
15943.9158127356
15943.9907046787
15942.4569071096
15943.9043484341
15942.9970738149
15942.9289968673
15943.5295635828
15944.0865413174
15944.6746049073
15942.6764016138
15942.7660011455
15942.9970738189
15942.8930985467
15943.7555676991
15943.7457031756
15943.9162398057
15943.6720733164
15943.7813309092
15942.8480116256
15942.9970738137
15942.7200008506
15944.2362404091
15944.1700222268
15942.9970738177
15942.6401744781
15942.9970737664
15942.9031081383
15943.8553585003
15942.5944934003
15944.1877176331
15942.9877017393
15942.9462750979
15943.8973968784
15942.9970738101
15944.5940844688
15942.9970738167
15942.4615689033
15942.9970738161
15944.270673982
15942.7139718009
15942.7915345193
15942.6019762103
15944.1030848827
15942.9970738206
15943.5984302873
15944.3086280844
15943.0406445326
15942.9970738101
15943.1302991004
15942.9206036724
15942.8317357099
15944.3633852873
15944.4909568791
15943.0289567231
15944.0733369074
15942.9970738174
15942.9658228278
15942.9970738144
15944.1776034636
15944.0816769485
15943.1942506173
15942.9970738165
15944.1768551994
15942.67106203
15944.1016799749
15944.2215482067
15942.8054699264
15943.8958452299
15942.9970738185
15944.0891314768
15943.6443712413
15944.1483218787
15942.9970738176
15944.2858926927
15942.7953393588
15943.8530238065
15943.8436032931
15942.9970738168
15942.7825646345
15943.8135426476
15944.1726889213
15942.9970738127
15943.7690353467
15942.9970738121
15943.9780812363
15942.7289802149
15944.4000625434
15942.9970738139
15943.1066472096
15944.2791862216
15944.227049973
15942.6259972437
15943.9516322072
15944.1093319318
15943.0422050217
15943.903716629
15942.6650481166
15943.8814258588
15943.9138376857
15943.237292608
15942.9970738107
15942.6689482359
15942.9970738188
15942.6286149146
15944.6695473899
15942.7647061159
15944.2318513871
15943.1428404273
15943.1438368703
15942.9970738153
15942.8924161337
15942.9970738125
15942.6540873148
15942.9970738006
15942.4897780112
15944.1111769776
15943.2302142633
15942.4693675497
15942.9970738137
15942.9970738132
15943.7862583508
15943.8919573056
15944.3915605563
15942.8834616836
15942.7256330184
15943.4514948381
15944.6883405912
15942.5840065905
15942.9970738141
15943.2848829292
15942.5762132865
15943.0529690859
15942.5493470999
15942.8123661521
15944.0092078946
15944.2200675159
15942.9970738144
15942.6613602846
15942.6252899724
15942.7459759338
15942.997073812
15943.0824699257
15944.2179849694
15942.9674057733
15944.0442632612
15942.6874476346
15942.9970738142
15943.9529970745
15942.7757663999
15943.7687817939
15942.9970738119
15942.7702912504
15944.0777230359
15942.5844099053
15944.6129026646
15943.2160863057
15943.8398648626
15942.4896178366
15943.1032858209
15943.9265775788
15942.5509841569
15942.5138252036
15944.1965760843
15944.2038957252
15943.0639800127
15942.9970738186
15943.1251874064
15944.0818600772
15943.183532601
15942.9273390555
15943.032906865
15943.6922368348
15943.9935184142
15942.9970738133
15942.9970738167
15944.0424264991
15944.3563556099
15942.9970738146
15942.9970738799
15944.3329815344
15943.2821446346
15943.0314393072
15944.5514125093
15942.997073817
15942.6025192825
15942.4708757457
15942.9943698802
15942.997073822
15942.684915547
15942.5560647378
15944.3818130416
15944.2042384528
15944.0500325105
15942.5732702492
15942.9970737208
15942.9970738157
15944.0048105539
15944.2669670121
15944.0898043469
15943.9290524779
15942.5020824233
15944.0298516577
15943.9779923365
15943.7905524851
15942.5795295519
15944.3472227356
15944.2639398377
15942.9970738199
15944.1777225114
15942.5770303957
15942.8487516969
15943.3982751685
15943.357431422
15944.7443027536
15942.9970738171
15942.5766509349
15942.6285361578
15943.9359858583
15943.5920972788
15943.1636133126
15942.9970738164
15942.9970738329
15942.7929007537
15943.2948991465
15942.9970738107
15943.8787789838
15943.0256703545
15942.7623140622
15944.2513001242
15944.2905429425
15943.0451687377
15943.6522476995
15942.6151897085
15942.9970737723
15942.3185670581
15942.9970738123
15942.9970738154
15942.9970738129
15942.9970738844
15942.9341194456
15943.895602096
15942.5981752347
15943.3258139717
15942.728286673
15943.0567868077
15944.2086245828
15942.8666862943
15944.0250439494
15942.6799696584
15944.2274638834
15942.7218241932
15943.7433623279
15942.5245584497
15944.5838979366
15944.0490445652
15942.9970738179
15944.3810628722
15942.5729652152
15942.9970738157
15942.4789570267
15943.5630110248
15942.9970738107
15944.0003244132
15942.9156895579
15942.5668861407
15943.986742588
15944.2453963907
15942.7362955645
15943.1789718172
15944.343294261
15944.2867068397
15942.9970738194
15943.8437598555
15943.8660015319
15942.9970738188
15944.1711247728
15943.8759888084
15942.9895825669
15944.1769377906
15942.4939866538
15943.9156004755
15944.1034572717
15944.3558176844
15942.6498434835
15944.0199518448
15942.9970738117
15943.8567295942
15942.9970738515
15943.7650868627
15942.7610425229
15943.2238108144
15942.7719898451
15942.8715173914
15943.7202990782
15942.6643722293
15943.9419563036
15944.2534202152
15942.5651582047
15943.0683353953
15944.0477918157
15942.672437376
15943.301252793
15942.9970738159
15944.8796507703
15944.2373266924
15942.9970738152
15944.1359547025
15944.1574192012
15942.503670037
15942.8109517192
15942.6212603309
15942.9970738198
15942.8595744208
15942.9970738148
15943.7336577107
15944.254998319
15944.5491574955
15943.1351896162
15942.9970738142
15944.1215734459
15943.2252399305
15942.6438658243
15942.9970738207
15942.9224367322
15944.1022100701
15942.9970738242
15942.997073816
15942.9970738134
15943.9773732203
15943.0109565705
15942.8487886973
15943.5677574647
15944.4684205268
15942.9836979593
15942.9970738139
15944.4566390514
15942.6832017206
15942.9970738172
15944.1315603429
15942.9970738112
15942.9970738145
15942.6911416527
15943.783849307
15943.9011800419
15942.6469881427
15942.9970738164
15942.690949957
15943.0865491387
15944.2492464963
15942.9970737899
15944.2617657256
15942.8254394111
15944.699515333
15942.7606527543
15944.2767398022
15944.0102612403
15943.6694972501
15942.7445370268
15943.9147228189
15944.097099502
15942.9970738136
15942.9970738153
15942.5718891783
15944.0896350251
15943.9838018538
15942.9970738228
15942.9970738203
15942.9293837085
15943.9604142587
15942.7603652409
15942.9970738203
15944.474488617
15944.6762411995
15943.7742394285
15942.8098375182
15942.7277076673
15943.9613861475
15944.2131771666
15944.0809933409
15944.4096487207
15942.7889761967
15942.5815223475
15943.9203091118
15942.9970738132
15942.7261313052
15942.9970738131
15942.5674331092
15944.3713441215
15942.7128141275
15942.5795227129
15944.0185441554
15944.0901030986
15942.7361550816
15944.2414871301
15942.8678476584
15943.7415020767
15944.4104881341
15942.7610970728
15942.7589129793
15943.1955747068
15943.4334060275
15944.1437202679
15942.9970738099
15942.7340542652
15944.0318516628
15942.5096959222
15944.255919174
15942.9970738159
15943.2907339555
15942.997073818
15942.5973000859
15942.8284825682
15944.0755100821
15944.0049692159
15944.8844579665
15942.9970738138
15943.1418894655
15943.8329369598
15942.5528323467
15943.2031520058
15942.6437446649
15943.0637101577
15943.7975010255
15942.5514909495
15943.9336743812
15943.2343377291
15942.5812120732
15942.9747808204
15942.9970738156
15943.8686426107
15943.196682301
15944.1064909721
15943.8837770593
15942.997073818
15942.7841829517
15943.7548333402
15942.5620387918
15943.6367627081
15942.8184731187
15942.9970738167
15943.7801913381
15943.0054330885
15942.7484989448
15943.7241911792
15944.1948031173
15943.0880956838
15942.9970738137
15944.2661288935
15942.5829288108
15942.9970738145
15944.3341235894
15942.9970738163
15943.8658696138
15942.5900051808
15944.3755538531
15942.9970738164
15943.788112553
15943.869916387
15942.9970738116
15943.2263234931
15942.9970738211
15944.9788631353
15942.9970738104
15944.5344162393
15942.7295860052
15943.1142819156
15944.5327696371
15943.1245700261
15942.6765786019
15942.9970738243
15944.2579879225
15944.0782306918
15944.4285119934
15943.2810435204
15942.9970738195
15942.5757525553
15942.9970738133
15943.0992835096
15943.4076208924
15944.161478056
15942.6021598042
15942.7884908926
15942.7109123056
15942.9987132285
15942.9970738177
15942.7027352928
15942.564648697
15944.348976126
15942.9970738179
15943.0113148979
15943.0221365741
15942.2893494002
15943.4356782696
15943.972139483
15943.8675040409
15944.3272761119
15942.8656231925
15943.4287609439
15943.6349328731
15942.9970738143
15943.9733452247
15942.7760995837
15944.3629224464
15942.3292237841
15942.6145214396
15942.9970738153
15942.6446549452
15945.0081402031
15944.5241043136
15942.9516826856
15944.0821750462
15942.6757670987
15943.8652229105
15942.9788364642
15942.9958787722
15942.9970738184
15942.9970738117
15942.9970738155
15944.0996651726
15943.2088718913
15943.2972739735
15943.8578096781
15943.983590849
15942.6135166113
15944.0567695193
15942.436823311
15944.4934857407
15942.9970738156
15942.4951147398
15942.9970738157
15943.8368801486
15942.997073814
15944.3809637133
15944.0476443117
15944.1623954221
15942.8167012037
15942.9970738201
15942.9970738139
15942.3709954484
15943.0784908452
15942.9970738215
15944.1404439592
15942.8346450253
15942.6066037172
15942.9361546998
15942.9970738121
15943.3248315114
15942.9970738136
15942.3841959196
15944.3263251048
15944.5558132867
15943.814070687
15943.9364419611
15943.0144867001
15943.868597717
15943.1142598856
15943.9724094331
15942.9970738102
15944.4208901963
15943.3102839254
15944.2405013567
15942.9970738119
15943.2149899265
15944.0289604171
15942.6939308679
15942.9970738077
15942.9970738096
15942.997073811
15942.997073659
15944.473849287
15943.7642988927
15943.9962543406
15942.6787032111
15942.9970738199
15942.997073811
15942.4865351241
15944.1743204293
15944.1619035755
15944.0910930275
15942.7578613103
15942.9970738218
15944.0657231296
15942.5357722703
15943.1991087272
15944.0426597938
15942.8276805526
15942.9958350034
15943.8995394998
15943.953624204
15942.719608589
15942.8981069129
15942.5662240194
15942.7244668745
15942.9970738131
15943.8982559504
15943.9462649546
15942.997073814
15942.958928735
15943.9773904131
15942.7281865559
15943.9239823415
15943.212204291
15942.9280009259
15942.6853953206
15942.6101550589
15943.2934721743
15943.6889581945
15943.2049566333
15942.7091530238
15942.6752892
15943.7556228635
15944.381729224
15942.9970738163
15943.2394951593
15943.7228495593
15942.9970738146
15943.9622391135
15944.0943625614
15943.0300204532
15943.0012178375
15942.997073812
15943.0103111014
15942.7032145551
15944.0007711811
15942.9051725942
15944.0108110063
15942.9970738142
15942.9970738129
15944.2503161713
15942.6887045213
15943.9538242626
15942.5383621541
15942.9970738126
15942.5303282474
15944.3410322832
15943.0617188705
15942.645108496
15942.6252451186
15943.33843916
15943.2274966187
15943.0798531265
15943.9329090966
15944.1783401076
15943.3673714963
15942.9970738144
15944.2223613804
15942.9970738178
15944.0816310903
15942.9970738106
15942.6473203891
15942.6131291073
15942.6299470704
15942.9970738156
15944.107069155
15943.9528167174
15942.9516158782
15943.8492667969
15944.1445367978
15943.9725824136
15944.3722625394
15942.5520646496
15942.9970738134
15944.3623009317
15944.1453054091
15944.4801213699
15942.4250637562
15942.4484865871
15943.2149353511
15944.1619698352
15942.6093696152
