# type 5 occupying volumes
15944.613996349
15942.9970738137
15942.9970736606
15943.5729798626
15944.2646260154
15943.1791682892
15942.9970738138
15944.0924114931
15944.3125405796
15943.9734128027
15943.5984419735
15944.0257437781
15943.5292871065
15943.4808658242
15942.9970738235
15942.9970738124
15943.7179831548
15943.2922982401
15944.2246358946
15944.4225816362
15944.167733974
15943.404724121
15944.1797995054
15942.9664097437
15943.9054156713
15944.3481446061
15944.4890022319
15944.1102730601
15943.3490161911
15942.9970738181
15944.8811062291
15942.9970738088
15944.627934128
15943.304053258
15944.0664307931
15942.9970738134
15944.8420475359
15943.4393303992
15942.9970738183
15943.3467437089
15943.4965893572
15942.9970738155
15943.3474182079
15943.6430312068
15944.3689913784
15943.5115330946
15944.6448262904
15944.2957688618
15943.4578453539
15944.4837069513
15944.4000211101
15943.3057348135
15942.9970738165
15942.9970738192
15944.6457325758
15943.1869094401
15943.1742040871
15944.442982073
15943.5479616618
15944.5871238118
15943.224196329
15943.4813702265
15943.5251910548
15943.4685530909
15944.172829541
15943.562664622
15944.304155122
15943.3192873868
15942.9970737577
15944.8994408435
15943.2464323425
15944.5626368436
15944.3030154295
15943.4529654826
15944.4088037498
15944.403587787
15944.4621616389
15943.4897712099
15942.9970738153
15942.9970738109
15943.2370860632
15944.3841360124
15943.5384880452
15942.9970738189
15943.4896500136
15943.4581611431
15943.3602853938
15942.9970738461
15944.080316062
15944.2658402523
15944.1474241508
15942.997073817
15942.9970738213
15944.6533738198
15943.4278608707
15944.4069901542
15943.4280353691
15943.3757033965
15944.6737831516
15944.6427162467
15943.4936115276
15943.5832894684
15944.4950219523
15943.381477301
15944.4353811617
15944.4070918569
15944.5035722466
15944.2337771311
15942.9970738183
15944.4957159161
15943.4549296692
15944.2341757315
15943.3047838431
15943.2709912426
15944.6413151906
15943.4275011477
15944.6374137897
15943.3833917122
15942.9970738138
15943.3045263762
15944.5040107984
15943.4077324793
15943.3615866678
15944.7639877509
15943.3795596487
15942.9970738138
15942.9970738136
15943.2853798157
15942.997073821
15944.2511171611
15942.9970738729
15944.2998331838
15944.7899794305
15942.9970738141
15943.3989200507
15944.9042412356
15942.9970738089
15944.7537508892
15943.4982365271
15943.648592902
15944.3249813405
15943.4833056633
15944.8420311928
15943.4261591739
15943.3519470386
15943.3632555771
15944.6223783282
15944.8175896761
15942.9970738189
15944.561093034
15944.0449106115
15942.9970738181
15943.2501897072
15943.7697411567
15943.3329312959
15944.9157954305
15944.0929453126
15944.3948022821
15943.4935500843
15943.1835570539
15943.4492454698
15942.9970738179
15945.1254506107
15944.3205911447
15942.9970738193
15944.7557623546
15943.1749952874
15942.997073816
15943.3457117783
15943.4351813047
15943.7750400351
15943.6339624261
15944.3794557901
15943.0891278488
15943.0881702085
15944.4558220973
15944.2138766756
15943.9666045223
15942.9970738125
15943.1357247528
15944.3061450114
15944.2439297962
15942.9970738218
15943.5410940998
15944.8863688155
15945.1864000331
15944.3384837292
15943.1214288737
15943.4526329315
15942.9970738172
15943.9898882012
15942.9970738248
15944.0890256784
15944.1650757063
15943.3300226412
15943.1937758214
15942.9970738217
15944.1049417012
15943.7231760091
15944.6536460991
15943.4603543691
15942.9970738175
15943.3786699714
15944.4480161782
15943.1458553526
15944.1407014064
15943.8375036354
15943.0446058889
15943.3725611195
15943.1181269477
15944.497008508
15943.3136650317
15944.2917091455
15944.5057439673
15943.2132256473
15943.8813553085
15944.6409169558
15943.431975384
15943.2214773761
15944.5400326801
15942.9970738178
15944.8200216537
15943.5808295826
15944.3800894675
15943.3697651116
15943.1786314205
15942.8003818472
15943.4131560357
15944.2469336896
15942.997073826
15944.6106279859
15943.8343830183
15943.2621269976
15943.4446492922
15944.4334794675
15943.2395770544
15943.9552631692
15944.3331305593
15943.3883899124
15944.2109579759
15942.9970738148
15944.2704522603
15944.4613839816
15942.9970738179
15943.4959077733
15944.2870195435
15943.4886248517
15942.997073813
15943.6716346629
15943.2750745606
15943.2695732432
15943.575453743
15943.4677250658
15944.2580238718
15944.2797207299
15944.3982311443
15944.3319431546
15944.6439370204
15943.524371141
15944.5312656129
15944.1512433009
15944.1945789032
15942.9970738109
15942.9970738132
15944.6028441506
15943.5528199237
15944.2442265063
15944.2133129503
15944.3384627353
15944.4086423769
15943.4005158138
15944.3546050115
15943.4368419196
15944.6363499258
15942.9970738162
15944.8298607061
15943.2875938958
15943.5549416529
15944.1204724849
15943.2421240215
15943.4550411967
15942.9970738091
15945.1756497507
15942.9970738163
15943.2195846793
15943.4632977476
15942.9970738094
15942.9970738155
15944.2382404088
15943.5191363078
15943.305191778
15944.9382967021
15943.3851369602
15943.5935810126
15944.2518205612
15943.5531695592
15944.3546081072
15944.3844763125
15942.9970738132
15942.9970738156
15945.1004549674
15943.329389411
15942.9970738121
15944.8952128642
15943.2589436703
15942.9970738144
15943.355667393
15943.902685285
15943.3741267086
15944.4330095283
15944.7020506496
15943.5504311006
15944.4840185507
15944.8362711041
15944.5655363942
15943.3689780109
15943.5493065101
15943.4310749944
15944.7632608732
15943.4075283043
15944.706083337
15944.455919875
15943.4931440063
15944.299005035
15943.2984132793
15943.4094540994
15943.4406383296
15944.0904326068
15944.1341915928
15944.4900847045
15944.2767997645
15944.1586522363
15944.1255807893
15944.4063480553
15942.9970738149
15942.9970738163
15944.4360673607
15944.0655613636
15942.9970738249
15943.2820954908
15944.4550229413
15943.3041306368
15942.9970738212
15944.6217698333
15943.2631696687
15943.266053018
15942.9970738132
15944.3344275796
15944.2746681179
15943.4680133774
15943.3705396539
15943.472096097
15943.2376282359
15943.7168948172
15944.8367272738
15942.9970738166
15944.5693478599
15944.1730896327
15943.349586633
15943.5975058293
15944.0445277549
15942.9970738112
15943.5082240487
15944.6318540651
15943.4361718752
15942.9970738189
15944.5437988722
15943.3894024513
15943.1669019486
15943.5134610342
15943.3461227102
15943.3211948396
15942.9970738218
15943.3966804291
15943.4225415588
15944.1269924385
15943.4968841714
15944.449570202
15942.9970738195
15942.9970738129
15943.2581435561
15944.5637861758
15943.6220323047
15944.4617173461
15943.4499962289
15944.9504307049
15943.34074262
15944.5041874193
15943.4711836651
15943.3057757952
15944.1503897223
15943.3695047361
15943.3202137038
15944.3279726417
15943.4365548363
15942.997073817
15944.5613653153
15943.2708037345
15943.5116036832
15944.2771653809
15942.99707382
15944.8029785775
15942.9970738458
15942.9970738175
15943.3893302358
15942.9970738202
15943.5480509388
15943.2768149809
15944.8079260796
15943.4875974155
15942.9970738156
15942.9970738245
15943.3621447101
15944.4313022185
15944.5084256128
15944.6848983462
15943.6004235175
15942.99707382
15943.3537503552
15943.4277635623
15944.3830117711
15944.1358370994
15943.3295392755
15944.263960324
15944.2864872346
15942.9970738133
15943.3261228361
15944.3622576459
15943.3610064804
15943.398846654
15943.4168032963
15944.2463799928
15943.9751341069
15944.4702095031
15944.9201355178
15942.9970738125
15943.4352296405
15944.5723131572
15944.6344930488
15944.3951235682
15944.6859937492
15942.9970738174
15943.2772921436
15942.9970738121
15942.9970738151
15944.7034319052
15944.2729405446
15943.3027617156
15943.2601059878
15942.9970738144
15943.3450872823
15944.6685477267
15944.2293728544
15943.2178780426
15943.6681936256
15944.7404951667
15942.9970738153
15944.8566416053
15943.5240288643
15942.9970738219
15943.4157160483
15942.9970738514
15944.56878188
15943.4482189754
15944.627586339
15942.9970738137
15943.384271732
15944.9302361766
15943.2820419978
15944.223348335
15944.8428459237
15943.3110682833
15944.0985925637
15944.3799639966
15944.595978066
15943.3875864638
15944.2733303416
15944.7310752892
15942.9970738159
15942.9970738193
15943.3082136146
15944.8449551017
15942.9970738164
15944.4571350249
15942.9970738129
15944.3647867499
15943.5498718958
15944.2244426538
15943.3226178468
15944.5295517446
15944.2161708139
15944.0897788373
15944.2402039458
15944.426086271
15942.9970738125
15943.9954964378
15943.5472931353
15942.997073815
15944.5965001198
15942.9970738117
15943.2998803145
15944.1782243207
15944.3617483575
15944.3574480951
15944.3297006604
15944.3524879084
15944.5296603419
15942.9970738138
15944.5449959332
15942.997073759
15944.4310692217
15943.3839388948
15944.1677876289
15943.3245991191
15944.5720480412
15944.1785543552
15944.9124437495
15943.4753860489
15943.4173675398
15943.4346345581
15943.4304384595
15945.1803632862
15942.9970738126
15942.9970738143
15943.4055996991
15943.1922237011
15944.5141395864
15942.9970738167
15943.3804218921
15943.357888078
15942.9970738124
15943.4666646995
15943.5244968827
15943.5134249864
15942.9970738124
15943.543468722
15942.9970738191
15943.4558040541
15943.7127045083
15944.4429573773
15943.3565766569
15943.3576905359
15944.1502851625
15944.6833309995
15942.9970737732
15943.6281838428
15943.5139415618
15942.9970738114
15944.6542551957
15943.6371064156
15943.4930598852
15944.259044569
15943.9699394053
15944.5580515444
15944.2731575877
15943.3033430511
15944.137384682
15943.3486407992
15943.4577927482
15943.5527683481
15943.6467844928
15943.455833183
15944.7005401553
15943.2787348901
15942.9970738145
15943.311799142
15944.148579599
15943.6385596936
15943.4385842389
15943.3661388375
15943.4686271468
15944.4379698654
15943.2220981512
15943.3653456056
15944.310078196
15943.4495658273
15943.2452838382
15944.4019065921
15942.9970738118
15943.2820793578
15944.3862112269
15944.489684101
15943.3372585767
15943.2708166695
15942.9970738209
15944.6388598994
15943.2321655576
15943.5541342024
15944.645688449
15944.6415852509
15944.303670761
15942.997073812
15943.3075126083
15944.2371704821
15944.2960838382
15942.9970738138
15944.4133798709
15944.2412831999
15943.4408488287
15944.2009559577
15943.3607903079
15943.3322558484
15943.3705190737
15943.3454744605
15944.2688642611
15943.3043830705
15942.9970738444
15944.4995953159
15944.4846174411
15944.6408059252
15942.9970738159
15944.8451079258
15943.4477474208
15942.9970738169
15944.3602212728
15942.9970738166
15943.7515596532
15942.9970738188
15942.9970738108
15943.4453612079
15942.9970738469
15942.9970738142
15944.1689853969
15944.7520346805
15943.5053340797
15945.0263151572
15942.9970738112
15943.1905613035
15944.6704700032
15943.4228672914
15943.3213987817
15942.9970738165
15945.0371980781
15943.3556707448
15944.4157661321
15942.9970738131
15943.3787902498
15943.3411041431
15944.6776613377
15942.9970738173
15943.8631080517
15944.3685389844
15943.4867771902
15943.5980223223
15944.3583191272
15942.9970738186
15943.4250519737
15942.9970738147
15942.9970738241
15943.3586175525
15944.6531007153
15943.3797498048
15942.9970738166
15943.6190010736
15944.6367489603
15943.5575488707
15943.517050541
15944.3200090597
15944.4195548372
15943.682119943
15944.4767075723
15943.9890438721
15944.4947168395
15944.6074150083
15943.377856186
15943.3358216768
15944.6255748384
15942.9970738135
15943.2329397501
15942.997073813
15944.0504236038
15943.2613950145
15943.4816640347
15943.6020679945
15944.9872364985
15943.5235255877
15943.3039945395
15944.0603117881
15944.7077337921
15942.9970738191
15942.9970738186
15942.9970738225
15943.4900730527
15943.2368422593
15944.3715577266
15943.4580114577
15942.9970738149
15943.3541531774
15944.4434269869
15944.4030148334
15943.4024518699
15944.6026499792
15944.867450469
15943.307291867
15944.8395362905
15942.9970738173
15943.5637079193
15944.540728619
15944.4827175326
15943.2245623832
15942.9970738146
15943.2443440618
15944.2641987538
15944.4727476097
15942.997073817
15944.2871542883
15943.420636938
15943.3914811906
15943.5283180686
15944.2600000852
15945.1329023314
15942.9970738177
15942.9970738127
15943.2906765974
15943.3327284922
15943.9539332446
15944.1489160962
15944.2876278613
15943.9863313554
15944.3282439748
15943.1640721247
15943.4696573413
15942.9970738199
15944.6158258265
15944.4790782989
15943.4594043618
15942.9970738141
15943.3667922423
15943.3696634732
15944.1637666564
15942.9970738176
15944.988018959
15943.4925413565
15943.3172613622
15944.3928564094
15943.4087770069
15944.9553351634
15943.2760338667
15942.99707392
15943.2509489051
15944.368133563
15942.9970738148
15942.9970738206
15942.9970738137
15944.5934956011
15943.371922822
15944.0476686685
15944.6314503683
15943.4502063389
15943.2220085839
15943.5419079434
15943.4552849662
15942.9970738169
15944.6133589898
15944.6923162154
15943.2805907177
15944.706934246
15943.4175335367
15943.4405169646
15943.2352189112
15944.5684615589
15944.4568829649
15943.4635438717
15943.1298223804
15944.5796406622
15942.9970738184
15944.4043419731
15944.6605253714
15942.9970738147
15944.2095791643
15943.3276105979
15944.4164684762
15943.9555662266
15944.5311076408
15943.1871241043
15944.7308255618
15942.9970738218
15944.2102280588
15944.2705829712
15943.3722894481
15942.9970738169
15944.2864214358
15944.453447109
15943.4084400424
15944.2301380829
15943.2907813777
15944.2689533676
15942.9970738193
15944.7158375782
15943.3028773707
15943.2708609611
15944.6775073473
15944.4174613208
15942.9970738182
15944.3504821784
15944.3312386534
15943.3410123871
15944.3043061394
15942.9970738011
15944.2619788971
15944.4287769208
15943.5503469515
15943.3423411865
15942.997073819
15943.2906031258
15942.9970738145
15945.0395781539
15942.9970738159
15944.501852001
15943.4533671206
15943.5819361149
15943.309794945
15943.4047424028
15943.2413794415
15942.9970738109
15943.2915258728
15942.9970738176
15944.4491848223
15943.4501042583
15942.9970738155
15943.4448571781
15943.3205903505
15944.2552018426
15944.4822214049
15944.8241041051
15943.468811725
15942.9970738097
15943.6064311119
15945.1241973959
15942.9970738117
15943.3147666607
15943.686541647
15942.9970738168
15943.6446529986
15942.9970738106
15943.3590879438
15944.4628064879
15944.6209979293
15943.3352473866
15942.997073815
15942.997073812
15942.9970738145
15943.2683384309
15943.4193241418
15944.6075396647
15943.4571802123
15944.4190079304
15942.9970738863
15943.50287948
15944.2829244599
15943.3882590432
15944.2987658079
15943.399334247
15942.9970738181
15944.2776762149
15942.9970737787
15944.8986326888
15943.5550628125
15944.1982505233
15942.9970738099
15943.4379122805
15944.2112555212
15942.99707382
15942.9970738156
15944.5522801791
15944.5827405135
15943.4110776637
15943.3497249642
15943.4500434778
15944.5171973692
15943.6161895609
15943.3963157656
15943.4316315325
15943.9747302969
15944.3902849623
15943.4796157635
15943.4268095057
15944.2289481816
15944.718048201
15943.3512296764
15943.3255077905
15944.5676704837
15943.7189900812
15943.4604683531
15944.8354313634
15943.3923110741
15942.997073817
15942.99707382
15943.5723246691
15943.3506342207
15942.9970738401
15942.9970738164
15944.7409011509
15944.6296127611
15944.4685870884
15942.9970738177
15943.4249677697
15943.4719249507
15944.4096619895
15944.6258960406
15944.4453143752
15944.0840197477
15942.997073816
15944.3291581023
15944.4441669939
15944.1016556953
15942.9970738156
15944.6952618126
15944.7826658293
15943.2968048364
15944.5367369037
15942.9970738142
15943.299749375
15943.5425239445
15943.7228089885
15945.060414408
15943.33497454
15942.9970738136
15942.9970738014
15944.3958255179
15944.0574930549
15943.3218569819
15943.2672380355
15943.1492484304
15942.9970738066
15943.6281590654
15943.4252851559
15944.1892958011
15943.4912417664
15942.9970738823
15944.5700225673
15944.5711304443
15943.252208725
15943.9998423194
15942.9970738142
15943.2998848338
15942.9970738154
15943.2483241586
15943.3514331429
15943.3776289859
15943.4907562381
15943.3160140068
15944.1531318262
15942.9970738117
15943.5933254303
15942.9970738141
15943.4820029697
15944.4911553725
15943.2415244182
15944.4758544222
15942.9970738181
15944.4855315018
15942.9970738138
15944.2721246604
15942.9970738179
15944.8195906389
15944.4098885109
15943.2143101562
15944.6212496275
15942.997073918
15943.3839556341
15942.997073814
15943.6992486969
15943.3790620238
15944.3813020824
15943.303172975
15942.9970738208
15944.511665242
15944.6286320269
15942.997073802
15943.3430256824
15944.758844526
15944.7179826571
15943.3102547807
15944.4540153851
15944.3128826487
15943.4437087479
15944.6811876497
15944.1131925787
15943.4491488992
15944.6004576217
15942.9970738146
15944.229534555
15944.5308517708
15944.6425277782
15942.9970738197
15944.2515646797
15943.4747657933
15944.2637114488
15943.4629875579
15944.0255578882
15943.1683676626
15943.5670214748
15942.9970738177
15942.9970738135
15944.1116496938
15942.9970738128
15944.3482621321
15944.6077374783
15942.9970738136
15943.3604216848
15944.4428757019
15942.9970738157
15943.5828683138
15943.4102503263
15945.0935013314
15944.6740734106
15943.3388651452
15944.5049539758
15944.5162941524
15942.9970738176
15942.9970738201
15942.9970738212
15943.4158599751
15943.362128374
15943.3449527482
15944.1081436221
15944.5149700185
15944.6910110148
15943.5010605939
15943.2064532665
15944.5580273931
15943.6339562847
15942.997073847
15943.4122412385
15943.4130230092
15944.507862569
15943.4506377087
15943.3034593021
15943.316978119
15944.3320225035
15943.4186818995
15943.2294847284
15944.0022996133
15944.8747012619
15943.3978106743
15943.2968515297
15944.9212506732
15942.9970738164
15943.3978310528
15944.7827241063
15943.4396174249
15943.3950540153
15942.997073815
15944.0752391972
15944.2083579171
15942.9970738119
15943.2786527835
15942.9970738171
15943.4942127102
15944.5371255991
15943.6031158414
15944.5077615701
15943.2409429578
15944.8968988194
15942.9970738207
15944.5356960888
15944.3283397231
15944.1499444713
15942.9970738099
15944.2159770612
15944.4433945358
15943.2628203248
15943.236744904
15942.997073823
15944.5203701324
15944.3817585211
15943.4894876461
15943.2892198817
15943.3652291211
15944.3918335903
15942.9970738098
15943.324579552
15944.7681420774
15944.9177012904
15944.0174835743
15942.9970738184
15942.9970738153
15944.3499585041
15944.659478267
15944.3999647273
15944.7061335492
15942.9970738136
15942.9970738108
15944.3260197543
15943.4362300813
15942.9970738192
15943.4261439009
15942.9970738177
15944.715474565
15942.9970738183
15942.9970738136
15944.4303365797
15944.5972004704
15942.9970738084
15944.5573051633
15943.3301318783
15944.158935825
15944.5582674091
15942.9970738147
15942.9970738191
15943.4279413027
15943.7396535714
15944.4700627971
15943.2763480519
15942.9970738227
15944.6119058401
15942.9970738145
15944.6663705841
15943.2755753424
15943.5488252857
15943.3870958392
15942.9970738145
15942.9970738192
15944.4337431526
15944.2877658338
15945.1369838611
15943.8127219091
15943.6463636804
15944.2710355887
15942.9970738182
15943.4263411325
15942.9970738887
15943.3555531724
15944.3079943983
15942.9970738172
15944.2826142633
15943.6761292967
15943.2285950509
15943.3543453295
15943.418434165
15944.4723778762
15943.5578354228
15944.5400540753
15944.353341089
15943.32575957
15943.1734249776
15944.269839015
15942.9970738189
15943.97145006
15943.1364176679
15943.450087802
15944.1684364511
15943.3210501438
15943.0644660063
15944.2125101527
15944.6183267528
15943.3120610489
15943.4580219626
15944.7171096189
15942.997073817
15943.45387811
15944.7271882587
15943.2673409218
15944.1489792002
15942.9970738163
15944.82492511
15943.1377252546
15943.9963589707
15944.3769131273
15943.4771198779
15943.487044206
15943.3284764471
15945.2332705812
15943.2736749885
15944.8253756374
15942.9970738171
15943.3568624424
15944.7639563293
15943.5426292914
15942.9970738168
15943.1700722271
15944.6061952901
15944.2977786659
15944.667188582
15943.7189181503
15943.1026224497
15942.9970738205
15943.366582492
15943.5806594159
15943.5556579572
15944.4833143704
15942.9970739958
15942.9970738161
15942.9970738112
15943.3275439148
15943.3941641039
15942.9970738195
15942.9970738238
15944.6411904616
15943.3646420536
15943.4724769979
15943.4843687324
15942.9970738098
15943.7984736432
15944.5991593598
15944.3146929474
15944.5519760676
15942.9970738142
15943.6374482393
15943.8022695932
15943.429711104
15944.4320954367
15943.3089226693
15944.5219466426
15942.9970738206
15942.9970738105
15943.1698253983
15942.9970738166
15945.3050628499
15944.9021606835
15943.360942285
15944.3994923953
15942.997073808
15944.3013495117
15943.4025002874
15943.5520011448
15943.4226144866
15943.3083675056
15943.2356773046
15944.3764999778
15943.646939224
15943.493960265
15944.428255766
15944.4876495496
15942.9970738084
15944.6167449742
15942.9970738131
15944.773207618
15943.0920726831
15942.9970738172
15943.2431463027
15944.16628771
15943.2258857313
15944.7242602353
15944.4868064082
15944.5458737712
15943.1846592352
15943.5079702434
15943.3109218588
15942.9970738204
15943.3674652622
15943.3178148109
15944.5510507088
15942.99707382
15942.997073809
15943.4623142053
15943.30513597
15943.4758872545
15943.1380666967
15942.9970737973
15944.6327380873
15944.7268589849
15944.1459435353
15944.3247562177
15943.2797443056
15944.3060350258
15943.4997779666
15944.2674043058
15943.2273076882
15944.7360530162
15943.5316513411
15944.5176797605
15943.2689556614
15943.6729683708
15944.3063081611
15942.9970738215
15943.4917112427
15943.3791518995
15943.4551950976
15943.3473447635
15944.7890859492
15944.1157866567
15944.3551459732
15942.9970738184
15943.3055366554
15943.2304462922
15942.9970738167
15944.5741339269
15944.4392679734
15944.4155349868
15942.9970738216
15943.3980946136
15944.5850624504
15942.9970738165
15943.5326484194
15944.5325166016
15942.9970738162
15943.3580264431
15944.381231728
15944.3416138112
15942.9970738231
15943.3320362647
15942.9970738393
15942.9970738155
15943.4710688514
15944.1591473946
15944.3515576528
15943.3569613003
15943.4467750949
15944.3103197498
15943.0749009623
15944.362389539
15943.5545959073
15943.3189268316
15943.0413147838
15942.9970738113
15943.8643956775
15944.1259091163
15943.5690094548
15942.9970738159
15942.997073817
15944.1296274014
15944.7576976589
15943.4794966768
15943.5562966701
15944.2715134083
15943.3834429872
15944.4522515766
15944.5447356136
15943.557102755
15943.4947040206
15943.4249595334
15943.2517331203
15942.9970738139
15944.3878759767
15943.221500642
15944.3409465095
15943.3188577819
15943.2697467179
15944.471626404
15942.9970738152
15944.3109809934
15942.9970738113
15943.1143158343
15942.9970738119
15944.55143219
15943.5212394172
15942.9970738097
15942.9970738131
15943.7206410455
15943.5545502136
15943.4888213731
15944.4855580903
15944.6433509919
15943.5352346561
15943.3255992904
15944.5127459564
15943.3438722957
15944.4675678132
15943.3968528781
15942.9970738182
15942.9970738123
15942.9970738131
15943.4906198289
15944.428530636
15944.5544604017
15943.4671540626
15944.1433920812
15944.6006711976
15944.248191511
15944.7089127994
15942.9970738156
15943.5792861191
15944.5874853593
15944.4388783899
15944.7335919361
15942.997073821
15942.9970738171
15943.5285495572
15944.5695869899
15942.9970738223
