# type 3 occupying volumes
15966.0849208513
15967.8684152187
15967.8933794571
15966.5185747763
15966.0928068514
15966.260442702
15966.4067813955
15967.7160588551
15967.2454121805
15966.23791862
15967.0145795293
15967.5083477713
15967.3838781566
15967.1991586977
15967.569827642
15966.0275803574
15966.51857479
15966.5185747774
15966.5185747811
15966.5862895591
15967.4835077864
15968.1818283035
15967.6116976543
15966.1306395361
15966.1692770458
15966.518574926
15967.4858757578
15967.4462153747
15966.5185747768
15966.5185747923
15966.5185747871
15967.6439103268
15966.3694988609
15967.5756541728
15967.7773176541
15966.302741964
15966.3160373166
15967.5581184333
15967.6530560052
15966.5185747953
15966.3936977858
15966.2999763842
15966.1315472872
15968.2140210483
15968.1914132853
15967.8358158927
15966.0307086262
15967.6696812627
15966.518574782
15966.5185747946
15966.306878267
15967.3940355282
15967.5003842653
15967.7258259529
15967.9701473352
15965.9966720286
15967.6093480662
15966.518574791
15967.4929585014
15967.4443160269
15967.5616295286
15967.4727283466
15967.4822577597
15966.1309015513
15966.2263075287
15966.4500333855
15966.518574798
15967.7858643306
15966.1926372818
15966.5185747795
15967.6533938191
15966.1576552245
15966.5185747238
15967.6592626426
15966.5185747877
15966.5185747835
15966.3218041567
15966.5185747812
15966.6711791163
15966.1961300698
15967.961306938
15967.6523075485
15966.5185747691
15966.0835799408
15967.8556088198
15966.2556303468
15966.3207371221
15966.8333768419
15966.2677320936
15966.0837565769
15967.7690337401
15967.3183670354
15966.2038940328
15968.413674426
15967.6893496061
15966.6046512314
15966.5924634349
15966.818582495
15966.5185747843
15967.6601308338
15968.0761590052
15966.2983072458
15966.5185747906
15966.5185748055
15967.6638823464
15966.5627292156
15967.5802034607
15967.7034435119
15966.6067220718
15966.5185747871
15966.5185747843
15966.6035206911
15966.1206804266
15967.8801077718
15967.6828240346
15966.5185747846
15967.7324831633
15966.5185747792
15966.0355258666
15966.5185747851
15967.0143579588
15966.5185747899
15967.4818407044
15967.5839590686
15967.1977336229
15967.2225668613
15967.871920122
15966.5185747891
15966.2185630799
15967.9458109158
15967.7097393797
15966.0346005155
15966.5185749029
15966.5185747946
15966.2641830423
15966.6532546707
15966.4968212374
15968.3243733227
15966.771890866
15966.418310315
15967.6775950853
15966.5185747783
15966.5185749508
15967.731245788
15967.9126800257
15967.3386662476
15967.6313459861
15967.7860902465
15966.5185747857
15966.518574783
15966.5185747882
15966.1253670847
15966.5185747785
15967.6004012664
15966.5185745525
15967.447704304
15966.1139120055
15966.5185747959
15966.2417922733
15967.1862358647
15966.2846782521
15967.8334832712
15967.9429464186
15967.947656097
15965.8697432018
15966.482866072
15966.5393672082
15967.7679021103
15967.6252425062
15966.1699061745
15966.315847669
15966.5237188991
15968.2137581287
15966.1542971593
15967.6800739968
15966.7440526236
15967.7441076311
15967.36132419
15967.3847362815
15967.2764834203
15967.8662835166
15965.9425741344
15967.4795126718
15965.9611007386
15966.0008722284
15967.4362427739
15967.50979258
15967.3684936634
15967.6150892614
15967.5108286991
15967.1966291362
15967.3788461666
15967.2449024143
15966.2846021727
15966.1988915996
15966.2331652425
15966.5185747944
15965.980003486
15966.518574732
15968.2905437881
15966.6308959556
15967.8294977759
15966.5185747848
15968.0618148875
15966.6466845908
15966.2704004794
15966.1131152915
15966.518574783
15967.0074472761
15966.3954131532
15966.518574791
15966.5185747889
15967.4315194927
15966.0778732454
15966.5185747731
15966.0309011976
15967.4091008995
15966.2755499626
15966.1351413083
15967.4917705585
15967.859148443
15966.5185747862
15966.1005796008
15967.4925910639
15967.9194909855
15966.0802146363
15966.4604036301
15967.3657046753
15967.3466503597
15967.4058690714
15966.5893205202
15967.6180152017
15966.1987602329
15966.5185747939
15966.1426195573
15967.5764879742
15967.4415045108
15967.7230019387
15966.2373058437
15966.5604334203
15966.5185747905
15967.6563165252
15967.867608006
15966.5335726037
15966.7572239127
15966.0675805079
15966.5074374768
15966.422608643
15967.7401383355
15966.6761166042
15966.5185747831
15966.518574769
15967.6228058731
15966.324569376
15967.813788644
15966.5001624676
15966.7154530782
15967.6874008442
15966.0008959348
15967.5563972458
15967.6590329818
15966.0119051012
15966.5185747914
15966.5916263155
15966.5185747857
15966.518574769
15967.5014708248
15967.6177115719
15967.6762020672
15967.7516042659
15967.7146356931
15965.899010086
15967.8434340033
15966.518574797
15967.932329217
15966.5185747844
15966.5538436325
15967.5857832303
15966.2160449027
15966.084813074
15967.6683446291
15966.1052226695
15966.2112487835
15966.4795438103
15966.5185747774
15966.0089252736
15966.2386765356
15966.1575728178
15967.4227483238
15966.1541311667
15967.6566939607
15967.7297550352
15967.5079669718
15967.6527868356
15967.9535766097
15966.691578529
15967.808166932
15966.1437285643
15967.9731060655
15966.0314392665
15966.5185747907
15966.0855644264
15967.2680672233
15967.833840272
15966.5185747969
15966.1870315846
15966.5185747799
15966.021463946
15966.632192609
15967.5379090022
15968.1150711493
15966.5185747758
15967.820974321
15967.452620162
15967.6435003414
15966.3797304315
15966.518574779
15966.1852683716
15967.4027059493
15966.4162746155
15968.1252678538
15966.2069930732
15966.2942576242
15967.3783421067
15967.3860989161
15967.6126433725
15966.4493697983
15966.5942888082
15966.6153124856
15966.6179278461
15966.398836985
15966.2326508909
15967.0098956707
15967.1815422251
15966.4265856976
15965.9797041675
15967.4306865662
15967.5507419109
15966.2942817748
15966.37284963
15967.7266437909
15966.1722978707
15967.5817585719
15967.9014634817
15965.9929369022
15967.6671620704
15966.7491687894
15966.6375757371
15967.7353218188
15966.3506738161
15967.9434570457
15966.7945823054
15966.0929065564
15966.5185747809
15966.5350840587
15967.2581766505
15967.157974358
15967.2764818943
15966.0968659116
15967.6491494008
15967.5810379485
15966.2003349983
15966.0616854593
15966.5185717493
15966.3334942086
15966.385856129
15967.0480762305
15966.3836087118
15966.9318008575
15967.4588484832
15966.5185747853
15966.5185747656
15966.5185747908
15967.5276727548
15967.7548896102
15966.2481263785
15966.3311016084
15967.44449602
15966.273116206
15967.4672674393
15967.7322529938
15966.2016817212
15966.4435429309
15966.3528578846
15967.2270717157
15967.2599801249
15966.3426064376
15967.3710119136
15967.2481897606
15967.500793478
15967.5572213759
15966.0998745031
15968.1541020794
15967.3288703378
15966.2455141958
15967.5087986562
15966.262256747
15967.4961339132
15967.4037128298
15966.4312752411
15966.5185747814
15966.4733881603
15967.7629953661
15966.3156958191
15966.3617655472
15966.5264297105
15967.7534139215
15966.3654820905
15966.5532041998
15966.3331259812
15966.2323888064
15966.2456029598
15966.3480019527
15967.5409298017
15967.1816546856
15966.1505669756
15967.7181407027
15967.2852231412
15967.5888040638
15966.0702562852
15967.5711101603
15966.3218375266
15966.2696564947
15967.0891132789
15966.4000419965
15967.6841736924
15967.6010096607
15966.1128288571
15967.6151815211
15966.5185747876
15966.5185747863
15967.3737610619
15966.2771197131
15967.714615959
15966.4952179903
15966.5185748104
15966.5185747655
15967.6044090001
15966.3533014415
15966.4189045321
15967.8346309572
15966.5185747782
15965.9862981782
15966.8157617386
15966.518574785
15967.7552908397
15966.4148755951
15966.3426723288
15966.5525887149
15966.5185747808
15966.5185747907
15966.5185747815
15967.3863961004
15966.5185747751
15966.1046533106
15966.0714496952
15966.170635395
15966.1118489181
15967.876338518
15966.5185748256
15966.5185747876
15967.793838322
15966.5185747845
15967.2836697543
15967.6885942777
15966.4073975409
15967.6860668952
15966.5185747755
15966.5185748093
15966.6826144458
15966.1440558719
15966.5185747879
15968.0998189941
15966.5185747829
15966.5185747775
15966.2962650937
15966.4323018457
15966.5185747882
15966.3719490582
15966.1397741268
15966.5881033653
15966.5185747946
15966.3072687049
15966.5884907775
15966.5185747821
15967.994588382
15966.3912953632
15967.7740502937
15966.5185747773
15966.5185747896
15966.2741692408
15966.5185747862
15966.5185747759
15966.6892239494
15967.7051313636
15968.2330613087
15966.5185747863
15967.5940588547
15967.4241038374
15966.5185747939
15966.5185748065
15967.021018634
15967.3811520885
15966.5855143627
15965.9454034593
15966.2445436666
15967.7705687134
15966.3480572648
15966.2154995978
15966.5185747761
15966.518574778
15967.4273034995
15966.5894622622
15966.4775822495
15966.3962848959
15967.4306217653
15967.3837147137
15966.2448003146
15967.9330392232
15968.0651470402
15966.0682408662
15966.518574782
15967.4896223995
15966.5185747843
15967.3670247568
15966.6740698541
15966.0989477427
15968.0649189072
15967.4357431233
15966.4363895333
15967.8709242164
15966.7134509012
15966.5185747857
15966.7220537263
15966.5185747813
15967.6746850409
15966.5185747775
15966.1944625734
15966.5185747714
15968.1777100837
15966.5185747703
15966.3358063262
15966.4924337926
15967.3921426008
15966.2735602103
15967.2875794713
15966.5185747855
15967.652281617
15967.7451792642
15966.5185747695
15966.3330245376
15967.6412724704
15966.253157393
15967.58426945
15966.4154249129
15966.424380423
15966.3708984878
15967.2479986352
15966.5695686432
15966.2216757719
15967.5151507464
15966.2434801252
15967.5010181285
15966.2267561334
15966.1913385409
15966.4241078626
15967.4017436588
15966.5185747841
15966.5185747835
15966.1258224872
15966.582429624
15966.5185747986
15966.6403964427
15966.4914131065
15966.2945025016
15967.1283399956
15967.0910214589
15966.2606717123
15966.2696889746
15966.3017513031
15966.3467188262
15967.6183594156
15966.518574775
15967.2898379129
15967.5365375038
15966.1559696904
15967.4399963426
15967.4044558439
15967.8146575215
15967.4097869288
15966.5441059492
15965.917892029
15967.453553012
15966.9822607987
15966.2195587202
15966.3981330833
15966.3523241738
15967.448197903
15967.0320676139
15967.1236910765
15967.3447092496
15966.3475682053
15967.5190093254
15966.637557941
15966.5015241781
15966.5185747862
15966.2170908936
15966.5185747826
15967.6410590069
15967.1666706056
15967.4110015347
15966.5666050789
15967.6521441326
15966.5185747951
15966.5185747835
15966.5185747812
15966.5797349563
15966.5185747898
15966.5185747817
15967.9961069887
15967.6912862751
15966.418556131
15966.2009966091
15965.9705444806
15966.5185747811
15966.5185747766
15966.5185749059
15966.5185747926
15965.9626070324
15967.5896409521
15966.5185747862
15966.1274121709
15967.9302797189
15967.4759530308
15966.5185747804
15966.2221783925
15967.7327350829
15967.7908175644
15968.1788352399
15967.4642612552
15966.3085246132
15966.6047358107
15967.6172730107
15966.2237391786
15966.5185747766
15967.7036332732
15966.5185747831
15967.9044595072
15966.1197901148
15965.8484395957
15966.5185747817
15967.5589462735
15966.116578468
15967.6331971554
15966.1535041524
15968.2207387071
15966.518574776
15966.5185747887
15966.6185897828
15966.4383380839
15966.6687685828
15968.0411764363
15967.592461603
15967.8507492746
15967.4079562612
15967.8088992875
15966.5185747867
15966.1577435925
15967.213964735
15966.5185748043
15967.8050179519
15966.1921442348
15966.5185747816
15967.8920383489
15966.1769161479
15967.7198481543
15966.1258393351
15966.5185747808
15967.7378996631
15966.6089201832
15966.6441623914
15966.0815716773
15967.965919125
15966.190160218
15968.1137820172
15966.5151855742
15967.5505409786
15966.0993998953
15967.5804537331
15967.7610469963
15966.5185747818
15967.3749613741
15967.7240725888
15966.3127132071
15968.0064977892
15966.4641221409
15966.456011876
15967.6856107215
15967.9184240817
15966.1910367644
15966.4235531793
15966.0862092467
15966.5185747858
15967.5856927947
15966.300358326
15966.15498477
15966.4540346878
15966.2868325925
15966.5112672833
15967.0315629053
15967.6466009468
15967.682071309
15966.1969930937
15966.2916652681
15966.3027916897
15966.5185747791
15967.2965965295
15967.5410467288
15966.175065281
15967.6827548745
15966.4551123705
15967.6588863704
15967.4196570973
15967.7126322095
15966.3946186538
15967.7432401144
15966.0318814555
15967.7261702749
15966.5185747081
15966.2186762599
15967.5299141767
15967.591896753
15966.4830732077
15966.5185747845
15966.1695396965
15967.24984675
15966.1899525521
15967.2320912475
15966.4283111264
15967.6953583291
15965.9651747995
15967.5874226511
15966.51857479
15966.4231577171
15966.5185747868
15966.0139620671
15966.518574783
15966.5185747845
15966.5185747906
15966.3956708425
15967.3557503239
15966.4470582998
15966.4021772122
15966.5438239525
15967.6109492567
15966.4674104094
15966.5185747856
15968.0142499202
15966.5185747828
15966.7065738269
15967.5482034695
15966.5250327145
15967.4677784829
15967.4610885443
15967.2302366421
15966.6354922286
15966.4679605736
15967.4043908931
15966.3932527903
15966.3364260916
15966.1880004442
15966.1960292989
15967.3730235508
15968.0036476103
15966.1031542264
15967.6996408751
15965.9465944365
15966.5185747785
15967.6576087636
15968.0157162829
15966.1592673983
15967.6276360617
15967.4234142276
15967.5649044572
15966.3034645378
15966.1684948758
15967.3236178566
15966.2039058868
15966.2874478293
15966.5185747827
15966.5185747937
15966.6626090254
15967.582568693
15966.1675147988
15967.9714430745
15966.2542081736
15967.6426387191
15966.1074785067
15966.1575578036
15967.0348514208
15967.2023729285
15966.611245416
15966.2774560272
15966.309050722
15967.9229892511
15966.807795878
15967.9720408366
15966.0386977743
15966.1383429925
15966.5944943052
15965.900124383
15966.5185747956
15967.5182429481
15966.383871576
15967.1168521031
15966.434334425
15967.3297377733
15967.3264465749
15967.8640882868
15966.6223977487
15966.518574798
15966.1134701144
15966.3604913145
15966.5185752855
15966.5185747797
15966.1946310756
15966.5264112666
15966.2541440235
15967.4912907394
15967.8021055292
15966.5185747879
15966.7841881474
15966.5185747819
15967.1836358297
15966.1734924063
15967.4154336899
15966.5185747969
15966.0785798381
15966.5185747881
15966.518574781
15966.0257651193
15966.1786608919
15967.8993111837
15967.3388481333
15966.4604037723
15966.6693310442
15966.5185747913
15966.2339756993
15966.4397427521
15967.7497982969
15966.6870346176
15967.6749651599
15966.2549117163
15967.4270063694
15966.5185748162
15966.0973970765
15967.8400015644
15966.4831947805
15966.1927702931
15966.5185747883
15967.4697236216
15966.1686931212
15966.5765401764
15967.8858654229
15966.5674870688
15966.5792648244
15967.119930719
15966.6488877566
15966.5185747885
15966.5185747813
15967.7815849806
15966.5185747895
15966.1309692318
15967.9636348432
15967.849084718
15967.2397108336
15966.5074849366
15966.0682893429
15967.9450219681
15966.2187337818
15966.1200313999
15967.2289042439
15966.4948406473
15966.5037181716
15967.6128667794
15967.4271374201
15966.2818420968
15967.4468361242
15967.312872634
15966.5185747906
15966.3654366469
15966.0201827339
15967.73919265
15966.0620493558
15966.124171824
15966.5973692136
15967.5795467507
15966.5185747752
15965.9294374248
15965.9528526768
15966.5185747829
15966.5185747907
15967.6317200207
15966.002772544
15968.0108402522
15968.0531128624
15966.5185747822
15966.2522754724
15966.5185747874
15967.6010862777
15967.4853557169
15965.9827934458
15966.826439067
15967.2229076192
15966.3869329677
15966.1918990856
15966.2494888348
15966.5185751605
15967.8509452225
15966.5185747862
15966.5185747797
15966.4631523794
15966.5427010352
15967.2380825483
15966.0118259426
15967.9506285275
15967.8804553108
15966.867186913
15966.2476599685
15967.4976602008
15966.6075055575
15967.3257171257
15966.3882984822
15967.5482831491
15967.2792530821
15966.4472897021
15965.9586749612
15967.6220651501
15967.672773262
15966.5185747784
15965.9231929856
15965.9936938359
15966.5185747916
15967.5401141671
15966.1244005112
15967.8874685215
15966.0962931531
15966.6672697411
15966.1510712265
15967.5593116875
15967.3902496143
15966.5155082992
15967.4505453666
15966.4073249275
15966.5293328894
15966.5185747759
15967.6094896844
15966.0503773799
15967.461986105
15965.9867908482
15966.5185747823
15966.0942148982
15966.7818092449
15967.5346098318
15967.2791503672
15967.9139530573
15967.4253773152
15966.2058106803
15966.205571707
15967.7535248747
15966.363850718
15967.243253779
15967.7977102113
15967.3172165907
15967.5238783623
15966.3218684595
15966.5185747777
15966.5602747164
15967.8745220761
15967.251121141
15967.4040811463
15966.1645732103
15967.6096721148
15966.3759932434
15967.3465104427
15966.204998621
15967.1986176232
15966.280625522
15966.2707790106
15966.1976057238
15967.7958669383
15966.0015510331
15967.4386206404
15967.3091674826
15967.2589692443
15967.4442607378
15966.2524916167
15967.3845487913
15966.192890155
15966.6345575716
15966.2635447869
15967.2126093751
15967.574937918
15967.7634194041
15966.5086145533
15967.3086160736
15967.5598525006
15966.5185747908
15967.6269806419
15966.085857103
15966.2060746334
15967.7879288892
15966.3848331086
15966.5185751156
15966.311960596
15967.4336481863
15967.3658700043
15967.6640628326
15966.3340648095
15966.1595722746
15966.5236920699
15966.4202273992
15966.1638129726
15966.5185747917
15968.3397331105
15965.9985305745
15966.5185749664
15966.5185747655
15966.5185747891
15967.8736546017
15967.7852131265
15965.9487493484
15967.8419792409
15966.1479674928
15966.5185747523
15966.5185747784
15966.5185747775
15968.3325868246
15966.5185747834
15968.0348216226
15967.7324886991
15966.060791557
15965.9561389804
15966.5185748079
15967.8685657473
15966.518574593
15966.0544236652
15966.5185747851
15966.0404354004
15966.5185747855
15967.7669913342
15966.518574642
15966.5185747921
15966.5185747916
15966.5185747867
15966.5185747754
15966.5185747792
15966.097808923
15967.9001608424
15967.832205957
15968.0625698097
15966.5185747847
15967.7407329627
15966.2183096541
15966.3703631849
15966.2551929066
15967.4711769136
15966.5185747889
15966.0490739713
15967.4610692057
15966.1472401079
15966.5185747772
15967.7742888923
15967.8145628058
15966.0363770375
15966.5041030985
15966.5185747877
15966.5185747827
15967.461421059
15967.6747331867
15966.1267308791
15966.5185742343
15966.0638817384
15966.5185747991
15966.5808472227
15967.6440092012
15966.5185747698
15966.5185747807
15968.1991872776
15966.5185747817
15967.8870803458
15966.4943920578
15968.076008658
15966.5185747951
15966.064641474
15968.2917215117
15966.5185747876
15966.5185747787
15965.9448967042
15967.5589518372
15966.5185747865
15966.5185747868
15966.1084856812
15966.6684582278
15966.6011794594
15967.485527536
15967.5333274673
15965.9901787435
15966.5185747927
15966.5477983738
15966.2279091862
15967.3519648935
15967.5018676721
15966.2124389701
15967.8972489338
15967.5476687073
15967.6776339026
15966.5185747796
15966.151227442
15968.2270836542
15966.083839489
15968.1757651272
15966.6036491091
15966.1399297308
15966.5185747754
15966.1909225223
15966.5185747856
15966.6201345465
15967.5397419407
15966.5185747888
15968.1444245699
15966.0789854928
15966.518574795
15967.4118852362
15966.3895742381
15966.0980965328
15966.5185747837
15966.5185747853
15965.9656969837
15966.5490888056
15966.5214753632
15965.9821251061
15966.2547615811
15966.1167372734
15966.1888112965
15966.2428026869
15967.9002359722
15967.1994340131
15966.5185747961
15967.710205448
15967.6543924546
15967.5606844106
15966.7095978795
15966.0322912684
15966.5232306922
15967.4361858276
15967.1183370734
15966.1761600793
15966.4382396038
15967.8464737245
15966.2190620791
15966.2804045117
15967.6306837906
15966.686908988
15966.5515472971
15967.8026169965
15966.406412763
15967.7601841687
15967.2806037364
15967.5152028707
15967.3778689806
15966.189930548
15967.3568219783
15967.6384667934
15966.4997450987
15966.2457391346
15967.9590080151
15966.5437877648
15967.8212857902
15967.6513298324
15966.0146570291
15967.7089382195
15967.4521995082
15966.2463357166
15966.1554946594
15967.8422517438
15967.8228564777
15967.7267738039
15967.6317395661
15966.1710660347
15966.5185747728
15966.51857479
15966.5185747921
15967.1945847292
15966.5185747812
15967.6566899385
15966.5185747913
15966.5185747939
15966.5185747769
15966.0815837172
15966.5185747827
15965.9254962149
15966.5185747639
15966.5185747897
15966.1067387397
15966.5185747802
15968.193034588
15966.3045432535
15967.6956011044
15966.5185747891
15967.9662897574
15966.5185747786
15967.9752263901
15966.2077021983
15966.5185747839
15967.6716235548
15966.5185747833
15968.0995650862
15968.4267447816
15966.5185747911
15966.5185747891
15966.518574785
15965.8283589096
15967.9966614874
15966.2211778123
15965.9206121679
15966.5185747767
15967.6663161085
15967.8960386586
15966.5185747812
15966.5185747856
15966.5185747734
15967.8476457142
15967.2834848307
15966.0672823956
15966.5185747821
15967.7782086769
15966.4169157704
15967.6489581622
15967.3876255028
15966.2185076012
15966.3190702177
15966.3810673024
15968.1894816838
15966.5185747911
15966.518574781
15965.7834816039
15966.0560344837
15967.8686711818
15966.5185747996
15967.9482721525
15966.0883262197
15967.6494229221
15967.3313197897
15967.4100663896
15967.5278992512
15967.6290842031
15966.0941671755
15966.0395437431
15967.8413467448
15966.3690314797
15967.3967002515
15967.8028453762
15966.5185747883
15966.5185747733
15966.1271627942
15967.5367662067
15966.5185747862
15966.1528028978
15968.0200804958
15966.0045551688
15967.5458621479
15966.0297638137
15966.0966249901
15967.7981836166
15967.3684843744
15967.713156553
15967.9630840034
15966.518574788
15966.1751685601
15967.4938625186
15966.0303492841
15967.2824569113
15967.4924441376
15967.4679135378
15967.8588503742
15966.5185747745
15966.2899438359
15965.9276808689
15966.7264146477
15967.7939316916
15966.5185747724
15967.645769877
15966.3577461577
15967.7332484674
15966.1262728844
15966.3111915871
15967.5421778808
15966.5185746714
15967.4651185433
15966.5185747836
15966.1875048036
15967.6108086355
15967.1624483416
15967.1165458019
15967.4923953433
15966.2853413991
15965.774323681
15967.6322945384
15967.2820318008
15966.5990827049
15967.3184898279
15967.3494117913
15966.1520035377
15966.5185747898
15966.1653324941
15966.3740335089
15966.5385194497
15966.154694857
15966.9890564409
15966.32292271
15966.2614678299
15967.5031371211
15966.3642893702
15967.700869183
15966.3998187754
15966.5185747866
15967.9461309543
15966.5185747703
15966.3362170126
15966.5185747887
15967.5005244466
15967.4207856304
15966.3523863064
15967.2502661391
15966.4748094403
15967.4941684906
15967.5090572238
15967.4970161003
15966.2134819105
15967.6878596225
15966.518574782
15966.0050239489
15966.6890414493
15966.0558328505
15967.3240716081
15967.50700109
15966.3472564341
15966.5185747866
15967.5051990266
15966.3839611245
15966.5185747868
15968.0398914863
15966.5185747851
15966.783842962
15966.5185747776
15966.9389248193
15966.0108206068
15966.5185747843
15966.5185747802
15965.9493474994
15967.5936754876
15966.5185747848
15967.6964178604
15967.9268078883
15967.2733969203
15967.5779726203
15966.1371302679
15966.3430944198
15966.2397702157
15967.5105198103
15966.3835706603
