# type 4 occupying volumes
15946.9106340975
15945.6452944793
15945.3557518725
15945.154189391
15946.5686027539
15945.4987193664
15945.3329708713
15946.6176945146
15945.7046238241
15945.8073206329
15946.5407308455
15946.700568751
15945.8073206386
15945.8073206348
15945.2924143712
15945.2484175126
15945.8073208645
15945.268567105
15946.5532657901
15945.6327554395
15946.8945376405
15945.7548227654
15946.473849307
15945.8073206313
15946.5729912696
15946.7765140366
15946.7739188739
15946.6796314141
15945.3826794417
15945.3282217332
15947.0561009084
15945.5973797965
15946.9729645392
15945.8073206412
15945.8073206396
15945.5431874915
15945.7840770696
15945.80732064
15945.2341342996
15945.555432547
15945.8073206359
15945.3861301083
15945.425061108
15945.0237165248
15946.8598950745
15945.8073206289
15946.7475520372
15946.7360083346
15945.5445506222
15946.0325810088
15946.6542033787
15945.8073206303
15945.153217806
15945.1608347008
15946.8058202625
15945.6481259218
15945.6400664853
15945.5554561411
15945.8073206346
15946.5792416281
15945.8001172139
15947.0940733736
15945.8073206287
15945.2242842603
15946.6711008288
15945.807320639
15946.80777319
15945.8073206371
15945.6003998911
15946.8539893319
15945.8073206319
15946.7621574358
15945.5826621289
15945.590310132
15945.583428984
15945.5008766121
15945.8073206339
15945.8073206346
15945.1610316593
15945.0829428283
15945.3009523645
15946.5367587286
15945.1785526792
15945.20500434
15945.8073206313
15946.0215263713
15947.0825816447
15945.431314666
15946.6418941367
15946.8710775443
15946.846794177
15945.1757923558
15945.2881254137
15947.1171283896
15945.3576031997
15946.7334733568
15945.6802165165
15946.017065158
15946.9339673771
15945.8073206354
15945.8355648956
15945.8073206217
15946.9485990954
15945.8073206441
15947.1105541789
15946.5980301841
15946.5788906871
15946.5706329168
15946.6350896704
15946.699937545
15945.8051790242
15946.9047675686
15945.8073206358
15945.8073206387
15946.9086342646
15945.8073206264
15946.7885616324
15945.5323717159
15945.3680954428
15945.5314150999
15946.5752584183
15945.4123536849
15945.80732064
15946.8390496476
15945.81592794
15945.1774608186
15945.3458598704
15945.6835683231
15945.2424523895
15946.6888907166
15945.1406442668
15946.5442221958
15945.2216222558
15945.3963423825
15945.807320634
15946.7717973379
15945.8073206278
15945.8073206367
15945.807320639
15946.6735492832
15946.5953228322
15945.8073206367
15947.0457727211
15945.7393744687
15945.7047818955
15945.5912875628
15946.5765046317
15946.9801109863
15945.4213788324
15946.7695749654
15946.5617486987
15945.1307966375
15945.5476055209
15945.807320707
15945.983228034
15947.0322770454
15946.6428963006
15946.7148003304
15945.8073207338
15945.8073206405
15945.8822784459
15945.5154421027
15947.1245302616
15946.6685040207
15945.4349712261
15946.9568595999
15945.8073206395
15945.3119759518
15945.8125884501
15945.841770502
15945.8073206354
15945.807320639
15946.9348615008
15945.8073206364
15945.8073206305
15946.7977475184
15945.1931384566
15946.7369690646
15945.8141178021
15945.8073206307
15946.4926652337
15946.6764649178
15945.6779419448
15945.8073206343
15946.968727216
15947.1490847596
15946.6626027795
15945.8073206306
15945.8073206366
15945.3447520869
15946.4885393025
15945.6952870376
15945.8073206375
15946.7248111849
15945.8073206359
15946.953099128
15945.2679536096
15946.7650926557
15945.8073206326
15945.1906927665
15945.807320607
15945.4316517768
15945.65498684
15946.7500756065
15945.8073206339
15946.9958366972
15946.3280978932
15945.8073206375
15945.8073206313
15945.8073206368
15945.7669453992
15945.3091042655
15945.8015640378
15946.792356604
15945.8521775958
15946.6884955465
15946.7742388461
15945.4859968858
15945.3128078511
15946.9105390196
15945.2370945591
15946.89556421
15945.2611269796
15946.787020464
15945.7364038607
15945.8073206355
15945.8073205435
15945.8073206317
15946.5518451138
15945.7520807364
15946.9609349305
15945.8073206346
15945.5217149782
15945.5398476669
15946.7086902331
15945.8073206341
15946.5837306541
15946.9363546654
15946.6508177479
15946.6678330353
15945.608149697
15946.5431538057
15946.7754687504
15945.6985353052
15945.8073206394
15946.8604808867
15945.8073206371
15945.6187613465
15947.0526405645
15946.4145462788
15945.6243585179
15945.7420361771
15945.807320635
15945.8073206379
15946.7326109786
15946.867017838
15947.0277933017
15946.9664820295
15945.8073206368
15946.8605799301
15946.7689702612
15946.5153077594
15945.5911730721
15945.298014959
15946.9327129423
15945.807320638
15945.8073206343
15946.7037360946
15947.1016615914
15946.8018918139
15945.8073206397
15946.6593966364
15945.8073206366
15947.0538646631
15945.0905485255
15945.4977014911
15945.6522577579
15946.1181798204
15945.6807314918
15945.2968540542
15945.8073206362
15945.3572624076
15947.2584565819
15945.4480205183
15945.558663629
15945.737552582
15945.8073206383
15945.4262619271
15946.5654751501
15945.8073206313
15945.6720489031
15947.0966816618
15945.7486940183
15945.684002012
15946.6249743624
15945.8073206376
15946.5926043716
15946.836402788
15945.0780408141
15945.1736998454
15947.0920220962
15945.756204096
15945.5265343892
15946.9909544839
15945.8073206365
15945.9472552945
15945.523813114
15945.8073206304
15946.9628492449
15946.6857073289
15945.5273769554
15945.8073206288
15945.8073206407
15946.9335897515
15946.6673914781
15945.8073206354
15945.8073206433
15945.8073206304
15945.8073206317
15945.8073205864
15946.9219267347
15946.8787735742
15945.9284645414
15946.476495633
15945.635113125
15945.807320639
15945.8073206353
15946.7376614729
15946.7243946815
15946.8604125789
15945.8073206384
15946.5410595336
15946.7559071199
15946.8601965064
15945.8090980259
15945.4948915834
15945.2053020049
15945.8319145321
15945.4502788698
15945.5286417986
15945.8073206407
15945.8073206339
15945.4562429238
15947.0050533344
15945.4482362003
15945.3979590914
15945.2524577945
15946.8572797506
15946.8744792505
15946.2243187282
15945.821874034
15945.8073206388
15945.5162486361
15945.8073206356
15946.8855575976
15945.4973561079
15946.8908324894
15946.6625781927
15945.8073206351
15945.7197129539
15946.7915629792
15945.6222304767
15947.047207807
15946.9968871692
15945.4315221159
15945.3411176275
15946.8941892945
15945.8073206335
15946.7441040076
15945.8073206319
15945.5768970024
15945.2688548284
15945.1374104678
15945.689643303
15945.6881766412
15946.7464947399
15945.3800926266
15946.6740046755
15945.2249758564
15945.3729965157
15947.0448005945
15946.9502198086
15945.8073206366
15946.7089606878
15945.8217989109
15946.9400886991
15945.8073206376
15946.7813893329
15946.7723546913
15945.8073206267
15946.7217203326
15945.8073206319
15945.8073206303
15946.7225577466
15946.0328878981
15945.8073206884
15946.7514669392
15945.8073206406
15946.5702957648
15946.5421337599
15945.2608708153
15947.2363511058
15945.5122364375
15945.3786211243
15945.8649567454
15945.5328895618
15945.384136019
15945.9626851489
15947.1234179406
15945.8568842924
15945.7207725099
15945.8073206311
15945.807320634
15946.9229291102
15946.8011802484
15946.6529302887
15945.8073206316
15946.7309816808
15945.8073206309
15945.8073206352
15946.8938762893
15946.7664852126
15945.9498863924
15946.7933587179
15946.5288702795
15946.0866236479
15945.9390977439
15946.7288841993
15945.8073206324
15945.4254200074
15945.8406739473
15946.9624268242
15945.5833138668
15946.926694723
15945.5950291804
15946.6451638258
15945.4992267245
15946.9786121141
15946.0565893749
15946.8228449594
15946.6421038124
15945.3812026151
15945.8073206321
15945.0673474424
15946.699323603
15945.8073206348
15946.8648325944
15945.8073206376
15946.6207927351
15945.0932659741
15945.6306731162
15946.8710408529
15946.7840939067
15945.8280326121
15945.8073206298
15947.0418977937
15945.7204222754
15947.0332516171
15945.9668803664
15945.3124616434
15945.5990315347
15945.5739220346
15947.0191700298
15946.0401154788
15946.9581491939
15945.6810890716
15945.8121572331
15947.0522908295
15945.6460999837
15946.6714329342
15947.1744472733
15945.7798745687
15946.7542898943
15945.5190323177
15946.8203984257
15946.7988794839
15946.7422003062
15947.0458316739
15945.4227112579
15945.5499013443
15945.748165366
15947.2095859393
15945.1471456188
15946.9143586143
15945.3850980879
15946.634730475
15945.8073206361
15946.7153533686
15945.8073206324
15947.0135258044
15946.8763825203
15946.8017898166
15946.7831207721
15946.8695431916
15945.5417758688
15946.6888175006
15945.7263669714
15945.4072743118
15947.017718846
15946.9157118327
15945.8073206356
15946.6415143611
15946.6437857456
15946.573795898
15946.9670998952
15946.8728924157
15945.8073207245
15945.4374323053
15946.7192694896
15945.4345520955
15946.6921633256
15945.780912138
15946.6638457012
15945.6725558655
15946.8991276235
15946.5105666811
15945.0874636572
15945.8073206376
15945.8073206406
15945.939664412
15946.9444359911
15946.882803005
15945.3838099559
15945.56288305
15945.301518603
15945.8257056168
15945.597745623
15945.0771037014
15945.4016863665
15945.3641009082
15945.8073206303
15945.5025134004
15945.5717066552
15946.7550363644
15947.0583869756
15947.0394805765
15945.2491226179
15946.8394260796
15945.8073206335
15946.8131846598
15946.6638549325
15945.8073206298
15946.7509375081
15946.828092751
15946.6737166281
15945.8073206339
15946.0785395224
15946.6483340546
15947.0397201328
15945.6430484329
15945.8393190789
15945.314603307
15946.7580102878
15945.3125572859
15946.6957431078
15946.6257553541
15946.7467299025
15945.8073206345
15946.6868088462
15945.8073206326
15945.8073206334
15945.807320636
15946.846395149
15946.8602754453
15945.5992599294
15946.1910552446
15946.6412668491
15945.5868138297
15945.4965590829
15945.6845252682
15945.6149015348
15945.8793187394
15945.8073206301
15946.7755090534
15945.8073206285
15946.7950318473
15946.0631680549
15947.012230013
15946.6712381192
15945.8073206362
15946.8394681292
15946.8067359148
15945.8073206347
15945.927091025
15945.8073206303
15946.7875876174
15945.8073206358
15945.8073206376
15946.8160741801
15946.819836587
15946.6126700852
15945.3773209455
15945.8073206384
15946.5605134081
15946.7462809961
15945.8073206315
15946.8732274441
15945.8073206375
15945.8671271621
15946.8339207201
15945.8073206314
15945.640857077
15945.8073206348
15945.3997145805
15946.5939486864
15945.4956971519
15945.4263100674
15946.7155860804
15946.8128806724
15946.934471008
15945.9198170332
15946.9211106287
15945.5468058097
15945.2182706829
15946.721848487
15945.3554067725
15945.807320624
15945.1397993036
15945.3126336685
15945.8578354801
15945.3167158488
15945.8073206376
15946.7517262826
15945.6666253082
15945.7129664105
15946.9952054742
15945.8073206377
15945.4422841678
15946.8153511928
15945.3122101238
15944.9485969146
15945.3214638073
15945.0953651902
15945.538444048
15946.7058288008
15945.6627560524
15945.807320631
15945.7071545336
15945.8073206356
15945.3332988464
15945.807320635
15946.5930837507
15945.0584596383
15945.8073206391
15946.7176845006
15946.5241547246
15945.8160392001
15945.2308349405
15945.3745095746
15945.5304189103
15947.2024909514
15946.0651203846
15945.1983781182
15945.3707944503
15947.0661945343
15945.8073206313
15945.8073206305
15945.6700696048
15946.6945256091
15945.807320635
15946.8669206623
15946.7098610274
15946.6764616347
15946.7681657746
15945.8073206307
15945.846649331
15946.9771689425
15945.5764262881
15945.7497648858
15945.4381700381
15946.5875094021
15945.7298241606
15945.9471531747
15946.8317240591
15945.8073206408
15946.7903296759
15945.8073206404
15945.9373893413
15946.978510913
15945.4572922015
15946.8900444395
15945.8073206287
15945.8755001269
15945.8073206349
15946.8817232781
15945.8073206324
15946.7839537855
15945.8073206353
15946.6194934485
15946.7720207446
15946.0085488491
15945.5204715044
15947.0879181649
15945.4610603929
15946.9417685156
15945.5536469244
15945.7298307346
15946.7511084142
15946.8362924238
15945.6164551309
15945.7181553988
15945.8938319216
15947.0906574413
15947.0111793256
15945.6036130772
15946.5717694557
15945.6040330341
15945.7059256805
15945.8073206376
15946.5350287839
15947.0790067487
15945.4790493824
15945.045934685
15945.1299497185
15945.807320636
15946.9601003632
15946.8881080565
15946.7652390343
15946.6687407569
15946.7896240843
15945.8073206373
15945.8073206583
15946.8612867133
15946.5816039291
15946.6467759184
15945.6244359462
15945.2998285558
15946.243340576
15946.8429641623
15945.8073206398
15945.4090068448
15946.9731600157
15945.8073206321
15945.8073206335
15946.832012921
15945.8073206341
15946.8733512389
15945.7723655155
15945.0654521138
15945.5448749087
15946.7645764291
15945.3431414247
15945.6555344352
15945.3650710147
15945.7309779144
15946.5949890352
15946.7717359983
15947.0881547434
15945.8073206406
15945.8073206303
15945.8073206306
15945.8073206376
15946.7431474344
15947.0963421291
15946.9920099547
15945.8073206325
15946.7789929681
15946.9404268074
15945.4208039469
15945.3580687948
15947.0853924362
15946.708987121
15945.8073206332
15945.6970665675
15946.7341060501
15945.5124705015
15946.8989416231
15946.940260915
15945.4728373824
15946.7651332995
15946.1697207561
15946.9618817876
15946.9020379851
15946.8811081146
15946.8000761675
15946.7850939829
15945.4448588028
15946.7200005478
15946.830434041
15945.9551070193
15945.8834917876
15946.8973515851
15946.9045016769
15945.7599063954
15946.8489351829
15946.0959159338
15946.8961141365
15945.81328302
15946.8696204894
15945.6949545098
15945.8073206332
15946.9088502228
15946.7473497116
15945.8073206286
15946.786981889
15946.7194072565
15945.8073206326
15946.7169287193
15945.599087672
15946.6449712609
15946.8270206208
15945.8073206348
15945.7775990699
15945.22520443
15946.9175365844
15945.8073206325
15947.0278491085
15945.3508995565
15946.5179916521
15945.8073206351
15945.8073206346
15945.7836712291
15945.8073206383
15945.5957467877
15946.9590967516
15946.9060262801
15945.3944330544
15946.592209945
15945.8073206353
15945.6033039887
15945.5666253365
15945.6816168309
15946.4694460662
15946.7984014866
15946.9935442339
15945.8073206382
15945.1015559403
15945.8073206285
15947.1305984798
15945.2955980712
15945.6062991762
15945.8073206339
15945.4254400349
15945.8073206385
15945.2645808981
15945.8073206376
15946.8717457429
15947.0464193432
15945.4076763992
15945.4764929205
15945.3579130319
15945.4442282113
15945.4679506335
15945.8073206321
15946.9754741399
15945.8073206388
15946.694227963
15945.1397799297
15946.0116912074
15946.3587249586
15946.0362941512
15946.6777329124
15945.5740142163
15945.5055614413
15946.7001822497
15945.494788618
15947.1169549112
15945.8073206384
15946.5226404414
15945.8073206303
15945.8073206346
15946.7192221993
15945.202035673
15945.2810957342
15946.817331665
15946.8208170665
15945.8073206336
15945.9605825497
15945.8073206322
15946.8206536076
15945.807320635
15946.8977139156
15946.638089129
15946.7053743118
15946.7882659588
15945.908311897
15945.6016635407
15945.5753223012
15946.9114291609
15947.0205083634
15946.6420982185
15947.0310261332
15945.8073206319
15945.8073206311
15946.9749484889
15945.6535948657
15945.4756135393
15945.1796071857
15945.1294170567
15945.8846753173
15945.2185828058
15945.2571889117
15947.1677363978
15946.9667583027
15946.6609197425
15945.4147022954
15945.6579466984
15945.4992711621
15946.8175098203
15946.9239938463
15945.8073206331
15946.5907322456
15947.0024535583
15946.7100813167
15946.7152511867
15946.6995524481
15945.7029206157
15946.880979102
15945.767194273
15945.6948748508
15946.6728925995
15945.8073206447
15945.8073206331
15945.8073206374
15945.8073206382
15947.1133438568
15945.6566636485
15945.2805118832
15945.7076745272
15946.9433561328
15946.5909576037
15945.8073206375
15945.6292260708
15945.3128452371
15945.1379603346
15945.8073208278
15945.8400519985
15946.8220646547
15945.8073207677
15945.0959036535
15946.7708095253
15946.8090106612
15945.8073206369
15946.6841258438
15945.2496078588
15945.5728821977
15945.2497071911
15945.4939847796
15945.4190011429
15945.5083610434
15946.0148903967
15946.9303161091
15946.7420069298
15944.9144715054
15945.8073206338
15945.2753766898
15945.8073206299
15946.6383976642
15945.8073206366
15946.9385394443
15945.4513797705
15945.1700504716
15945.18863924
15946.7276025931
15945.307740524
15946.9253018645
15946.5865054794
15945.6089811072
15946.917636919
15945.5234073846
15945.9148999974
15945.3891651168
15947.1725201068
15945.8073206317
15946.7157875543
15945.80732116
15945.6241957271
15946.9836490567
15946.9506516803
15945.620399515
15945.8073206357
15946.9636096371
15947.0193487875
15945.9981873668
15946.70050389
15946.7663622771
15947.0347064402
15946.9604683604
15946.5076090677
15945.4862251417
15946.7378381818
15945.3619156542
15946.6932884836
15946.9404985227
15947.045717864
15945.4667698862
15946.6516046651
15945.9597334586
15945.8073207295
15946.0152885287
15945.8906135835
15945.807320639
15945.8073206332
15945.3995409367
15945.4619783786
15946.6537104053
15945.2768441591
15946.83014782
15946.8372225546
15946.9330779394
15945.8073206314
15946.7057926997
15946.988374951
15945.8073206299
15945.7206653525
15947.065020345
15946.9747813553
15945.6613222041
15946.6343172797
15946.7759661765
15945.7061325751
15946.8173810111
15945.8073206327
15945.7801755793
15945.8073206355
15946.0384471073
15946.8689209689
15946.6477540757
15946.825848532
15945.8073206329
15945.7169606318
15945.4342424813
15945.8073206339
15945.8073206367
15945.794317063
15945.8073206342
15946.9051804354
15945.7802810294
15945.6720181478
15945.8073206312
15946.6491460707
15945.8073206269
15945.8073206401
15946.7156145128
15947.0169680808
15945.8073206836
15945.6162212213
15947.026458939
15945.0848170887
15945.2328954236
15945.9271838477
15945.6620007005
15945.8073206251
15945.287453302
15946.4776582665
15946.5409903572
15945.2829631469
15945.5613037294
15945.1059587157
15945.8073206285
15946.7741290622
15945.6614493011
15946.6264335821
15945.807320632
15947.170438152
15945.2980355554
15946.733943154
15946.7774693045
15946.8027704839
15945.4405214712
15946.8118111026
15946.7974780544
15945.4488571782
15945.5635711457
15945.6416125165
15946.7641970771
15946.7333184967
15945.8073206312
15945.9442611261
15945.8073206266
15946.9841476113
15945.5275744404
15945.6939984156
15946.8882435796
15947.0343976659
15946.3906702343
15945.3535642797
15945.2325724808
15946.7252131162
15946.9741756189
15946.7114235274
15946.9590444267
15945.3604290379
15945.2937873307
15945.5019081424
15946.7746909519
15945.4224993408
15945.5936656763
15945.4768482664
15946.9468231772
15945.0336687222
15945.1863267121
15946.7900060434
15946.7072241421
15945.4022744577
15946.9239173763
15945.8073206369
15946.5421466113
15946.9624529714
15945.234120596
15945.3218860145
15945.8073206398
15946.7889766242
15946.8409920178
15945.4341118873
15945.3644688387
15946.6735742316
15945.5995618903
15946.9656816568
15945.839837695
15945.807320632
15945.6092788422
15945.4193211232
15945.1101626894
15946.7201820327
15946.6755835039
15947.2197948136
15945.3752209004
15945.2988540775
15946.877964413
15945.6839704645
15947.0514219478
15945.2724001836
15945.6044481687
15946.5569590709
15945.9023883432
15946.782181542
15945.8073206292
15945.5692678133
15945.8073206305
15945.3328947352
15946.779977795
15945.8073206294
15946.9566171576
15946.0241700404
15945.8144150943
15945.8073206355
15946.6023680967
15945.3999197915
15946.5041382342
15945.80732063
15945.8659937499
15946.6323949212
15945.8073206322
15945.8073206334
15946.9026063751
15946.8906679083
15945.8073204524
15945.6174372673
15946.995671978
15944.9510858987
15945.4508906902
15945.5683539138
15945.432051583
15946.8257296174
15945.8073206345
15947.0515851363
15945.7425663838
15946.499694214
15946.7987550522
15945.9057930019
15945.8073206363
15945.4011799582
15945.1798221
15945.4950874176
15947.1294717454
15946.6483665329
15945.807320635
15946.9708940286
15946.5875105846
15945.2979694657
15945.6904493786
15946.6016283737
15946.6458913173
15946.988464832
15945.8073206323
15945.6806737582
15945.5725207936
15945.5547330246
15945.8073206282
15945.8073206367
15946.6469032343
15946.9303901124
15945.3326345759
15945.7876725996
15945.8073206279
15945.9076366896
15945.2811000406
15945.2401331128
15946.8463224443
15946.7712365341
15945.8073206355
15945.8073206326
15944.9476542012
15945.8073206298
15946.628071417
15946.520786515
15946.5737665949
15945.2070064736
15945.8073206233
15946.4948556146
15945.840890483
15946.5988754409
15945.8073206357
15946.6334717457
15945.7580558961
15945.1967247847
15946.4886092979
15945.2563648788
15947.1747663726
15946.9958301051
15945.8073206275
15946.552687578
15945.2600282117
15946.5608758246
15945.8073206341
15945.8073204123
15945.7074682047
15945.2689516906
15945.6339682323
15946.5818541191
15945.8073206303
15945.8073206361
15945.2564052131
15946.7346295848
15945.2567985322
15946.9176837083
15945.3700422212
15947.0351113825
15945.7167303028
15945.7892887084
15945.5887085855
15945.8073206357
15945.7043337009
15946.9873907247
15946.6951828892
15947.0173664874
15945.807320643
15945.7966201309
15945.580759844
15944.9803721713
15945.8073206299
15945.5397460237
15946.8642940732
15945.1660341047
15945.2968218814
15945.8073206346
15945.7635648889
15945.4197930485
15945.7338751816
15946.8677968552
15946.9977550629
15947.0674612457
15946.502430842
15946.7852965471
15945.8073206344
15946.8010682781
15945.8073206373
15945.7884768726
15945.8752262087
15946.9792928597
15947.1443866975
15946.8328797303
15945.7074180843
15945.807320637
15946.5874187404
15945.8073206315
15946.732107777
15945.7691096027
15945.9283166754
15945.3841188047
15947.0649739722
15946.7548455184
15946.8108949746
15945.3958689363
15945.6173519889
15947.1276694436
15945.4906732246
15946.8688716105
15946.7825623944
15946.681214167
15945.5184659853
15945.6987794694
15946.9000629891
15945.4029801072
15945.8073206406
15946.8439988016
15945.7039216964
15945.8073206433
15946.5847870713
15946.8434183836
15945.3342819232
15945.8073206364
15945.2628809782
15945.681182042
15945.885638625
15946.9330675074
15945.4336483148
15945.7000050564
15945.8073206363
15946.6656957315
15945.8073206342
15946.5139827299
15945.807320637
15945.8073206359
15945.8073206333
15945.3219212418
15945.8073206809
15947.027520337
15945.8073206309
15945.1054676843
15945.1367168503
15945.6929760686
15945.742862439
15945.5468639162
15945.8073206362
15946.8563928519
15945.4902215326
15946.5589840142
15946.6992374977
15945.807320632
15945.8073206296
15945.5443827494
15945.4239422071
15945.122134144
15946.6119570474
15945.0692456808
15946.5508326632
15945.2699089295
15945.5051883807
15946.7182802253
15946.7616597938
15945.9906363069
15945.4704129985
15945.2978661187
15944.9950181506
15946.6689383506
15946.9411397815
15945.3356048669
15945.1452374863
15945.1339175116
15945.8073206358
15945.8073206298
15946.856417998
15945.3592707885
15945.8073206326
15945.496792867
15946.7396475138
15945.8730697704
15946.6013052366
15945.8073206335
15945.2352749031
15945.3546248784
15945.2836005785
15945.9276343565
15946.827176406
15946.851683695
15945.2639960628
15945.3575757225
15947.0573466865
15945.2808851666
15947.0920586105
15945.4617124148
15945.4075835727
15946.9535285431
15946.5579756773
15946.9525058899
15945.4232976907
15945.3938761417
15945.8073206374
15946.987096727
15945.3702531826
