# type 5 occupying volumes
15954.7855275848
15955.0903924778
15954.785527583
15954.785527587
15956.1674644567
15954.7855275808
15954.7855275883
15956.0122950031
15955.1101208754
15954.9620094402
15956.0653139913
15955.8710134485
15955.0332573145
15954.7855275828
15954.785527584
15955.2109103478
15956.406539198
15956.42261013
15955.9121358825
15954.7855275806
15956.0124834581
15954.785527583
15955.9126828584
15954.6946509502
15955.493778584
15955.0523708455
15956.2383098632
15955.8348028063
15955.0939073385
15955.1050951166
15954.7855275877
15956.5234367074
15956.7824892352
15955.0993715586
15956.5215588315
15954.7855275795
15955.1748043166
15955.0908763801
15954.7855275829
15955.1153132035
15955.0338248704
15956.1197850468
15955.1525409279
15954.7855275812
15956.5323158569
15955.1779463
15956.4064316595
15956.1472874173
15954.9382758114
15955.2794722149
15956.0474850982
15954.9906040674
15956.0958660891
15954.7855275836
15956.2773585116
15955.2357221312
15956.1942718398
15955.0894932407
15955.2424272667
15956.1775453616
15955.1675944932
15956.7995109317
15954.7855275804
15956.5378302284
15956.1137424116
15955.4146341246
15955.8359347422
15956.0670416831
15955.1401590608
15956.1102219439
15955.2646940666
15954.7855275834
15955.2363327854
15956.2920376576
15955.0406742458
15954.7855275835
15954.7855275835
15955.3727817274
15955.099535415
15954.7855275825
15956.2950253526
15956.2230484557
15956.3463989469
15954.785527586
15956.306375009
15956.1532805814
15956.6310494429
15955.2407203287
15955.9612564954
15954.7939362378
15955.9264407282
15956.7554725678
15954.7855275846
15956.4852697674
15954.7855275833
15954.7855275789
15955.1855627002
15955.1075177269
15956.5039017794
15954.7855275797
15955.2379620757
15955.1612038655
15955.8251767408
15956.1041386549
15955.8232310042
15955.1141342327
15955.0181717715
15956.2267804627
15956.2483547258
15956.3527139448
15955.1888395076
15956.1200964915
15954.8996833701
15955.3684319709
15956.685048325
15955.2625552082
15956.5497008763
15955.275016148
15954.7855275793
15955.0973071442
15956.2469423044
15954.785527583
15955.237891086
15956.6077866251
15955.9810443775
15955.3687852312
15954.7855275808
15955.2021338092
15954.7855276716
15956.1276462695
15954.7855276008
15956.3946041908
15954.7855275856
15954.785527578
15954.785527584
15956.2363289044
15955.2526433953
15956.5142880729
15955.1178008975
15956.6488525181
15956.0756549213
15955.2444896247
15955.3085744067
15955.1076853348
15956.3306900399
15955.3641088853
15956.2052362063
15956.5277205846
15954.785528358
15955.2330666233
15956.2914777347
15954.7855275809
15955.1376572733
15956.4300700996
15955.1798694162
15956.7020458648
15954.7855275831
15956.6370201587
15955.2990339058
15955.0468163157
15955.3194216801
15954.785527579
15956.3341734457
15956.0806527503
15954.7855275836
15956.5281901142
15955.1864547378
15954.7855275867
15955.0902492544
15955.157252124
15955.1772395583
15955.2968488788
15956.5484200724
15955.0252473852
15955.2788432554
15955.9684144659
15955.9143617896
15955.8470344309
15955.1731009481
15954.8946748344
15956.1672502197
15954.7855275787
15954.7855275849
15955.0385868499
15956.4734452415
15956.4023026703
15955.9693576771
15954.9993940075
15954.7643468181
15954.785527581
15955.6150154431
15954.7855275843
15954.7076792626
15955.6487722758
15955.0854173537
15955.9267150705
15954.7855275809
15955.3605408445
15956.7902261626
15956.6063402583
15956.2645198141
15954.7855275793
15955.1673333106
15956.6975383537
15955.2013574582
15955.6396770626
15956.4647506493
15955.1044202134
15956.1109244699
15954.7855275832
15955.4364287618
15955.3042101577
15955.3207701854
15956.244677977
15956.4241673685
15955.1707863558
15956.2756713824
15955.1293141706
15955.1701953289
15956.9432444159
15955.2627138768
15955.3616775003
15954.7855275845
15955.0371897003
15955.1520154849
15955.268711311
15954.7855275808
15956.5043465856
15956.2020056319
15954.785527582
15956.3275291021
15957.0500411019
15954.7855275792
15955.153493269
15956.2192621928
15955.2100125459
15955.7409367334
15956.6867375915
15955.2344218286
15954.7855276796
15955.2247404218
15956.2039380329
15956.5187146269
15954.7855275785
15955.3546681626
15955.2600655814
15955.2220952717
15955.9474125254
15956.0506761498
15954.9512382332
15955.083349656
15955.2550846829
15955.5327970488
15955.2231996078
15956.1019231565
15956.2324785163
15956.1337944699
15956.1832473121
15956.6356392105
15956.4438051966
15956.1640632257
15955.4161880329
15954.7855275817
15956.4751449996
15956.1519131597
15954.9990844552
15956.1015911727
15955.7879987076
15956.2747577349
15955.2063720608
15954.7855275806
15956.080045548
15956.4409597854
15955.0822601892
15955.1606537781
15954.9969759969
15956.1481229731
15956.1776706492
15956.3954884856
15954.7855275768
15955.147767914
15954.7855275799
15955.075086001
15956.2185702242
15955.0675425804
15955.1194548798
15955.128202203
15954.7855275817
15956.4015621067
15955.1766811282
15955.1698731512
15956.7022673037
15955.0131435658
15956.517354449
15955.9814465972
15956.362020329
15955.3047189389
15956.2798215031
15954.7855275788
15956.7353915479
15955.1449545131
15955.1205079232
15954.7855275827
15956.8150353185
15955.0962553312
15954.7855275828
15954.7855275813
15955.2844536624
15955.7257783719
15956.2899160625
15954.7855275796
15954.7855275823
15955.7905718472
15956.1308709542
15955.8744969929
15955.0092610384
15955.1358687851
15956.0806647156
15955.1523219483
15954.9033512229
15956.1344265502
15956.4106818946
15954.8478922432
15955.821886047
15955.1076289542
15956.5621561779
15956.042518501
15955.844268837
15956.3154526216
15956.3268126128
15955.1065205629
15956.1998125846
15956.2123184993
15954.7855275873
15955.0582021206
15954.7855275873
15954.7855275828
15954.7855275805
15955.0141044173
15956.3069110869
15955.1349038831
15955.2288511529
15955.177407756
15956.8830523263
15955.1696697347
15954.7855275826
15954.7855275827
15955.9983152614
15956.2454473362
15955.3495120294
15955.1337133191
15956.7058440864
15954.994355967
15954.987087538
15956.3419412079
15954.7855275779
15956.5598454875
15956.135844782
15955.3874126063
15954.9832182669
15956.6177965167
15954.7855275851
15955.1232797368
15955.2655144105
15954.785527585
15954.7855275791
15955.2663312809
15955.1375304288
15954.7855275815
15955.1940130447
15955.2935916463
15954.9351571987
15955.0312032232
15954.7855275875
15955.0908401319
15956.171165515
15954.7855275837
15954.7855275841
15954.78552758
15954.7855275836
15955.0493829634
15955.2638085773
15955.5244709127
15954.7855275864
15954.9710538982
15956.3665717314
15954.7855275837
15954.7855275799
15956.0369022949
15955.1116216176
15956.3894680697
15954.7855275841
15954.7855275819
15956.2273461787
15955.2487238356
15955.2607203422
15956.3479538998
15955.2095827706
15956.1731372177
15956.3716221267
15955.2364811271
15955.191421776
15954.7855275819
15955.9813752804
15955.2644585919
15955.0805084204
15956.8056386222
15955.2688983601
15955.2417095268
15954.7855275844
15954.785527579
15955.0347695973
15955.1948994039
15956.5860368568
15956.1819840967
15955.8534275842
15955.0553694584
15955.8618748397
15956.2336935863
15955.0074128815
15956.3391340789
15955.9534624435
15955.2620571518
15956.4976324265
15955.7763531849
15954.9783391555
15955.7906371075
15956.4182794003
15956.1792858946
15955.0680302674
15955.0745968758
15956.5236962284
15954.7855275808
15954.7855275828
15955.347903168
15956.1035978537
15955.0971649341
15956.6190004435
15955.1985419863
15955.1448357548
15954.7855275867
15954.7855275781
15955.1306919774
15956.0124279971
15954.949561828
15955.4780769158
15955.3946043116
15955.1369622074
15954.7855276459
15954.7855275812
15955.0503383341
15956.3788284807
15956.3379164435
15955.106071399
15955.4837345948
15954.7855275872
15954.7855275827
15956.1262849257
15955.184885497
15954.7855275806
15955.1397494556
15954.7855276245
15955.1833370874
15955.2404356142
15956.3983591826
15954.7855275792
15956.4805264022
15956.8280738522
15955.151642781
15955.9802907617
15956.5888759356
15955.2284591736
15956.4226108155
15954.7855275838
15955.1847631759
15955.2738502189
15954.7855275837
15955.2410949477
15954.785527607
15954.7855275798
15955.2740221049
15956.5846212989
15954.7855275845
15956.0812667658
15954.7855275793
15955.2250603346
15955.1596666326
15955.21523307
15955.0711856233
15956.0568831142
15956.189673105
15956.5506287682
15954.7855275832
15955.9911180412
15956.1227032366
15955.3066240369
15955.2406829571
15955.9043824315
15956.0317196618
15956.5107984861
15956.764074547
15955.7017626469
15956.2543008807
15956.0306228185
15955.2272631722
15955.3115988224
15955.3181833662
15954.7855275865
15954.7855275791
15954.7855275783
15955.0379884014
15956.2002802473
15955.2370122488
15954.7855275847
15956.1533978864
15954.7855275857
15955.1413095033
15954.78552758
15955.2056013201
15955.1670337666
15956.4098988272
15954.7855275809
15954.7855275786
15954.8902225884
15955.0786229972
15955.0377412705
15954.7855275669
15954.7855275999
15954.8905250769
15954.8873772128
15955.0994156085
15955.1939912753
15954.7855275843
15956.3680740031
15956.6933826269
15956.6792451492
15954.7855275823
15956.5374186269
15955.2385589846
15956.6274106521
15956.6032896341
15956.0162775737
15956.2455971363
15955.9917904194
15955.8921318649
15956.2236553722
15955.4282719179
15956.2606812261
15956.4568637553
15955.2580495539
15955.2561114931
15954.785527583
15955.084626906
15955.2451499187
15954.8803729062
15956.059937956
15955.5417931712
15956.05486532
15955.7303322884
15954.7443348514
15955.3696834508
15956.1300098797
15956.19117608
15954.7855275838
15954.7855275868
15954.9374339994
15956.3117755219
15955.2159954156
15955.0566045187
15954.7855275768
15955.1242731587
15955.3239531035
15955.227087543
15956.2472281686
15955.3783245959
15956.034837943
15954.7788977464
15955.179997705
15956.0699645473
15955.0776365598
15955.9050645425
15956.1296570322
15955.0559316501
15955.0989500547
15955.2430534492
15954.7855275783
15956.3716282099
15956.1068703023
15956.0070858106
15956.2689950811
15956.1264935277
15954.7855275821
15955.396223108
15956.1423582316
15955.1129819434
15955.1616120948
15955.1151248011
15954.971208111
15955.9389248495
15955.9586083581
15955.1327463294
15956.0203059689
15955.213607657
15954.785527582
15955.9903176295
15955.0835328948
15954.7855275831
15956.6291232789
15955.9255185732
15955.9788656655
15955.4056760618
15954.9208404917
15954.8998185882
15954.785527581
15956.0385434033
15956.1561689829
15956.9836856748
15955.2041971747
15954.7855275865
15955.2472756635
15956.0284727492
15954.9102716404
15955.9752198873
15955.1736368997
15955.171709667
15956.1557681575
15955.0166105448
15955.1598309822
15956.331741512
15955.2917641962
15955.176759812
15954.7855275807
15954.7855275863
15956.5443883981
15956.5212211105
15955.2105097602
15955.0630279322
15955.1915996497
15956.199175943
15954.7855275846
15955.3186110293
15956.145676742
15954.7855275805
15955.2183004373
15955.9316074602
15955.9349769082
15955.2376177999
15956.1134167778
15954.7855275861
15956.0512481324
15955.2081867891
15955.112006395
15954.7855275783
15955.2361388045
15955.9992957026
15954.758677469
15955.2979296858
15955.4853296339
15955.8238460943
15955.0191408302
15955.8807444522
15955.9816827793
15956.445124875
15956.0812977795
15955.5249114822
15955.1471675556
15956.2564455926
15954.9324402946
15955.1247099877
15955.2338395832
15955.9567945522
15955.9151113479
15955.7335494575
15955.9760254649
15955.0082321453
15956.3525010571
15956.1399989692
15955.1444808892
15956.2870295077
15954.7855275845
15956.1265341388
15955.0904968782
15954.7855275852
15955.2062973671
15956.3408281144
15954.8731928646
15956.2888481131
15954.9158649119
15955.863829368
15956.1002825575
15954.9261044568
15954.7855273664
15956.4923800265
15956.7616229594
15954.7855275835
15954.7855275777
15955.1984892712
15955.9890223595
15956.3624922619
15955.1383053954
15954.7855275814
15954.9924223938
15955.1684501061
15956.3550442137
15954.946377028
15955.7335989638
15955.0913050529
15955.0651586167
15955.0520254853
15955.7104513095
15956.0521280652
15954.7855275848
15955.2916792678
15955.8413219593
15955.165523335
15955.0419515417
15956.0467961782
15955.7704983516
15954.7855275834
15956.1000762618
15954.9107065419
15954.9519805417
15955.8664105928
15955.7164193432
15955.8734979562
15955.0664765942
15956.1173740772
15954.8947119059
15956.2071511564
15955.0852300491
15956.2092795292
15956.1109394544
15954.7855275803
15955.0136786606
15956.1371676989
15955.0784453949
15955.9168774902
15956.0118607014
15954.785527586
15954.9945515851
15956.1683871792
15954.7855275793
15955.2019499086
15954.785527583
15955.1152558732
15956.0233800535
15955.0920632148
15955.2221559834
15955.2275304572
15954.7830240635
15954.7855275823
15954.9261157095
15954.7855275854
15955.1801623585
15956.3734339265
15954.9993746249
15955.2221400619
15955.3490609786
15955.4556700039
15954.7855275848
15956.3130732187
15956.0114943027
15955.0080365236
15955.0944976213
15955.9769688961
15954.7855275878
15956.0932452405
15956.2621826913
15954.7855276123
15956.0904639193
15955.12106616
15954.785527582
15955.9306489439
15956.3180417715
15956.0191997816
15956.572417287
15954.7855275849
15955.8984758544
15955.8448851872
15955.9447904966
15954.7855275821
15956.3448057128
15956.2391901237
15955.1986756422
15955.7089145986
15954.9114181817
15955.8294325542
15954.7855275797
15955.7068625755
15955.1062789502
15955.1225194029
15954.9353593516
15955.6480097336
15954.8190118205
15956.0558737994
15955.7779708958
15955.2423618965
15956.1891915049
15954.8979043576
15955.7351868383
15955.6938907991
15954.8192696019
15955.8217828775
15954.9952172603
15955.7505514826
15954.9540130204
15956.5049216934
15954.7855275812
15956.3782489269
15955.4016392783
15955.269432241
15955.2956099667
15955.2060494856
15955.1442460149
15956.0882369532
15956.0234872207
15954.7855275807
15955.8499591553
15956.2907941174
15954.7855275843
15955.2548971738
15955.0241004578
15956.1902910821
15956.3966814575
15956.4631403274
15955.3321216667
15954.7855275832
15956.3759315748
15956.2731173486
15955.0301082856
15955.106114374
15955.4374164914
15954.7855275882
15955.0126847457
15956.2929338277
15955.2333307082
15955.1790494552
15956.4993279311
15955.1825323554
15955.2553216934
15954.7855275834
15954.78552758
15955.9438953842
15956.4426432864
15956.3280737581
15955.1983318048
15955.0220694391
15955.2168415064
15954.9377683273
15955.6246026235
15954.7855275783
15955.7335156973
15954.7855275811
15956.0284624464
15956.1676994413
15956.0851208028
15956.082197675
15956.4093255963
15954.7855277961
15955.0103130201
15955.2252552772
15954.7855275874
15954.7855275873
15954.9804888007
15956.4085108431
15956.3314433425
15954.785527581
15955.9952468326
15955.899608722
15955.073009388
15955.2602326702
15956.3330760896
15955.934659738
15956.0892790098
15956.0220848197
15955.1162782465
15954.9867443292
15954.7855275825
15956.113918006
15956.0148588732
15956.0159139028
15956.1209375429
15955.0446153499
15955.2521735917
15956.3066915795
15955.196423942
15954.7855275807
15955.1542753724
15954.7855275858
15955.0960192103
15955.199406158
15955.1596916102
15955.1826641134
15954.7855275839
15954.785527581
15956.6886638136
15956.2172432265
15954.7855275836
15956.3295385474
15956.5776249209
15955.2104744972
15955.2733478066
15955.4203529802
15955.2307752632
15956.4011299798
15955.2402853549
15955.3706045918
15955.996605115
15955.1742656084
15955.2317752523
15956.3360257825
15955.2037620301
15955.3028923805
15955.2403714439
15954.7855275822
15956.7906828255
15956.1517954549
15954.7855275853
15955.1130981627
15955.1149905729
15954.785527583
15955.0283356261
15955.0384431828
15955.0102210228
15954.7855275814
15955.1676009309
15956.3796362816
15955.1704896651
15954.9848925631
15956.4286739476
15956.2771102649
15955.996539962
15955.042975011
15956.0099288076
15956.5141769848
15955.2483716555
15954.7855275784
15954.9737692223
15955.1242194055
15954.9921345038
15955.3793439113
15956.5801860772
15954.7855275833
15954.7855275834
15955.5428662192
15956.367300408
15955.0068286161
15956.1185945963
15954.7855275802
15956.5553051289
15954.7855274697
15955.07122732
15954.7855275845
15955.106409936
15954.7855275812
15956.3200007793
15956.2112368262
15955.2313548671
15955.2879361846
15954.7855275822
15955.0515202415
15954.7855275801
15956.157283211
15955.3855020781
15956.2935269625
15955.2219651508
15954.7855275868
15955.1212509867
15955.9826226507
15954.7855275844
15955.0359186243
15956.3977327328
15956.4889669985
15955.0228304364
15956.2624932346
15954.7855275859
15955.2155982385
15956.4767387299
15955.2188576879
15954.7855275857
15956.1007341205
15954.785527583
15955.9633740907
15955.2548098013
15956.643658469
15955.0921187165
15955.13140879
15955.1055194507
15954.8671857715
15955.9245893667
15955.071292137
15955.0701441473
15955.4407813027
15954.7855275834
15954.7855275846
15956.1247204858
15954.78552758
15956.4027735942
15955.7878739239
15956.2315123475
15955.1438472466
15955.6757646074
15956.1580260266
15955.1948884959
15955.1988593215
15956.0314674227
15955.9923375495
15956.5092104678
15956.523519069
15955.9528939146
15954.7855276267
15955.948229316
15954.7855275861
15955.0606418476
15954.9873470958
15955.783645252
15956.382248867
15956.0777664735
15955.0244219708
15956.1818484787
15955.0928629031
15954.7855275814
15956.4057868583
15954.7855275835
15954.9778445008
15954.7620062169
15956.4521436304
15955.2031177195
15955.3366033295
15955.1780950858
15955.267479891
15955.2077731744
15954.7855275834
15956.4269603775
15956.6193677472
15955.3068523817
15954.9398703265
15956.8509979608
15954.7855275804
15954.7855275828
15955.1251078032
15955.2528681517
15955.4508418498
15954.7855275793
15956.0204113905
15956.2753651978
15954.7855275835
15955.0263282127
15954.7855275815
15954.785527579
15956.4123757706
15955.2175524347
15956.2564802895
15955.0845926891
15956.3923688278
15955.2846493553
15956.6721771356
15955.2731374596
15955.5513261399
15954.7855275804
15956.3409985103
15956.2764921273
15955.0003738797
15956.7317592396
15954.7855275824
15956.1727808451
15956.1967187004
15955.4403086762
15955.2374048417
15955.2423709715
15955.1740858582
15954.7855275862
15954.7855275818
15956.3044057002
15956.732647985
15956.2561544828
15954.7855275862
15955.2474616648
15955.1290336888
15956.7323986509
15954.7855275828
15954.7855275796
15954.7855275802
15956.3383404386
15954.7855275843
15955.0038057635
15955.1908444273
15955.1762636738
15955.9099065333
15956.5007030375
15954.7855275831
15954.7855275778
15955.9551559852
15956.2380124306
15954.7855275861
15956.417281457
15955.1998204955
15955.8176932653
15956.080076152
15954.7855275815
15956.2298079325
15955.1471458252
15956.327347865
15956.2046104008
15955.143779729
15955.0637751765
15956.3907962659
15955.0465483219
15956.5487346276
15955.095287238
15955.2552736841
15956.5340132344
15954.8479147834
15954.7855275787
15956.1800052838
15955.7338993205
15957.0789324845
15954.7855275831
15954.7855275827
15955.181109417
15954.7855275828
15956.199891015
15954.7855275847
15954.7855275847
15956.1990787876
15955.2599077095
15956.1692221191
15955.2360944945
15955.0698476364
15955.0181893127
15956.3853599566
15956.3480136778
15954.785527584
15956.0737173298
15955.1577825001
15955.096429442
15954.7879797522
15954.7855275822
15956.6587494628
15956.0110335908
15955.2930702511
15955.2680328622
15956.1973354229
15955.2801572295
15954.8778083448
15955.2050441211
15956.4187519848
15955.1358075392
15955.0708655308
15956.0721067817
15956.5116514814
15955.0403180652
15955.2160015517
15955.4621167421
15956.3021140145
15954.9453374614
15956.3686625818
15955.1463542963
15955.9251769677
15956.6061361486
15954.785527579
15954.9691003411
15954.7855275816
15955.1330283732
15955.0301554871
15956.6301134717
15956.2933218829
15955.0764669199
15955.9885523459
15956.3441361829
15954.7855275851
15954.7855275801
15956.1542017147
15956.4638819819
15955.1050477017
15955.6261844758
15956.1669173689
15954.8877358765
15956.358622162
15954.7855275861
15954.7855275798
15956.1841960051
15956.2412334608
15954.7855275839
15954.984677169
15955.1811967872
15955.2482694192
15954.7855275829
15955.3033046732
15954.7855275808
15956.1102537074
15955.2428613885
15956.101737787
15954.7855275807
15955.9972966136
15956.2781827698
15955.9849125763
15956.3040591611
15955.2443805286
15956.895006012
15956.3355605731
15954.7855275798
15955.2285811697
15955.2917874215
15956.5098943877
15955.2372516833
15954.7855275792
15956.2930957549
15956.1532162546
15956.8635891147
15954.7855275815
15955.0252727389
15956.1338718061
15954.7855275791
15955.2898810917
15955.2156763505
15955.717258874
15956.5113939772
15954.9669198707
15955.259482621
15956.0462343905
15954.7855275833
15955.9696232429
15955.1091468584
15956.4377641111
15954.785527585
15956.2110543565
15954.7855275884
15956.7625758342
15954.9627489417
15955.3757759969
15955.1119393801
15954.9100042395
15955.7069461105
15956.2408343257
15955.8519692829
15956.4524677051
15954.7732935084
15955.1247163261
15954.7855275794
15954.7855275846
15955.0953053388
15955.1016813422
15956.4841055161
15955.0573480865
15955.3322949273
15954.7855275809
15955.0414787813
15954.7855275752
15955.0843722798
15956.7092357239
15954.785527584
15956.5881827341
15955.6747202439
15955.9039406062
15954.9529830993
15955.8757457912
15955.2114173262
15956.3347971111
15955.0289438476
15956.426044964
15955.2072521186
15955.9195661802
15954.9844188857
15954.7855275827
15956.2178697086
15956.1596433079
15956.0489505637
15955.0209557902
15955.1482609737
15954.7855275816
15955.1566772678
15956.1935845166
15954.785527588
15954.7855275849
15956.2774931282
15955.2480104327
15954.7855275832
15956.4838655981
15955.1839670764
15956.2788403657
15954.7855275827
15955.0115504417
15954.7855275822
15954.7855275822
15955.0973150426
15956.2471840742
15954.7855275835
15954.7855275825
15956.6060573641
15956.1876628843
15954.7855275799
15956.0302315726
15954.7855275841
15955.0051644821
15955.1988448955
15956.1909628211
15954.7855275814
15955.3629653691
15955.2132631321
15955.7863481515
15955.2891717684
15956.1610525755
15956.3319367248
15955.0320899391
15955.3072455299
15954.9362911327
15955.4901294096
15954.7855275827
15956.5998511327
15956.0627804482
15954.7855275913
15955.0734227953
15955.1675487859
15955.0173760282
15954.785527582
15956.1463483226
15955.2241000499
15955.9408938245
15955.6666237164
15954.989120883
15954.97755758
15956.0497350987
15956.2591590552
15954.7855275796
15955.5674220642
15954.7855275773
15956.3328336848
15955.0861193206
15955.2748659628
15956.5526945107
15956.5329761282
15955.2791229701
15955.0011984469
15955.2320137544
15954.785527586
15956.3149708901
15956.2036193692
15954.7855275805
15956.4765514199
15955.2578258945
15955.3281118144
15954.9762151355
15954.7855275834
15955.0818956638
15955.0058494795
15955.1357245598
15955.3542090831
15955.0948388463
15956.0200515614
15955.1789803355
15954.7855275793
15956.1636161194
15955.0992522434
15954.7855275841
15956.0433751348
15955.0286243209
15954.7855275863
15955.0543172995
15956.2711437577
15954.7855275833
15956.5309285384
15955.914790677
15954.785527577
15955.9840445949
15955.9646223416
15956.1559723394
15955.1369309841
15954.7855275836
15955.1257171958
15956.3144113371
15954.7855277142
