# type 2 occupying volumes
15956.1388273397
15956.5836255408
15955.9002769815
15955.672746301
15957.4850643804
15956.3598124092
15956.5275920697
15957.4850643866
15957.4850643908
15956.6662248417
15957.500048909
15957.4850643905
15956.8116397391
15956.5839232526
15956.4532698132
15957.7891372255
15957.4850643774
15957.4850643853
15957.4850643858
15956.3341712364
15957.6981223181
15956.2369270838
15957.6714579934
15956.5649219353
15957.4850643854
15956.5935281541
15957.7812435375
15957.4850643893
15955.9334823373
15956.5358015494
15955.718114028
15957.485064386
15957.8656608489
15956.6909790116
15957.7049850303
15956.2125913614
15957.6244293135
15956.5394377394
15956.2322278972
15956.4397003788
15956.7118434205
15957.5015932697
15956.3902914787
15956.1050745052
15957.8517941807
15956.5393310407
15957.80089186
15957.4850643869
15956.334401768
15956.4555253442
15957.4835030196
15956.6861746471
15957.4850643849
15956.0422238992
15957.5273304441
15956.6615348596
15957.4850643844
15956.3891405089
15956.4355769366
15957.4850643877
15956.3937122182
15957.4850643858
15956.3469562569
15957.8098730238
15957.4850643818
15956.5051120161
15957.5018565764
15956.5096750629
15957.4850643828
15956.5033987867
15956.5174683122
15955.8326964394
15956.4270081311
15957.4850643897
15955.8059810653
15955.7047557388
15956.0470667672
15956.2710299877
15956.1623668796
15956.0096319296
15957.4850643908
15957.4850643875
15956.5666532453
15955.8098719069
15957.4850643862
15956.2817836512
15956.6890553404
15956.6082098124
15957.6018183951
15956.7103034638
15957.6033285988
15957.8340146633
15956.0450382891
15957.8197819549
15956.1135052147
15955.9387224525
15956.7348068827
15956.6524567883
15957.8324496689
15956.0408598499
15956.8548202379
15956.6211489609
15957.6006496076
15957.668245926
15957.7272907406
15956.3339755495
15956.3855903859
15957.4850643887
15957.4850647006
15957.6628067513
15956.526441718
15957.4850643861
15957.9067203276
15956.6900650736
15957.759730001
15956.8733850233
15957.485064386
15956.4786677666
15955.7725967741
15956.0293145599
15957.4850643883
15956.5839412898
15956.5264519484
15957.4850643944
15957.8136138808
15956.0894750537
15956.074034108
15956.1902652839
15955.7796231722
15957.4850643876
15955.9033563494
15957.4850643861
15955.9939211863
15955.9225289678
15956.2200900955
15957.4850643886
15956.5503435276
15957.4850643867
15956.6035013047
15956.5794632164
15957.4850643835
15956.4150606748
15956.0709947792
15956.375805885
15957.4850643932
15957.4850643805
15956.2791855116
15958.0423667988
15956.3674948978
15956.0009477171
15957.4850643855
15955.9005150443
15956.1926534708
15957.4850643826
15956.2017114688
15957.823335693
15956.2038657421
15957.4850643827
15956.4636316784
15956.5985904825
15956.5051053013
15955.9304748207
15957.9418467641
15957.4850643859
15955.7951098856
15955.9098228062
15956.058410092
15956.0188876151
15957.4850643873
15956.7814947042
15956.6011327486
15956.5676646513
15957.7431240949
15956.7991112288
15956.5971148267
15957.6050904561
15957.485064388
15957.485064385
15956.7274463792
15956.7610675046
15957.4850643092
15956.348390042
15956.6321409564
15956.6580340537
15957.7464367359
15957.9168980605
15957.4850643867
15956.6388681663
15956.6571905645
15956.3732844824
15956.7240014147
15956.2512616452
15956.7745306085
15957.4850643818
15956.5096939346
15957.7217075554
15956.0793170422
15956.4967751794
15957.7361057825
15957.4850643883
15957.4850643838
15956.1267563971
15956.5119897285
15957.485064385
15956.6688305908
15957.4850643929
15957.7245327366
15956.3466802862
15957.689161798
15956.7400588759
15956.5107964684
15956.3261834636
15956.4768069204
15956.172382683
15957.7345066136
15956.3036676261
15957.628014298
15956.5457701282
15956.3206604758
15957.5464860576
15956.3429561532
15956.2853360269
15955.819218681
15956.2031584306
15956.231910793
15956.6182915453
15956.5209414473
15957.9656400721
15957.6258373796
15956.2769874925
15957.8156648224
15957.5464860646
15955.8839217481
15956.0385674619
15957.4850643804
15956.5130545455
15957.48506438
15957.7879650563
15956.4547344684
15956.1953784514
15956.5889585378
15957.4850643861
15957.48506446
15956.3264042689
15956.6699769416
15957.6898627405
15956.5897019017
15957.6069969099
15957.4850643918
15956.7474430657
15956.3682490445
15956.305068452
15957.4850643812
15956.5698985302
15957.8469100265
15957.7017776004
15957.4850643919
15957.4784491684
15956.4923978125
15957.4850643879
15957.6002972035
15957.4850641095
15956.5349443925
15957.6494073884
15957.7279381242
15956.5963582781
15957.4850643817
15957.4850643871
15957.7233288061
15956.5226120707
15955.9054976535
15956.4641447966
15957.4850643253
15956.3411970763
15956.3804459643
15957.8031468369
15957.8369374827
15957.4850643814
15957.6921214535
15956.0535447108
15956.596920073
15956.264280289
15956.1938442982
15957.7250442698
15955.896948915
15956.1516195259
15956.4594982707
15955.8122710695
15956.4056094736
15956.5775834309
15956.4740128996
15958.0084028693
15956.380511775
15957.7925431775
15957.4850643836
15957.8829612197
15956.4339454295
15956.0402301407
15956.0222415046
15957.9736009349
15956.6639019988
15956.6359396446
15956.4240365507
15957.912242879
15956.3260179485
15955.8405375791
15956.1790063612
15956.6133261605
15957.4850643888
15958.0692015162
15956.1684941853
15955.969011885
15957.485064384
15957.6859545781
15957.4850643811
15956.6728311807
15956.1555813211
15957.4850643724
15956.4107301404
15956.6182339823
15957.8696389775
15957.4850643847
15956.6009412358
15957.4850643857
15956.2958977646
15957.485064202
15957.7412649706
15957.4850643852
15957.8403788825
15957.6952620351
15956.4176225596
15957.4850643856
15957.7041245765
15956.4204525632
15956.5717169974
15956.5342610439
15956.3051310625
15956.1970995775
15956.7033736443
15957.4850643867
15956.4890658822
15956.5459030475
15956.5869920014
15957.7535658095
15956.0671243201
15956.1884756291
15955.9733353074
15957.4850643816
15957.844032438
15956.8694906863
15956.2615560632
15957.7196609024
15956.3292549463
15956.261525474
15957.8286920076
15956.291063413
15957.9147785202
15957.4850645811
15956.3616819637
15956.2778134823
15957.4850643837
15957.8989578888
15956.2427941342
15956.5002989224
15956.2261239286
15955.9992771097
15956.768732899
15956.473024934
15956.4217563601
15956.5608271278
15956.2821647782
15956.1663421005
15956.1539591809
15956.1357982572
15957.4850643867
15957.69580035
15956.2688071701
15956.0903057928
15955.6282184061
15957.4850643898
15956.4754473867
15956.5547630702
15956.4117770282
15956.2746947053
15956.6281609744
15957.6809466547
15957.8674252454
15956.5369761502
15957.485064386
15956.6849156061
15957.4850643083
15956.5306918836
15956.0963794738
15957.6655821023
15956.6322021054
15956.4412160806
15957.8347734439
15956.5001339837
15957.4850643903
15957.485064387
15956.4574910498
15956.5458705485
15956.6441155771
15957.4850643839
15956.8942279314
15957.4850643877
15955.4142804107
15956.5690030683
15956.3445629178
15956.0528813346
15956.3266407679
15956.6312454472
15956.7960099876
15957.8168886053
15957.5540397572
15957.5683986717
15956.4705176515
15957.7144708793
15957.5633398243
15956.5816230852
15957.5613724436
15957.4850647
15956.6536473244
15957.8167677144
15957.485064382
15956.6269235656
15957.4850643889
15957.485064384
15957.6015413816
15956.3851012212
15956.2933608536
15957.8128967338
15956.5929939408
15956.3164377644
15956.5031203091
15957.4850643815
15956.351129744
15957.8455620548
15956.6365991345
15956.4217823213
15956.3102751963
15955.8174466258
15956.5870870246
15957.4850643879
15956.1252561868
15956.6157125939
15956.5825922038
15956.6787686339
15956.038568326
15955.6865435808
15956.1798439017
15957.4850643827
15957.4850643873
15956.1229426842
15956.4540287267
15956.1081128562
15955.9741184876
15957.4850643933
15956.4807871377
15955.9139838587
15956.2439033955
15956.0383365018
15956.4028493908
15956.6323579291
15957.4850643829
15957.4850643875
15957.6915409937
15956.0633264109
15956.3271860283
15957.4850643862
15955.901288883
15956.2987440414
15957.4850643732
15955.7911035288
15956.337812048
15956.3688757623
15955.8281664771
15955.9539463327
15955.9357478971
15956.2108981464
15956.4180305763
15957.4850643885
15955.9210121015
15956.8583695431
15956.2565050229
15956.5968811519
15956.4676618794
15956.6626876006
15956.4173794464
15957.4850647575
15957.4850643829
15957.7970344152
15956.1717186101
15957.4850645543
15957.7521887374
15956.6313508032
15956.3543095606
15957.4850643841
15957.8355774511
15957.8994677267
15957.7958382348
15957.4850643913
15957.4850643877
15957.4850643879
15956.5217027513
15956.6300701145
15956.5447946004
15955.8662836859
15956.146882345
15957.6530790788
15955.945251577
15956.273359204
15956.6454832087
15956.2279313744
15957.4850643893
15956.2749416454
15956.4037104084
15956.1459990104
15956.5610770172
15956.354687605
15956.7199880333
15955.9374525343
15956.0977782928
15956.7344384513
15956.2794398558
15956.5227311723
15955.984483395
15955.8357317103
15957.4850643907
15956.4577310927
15956.3980539683
15956.0450683607
15956.6150191957
15957.4850643853
15956.5518744785
15957.8436447642
15956.2308095676
15957.4850643821
15956.0856620872
15957.7034398588
15957.4850643823
15957.4850643844
15957.4850644039
15957.8082435507
15957.7479783553
15957.710442099
15956.6478824223
15957.4850643884
15957.4850643896
15956.1124028171
15956.6345356787
15956.3619374905
15956.6755979417
15956.6692011722
15956.5180822478
15957.6409624497
15957.6218273375
15957.5512694619
15957.695477396
15956.6549032599
15956.4586440325
15957.4850643895
15957.707277762
15955.6634913246
15956.3118107481
15956.0909219335
15957.4850643925
15956.0556926571
15956.018124979
15955.9401576415
15956.18202795
15956.4592376149
15956.6521663103
15956.4452986579
15956.5290252067
15957.6230946956
15956.6215609226
15956.3844691682
15957.4850643845
15956.3933651537
15957.6260638392
15957.4850643854
15956.3182611763
15956.2374525424
15956.59424986
15955.904544874
15957.8755199048
15957.4850643907
15957.4850643855
15957.4850643267
15957.4850643575
15956.0894143608
15956.5903243798
15957.4850643921
15956.6322091317
15956.6306033196
15956.3532091215
15956.5279248088
15957.4850643896
15957.4807299969
15956.506925086
15957.6242576678
15956.5223858215
15956.2973449884
15957.7120431716
15956.35863833
15956.3502865785
15957.6668997406
15957.7980556507
15957.5903848776
15957.4850643808
15956.3305085539
15956.3776581245
15957.4850643947
15957.4850643791
15957.4850643871
15957.5100385302
15956.5458347053
15956.339674485
15957.4850643894
15957.6222027674
15956.4350144113
15957.6266862648
15956.2508140358
15956.1958782938
15957.7260157251
15956.5202992338
15956.6050587864
15957.716519309
15956.233230221
15956.0031557425
15956.1754815541
15956.0793284156
15957.8806877023
15957.4850643921
15956.5869873318
15956.6004357822
15956.3946875615
15957.6604910458
15956.6442660338
15956.671407113
15957.4850643837
15956.3540296513
15956.5324093909
15957.6910105861
15957.6883417071
15956.3683049591
15957.9008543938
15956.3157321647
15957.6914188908
15956.4948853195
15956.7026132032
15956.0066147329
15956.1924247815
15957.7820366582
15956.4913269833
15956.6406224661
15956.092646743
15957.5373378011
15956.6664542713
15957.5848302021
15957.4850643852
15957.4850643866
15957.4850643815
15956.523906679
15956.098015762
15957.4850639927
15956.6567879299
15956.6800185855
15956.3594857718
15957.4850643913
15956.6135089523
15957.5953646616
15957.5719496213
15956.5934007087
15957.6462452412
15957.4850643894
15956.8033358177
15957.6557363344
15957.5941774254
15956.0470798372
15956.6310392809
15956.321334124
15956.4384703952
15957.8096460288
15956.7000878721
15957.8470674973
15956.7859502525
15957.5311641694
15957.4850643912
15956.3778511439
15956.4215048312
15957.8835963457
15957.8445197725
15956.4088483824
15956.3416589987
15956.5837973949
15957.4850643887
15957.4850643889
15956.709731976
15956.3336002031
15956.7122007281
15956.5963566399
15957.8642914234
15956.4978818975
15956.4321207763
15956.546609828
15956.6543560117
15956.8165895044
15956.8663550283
15957.7396010147
15956.364151171
15956.5927291152
15957.4850643811
15956.612222237
15956.4293677598
15957.5686381314
15957.485064384
15956.3866054556
15957.4850643855
15956.6475330258
15956.7483999381
15957.591850664
15957.5848647765
15957.4850643808
15956.5827406692
15957.4850643812
15956.5886148626
15957.6573405229
15956.6137619058
15957.6732449748
15957.7391425754
15956.550515119
15956.6930134494
15957.5898010417
15957.6058347901
15957.4850646738
15957.7148086738
15956.777785581
15957.691472126
15957.4850643904
15956.3761933526
15956.3662461613
15955.8728798529
15956.116561529
15957.485064425
15956.2297335546
15956.3963049006
15956.5317423643
15956.7374156699
15957.4850643901
15956.6000788383
15957.7356569306
15957.6387916904
15957.8106370654
15956.6803608189
15957.4850643893
15956.4612677051
15956.556104369
15956.4988650134
15957.7857063308
15957.4850643873
15956.6253182226
15956.7885490467
15957.7274579824
15956.3789316072
15957.6946003333
15956.6562663123
15956.3985987381
15957.4850643887
15956.6770623023
15955.81151023
15957.7116455151
15957.6583127775
15957.6455254664
15957.833518827
15956.3586303381
15957.4850643876
15957.5686283621
15957.4850643866
15956.7738194846
15957.8109082304
15957.8078748553
15956.658520716
15957.4850643835
15956.5985705155
15957.485064392
15956.6469059921
15957.6409477827
15956.6718789705
15956.614567932
15956.6313342176
15957.4883214962
15956.5833452571
15957.6782655626
15957.4850643908
15956.7257697039
15957.4850644689
15956.4910078821
15957.485064389
15957.4850643887
15956.7053031569
15957.6520109307
15956.601622471
15957.6453479507
15956.6133120842
15957.7692926487
15956.3863304028
15957.4850643816
15956.6263067521
15956.6725427665
15956.2804142572
15956.616955677
15956.6551970438
15957.6731143668
15957.5861891989
15956.489625852
15957.4850643915
15957.7376783315
15956.049798729
15956.195938945
15956.6205016847
15956.598807517
15957.7688166246
15955.9342640712
15956.5380066638
15955.9088203696
15957.8322462142
15957.832422987
15956.6030767137
15956.4533199217
15956.7028005541
15955.9412163998
15957.6827355448
15957.7346777364
15956.4788479128
15956.5484550927
15957.678926476
15956.0957913367
15956.8692035128
15955.8910536212
15956.5113922747
15957.4850643937
15957.4850643848
15957.7550361765
15956.8047417833
15956.4447127017
15956.1414661295
15956.49173933
15957.485064386
15956.4260315413
15957.6456764921
15956.309074981
15957.4850643829
15957.4850643885
15957.4850643868
15957.4850643918
15957.7357079061
15956.4220115275
15956.5947741868
15956.4997854468
15956.0381443709
15956.0898651627
15956.4636838284
15957.7536049341
15957.7449347695
15956.4117584123
15957.485064417
15957.4850643919
15956.7029446851
15956.7181971503
15957.7030927696
15956.3738842149
15957.4850643892
15957.9232657655
15956.668481453
15956.5180790364
15956.2645469447
15956.3948262409
15957.7020043423
15957.7383185949
15957.786223616
15956.619734287
15956.546084789
15957.4850643899
15956.1883319228
15956.2008455864
15956.2504423807
15957.4850643877
15956.6733246019
15956.5476787166
15956.5371395331
15956.6902412186
15956.0825208269
15956.1592118439
15957.8782191033
15957.4850643741
15955.8572201407
15957.4850643908
15956.5413594073
15956.8765127372
15956.8509288911
15956.7300971507
15956.4796906636
15957.4850643843
15957.4850643863
15956.1654556207
15957.4850643867
15956.2047542036
15957.707341241
15957.4850643866
15957.4850643975
15956.6119057737
15956.8279933585
15956.1520962659
15957.4850643861
15957.4850643894
15957.4850643835
15956.0298422682
15956.1695833259
15956.3328165719
15956.621379775
15957.7300599067
15956.5808268763
15955.6425680214
15956.5459723507
15957.6385485591
15956.5433095569
15956.5713624016
15957.7559806596
15957.6490743007
15957.6342479686
15956.600898877
15957.6396377607
15957.5771993496
15956.4490590049
15955.9454268289
15956.5897582509
15956.2041482016
15956.007073983
15956.5986196013
15957.8703083547
15956.4627558979
15957.698844276
15956.5449053548
15957.7465527976
15956.4335961554
15957.4850643892
15956.5505816185
15957.9112112676
15955.9812453874
15956.1984682507
15956.1154981733
15956.5028065366
15956.0687989626
15956.5025569518
15957.485064386
15956.4141575868
15956.545700218
15957.4850643849
15956.3326895197
15955.8957589316
15957.9669860714
15956.0097921466
15957.6673916289
15956.6817405101
15956.2502133639
15956.7043506306
15957.4850643871
15956.1640811218
15956.5675149577
15957.6749172074
15957.6914184214
15956.4904835214
15957.4850643901
15956.5622929045
15956.3273948562
15957.688226494
15956.858399833
15956.1485594522
15957.4850643816
15956.1709487161
15957.4850643936
15956.5802188061
15957.8195957457
15956.5835899993
15956.6297755282
15956.6836765932
15956.6629948448
15957.7721671861
15957.6495694304
15956.7202596283
15956.7933990771
15956.6435688182
15956.3515967537
15957.65300687
15956.662037546
15957.4850643926
15956.6926872254
15957.7827896893
15956.7867949184
15957.5041033144
15957.6388208951
15956.8692760589
15956.4840848903
15957.7767799039
15957.7136737344
15957.8518290684
15957.8145126261
15957.4850643851
15956.2347640596
15957.4850643684
15955.9731439008
15956.3162930198
15956.6270908391
15957.4850643882
15956.2900756973
15957.4850643897
15956.6546292317
15957.4850643834
15956.6732602749
15955.8413406067
15957.8692511719
15956.3524526778
15956.050068398
15956.6256095148
15958.0060262344
15956.6563853986
15956.2286478607
15956.6503238942
15956.5878836454
15956.7539083894
15956.3697882459
15957.8465102283
15957.485064385
15956.7183195872
15955.5858101969
15957.8618637012
15956.2188894728
15957.4850643925
15957.4584489152
15956.7094356729
15956.4541966991
15955.6488707188
15957.4850643878
15957.4850643955
15955.8842773976
15956.1323402695
15955.7519075057
15955.6032055182
15957.4850643879
15956.3544168289
15957.4850643833
15956.3740411957
15956.0421923598
15956.3812152099
15957.4850643802
15956.6019717823
15956.6784931804
15955.6911214304
15957.7101833127
15957.4850643941
15956.0122078305
15957.7200851095
15956.3840973626
15957.4850643919
15957.7145184512
15957.4850643847
15956.4403431772
15956.882220336
15956.86896418
15955.7702703931
15955.9127511728
15957.485064389
15956.2548058757
15957.4850643918
15956.2110059492
15956.4275000307
15956.610102096
15957.7754732238
15956.1395021939
15955.6679884183
15956.0910946112
15957.4850643071
15956.3850605386
15956.0217785683
15956.1717736014
15955.893711725
15957.4850643916
15956.3641504211
15955.8895918493
15956.0888364203
15957.6753689025
15956.3602339674
15956.1971231959
15957.7317084211
15956.4980185472
15957.4850643848
15956.5100561399
15956.0589541673
15955.9918687635
15957.4850643864
15957.4850643892
15957.7059787685
15956.3185953892
15956.5817399876
15957.6248496162
15956.5360983725
15957.4850643907
15957.4850643918
15956.6052091824
15957.9256801002
15956.5450139327
15955.6642206744
15957.4850643855
15957.4850643852
15957.4850643891
15956.0931641058
15955.9545548651
15955.909835891
15956.2226014477
15957.9550322354
15956.0974202891
15955.7921343311
15957.4850645555
15956.6690928593
15956.5417706122
15956.568567205
15956.6853510126
15956.6007676422
15957.4850643842
15957.4850643847
15957.4850643863
15957.6317924302
15956.6511293913
15956.3999944478
15956.582831157
15955.8972303634
15956.2340701081
15957.5524703763
15956.9074850174
15956.6123204707
15957.4850643775
15956.4286875599
15956.9583887387
15956.6256716717
15957.4850643854
15956.777653547
15956.4275900144
15957.485064384
15957.6331710823
15956.0017737029
15957.4850643926
15956.4754637328
15957.48506439
15956.5217048493
15957.6034656123
15956.7181167483
15957.421862671
15957.8643033286
15956.4165974239
15956.6834379437
15956.2549455903
15956.159332503
15956.3221489816
15957.6147282943
15957.4850643844
15956.7938404511
15957.4850643905
15957.4850643863
15957.6389568638
15956.6088802744
15957.4850644103
15957.4850643754
15956.6184169079
15956.3596208962
15957.4850646082
15956.5407182026
15957.7483622123
15956.703399353
15956.2585504999
15957.4850644196
15957.7390163933
15956.0501094024
15956.6003416369
15956.7685441171
15956.4614187713
15956.1389830848
15956.313995584
15956.3936215715
15957.7714017802
15956.6740591816
15957.8226212857
15955.6587841061
15957.4850643897
15957.8078345684
15956.6822146686
15957.4850643882
15956.6315613713
15957.84841176
15956.3303700492
15955.7408757564
15956.3197121772
15956.1986450363
15957.4850643813
15956.3776635004
15956.1674808007
15957.4850643959
15957.4850643662
15957.6814146301
15955.934983689
15956.5956142089
15955.9897779262
15955.9030696124
15956.6521809841
15957.6920148181
15955.9123968191
15957.4850643808
15955.7732724433
15956.4520238693
15957.4850643757
15956.2720378675
15957.4850643859
15956.6735498248
15957.4850643867
15955.9466212783
15957.7539623615
15956.1888235923
15957.7220458163
15956.273636994
15956.3005469029
15956.0117045984
15956.7187947664
15957.4850643834
15957.7334812059
15957.4850643865
15957.6896187342
15956.4732053944
15956.6039584481
15955.8451032988
15955.5173170777
15956.611086177
15956.4358550268
15957.4850643868
15955.7624529596
15956.5066190485
15956.23030797
15956.4715356204
15955.9584916016
15956.0715086087
15957.4850644368
15956.0231028827
15957.9324299893
15957.1986743827
15957.4850643894
15956.3409779446
15957.6271364463
15956.534021473
15957.8618384369
15956.4989290655
15957.6702943658
15956.4856553523
15957.4850643923
15956.2629977751
15956.1922011855
15957.4850643896
15957.4850643815
15957.4850643853
15956.3568998724
15956.6158525952
15956.0636732691
15956.450004009
15957.6699907914
15955.9042997488
15956.3074978393
15957.4850643789
15956.4192631095
15956.0594272366
15957.4850643931
15956.1500169948
15957.4850643856
15956.0106254882
15956.1552365491
15955.9240588032
15955.8291359036
15956.4131690604
15957.4850643872
15956.2443908697
15955.8858531389
15957.6854446942
15957.485064167
15955.9206770222
15957.4850643793
15956.0393399285
15956.3353333523
15956.5700124291
15957.4850643863
15956.0953234661
15956.5245557805
15956.5376157152
15957.4850643867
15956.7855298969
15957.4850645068
15957.5717089929
15956.4575251836
15956.5407949708
15956.6082785266
15956.6081948534
15956.330856909
15957.4850643899
15957.4850643583
15955.9964579907
15956.700426627
15956.6516355362
15956.1634453893
15955.8548597038
15957.5195087454
15956.4797442305
15957.4850643899
15957.4987102193
15956.5759226993
15956.4983787996
15957.5187129966
15957.7428155593
15955.8627675691
15957.4850643847
15955.9241408647
15957.4850643889
15956.4222304749
15956.7441014165
15957.4850643809
15957.836792847
15956.6824520877
15956.6404222108
15956.080111147
15955.956219204
15957.6724685212
15957.4850643819
15956.1464773879
15957.485064393
15956.750616033
15956.5753107845
15956.5831300318
15956.4241747437
15956.2207393147
15956.7115737974
15956.3734594474
15956.5292188269
15956.8267450712
15957.6525252184
15956.7321120273
15955.7672186935
15957.6732641751
15956.5034017694
15956.2804094021
15956.8233156367
15956.5573997888
15956.1399488066
15956.4573039872
15957.9212073727
15956.1310477901
15957.9622199087
15957.6835372555
15956.4445106903
15957.6561666946
15957.4850643837
15957.4850643803
15956.2711948629
15956.2619013886
15956.6476349786
15957.4850643853
15955.9567466344
