# type 1 occupying volumes
15946.7773249979
15945.4743281313
15945.038176071
15944.8492716381
15946.4415421476
15945.6630511088
15945.2301477861
15946.4635125568
15945.8932912857
15945.7391204308
15946.7773249979
15946.606621813
15946.0876303958
15945.9512836353
15945.0843404775
15945.0678440225
15945.4308304445
15944.8041487256
15946.3343481664
15945.2655664339
15946.7773249979
15945.5564232348
15946.7773249979
15945.8943019216
15946.7313662303
15946.7773249979
15946.7773249979
15946.6286723434
15944.7920929632
15944.8836048134
15944.7504688274
15945.2416121984
15946.7773249979
15945.6224987963
15945.6173615241
15945.0989570327
15945.5350716153
15945.5185307408
15945.0605259734
15945.4461734952
15945.914360522
15945.1777254919
15945.1098446894
15945.0662289235
15946.3598631918
15945.1175245694
15946.4602879268
15946.4907798004
15945.2465431785
15945.8531439353
15946.6064000591
15945.6759819667
15944.7849248411
15945.1015317683
15946.7773249979
15945.4724498653
15945.3503518797
15945.2154016883
15945.6216972939
15946.4453973977
15945.4224730895
15946.7773249979
15945.5303219302
15945.1001689416
15946.5941626893
15945.4032871264
15946.7773249979
15945.6857560349
15945.3341783961
15946.5119943768
15945.654515661
15946.6325256587
15945.3201069283
15945.1567665172
15945.3249957697
15945.3155013305
15945.6081501797
15945.4776716885
15944.9676364511
15944.869438564
15944.9720254114
15946.3306331934
15944.6278483464
15944.7716260766
15945.6315396469
15945.8951509265
15946.7773249979
15945.3731879173
15946.5977890449
15946.7773249979
15946.6364137167
15944.884276152
15945.1026664356
15946.7773249979
15945.4924948354
15946.5365693587
15945.504868367
15945.8143156052
15946.7773249979
15945.7584712746
15945.6167562387
15945.6252231377
15946.7773249979
15945.6733041881
15946.7773249979
15946.4465282652
15946.3860688599
15946.34662309
15946.4846240391
15946.6267901344
15945.8165944735
15946.7507312872
15945.9553780328
15945.8191475356
15946.7773249979
15945.9237001895
15946.5460335868
15945.3068340434
15944.9967103753
15945.0692369304
15946.4609526735
15945.6474527618
15945.6937266786
15946.3786111516
15946.7773249979
15945.0387613877
15945.4687606967
15945.3354538546
15944.8747182067
15946.4752937528
15944.8886258916
15946.359617018
15944.8796691262
15944.8894434296
15945.6688958156
15946.5601873452
15945.6895678793
15945.5544876991
15945.6271441233
15946.7773249979
15946.4237551929
15945.6114662433
15945.3689481337
15945.5159608289
15946.4970357747
15945.6891545879
15946.3510513548
15946.7773249979
15945.1439820241
15946.3663878323
15946.2246492407
15945.0189146479
15945.4479818091
15945.4415427655
15945.7592948551
15946.7773249979
15946.5669769068
15946.6577324351
15945.7599495867
15945.5789324899
15945.6944366764
15945.4067601071
15946.7773249979
15946.569435254
15945.232967634
15946.7773249979
15945.6064653185
15945.5353582876
15945.9631564524
15945.8315251204
15945.689950858
15945.6145754514
15946.7773249979
15945.8256810158
15945.7292567179
15946.7773249979
15945.4840870183
15946.7773249979
15945.8214910905
15945.600471978
15946.296147207
15946.7773249979
15945.6505955585
15945.7199212673
15946.7773249979
15946.7773249979
15946.5663589883
15945.7091863937
15945.669585419
15945.3316518192
15946.7773249979
15945.8679189972
15945.6488700243
15946.6171411254
15945.7278881902
15946.7773249979
15945.0111031145
15945.3508489879
15945.2614673743
15946.4020818348
15945.2095566034
15945.2421247253
15945.3662305345
15946.5603014183
15945.7079986173
15946.601956187
15946.7773249979
15945.6225084763
15946.7773249979
15945.5553743336
15945.5668234537
15945.1393003456
15945.5591939463
15946.5564446455
15945.8425668893
15946.7773249979
15946.7773249979
15945.3247531435
15945.3983304602
15946.5099262432
15945.3120025235
15946.4984060424
15945.2835520816
15946.4187862911
15945.4844534237
15945.7195577551
15945.7742868734
15946.7773249979
15946.7773249979
15945.5933804693
15946.7773249979
15945.5249092129
15945.065405614
15945.2205268139
15946.3215130709
15945.625348938
15946.6135529756
15946.7773249979
15945.3662398227
15945.1122814826
15945.2760361172
15946.3295974625
15946.5162579596
15945.6110414159
15945.5627058063
15946.7773249979
15945.6162327257
15945.7612048207
15946.7773249979
15945.8446715477
15945.3793199659
15945.9113021764
15945.5444763738
15945.7988560684
15946.3913024387
15946.7773249979
15946.7773249979
15946.7773249979
15945.5178505816
15946.541430215
15946.7773249979
15946.3982560064
15945.4371085424
15946.4869586523
15946.7773249979
15945.6707951011
15945.8285489487
15946.4276506764
15946.7773249979
15946.6262023217
15945.5769716711
15946.544622722
15945.5844268111
15945.2505420587
15945.1712878583
15945.3305424649
15946.3928115627
15945.7430244954
15944.9453815041
15944.9984022719
15945.5609671929
15944.9053107747
15944.9824008192
15945.2004100211
15945.0583219843
15945.1667886172
15945.1812529448
15944.902814984
15946.4554909062
15945.4479558779
15945.6687541461
15946.7773249979
15945.6747183505
15945.5423058111
15946.4456054322
15945.4667152815
15945.2783592494
15946.4710501268
15944.8444634118
15944.7111051771
15945.528644252
15945.5002893487
15945.4104589667
15946.7773249979
15945.6618967135
15945.3648029358
15945.5337757545
15945.5722569866
15946.7773249979
15946.3894696216
15945.1636934194
15945.6017902224
15945.6875744544
15946.7773249979
15945.4443489783
15945.7696723459
15945.7138277811
15945.7885509248
15945.7233868185
15945.5605415723
15946.7773249979
15946.7773249979
15946.2385355764
15946.4010745486
15945.624672898
15945.50857124
15945.780326967
15946.457488575
15946.7773249979
15946.7773249979
15945.8217153488
15946.5262600011
15946.7773249979
15946.7773249979
15945.8451533727
15945.6064347922
15945.1662232688
15945.5120726397
15945.2980629699
15945.0930088682
15945.7386811147
15945.7185974082
15945.399285587
15946.7773249979
15945.1631512318
15946.6303355668
15945.1774834805
15946.7773249979
15946.7773249979
15946.2753318972
15945.4904642566
15946.3746352073
15945.2641485057
15945.3594119353
15946.7773249979
15945.2929112037
15946.7773249979
15946.5099716352
15945.4534416872
15945.5796804151
15946.7149865045
15945.3778849711
15946.7773249979
15946.7773249979
15945.2233023089
15945.2404292949
15946.7773249979
15945.6069130127
15946.5342693304
15945.5790925411
15945.3815953869
15944.7507366087
15944.8032404025
15945.5522356699
15945.2378505215
15946.7965948235
15945.423961154
15946.6023300726
15944.9422082532
15945.0835033109
15945.226857538
15946.7773249979
15945.4626930628
15946.7773249979
15945.4322212994
15946.4862334902
15945.5014843429
15945.6817003862
15946.7773249979
15945.6978477845
15946.6865944566
15945.6609799711
15945.7462109947
15946.5714598841
15945.8765259281
15945.7276070986
15946.7773249979
15945.5303418439
15946.5884794952
15946.3228240824
15945.4655249605
15945.3991084845
15945.5484535282
15945.2619805656
15945.7540874525
15945.4742125447
15945.0082084329
15945.8508177512
15946.7773249979
15946.6917127446
15945.2976437479
15945.6705989574
15945.6198838334
15946.7773249979
15946.7773249979
15946.7773249979
15945.6073180781
15946.7773249979
15945.610795352
15945.5289744084
15946.709109336
15946.7091005188
15945.8421680915
15946.5409866685
15946.5223721483
15945.996116908
15945.8118469365
15946.7773249979
15945.7109885475
15945.1228234033
15945.7459458252
15946.7773249979
15945.9374109415
15946.7773249979
15945.6090122932
15946.4328913218
15945.4573880141
15946.7773249979
15945.8344547566
15946.6446032419
15946.5644803333
15945.452040917
15945.7767954721
15945.1678318469
15946.4460491542
15945.6510300556
15946.7773249979
15945.7539958608
15946.5845810106
15944.818477657
15945.5153460935
15946.6019445661
15946.5799631778
15945.4171277839
15945.5645268916
15946.7773249979
15945.7587387072
15946.7773249979
15945.9071179932
15944.8874298066
15945.169530894
15945.2429082254
15946.7773249979
15946.1669737435
15946.5144914535
15945.4109088734
15946.7773249979
15946.7773249979
15945.5567688419
15946.368997914
15946.7773249979
15945.5426877733
15946.5047534947
15945.2967940321
15946.5424412742
15946.540604924
15946.6400278294
15946.7773249979
15945.2393880067
15945.3050487243
15945.5240831749
15946.7773249979
15944.8365942922
15946.7773249979
15945.2739838722
15945.6909248798
15945.5893475397
15945.4122474236
15945.558152544
15946.7773249979
15946.5345170258
15946.7773249979
15946.7773249979
15946.7773249979
15945.4376187953
15945.5822471344
15945.3706076892
15945.4960384199
15946.7773249979
15946.7773249979
15945.6340554549
15946.4970949953
15946.7167216008
15946.427111924
15946.7773249979
15946.7773249979
15945.6026362353
15945.0249240325
15946.3805516645
15945.3241864247
15944.9849685179
15945.6000586752
15946.4962650533
15945.2973462267
15946.4905955636
15946.4431346182
15945.0695514378
15945.8213290205
15945.6595447186
15945.5380459137
15946.7773249979
15944.8531557654
15945.0818707457
15945.1662639607
15944.97810308
15945.327132019
15945.3413734212
15944.6127966209
15945.0496535209
15945.1071923786
15945.0026636668
15945.2462560197
15945.275614839
15946.5443691059
15946.7773249979
15946.7773249979
15944.8279855884
15946.5971535418
15945.4195416104
15946.6000860047
15946.3418631357
15945.7629829552
15946.559976554
15946.7773249979
15946.6617899534
15945.6472315676
15945.9141939288
15946.513398182
15946.7323191765
15945.4394313946
15945.7194566974
15945.7068512991
15946.7773249979
15945.6674840358
15946.7773249979
15946.7773249979
15946.7773249979
15945.5989388558
15946.7773249979
15945.973976223
15945.5006094509
15945.7581125598
15946.6392509508
15946.7478832076
15945.6450885643
15945.7245413375
15946.5800379119
15945.519881829
15945.1072601369
15945.6202743917
15945.2800520716
15945.8464796859
15945.606118525
15946.8221844987
15945.7000415582
15946.6774585254
15945.9690001309
15946.7773249979
15946.7858468316
15945.7225416788
15946.7773249979
15946.6692039085
15945.6746484141
15945.6107870283
15945.6019234086
15945.3023492093
15945.6375676631
15945.4729424497
15946.7773249979
15946.7773249979
15946.6638946941
15945.4201329501
15945.9404382729
15946.7773249979
15945.8829743634
15945.7982635863
15946.7773249979
15945.7157026351
15945.6999197716
15946.7773249979
15945.6948858668
15945.5395719675
15945.6294545725
15945.1858830978
15946.5402064532
15945.4176552041
15945.3552623424
15946.4277329459
15946.5286883333
15946.7773249979
15945.8677567646
15946.7773249979
15945.4201224134
15944.9858680116
15946.6086559969
15945.2198012212
15945.390158631
15945.0996859226
15945.3008034254
15945.66784974
15945.2173763459
15945.5489755124
15946.7773249979
15945.3705956612
15945.5433742131
15946.7773249979
15945.6243556031
15945.22375553
15946.7773249979
15945.0228142034
15944.6945442489
15945.2967951268
15944.896862639
15946.4214145909
15946.4617809861
15945.5626729562
15945.6937049935
15945.2396327442
15946.7773249979
15945.6318539245
15945.3939794047
15946.5576454475
15944.8804798855
15945.5651375933
15946.5962089698
15946.3401795003
15945.4820732317
15946.5399203232
15945.2387313004
15945.38650034
15946.7773249979
15946.0267493952
15945.165070411
15944.9882950851
15946.7773249979
15945.6594051866
15945.5194136773
15945.2680239043
15946.6391960661
15945.7107559754
15946.7773249979
15946.5256050736
15946.4770023337
15946.6101967315
15945.5715558094
15945.76580272
15946.6573153938
15945.5398179321
15945.7333542179
15945.1227404278
15946.5499155883
15945.5160781342
15945.9690544923
15946.7773249979
15945.5699632286
15946.7773249979
15945.670389598
15945.9882353822
15946.7773249979
15945.4928936986
15946.7773249979
15945.8325076492
15945.7426396013
15945.7143371639
15946.7773249979
15945.7510776083
15946.7773249979
15946.2649758962
15946.6139601957
15946.6052476081
15946.0613637641
15945.3005403679
15946.7773249979
15946.7773249979
15946.7773249979
15945.6016808645
15945.6996188659
15946.6358308089
15946.5854199854
15945.5979306084
15945.8234665636
15945.8059465021
15946.7773249979
15946.7773249979
15945.8794083462
15946.4536620877
15945.4574790163
15945.867990355
15945.5243434275
15946.2817370915
15946.7773249979
15945.3168493475
15944.8076917205
15946.4031887123
15945.9024382237
15945.6263317913
15946.7773249979
15946.5641973723
15946.5541992521
15946.6896739549
15945.7814228699
15945.5993331335
15946.7773249979
15946.7773249979
15946.4498487146
15945.3013086865
15944.9900978436
15945.9263966553
15946.7773249979
15945.484558363
15945.3892029992
15946.7773249979
15945.6168419633
15945.6322403589
15946.7773249979
15945.7811487235
15946.7773249979
15945.7386063564
15945.0199929878
15945.2559923039
15946.4656489081
15945.3135672938
15945.3199744013
15944.8247984509
15945.2054108546
15946.7736128964
15946.5238128558
15946.7773249979
15945.7087677548
15945.9235241921
15945.6204836835
15946.0172916663
15945.6929075953
15946.7773249979
15946.7773249979
15945.8332447811
15945.2719907822
15946.6453907469
15945.2341663772
15945.1932676309
15946.7773249979
15946.6227633749
15945.6858112858
15945.5269793798
15946.7773249979
15945.4540100222
15946.7773249979
15946.7773249979
15945.3611164397
15946.3956075438
15946.0413993615
15945.0813355247
15946.7773249979
15946.7773249979
15946.7773249979
15946.7773249979
15945.4278148941
15946.6198483205
15946.7773249979
15946.6962630894
15945.7268593548
15946.7773249979
15946.7773249979
15945.5651119218
15946.6163000012
15945.9610276141
15946.7773249979
15945.7027133016
15946.7773249979
15945.6626983552
15945.6950373302
15946.7773249979
15946.6813204483
15945.8814697086
15946.7773249979
15946.7068414166
15945.6460575694
15946.5520042593
15945.5715084046
15946.5319874817
15946.7484450685
15945.7216644628
15946.7773249979
15945.7363503998
15946.7773249979
15945.6296838473
15946.7773249979
15945.4047409926
15946.4894534046
15945.8981048882
15945.7822852881
15945.7329046131
15945.8388454461
15945.5904941566
15946.7773249979
15946.7773249979
15945.5931596709
15946.6781808753
15945.5037992034
15945.6789898655
15945.405074976
15945.6599631921
15946.5213506404
15946.7773249979
15946.7773249979
15945.6673708899
15944.9837287038
15945.5468830684
15946.7773249979
15946.6650369455
15945.4676214164
15945.7824613463
15945.3765115442
15945.7264816301
15946.7773249979
15945.670296248
15946.3716219054
15946.7773249979
15945.1115788361
15945.3424736871
15945.0215110929
15945.3749413791
15945.4445739158
15945.9200694664
15945.4265930067
15945.8144983379
15946.7773249979
15945.004920647
15945.3704943809
15946.2885334681
15945.4446106874
15946.4336130253
15945.4298538329
15945.2545634016
15946.6238827898
15945.5908656534
15946.7773249979
15946.7773249979
15946.4578453023
15945.7492649686
15945.452842627
15944.961131836
15945.0608508936
15945.1695974372
15946.7773249979
15946.7773249979
15945.7462739878
15946.5517339811
15945.667073983
15946.7773249979
15945.9278191404
15946.7773249979
15946.5768559498
15946.608836179
15946.4249026082
15945.5549383852
15945.4263939386
15945.4024128419
15946.5189104255
15946.7773249979
15946.6035963151
15946.7773249979
15945.5502379648
15945.6640129147
15946.7773249979
15945.2514265983
15945.0213380466
15944.9051335944
15944.8739770411
15945.902323031
15945.6027669711
15944.916116334
15946.7773249979
15946.7773249979
15946.6744837435
15946.7773249979
15945.4647800082
15945.3470294291
15946.494203405
15946.7773249979
15945.6650934389
15946.5694673617
15946.7773249979
15946.3778346214
15946.6331572379
15946.5576418381
15945.4085348529
15946.6161778018
15945.4302787671
15945.6118635471
15946.6642177197
15945.5683945523
15945.8911299046
15945.8628729388
15945.704481659
15946.7773249979
15945.4981007305
15944.9451824744
15945.3929335841
15946.6861835451
15946.632499237
15945.6131767441
15945.710272041
15945.0640083948
15944.5810778441
15945.3867922889
15945.5269629171
15946.6549142189
15945.584266244
15944.939094811
15946.7773249979
15946.7773249979
15945.6121503904
15946.7773249979
15944.9837358939
15945.1869688565
15944.884475939
15945.1170376812
15945.0898974784
15945.0197397688
15945.7457315375
15946.7773249979
15946.4663214313
15944.5915655357
15945.479332492
15946.7773249979
15945.818947344
15946.459622913
15945.7367791393
15946.7773249979
15945.1093337141
15944.9002085957
15945.0069769173
15946.6567460725
15945.3754483139
15946.7773249979
15946.524155109
15945.6759407698
15946.7773249979
15945.6053844829
15945.8112328408
15945.2104081895
15946.7773249979
15945.5125017606
15946.5180639025
15945.8340095289
15945.5346100804
15946.7773249979
15946.7773249979
15945.5328911346
15945.6715618479
15946.7773249979
15946.7773249979
15945.8300353965
15946.5376450554
15946.7773249979
15946.7773249979
15946.7773249979
15946.4080509391
15945.3823025525
15946.5128112651
15945.2085404623
15946.4183994078
15946.7773249979
15946.7773249979
15945.8810547024
15946.4515100103
15945.9183589623
15945.6701286929
15945.8355112795
15945.9425414347
15945.8183861424
15945.8243456292
15945.144919107
15945.1096209737
15946.5669731335
15945.120736927
15946.7773249979
15946.7773249979
15946.7773249979
15945.7577041282
15946.7773249979
15946.7773249979
15945.7128104958
15945.5136665357
15946.7773249979
15946.7773249979
15945.5098506313
15946.4827436553
15946.5198650619
15945.7237030831
15946.7773249979
15945.6058589795
15945.7469055361
15945.7744589688
15945.9293547065
15946.5852218426
15946.5305384377
15946.7773249979
15945.6818872711
15945.7220081357
15945.2457939086
15945.8457431935
15945.6251507549
15945.612757536
15945.6017022151
15946.7773249979
15945.6964170082
15945.5275834241
15945.8126819974
15946.3827602105
15945.6280540709
15946.7773249979
15946.7773249979
15946.7773249979
15945.6617658062
15945.264358575
15946.7773249979
15944.8650166255
15944.9471573682
15945.7701765552
15945.4439450065
15945.510543269
15945.228427857
15946.4615184856
15946.5153770181
15945.2128185698
15944.9730908636
15944.9865998
15945.4451566767
15946.5476927391
15945.3229253353
15946.5303670343
15945.7290954296
15946.7773249979
15945.1330979155
15946.5337059589
15946.5782636981
15946.6177845919
15945.0319992719
15946.7773249979
15946.7773249979
15945.202384707
15945.1979277511
15945.7389787981
15946.7773249979
15946.5763925975
15945.6718123643
15945.8049025797
15945.6388401527
15946.7773249979
15945.4663462604
15945.4620002019
15946.7773249979
15946.7773249979
15946.2954374732
15945.1801579873
15944.8336495866
15946.583176919
15946.7773249979
15946.5068429885
15946.7773249979
15944.9937697594
15945.1315812857
15945.4409680032
15946.5212608376
15945.1378840095
15945.2188296808
15945.2326744634
15946.7773249979
15944.618104899
15944.8612665782
15946.7773249979
15946.4654908665
15945.2934674285
15946.7773249979
15945.6480057583
15946.4560004518
15946.7773249979
15944.9806223596
15945.0968343139
15945.6850526437
15946.2418630355
15946.424851988
15945.2454332222
15945.0479845961
15946.5458722046
15945.5229657076
15946.7773249979
15945.7319477948
15945.559381862
15945.2658291864
15945.3651310454
15944.8669180729
15946.5098867949
15946.3097503245
15946.7773249979
15945.3655656638
15945.253136659
15946.7773249979
15945.6214532327
15946.7773249979
15944.9787128788
15945.4071433772
15946.5574866593
15945.7793590294
15946.7773249979
15945.5281796452
15945.5981627741
15945.7787029257
15946.4175468192
15946.5395805257
15945.4788094107
15946.7773249979
15945.8810953099
15945.6265737274
15945.7430314525
15946.5236805495
15945.2624772743
15946.5674068858
15945.7899178945
15945.7823046987
15946.4900574107
15945.5155027703
15945.834683276
15946.7773249979
15946.7773249979
15945.8046192166
15945.4355483764
15946.7773249979
15944.9016325518
15944.959300085
15945.4138147711
15945.1913473585
15946.6456258273
15945.8792856883
15946.7773249979
15945.6405784548
15946.6977166267
15946.7773249979
15945.8593869431
15945.7723745902
15945.0169006277
15944.6927205161
15945.2694684419
15946.7773249979
15946.444470011
15945.9396082318
15946.7773249979
15946.5062516948
15944.9447707919
15945.5962541362
15946.3697467215
15946.3464286628
15946.7773249979
15945.5233760607
15945.3078236964
15945.501471691
15945.5410562017
15945.8053255464
15945.6770868708
15946.6674626988
15946.7773249979
15944.9794955637
15945.6402205793
15945.6303301566
15945.7511471842
15944.9413835374
15945.1711096651
15946.7773249979
15946.7773249979
15945.9142753216
15945.8419806145
15944.6759813005
15945.8490214713
15946.548407359
15946.5177202045
15946.4740014127
15944.9124995485
15945.6289379073
15946.4770503319
15945.8016753711
15946.4908685867
15945.7031195477
15946.2684222375
15945.7608440862
15944.9075677145
15946.2819429558
15945.0310698544
15946.7773249979
15946.7773249979
15945.763185339
15946.5073486168
15945.3459534539
15946.7773249979
15945.6190204953
15945.504735945
15945.3588169414
15944.9522388494
15945.3476638326
15946.4123786191
15945.814731191
15945.4648393897
15945.2847236648
15946.3688072917
15945.0818673633
15946.7773249979
15945.4053665593
15946.7773249979
15945.4683717573
15945.539812839
15945.2807107673
15945.936018384
15946.5460264108
15946.7773249979
15946.5516845838
15946.7773249979
15945.9477723498
15945.6198552723
15945.1781892782
15944.6728490811
15945.5946211689
15945.1446473834
15946.433210824
15944.7764621216
15944.9840450313
15945.8048285239
15945.6728418272
15945.3669735789
15945.4704550308
15946.6582260416
15946.7773249979
15946.7773249979
15946.7773249979
15946.7773249979
15945.7599384317
15946.7773249979
15945.6551772703
15945.4585990274
15945.8045115698
15946.7773249979
15946.7773249979
15946.7773249979
15945.500979452
15945.4762667458
15946.4782075489
15945.7085297473
15946.5678218969
15945.5412310485
15945.7433438684
15945.0883941572
15946.7773249979
15946.5804384617
15946.4770512555
15945.1108394357
15945.3622079439
15946.7773249979
15945.3658201454
15946.5090361124
15945.0566739674
15946.3748310281
15945.0786220245
15945.1437157332
15945.1124054091
15945.1589311312
15945.6132101893
15946.4694471243
15945.1988155572
15945.6260375199
15946.5403399755
15946.5912158251
15945.2785182776
15945.4834872791
15945.0823433862
15945.5386753683
15945.8356323657
15946.7773249979
15945.215084109
15945.4712566366
15945.6801958069
15946.4890641568
15945.6680988326
15946.452079483
15946.5402701612
15945.6209078285
15945.4066879698
15946.7773249979
15945.3848194724
15945.1690882527
15945.4386939802
15944.8500821279
15944.9890350836
15945.4666111772
15945.4906734851
15945.3447124079
15945.506173122
15946.7145242239
15945.2480622924
15946.5528370097
15946.6876524148
15945.5031619828
15945.6696988101
15945.4475817824
15945.3313529431
15945.0509419555
15946.7773249979
15944.9287252657
15946.340159381
15945.3867594893
15946.7773249979
15946.1808187893
15946.7773249979
15945.9755862046
15945.7241603366
15945.0073983687
15944.7753083697
15946.5055419638
15946.7773249979
15945.9319855364
15945.2665870502
15945.6141935035
15945.4592480021
15945.6974321911
15946.6483585648
15945.09731734
15945.6007852376
15945.18585004
15946.7773249979
15946.1201094592
15946.5527064505
15945.9742878332
15944.8901804716
15945.4419090289
15944.8986562858
15945.8009662201
15946.7773249979
15946.5737449649
15945.0785504993
15945.1146276557
15946.7773249979
15944.9916516281
15946.7773249979
15945.2248302359
15945.2830145533
15946.7773249979
15946.3959641725
15946.4858232924
15945.2982902048
15945.3230242986
15945.787130738
15946.5866068111
15945.0679913959
