# type 5 occupying volumes
15965.0791702059
15965.5223621337
15965.0791702179
15965.5022022638
15966.3774852085
15965.0791702226
15966.1567284262
15966.3396334483
15966.2217640997
15965.389785287
15966.0033477813
15966.2452291222
15965.4183559584
15965.0791702034
15965.0791701586
15966.7660225087
15966.6571334028
15966.794398551
15966.1974327589
15965.0791701984
15966.3343453878
15965.0791701131
15966.2208615454
15965.2384655443
15965.8303799201
15965.5083337609
15966.8011924474
15966.116609227
15965.6959722129
15965.5062136675
15965.079170252
15966.7764239832
15966.851626432
15965.2072657995
15966.5834640154
15965.0791702256
15965.197598141
15965.2856474947
15965.0791701958
15965.3821741049
15965.1417931575
15966.5052695301
15965.6224615862
15965.0791701993
15967.5447139388
15965.4680516203
15967.0350312111
15966.5245263963
15965.3550318918
15965.5763502686
15966.2163677328
15965.3354179917
15966.2771710896
15965.0791702018
15966.3442149776
15965.338312677
15966.4609339957
15965.422225942
15965.5711320624
15966.5656695118
15965.4844577926
15966.7717235331
15966.3444528355
15966.9948515353
15966.556731171
15965.4046995154
15966.4209018116
15965.4966232328
15966.3354993962
15965.4709931565
15965.724903398
15965.0791701485
15965.4578607821
15966.6794030306
15965.5536304327
15965.0791702117
15965.0791701702
15965.4121252377
15965.3123338658
15965.0791702103
15966.8802721433
15966.4344276423
15965.3879554767
15965.6501140858
15966.6944332137
15965.0791701917
15965.5988534724
15965.591612643
15965.2544131421
15965.1751706966
15966.2078245335
15967.113943761
15965.079170181
15966.9588672585
15965.0791701878
15965.0791702782
15965.6125622192
15966.3365338754
15966.534341644
15965.079170231
15965.3318377702
15965.449361438
15966.0976794863
15966.5446255121
15966.2330683975
15965.6256467373
15965.383744936
15966.249152779
15966.5217748981
15966.6224529071
15965.6004372804
15966.5801045784
15966.4257177814
15966.7611346192
15966.6732499503
15965.4514557615
15966.6072172674
15966.5317726473
15965.0791702057
15965.4596490709
15966.3800465274
15965.0791701988
15965.5479561203
15966.5467707707
15966.4659894443
15965.0791701833
15965.0791702013
15965.3765313446
15965.079170208
15966.6220968299
15965.0791701877
15966.8789686687
15965.5331760685
15965.079170214
15965.0791701493
15966.4347788257
15965.6942367631
15966.8915643283
15965.5645504414
15965.6154674994
15966.3998673676
15965.4658927269
15965.435092858
15965.327789204
15966.6267307006
15966.743437367
15965.3716974734
15967.0402436356
15965.4581224878
15965.3081559656
15966.671984403
15965.0791701701
15965.5037649945
15966.5212515355
15965.4341360233
15966.8956234036
15965.0791702526
15965.0791702005
15965.4940826505
15965.4839201801
15965.6315036052
15965.0791702452
15966.7276688051
15965.3451726431
15965.0791702107
15965.6018320795
15965.584844966
15965.0791701435
15966.2340737187
15965.4888548444
15965.2817750869
15965.5820493837
15966.6786061254
15965.4763637047
15965.4215205212
15966.4794330616
15966.4219631305
15966.7922854073
15965.3529700977
15965.0791702359
15966.5459603427
15965.0791702296
15965.0791701996
15965.4475851259
15965.5542296267
15966.8553898903
15966.6013489039
15965.5533221347
15965.4552799921
15966.2411830588
15966.3476071728
15966.8734905061
15965.4490534104
15966.2677899873
15965.5083947529
15965.079170205
15965.0791701463
15965.5073417198
15965.5584204158
15967.115348351
15966.541725778
15966.4866121066
15965.5201538216
15967.1579396837
15965.3762565851
15966.1255035977
15966.5732338826
15965.2699079953
15966.6193996491
15966.2508811592
15965.7543405528
15965.5072283215
15965.6045233649
15965.3331736011
15966.786381797
15965.0791701417
15966.4994484813
15965.8431901818
15965.2802237227
15967.2480930552
15965.6075999367
15965.3713002926
15965.0791701845
15965.285425993
15965.3192787983
15965.740214367
15965.3892852036
15965.0791701877
15966.4874865575
15965.079170207
15966.7407086754
15967.2315469346
15965.0791702419
15965.2882102874
15966.4376771621
15965.569050179
15965.9923234706
15965.3760932917
15965.672296409
15965.0791702175
15965.5381286579
15966.663770608
15966.9454345907
15965.2207275618
15965.3212245707
15966.5818565947
15966.5635006175
15966.4732070895
15966.3772123506
15965.0734581996
15965.4698685525
15965.3638158158
15966.5732583705
15965.2902540197
15966.4881181478
15966.2547813268
15966.283131017
15965.3724418157
15965.364816928
15966.7627160711
15966.6433322568
15966.7069080554
15965.0791701765
15966.4799403691
15966.2270873701
15965.5076495396
15966.520199434
15966.0675596764
15966.3967242359
15965.5555721647
15965.0791701805
15965.0791702191
15965.6372868337
15965.4695616271
15965.4618867991
15966.7581308916
15966.0702559916
15966.4636715262
15966.5037311307
15965.0791701974
15966.3185901748
15965.5231015849
15965.2931383625
15966.6238889682
15965.419304375
15965.4270198311
15965.4676712496
15965.079170212
15965.6114041727
15965.4813118612
15965.569198024
15967.3739926002
15966.9133603734
15966.2188342337
15966.2892289
15966.7856754935
15966.4197281487
15965.0791704549
15965.0791702073
15967.0033019616
15965.4630474557
15965.4768566793
15965.0791701908
15967.0655404218
15965.4717602211
15965.0791702347
15965.0791702081
15965.6494823753
15966.3882014966
15966.9233515635
15965.0791701998
15965.6315259282
15966.0895180662
15966.5986642762
15966.4016905211
15965.281391431
15965.6106090045
15966.3725381212
15965.499737708
15965.5094863665
15966.4999058894
15965.4207951175
15965.338865157
15966.3771751225
15965.0791701832
15966.8702880817
15966.4441214541
15966.2783281035
15966.4982709722
15966.5035900143
15965.0791701911
15966.5567973087
15966.666138707
15965.0791702084
15965.398230372
15965.0791701912
15965.079170199
15965.0791701969
15965.4110712677
15966.5213322459
15965.528250612
15965.5559223697
15966.4914043523
15967.13492694
15965.4429288023
15965.079170219
15965.0791702048
15966.2810195254
15966.637113064
15966.3615066359
15965.2495683903
15966.8164206144
15965.1756385766
15965.4094612225
15966.5197899789
15965.0791701477
15966.5286125525
15966.3495318709
15965.5342572737
15965.314584024
15966.5162520888
15966.804950763
15965.4240428635
15965.5833873593
15965.0791702307
15965.0791701819
15966.3161114976
15965.273361748
15965.0791702421
15965.4592982031
15965.4586988625
15965.458574632
15965.5676006441
15965.0791702615
15966.7693581101
15966.5532580395
15965.079170364
15965.079170183
15966.9442422615
15966.6595052962
15965.5101305768
15965.0791702046
15965.637331429
15965.0791701897
15965.2605939538
15967.1673097168
15966.6295909487
15965.0791702025
15966.0198134993
15965.3850610411
15966.6355261028
15965.350195006
15965.0791702118
15966.5285270809
15965.4354253605
15965.4790813621
15966.6657417969
15965.5205436866
15966.4461640915
15966.7212523353
15965.500133385
15965.4652584939
15965.3315370472
15966.2423667547
15965.4792934338
15966.7049668989
15965.0791702094
15965.5265718389
15965.304118612
15965.0791701901
15965.079170208
15965.3538994299
15965.4170547371
15966.8391561508
15966.4440300615
15966.0830099457
15965.3204183416
15966.1005315369
15966.3867731762
15965.3852005593
15966.4964475877
15966.0048450021
15965.5158217143
15966.6498561255
15966.2938091602
15965.2162609891
15966.0073522301
15966.6241299125
15966.4336791648
15965.3942926702
15965.3383334083
15966.8224590682
15965.07917022
15965.079170333
15965.6505799832
15966.4885326338
15965.4281840266
15966.9013110029
15965.5740856845
15965.2644506424
15965.0791702006
15965.0791702263
15965.3644742924
15966.3063414237
15965.2782388816
15965.7199559843
15965.7448117044
15965.4474640015
15965.0791702125
15965.0791702709
15965.394345053
15966.6966720821
15966.5478351056
15965.4704016124
15965.079170204
15965.0791702083
15965.0791702615
15966.5052004708
15965.506654371
15967.0717801507
15965.3652056053
15965.0791701877
15965.4399892195
15965.5833953534
15966.6998091314
15966.3193924227
15966.892518416
15965.3450714731
15965.5431605106
15966.5508707378
15965.0791702113
15965.3567487705
15966.7481672869
15965.0791701852
15965.4691992227
15965.7648708065
15965.0791702086
15965.0791701703
15965.079170183
15965.0791702029
15965.4424305895
15966.8594520326
15965.0791701832
15965.5535867107
15965.0791701844
15965.3829625516
15965.4998921683
15965.4268602966
15965.5489699387
15966.2862426231
15966.8640725796
15965.5936384821
15965.079170184
15966.3396785837
15966.5761709116
15965.7733566037
15965.5173522769
15966.565061257
15966.3325302579
15966.8347068201
15966.8960875454
15966.5311949488
15966.4605954366
15966.2278690538
15965.429956055
15965.1126455027
15965.5625112485
15965.0791701758
15965.0791702161
15966.4925818287
15965.4714231797
15965.0791701606
15965.7824525166
15965.079170224
15966.5151948384
15965.0791702094
15965.4438264923
15965.0791702078
15965.6727549823
15965.5277563084
15965.5595451095
15965.0791702077
15965.0791701859
15965.5372610834
15965.2902638718
15965.6294408464
15965.0791702117
15965.0791702015
15966.9147071785
15965.418453407
15965.3820144319
15965.4789069292
15965.4713695424
15966.573085892
15965.3183351497
15966.6045422765
15965.0791703675
15966.724106269
15965.4380640452
15966.9810896288
15965.3956873356
15965.9046004266
15966.4678150578
15966.1485000072
15966.2719541052
15966.6010835783
15965.6062993419
15966.4318133234
15965.3239376516
15965.5451387036
15965.4865501684
15965.0791701749
15965.4617974744
15965.518729858
15965.0442961708
15966.2428939838
15965.8060754861
15966.0721102618
15966.1451006734
15964.9923544651
15965.8311949514
15966.0963081028
15966.6032256322
15965.07917021
15965.0791702059
15965.2409414446
15966.5932231866
15965.5107549352
15965.2598872687
15965.0791702166
15965.4256094112
15965.7229050004
15965.3278096677
15966.5605653114
15965.5726996976
15966.3640410471
15964.9594213154
15965.4066784903
15966.2796190065
15965.2651754068
15966.4159575286
15966.4894241377
15965.2902252927
15965.4337002585
15965.5152100788
15965.0791703519
15966.4064782386
15966.2702055918
15965.4339147593
15966.6151800965
15966.3386659647
15965.079170204
15965.6869280207
15966.4177388146
15965.2612433546
15965.5479792264
15965.4981206198
15965.2484881938
15966.2242238465
15966.3431609969
15965.3641267453
15966.5195043456
15965.6480190764
15965.0791701967
15966.3603249572
15965.4616823044
15965.610279751
15966.7531093686
15966.5545293207
15966.2107004994
15965.8749786148
15965.2036720124
15965.2289726128
15966.7307636102
15966.5702370784
15966.3577469989
15965.5293706506
15966.7375955531
15965.0791701822
15966.3929835086
15966.3661101323
15965.4079927503
15966.3253833787
15965.3955070613
15965.5898534952
15966.8175172614
15965.4983417192
15965.4593870602
15966.7329196173
15965.4744256312
15965.7978269817
15965.0791702329
15965.0791818482
15966.7839614532
15966.7720814135
15965.5028174097
15965.0791702095
15965.4598954057
15966.2792146794
15965.0791702195
15965.8117135783
15965.7189176492
15965.0791701941
15965.5989031168
15965.2724124051
15965.9542828879
15965.6728658044
15966.5630081098
15965.0791702654
15966.663607845
15965.4625596911
15965.5543368181
15965.0791701741
15965.35021571
15966.5231723488
15965.1810287944
15965.5491915174
15965.6145996157
15966.2258677666
15965.2492369628
15966.589507538
15966.4244990544
15966.7498962282
15966.4221242317
15965.7399914179
15965.0791813946
15966.5706922166
15965.3722794746
15965.3447966216
15965.5370189585
15966.4702677285
15965.0791702209
15965.9155791557
15966.2165370943
15965.2712935019
15966.4334485899
15966.0584941949
15965.5837116064
15966.7497443492
15966.4096212349
15965.0791701935
15966.2644224209
15965.2592124344
15965.3237625175
15966.7643624724
15966.3220538243
15966.6952120759
15965.0791702075
15966.4746978799
15966.1550955507
15965.0708230474
15966.4252477853
15966.6804071442
15966.4422109621
15966.0760076714
15964.9268393652
15965.0791702103
15966.3776764782
15966.6770496719
15966.4266655957
15965.0791702067
15965.3204240543
15965.3926744379
15967.1029042338
15965.2036957173
15965.157254516
15965.0791701438
15965.458712873
15964.9122830283
15965.912630191
15966.3512376656
15965.0791701973
15965.0791702036
15966.2428768716
15965.1421174435
15965.0078578164
15966.1707772226
15965.844666056
15965.0791702094
15966.2950068895
15964.9167847564
15964.7082458226
15966.0753172486
15966.3189928612
15966.1609267094
15965.6079476918
15966.4179793432
15965.3111868544
15966.5070151298
15965.1239342522
15966.2631223966
15966.1496759782
15965.0791702052
15966.1269284641
15965.8702548578
15966.333233518
15966.1194093099
15966.5047462081
15965.4083357403
15965.0791702077
15965.6137323966
15965.0791702252
15965.3467842438
15965.0791702047
15965.323259476
15966.6803958352
15965.3683277717
15965.3086283818
15965.5647630588
15965.1325960586
15966.0409473311
15965.1365776833
15966.3209214341
15966.2162970572
15966.4996749749
15964.8622577162
15966.7222242252
15965.0791702197
15966.6845863413
15965.0791701589
15966.6543351555
15966.2986291584
15965.522164579
15965.3242820841
15966.3010350389
15965.0791701902
15966.4593128638
15965.5812128838
15965.0791702319
15966.2848428308
15966.4096130727
15965.0791701557
15966.4904385662
15966.5062639008
15966.1863167914
15966.6651856155
15965.0791701927
15966.8203127628
15966.4081232462
15966.0797945256
15965.0791703084
15965.0791702423
15966.4917603279
15965.4475597389
15966.024262516
15965.2314726046
15966.0344318393
15965.0791701943
15966.0653619487
15965.593049251
15965.4439949026
15965.2942045058
15966.0081815291
15965.3236211662
15966.3811076296
15965.2279196904
15965.5226968832
15965.6861373153
15965.3618989301
15966.4315345715
15966.2619641813
15965.2584923295
15965.0791702714
15965.2655921042
15965.2138374568
15965.5168972358
15966.6826179077
15965.0791702003
15966.4375400198
15965.6684855577
15965.2885211707
15965.3941294539
15965.6561049178
15965.5337702928
15966.3810522596
15966.4325859853
15965.3710748056
15966.0759782457
15966.4933157062
15965.0791701988
15965.3653551786
15965.4908781853
15965.28726774
15966.859165892
15965.0791701486
15965.5778086566
15966.9221460611
15966.7080509951
15966.8346509697
15966.6034276781
15965.5530124443
15965.7567051508
15965.0791701541
15966.58936297
15966.5167456558
15965.3527634291
15965.5232688626
15966.8242851207
15965.3856923904
15965.6686427136
15965.0791701797
15965.0791702302
15965.331328774
15965.0791702977
15966.4163027977
15965.0791702176
15965.1626463296
15965.079170139
15965.2504713075
15966.2708936897
15965.0791702165
15966.3371249988
15965.0791702291
15966.3576079649
15966.6854560491
15966.2444006504
15966.4015683357
15966.7624462458
15965.0791702003
15965.4083222553
15967.0232946324
15965.0791702585
15965.0791702198
15965.0791701949
15966.8945423085
15966.5639172929
15965.3479348818
15966.1188485996
15966.5337428264
15966.4245424966
15965.5567522792
15966.3508200739
15965.0791701987
15966.6875640566
15966.7925890077
15966.1487033251
15965.4057248489
15965.079170215
15965.3983217837
15965.2772637771
15966.4133487364
15966.4962756921
15965.0791702164
15965.472686035
15966.7351064338
15965.4472848934
15965.1572545234
15965.3459633382
15966.5851784113
15965.0791702417
15965.4112605457
15965.4585918713
15965.5725605999
15965.0791702105
15965.079170183
15966.833161998
15966.4883422364
15965.0791702499
15965.3254006396
15965.0791702162
15965.4044990705
15965.731163118
15965.5683318822
15965.0791702384
15965.6192808641
15966.382978423
15965.5905307724
15966.21555911
15965.4879516717
15966.4630144865
15966.3817067848
15965.0791701892
15965.5454076793
15965.3800374465
15965.0791702049
15965.3095382208
15965.4822849433
15967.0306391625
15965.3004039772
15965.3836278387
15965.079170197
15965.4093890415
15966.612176949
15965.5968558202
15965.0791702026
15965.4187105514
15966.5197599987
15965.3540472501
15965.1990151598
15966.5745347593
15966.3048132196
15966.2540571194
15965.2700344874
15966.0369592612
15966.8756654002
15965.5619748394
15965.0791701653
15965.2477717598
15965.0791701946
15965.4372061755
15965.6434055486
15966.9338961392
15965.079170172
15966.6770250082
15965.6398572386
15966.6968973824
15965.4041799252
15966.4074398575
15965.4551476155
15966.6806784669
15965.0791701758
15965.2563647809
15965.0791702016
15965.4266878704
15965.079170184
15965.4420160759
15966.3215975346
15965.3576214439
15965.3053252513
15966.1090223287
15965.3754984232
15965.0791702289
15967.0080566585
15965.4226643199
15966.2391465181
15965.4717542007
15965.0791702284
15965.4517508888
15966.5025235271
15965.0791702195
15965.3174500053
15966.6715560532
15966.812010341
15965.3354154777
15966.2479558805
15965.0791702406
15966.4280131155
15966.6411999653
15965.4585756651
15965.0791702502
15966.9079844466
15965.0791701558
15965.9759905138
15965.1971825049
15966.4072246729
15965.2423414478
15965.3897583284
15965.4712485871
15965.1967086213
15966.1453752942
15966.3272022332
15965.384863098
15965.6042133586
15965.0791702083
15965.0791702068
15966.133040021
15965.0791702086
15966.3626145709
15966.1571823125
15966.7598406057
15965.3545307313
15965.9397350193
15966.5371994447
15965.5176531171
15965.5769819134
15966.4177307585
15966.3375432842
15965.5972796656
15967.0470869175
15966.5134508873
15965.0791702857
15966.4414759856
15965.0791702068
15965.3667456959
15965.311240157
15966.3474495978
15965.0791702018
15966.4916549542
15965.4326237644
15966.497686588
15965.3681684572
15965.0791702165
15965.0791702233
15965.0791701768
15965.3582178266
15965.4234486719
15967.0839793779
15965.7013995687
15965.5545050006
15965.5795082449
15965.3515063671
15965.3881061371
15965.0791701697
15966.9534173958
15965.489919283
15965.5355716259
15965.0791701642
15967.0370404429
15965.0791702279
15965.3444947841
15966.6760830371
15965.351563891
15965.2577684277
15965.0791702224
15966.524201651
15966.5772620548
15965.6353277557
15965.3074260428
15965.0791703048
15965.0791705973
15966.8867422983
15965.5349488976
15966.6293943883
15965.5571370548
15965.1878081721
15965.4051705102
15965.1968975379
15965.0791702127
15965.749517689
15965.0791701855
15966.6711613295
15965.710921118
15965.4298984476
15965.0791701946
15965.0791701983
15966.4135303247
15966.6496103486
15966.2894626028
15965.7604783555
15965.5895681741
15965.5983586121
15965.0791701724
15965.0791702041
15966.7959596647
15965.386914349
15966.6645087279
15965.3732584688
15965.6119917238
15965.4941925234
15966.9920337632
15965.079170151
15965.0791701981
15965.0791702024
15966.7203684472
15965.0791701636
15965.378928052
15965.4504064377
15965.4485402061
15966.5284186967
15965.8055625104
15965.0791701847
15965.5642682707
15966.3925361667
15965.4439138642
15965.0791701923
15965.5598250664
15965.792087078
15966.5151392994
15965.5348941425
15965.0791702588
15965.0791701884
15966.4807705029
15966.7283996537
15967.0550955609
15965.3277183577
15965.809772276
15966.563397703
15965.4647981225
15966.6347528449
15966.6774411148
15965.6841823362
15966.4051683775
15965.2857373577
15965.0791702269
15966.7155312398
15966.4341142918
15967.197759887
15965.0791702108
15965.0791701785
15965.0791701952
15965.0791701793
15966.7928493996
15965.0791701658
15965.0791702128
15966.4300516224
15965.4505702366
15965.4330572155
15965.4004905338
15965.1396643351
15965.2326160577
15966.7268735377
15966.3124499039
15966.5497191602
15966.3383766641
15965.2426470291
15965.5221188849
15966.3170974332
15965.0791701987
15965.3862271924
15966.5137458454
15965.3571389855
15965.663992966
15966.1224476314
15965.1956001049
15964.6152084024
15964.8458408712
15966.4563469391
15966.0771404896
15965.478968061
15966.5377700539
15966.4014606363
15965.0791701834
15966.0363552277
15965.6971177058
15966.3728110982
15965.1336145465
15965.9788833315
15965.5350634682
15966.1945009079
15966.5362692837
15965.0791702551
15965.1749792394
15965.458399897
15965.390403176
15965.4817100024
15966.776854874
15966.5261707021
15965.4527348821
15966.7157908117
15966.4913526981
15966.3306308641
15966.0045461816
15966.3092393274
15966.7250755585
15965.0791702351
15965.5826190436
15965.9161271542
15965.094673439
15966.1183442963
15965.2835598438
15965.4820356088
15966.209485012
15966.4618692764
15965.0791701958
15965.1910057053
15965.5246009286
15965.4916747128
15965.4852065957
15965.552135249
15966.3086230933
15966.3902724431
15965.4112008097
15965.7460636476
15965.079170243
15966.0901394533
15966.5635464078
15965.4500118066
15966.4768653563
15965.3134324738
15967.3283862277
15965.5095794893
15965.0791702078
15965.3816304751
15965.2679804663
15966.862701469
15965.4419491812
15965.0791702034
15966.4120013403
15965.6084581636
15967.2279355973
15966.4725616737
15965.0791701832
15965.1547019155
15965.0791701793
15965.4930671327
15966.627627517
15965.0791701228
15966.3665166766
15965.4744951629
15965.6820178005
15966.5732588812
15965.0791702243
15966.603655361
15965.4932226004
15966.435311823
15965.3951578305
15966.7396779196
15965.079170193
15967.1992271956
15965.0840819686
15965.6284812844
15965.1919375601
15965.249304717
15966.3218925755
15966.6012677447
15966.1452139372
15966.6897561308
15965.1348240371
15965.4478864927
15965.079170203
15965.0791702334
15965.1109424836
15965.3023411126
15966.5355522963
15965.3144685353
15965.5447581293
15965.0791707008
15965.3945992835
15965.079170205
15965.3781465636
15966.9182525166
15965.079170223
15966.9593890983
15966.1102011396
15966.2231277974
15965.0791702364
15966.1551712679
15965.5053735452
15966.7454271338
15965.5433502124
15966.5058688508
15965.648904282
15966.056487654
15965.378049519
15965.7364740994
15965.0791701583
15966.5656002062
15966.2819537127
15965.5016697917
15965.5001608623
15965.079170165
15965.0791702002
15966.5660163372
15965.0791702024
15965.0791702268
15966.513360376
15965.5592089809
15965.0791702137
15966.7351510736
15965.4708709059
15966.7670804196
15965.0791702233
15965.4065486042
15965.0791701398
15965.0791702912
15965.5116723797
15967.1958414528
15965.0791701872
15965.0791701941
15966.768476227
15966.9655048772
15965.0791701692
15965.4443848896
15965.0791701977
15965.1988739637
15965.5603154266
15966.7348144675
15965.0791703476
15965.4156706786
15965.5261568386
15965.0791701479
15966.522266254
15966.4584226975
15966.6107559716
15965.4457731056
15965.7253240454
15965.2292471093
15965.6794313094
15966.4096160853
15966.9633420848
15966.2754020567
15965.0791702428
15965.5303267297
15966.2976334202
15965.2185972738
15965.0791701758
15966.5641859379
15965.079170176
15966.1994794133
15966.075063131
15965.3282612616
15965.5224502544
15966.455523827
15966.4666466734
15965.0791702007
15966.1089463234
15965.0791701965
15966.2652984014
15965.5090105041
15966.7528368048
15966.7889097558
15966.3731610346
15965.5895705509
15965.3491248373
15965.4702867149
15965.0791702277
15966.9660923994
15966.1848006054
15965.079170195
15966.6121630432
15965.4131120572
15966.7690135838
15965.3066038038
15965.0791711487
15965.5019899902
15965.2476953595
15965.3648661285
15965.6627851003
15965.4246434406
15966.4725269441
15965.5867443141
15965.0791701684
15966.6332327375
15965.3364476199
15965.4736535543
15965.5245125624
15965.4336009464
15965.0791702144
15965.0791702094
15966.7682172503
15965.0791703111
15966.9656531891
15966.5756352965
15965.0791702235
15966.5786755433
15965.6618089255
15966.5455488313
15965.0791701933
15965.0791701559
15965.3237324184
15966.5766085175
15965.5973979863
