# type 2 occupying volumes
15963.7214147687
15965.1437440615
15963.4969316121
15963.8067008234
15963.8625713448
15964.2759156361
15965.198922692
15965.1437440627
15965.2700774422
15964.1089677693
15965.4111568897
15965.2763793989
15964.0636109462
15965.3938623084
15965.1437440553
15965.1437440554
15963.9289811371
15965.1437440578
15964.2640444145
15964.1442317446
15965.4322044467
15964.0984319659
15965.1623825016
15964.1121592925
15965.1437440581
15965.1437440549
15965.2403992462
15965.2729724271
15963.5350586076
15963.8696829244
15963.8229451174
15965.5693047955
15965.6059052299
15964.313753515
15965.451478326
15963.4013140442
15964.5443804785
15965.2845496093
15965.3775281451
15964.2992579204
15964.3247788555
15964.0726797944
15963.6602952866
15965.1437440514
15965.594052741
15964.4278474395
15963.7049639779
15965.1437440573
15963.8884462703
15963.8773418679
15964.2024085883
15965.1437440618
15965.1437440543
15963.5057372022
15965.3624903979
15963.809615407
15965.4450867597
15963.7746734655
15963.9758198374
15965.1437440344
15964.0067115298
15965.1437440535
15965.3736705403
15963.4994213223
15964.2508652349
15963.4831824603
15963.8444049486
15964.1580254721
15965.1437440518
15963.9143615294
15965.4145968216
15963.4089394056
15964.0470549101
15965.1437440608
15963.8092463582
15963.5549231759
15965.4085511813
15963.7246006202
15964.1179465901
15963.7288523882
15965.5978880858
15965.3367169222
15963.8021083864
15963.4187113595
15965.4893164239
15963.6632664358
15964.2923985016
15965.4413417909
15964.3121088179
15963.3590304596
15963.7093847183
15965.4686472843
15963.8051489137
15965.4413987064
15965.1437440496
15964.135787481
15964.3072966389
15965.1437440547
15964.1587906831
15964.1749945042
15965.387609097
15964.1462491778
15964.3481062966
15965.1437440528
15965.1437441193
15964.469092578
15964.2563393106
15965.3027642166
15964.1571490373
15964.2030629475
15964.3071597533
15965.143744056
15963.6649809642
15965.3855982585
15965.1437440512
15963.5756912562
15965.1437440539
15964.1897699466
15963.8506386065
15963.959635042
15964.1088983424
15964.1651471999
15965.3944184325
15965.1437440658
15965.1437440511
15964.4998808912
15964.3861415518
15965.2280684205
15963.4559428038
15965.1437440523
15965.1437440494
15965.4121336062
15964.0713985281
15964.0838685092
15963.7808522898
15965.4832426225
15964.308781471
15965.1437449902
15964.4991383933
15965.1736909456
15965.3487576552
15963.4017870535
15963.880006187
15965.1437440538
15965.4864858099
15965.3054461652
15965.5678668183
15963.9108763458
15963.5812669115
15963.4651171879
15965.1437440631
15963.7458881733
15965.3012969014
15964.4463620892
15964.2244356288
15965.1437440527
15963.6586788448
15963.7524270127
15964.2326725725
15965.1437440585
15964.0774374495
15963.8552015589
15965.5351221841
15965.1437440567
15963.7431748654
15964.0667343193
15964.3162938493
15965.171218932
15964.2508500225
15963.4255372145
15964.2476698826
15964.0271197353
15965.408252498
15964.2731986214
15965.4454476144
15964.1619494
15965.3613066213
15965.0436125034
15965.143744051
15964.2440087853
15965.143744062
15963.7242615937
15965.1437440679
15964.1465882579
15963.8070499966
15965.1437440647
15965.1437440593
15965.326287686
15965.3441297282
15965.3035331219
15965.2520768968
15964.3879363233
15964.2410850588
15964.4006759157
15964.1725617897
15964.0727180691
15964.2398308693
15963.5078603766
15963.9394033855
15965.1437440627
15964.1797246726
15965.2492918537
15964.1616850844
15965.1437440556
15965.4448980583
15965.3103766643
15964.1103942302
15964.0630027432
15965.1719005767
15965.5161926194
15963.7569319276
15964.013568354
15965.1437440508
15963.8649561183
15965.1437440591
15963.9683721205
15965.5243151456
15964.2081047894
15963.4767725072
15965.1437440596
15965.4037068934
15964.0482962659
15963.3653947702
15963.4438320445
15965.143744053
15963.5573462081
15964.1390510133
15965.1437440568
15965.1437440567
15964.0213141621
15965.5256280816
15965.1437440722
15963.8444352575
15964.0545865689
15963.9332067445
15965.1437440659
15965.2018047781
15965.1437440674
15963.7755099385
15964.2403118088
15963.7498507247
15965.143744053
15963.8275075707
15965.1437440596
15964.1451576723
15963.6288742506
15964.2650864246
15964.2065188691
15965.5619408595
15964.4400518603
15963.9308801563
15964.3204027225
15965.1437440494
15963.766231889
15964.4826705415
15964.4535439582
15964.4255737988
15965.1437440574
15965.2480114296
15965.1437440578
15965.1437440551
15963.9380244871
15963.7735509396
15964.3031028739
15965.4482422399
15963.7577003828
15963.4925477814
15965.1437440655
15965.2564049246
15963.6965755197
15965.1437440525
15963.7937688289
15965.143744062
15964.1338773126
15965.4502477961
15964.2609430737
15964.1720876479
15965.1437440606
15965.1437440309
15964.0452142975
15964.1941327181
15965.4591668053
15963.7894295164
15965.321802812
15963.9918984381
15963.8115344777
15963.5449575598
15963.47722033
15963.9135538378
15965.2976072427
15964.0611293212
15965.1437440612
15965.2726529495
15965.1437440491
15965.3741487202
15964.2812263468
15965.1437440472
15963.6308912771
15965.1437440555
15963.7226782733
15964.1319869902
15964.2129734741
15964.3806611956
15965.1437441168
15964.2787910112
15963.3746925976
15964.0326377012
15964.3746599439
15965.1437440677
15965.1437440564
15965.4727573548
15964.2181088793
15965.4636536982
15965.2303825535
15965.1437440176
15964.2175373851
15964.0766393957
15964.1574700377
15965.1437440608
15964.3326865987
15965.4734854878
15963.7778157631
15964.2883053788
15965.2991287393
15965.1437440572
15965.1437440685
15965.230177063
15965.2774819879
15964.3590476911
15965.1437440622
15964.2639421114
15964.0177043977
15965.0194014577
15965.1795711305
15964.3812451751
15964.2620573006
15965.1437440555
15963.6074001722
15964.0881272928
15964.0778613691
15965.3866872725
15964.0634515506
15965.1929326702
15965.1437440567
15963.4186194421
15965.2462996489
15964.0352220914
15964.3150837315
15965.1978341203
15964.005661874
15963.7675179344
15964.1664113735
15965.143744057
15964.0667146108
15964.5506469677
15965.2521784318
15965.1437440546
15965.1437440512
15964.3180091541
15965.3994812806
15965.1437440622
15964.4183037037
15963.9740302132
15964.4522565261
15963.4163607131
15964.2835741802
15964.992313031
15964.3545882321
15964.3935542374
15965.1437440605
15964.3463996728
15964.0864498632
15964.3257046137
15965.1437440637
15965.5147969658
15964.27848269
15964.4237736016
15965.1437440665
15965.1437440549
15965.1437440524
15965.2805202835
15964.1557861369
15964.1094688301
15964.4373507255
15965.2648014887
15965.1437440287
15964.3692825325
15965.1437440571
15964.2444929061
15965.3450454249
15965.1437440544
15964.2184398381
15965.3600812372
15965.2782819389
15964.2556433034
15965.2822945873
15964.4088662911
15965.0832285115
15965.2562366071
15964.2267531002
15964.1651836753
15964.625587108
15965.4032950661
15965.1437440599
15964.2719084815
15964.236713396
15965.5697232694
15964.3527091461
15964.3733523771
15964.3653259813
15964.2526150501
15964.1711459067
15964.4200611385
15965.394355712
15965.1437440611
15964.2997168694
15965.3983374389
15964.4385732656
15965.5168476753
15963.8375809527
15965.6035668878
15964.4274253971
15964.3406304538
15965.1437440569
15965.1437440507
15964.1891397221
15965.3893765484
15965.143744065
15965.1437440529
15964.0815332367
15964.0158061981
15965.3925675582
15964.2527989567
15965.3925652877
15964.3867873373
15964.1583585455
15963.6441494941
15965.5451661766
15964.2224666383
15963.9220756464
15965.1437440558
15964.267441406
15963.7132655309
15964.1725965013
15963.4075082394
15965.1437440584
15964.3906382421
15965.4825769524
15964.2882186674
15963.6234486677
15965.1437440486
15963.4304378149
15965.4009143385
15963.8469539939
15963.3797127106
15964.0732531206
15965.421108706
15963.5756597483
15965.4278986565
15963.7628567626
15963.8863212138
15965.1437440591
15964.2008700475
15965.1437440543
15965.4479300037
15964.1161763704
15965.1437440521
15963.7809963861
15963.3195131099
15963.4917427381
15963.3052900232
15963.7555661425
15965.1437440464
15963.5472018479
15963.5252039359
15963.3407073457
15963.5797474761
15964.1077072303
15963.4206340377
15963.2860706164
15963.3220845527
15963.6438613237
15963.4035017268
15965.1965162017
15964.0612915169
15965.1437440537
15964.2319736428
15965.5129668701
15964.225308213
15963.7387004241
15963.7847574552
15963.8362385169
15964.1585569505
15965.1437440617
15965.1437440538
15965.1437440499
15963.9654018195
15965.1437437528
15964.2307319322
15963.9596838303
15965.1437440477
15964.2208411555
15963.9389257834
15965.1437440566
15963.5078065453
15963.3314707877
15965.1437440575
15965.1437440551
15963.7524796024
15963.7854994785
15963.7378852021
15965.5017076669
15963.7038876836
15964.3540572995
15965.143744058
15964.2299707691
15965.3476710107
15963.8848899619
15963.4314076207
15963.690534933
15963.6598873679
15963.8249572324
15965.1437440615
15963.5487902479
15965.143744052
15964.1294072428
15963.8220199407
15965.3230165099
15965.3690214909
15964.2169836098
15965.143744065
15965.4084153376
15963.8473134572
15965.1437440555
15963.9520939023
15965.3623037801
15965.1437440616
15965.1437440656
15964.0437289058
15965.587784922
15963.9653165789
15964.1850618886
15964.354505008
15965.2160355004
15964.9931389554
15965.2894504775
15964.1224807204
15965.1437440502
15965.1437440859
15963.7535082761
15964.3265403021
15965.1612124019
15964.4055866115
15965.143744051
15964.1820584911
15964.2699589287
15964.3719180538
15965.1757235125
15965.1437440548
15964.1968819175
15965.1437440578
15963.9212163314
15965.1171232933
15964.2499248838
15964.1828377095
15964.2182096642
15964.2696853614
15963.5237323314
15963.7761928823
15963.7612536793
15963.7072068725
15964.1804832243
15964.0979933433
15964.3652596562
15963.6730675981
15965.2142690252
15965.1437438872
15965.0016665319
15965.2255229336
15965.025324048
15964.2094265432
15965.5311614686
15964.0753397154
15965.2038211171
15965.2999019005
15965.1437440611
15965.1437440632
15965.2662534365
15964.0169227904
15965.1437440562
15965.2900029464
15963.9566997266
15965.3715961244
15965.1437440389
15965.1437440578
15964.1835469857
15964.0704430907
15965.1437437549
15965.1437440492
15964.3392713511
15965.1158278415
15964.1296672469
15965.1437440607
15963.591088635
15964.1938751205
15963.9560013965
15964.2752543123
15964.2266092522
15964.3524701972
15965.1437440432
15964.2167557057
15964.3535837382
15963.7353259629
15963.5904006382
15964.1206385967
15965.1437440622
15963.8029830594
15963.6718240008
15963.9129508501
15965.1437440651
15965.3498423109
15964.3463150626
15963.7919016599
15963.4578868496
15964.0069219109
15963.5626625518
15963.9183789954
15964.1525908236
15963.474469319
15965.3743727235
15963.6424439097
15963.5341708537
15964.0761431179
15965.1437441181
15963.8826930087
15963.9811033592
15965.1437440599
15965.1437440469
15965.479795055
15965.4607515156
15964.2520352097
15964.3776894024
15964.289096758
15965.3070559568
15965.3825219187
15965.1437440515
15963.744078218
15965.452123286
15963.9397371904
15963.9109900897
15964.2420074691
15965.1437440543
15964.0300799866
15965.1437440571
15963.8137164064
15965.4472389949
15963.8261026423
15963.6976852882
15964.232819484
15965.3977245354
15964.2655378864
15965.1437440492
15963.893373997
15963.7666999879
15965.143744064
15965.1437440524
15963.9628644371
15963.8346863515
15964.2213255992
15964.0439396932
15965.3145010111
15963.4766879577
15964.4012965519
15965.4973987186
15963.7940282415
15965.419302996
15963.8987229673
15964.5056842395
15965.0533609587
15965.1437440523
15965.5602212083
15963.9952190329
15964.4304971448
15965.1437440613
15965.6068100261
15964.2800582133
15965.143743979
15964.2751282958
15965.3688877524
15963.9960755621
15964.2190002538
15965.143744051
15965.5107497308
15964.2401453074
15965.5584955994
15964.5096964551
15964.3344320835
15964.1371913399
15965.1437440578
15963.9364162172
15965.3800219479
15964.0445653221
15964.0862894215
15965.5321726393
15964.3188994606
15963.8210694775
15964.6104360442
15964.6933112731
15964.3931764574
15964.5385238743
15965.3459535168
15965.2638254864
15965.3745774388
15964.3645655899
15964.2847755624
15965.3720192245
15965.1437440519
15965.33165397
15963.8978863595
15965.1437440576
15964.4455146453
15965.4604712482
15965.3569870965
15965.3170545184
15965.3720999161
15964.0330916343
15963.9359765455
15964.4151564275
15964.0303513729
15963.243884982
15965.1437440512
15965.4763952182
15964.2284413658
15964.0013634652
15964.0894550137
15965.1437440513
15965.4098677559
15965.1437440606
15964.3331215302
15965.4588698885
15963.8312757648
15965.1437440624
15963.8765630053
15963.3235818325
15963.8132988741
15964.1530563697
15964.0662440301
15964.1679599836
15964.372503362
15964.5842228834
15965.1437440518
15964.4176276364
15964.4458452802
15964.5083416922
15965.4365108598
15964.420856134
15963.6801970416
15965.3928452993
15963.9001130839
15963.7941051304
15965.3717606897
15964.2448082529
15965.2410478331
15965.4388852229
15964.6027590938
15964.3153522635
15964.5413550132
15965.1437440586
15964.2803268039
15964.2932355539
15963.675053775
15964.1978599522
15965.1437440554
15965.4601095201
15964.3554028285
15965.1437440632
15963.8644110033
15963.5943907493
15965.1437440587
15965.4714439488
15964.2723715095
15965.3998895987
15965.143744018
15965.1437440596
15963.6128145642
15964.3333339243
15964.1663649369
15963.9272580095
15964.3727081738
15964.1285427295
15964.0322900814
15964.2401149242
15965.3222537408
15964.1190437278
15965.5601532578
15964.3040636045
15963.7263016264
15964.2441609042
15964.2728393127
15965.1437440546
15965.1437440523
15964.4524958502
15964.5632485921
15964.2475155832
15965.6578423065
15964.2111756797
15965.6126290667
15963.9791006006
15963.8528780625
15965.1437440676
15964.3022592215
15963.97950181
15964.3610353715
15964.3597609143
15965.1437440526
15964.3268485171
15965.1437440552
15965.1437440567
15965.4782408056
15964.0389595102
15963.7892439902
15964.0056623696
15963.7299843314
15965.1437440593
15963.6072793669
15965.1437440548
15964.0711213138
15964.5030896909
15965.458109477
15965.1437440541
15963.6870328682
15964.4256200486
15963.9227485168
15965.357446069
15965.1437440595
15964.2163210264
15963.9509181526
15964.1206016895
15963.643730697
15964.1365006073
15964.2582152989
15964.0126243445
15965.4751651063
15965.1437440455
15964.110556706
15964.6330371428
15963.9617421874
15963.9196762565
15963.810212167
15964.3042300144
15963.755923676
15965.4044238423
15963.8432977745
15965.1437440517
15965.4147792123
15963.8986808993
15965.1437440623
15964.0996975983
15965.3159702621
15964.1598756683
15965.2582337094
15964.0386755345
15964.6409494706
15965.5301031669
15964.4505654578
15964.2322444666
15965.1437440549
15964.3850172864
15964.1793806997
15964.1491934914
15965.1437440602
15964.2343169201
15963.8162694752
15965.1437440613
15965.6163962317
15965.3139882354
15964.4842231087
15964.0982724522
15965.500177235
15965.2095801392
15965.1892895829
15965.2606748811
15964.3313203911
15964.1677483774
15965.4255038321
15964.1137528333
15963.8842603786
15965.1437440608
15965.1437440506
15963.981228806
15964.3109008546
15963.239911898
15965.4872196566
15963.3818254136
15963.4332283335
15963.7508936789
15965.3945829423
15964.0847271162
15963.9514519833
15963.4305835935
15964.0293993049
15963.4371924389
15963.5080677769
15963.9319895502
15965.5675489484
15965.1437440508
15963.9192221904
15963.7746237784
15964.0287947416
15964.2713280778
15965.1437440582
15964.0063440727
15964.2672909411
15964.2709725826
15963.8984836305
15964.1887420843
15965.1437440591
15964.1048373853
15965.1437440598
15964.0091749606
15964.0702310309
15964.1646024323
15963.8466929227
15965.1437440551
15963.7226801386
15963.8840464794
15965.5615697581
15964.2984530929
15965.5029439478
15965.143744061
15964.0655536396
15965.4994669494
15964.3431278244
15965.5393006831
15965.1543967511
15964.1921699244
15963.7296353176
15965.1437440486
15965.143744046
15963.8116616338
15963.6986412911
15963.7883420058
15964.288772954
15965.3840466904
15963.6500394174
15965.1437440612
15963.8107538489
15964.3457332597
15964.1807702534
15965.3429693582
15965.1437440621
15964.0122330159
15964.3056461556
15964.1367946228
15964.213258177
15964.0139970293
15965.1437440676
15963.8195927595
15965.6206848258
15964.158594763
15964.1343400419
15963.9842698752
15964.1456625653
15965.1437440511
15965.1437440558
15965.3768443052
15965.1437440579
15964.1640631929
15963.8479986404
15965.3296958675
15964.2758140131
15964.9993704403
15965.4496671986
15965.3478016589
15965.1437439742
15964.1151230552
15964.2515053717
15965.1437440644
15965.3034997234
15964.0112101322
15965.314393385
15964.1534412689
15964.1245073418
15964.2209448461
15964.3654647547
15964.1936008443
15964.0571748357
15964.3430702811
15964.1243966059
15963.9247113274
15965.0950301066
15964.2777125595
15965.3146458589
15965.1437440542
15965.0434596587
15965.032714455
15963.8425124768
15965.22451838
15965.3210072531
15964.310561812
15964.3050694494
15965.1437440604
15965.3848939756
15965.2797006008
15964.2247800847
15965.1437440598
15965.1437440803
15964.3762484946
15965.4118732644
15963.9694358453
15963.9125474385
15964.2609360817
15964.1873272519
15964.0322942755
15964.3191215322
15965.2217054003
15965.1641618119
15965.1437440622
15964.2407683509
15963.7448697842
15964.2735476841
15963.8381122736
15963.7563434744
15964.1676055292
15965.1437440585
15963.6666300225
15963.7880458462
15963.7639953171
15963.5645561328
15965.1437440543
15965.1437440544
15963.928977939
15965.1437442395
15965.4308538536
15963.2851270903
15963.5966267084
15965.1437440601
15965.5563194719
15963.5967731191
15963.6121379574
15965.1437440567
15963.5603320169
15963.6903621273
15963.6101020182
15965.1437440602
15963.7687676266
15963.4156742662
15963.736422104
15963.2231366415
15963.7756936864
15965.1437440495
15963.6734978358
15963.9246029711
15963.4272205896
15963.4994254829
15963.4062042408
15963.6096931314
15963.8944345256
15964.2411864907
15965.1437440569
15965.4550750244
15964.1860827417
15964.1868617249
15965.5374218597
15963.6259735179
15964.2330836007
15964.3347179633
15965.1437440586
15963.95487033
15965.1437440607
15963.9659333102
15963.3613510686
15965.1437440595
15965.1437440533
15964.2214494234
15965.1437440551
15963.972258618
15963.9292698491
15964.1176768787
15964.1559638809
15963.8312976701
15965.5536051426
15963.6846725001
15963.3795467768
15964.3546895147
15963.9361093423
15963.8453421406
15963.7273180765
15965.1437440601
15963.9269193305
15963.8538290133
15964.3422320061
15965.5394850618
15963.9364834127
15963.6052016158
15965.4111779202
15965.1437440545
15965.1437440546
15963.6640901455
15963.5923613856
15965.1437440573
15964.1556326852
15963.5318854021
15963.6807350673
15964.3362606383
15965.1437441493
15965.1437440536
15963.762156944
15965.1437440552
15964.2075965961
15963.6727143651
15965.1437440526
15964.0475303581
15963.5483943288
15965.1437440535
15963.8091181684
15965.1437475698
15963.7426872155
15963.6426295339
15963.5952318675
15963.7617054857
15965.5197375168
15964.0175634483
15963.656404508
15964.0889504776
15963.8987222722
15964.2469090672
15964.1880543974
15965.3080577824
15965.2851488568
15963.8061552849
15964.3946102988
15965.1437440635
15964.3310120953
15964.3761871369
15963.7769542388
15965.1437440531
15963.9539470902
15963.894514956
15964.2048291602
15964.4499221623
15963.7143980102
15964.1230065056
15964.315637993
15964.223082769
15965.3876850913
15965.1437440497
15965.301821064
15963.7332946168
15965.1437439959
15965.4616866599
15964.4721720977
15964.4295564465
15965.4189823466
15964.3141688168
15965.1437440526
15965.1777990155
15964.4551239689
15965.1187628271
15965.5430172344
15964.2911206481
15964.2876710094
15964.310486474
15964.4930869173
15964.4998188613
15965.1522457217
15964.3209612236
15965.2535206015
15964.2186441002
15965.1437440596
15965.3620140995
15964.1548752734
15965.2889436332
15965.344051352
15964.0987359828
15965.143744016
15965.1437440536
15964.2847200282
15965.3153363729
15965.1437440567
15964.2716773499
15963.8656324023
15965.1437440608
15964.0876002561
15963.934319517
15965.143744061
15964.273593263
15964.1670724117
15965.5648801029
15965.1437440558
15963.8769834909
15964.1499409634
15963.6911830037
15964.1763148952
15964.038508018
15964.0727447027
15964.3290304136
15964.0867102675
15964.2192574179
15963.4113887806
15963.8511062873
15963.5482341161
15965.1437440533
15962.9920902018
15963.7163373891
15964.141715768
15965.5626007268
15963.998214573
15965.1437440632
15963.4354873343
15965.1437440539
15963.9119845917
15965.1437440605
15963.855985408
15964.1053765525
15965.1437440609
15963.8733937854
15965.1437440554
15963.6866945252
15963.8400406855
15963.3336394893
15965.1437440664
15963.1054123917
15964.2849475654
15963.5313268897
15963.4636984427
15963.882958975
15965.1437440552
15965.1437440331
15965.1437440525
15963.5330440882
15963.4835330001
15965.3150845553
15965.1437440603
15965.143743948
15964.1922521056
15965.1932564929
15964.2812190103
15965.1437440632
15965.3239679911
15963.4125405904
15964.3290954228
15965.1437440592
15965.4186883887
15963.5615742995
15964.2294777396
15964.0478626656
15964.1896631196
15965.1437440501
15963.9919144705
15965.1437440632
15963.4656414688
15965.143744057
15965.2928133014
15965.1437440534
15965.2949466099
15964.4071270903
15964.1236415688
15963.7648620181
15965.3849785257
15963.9656198319
15964.200704816
15965.579731956
15963.500865094
15963.6855740044
15963.7933970821
15965.1437440662
15964.4781784454
15963.6480961333
15965.1437440563
15964.236391529
15963.7716268087
15963.3975138978
15964.1825152696
15965.1437440553
15965.1437440546
15965.143744051
15963.4455932332
15964.2826494263
15963.5410111704
15965.5089031302
15963.8311759866
15965.1437440627
15965.1437440578
15964.1972167796
15965.5083541219
15963.4817921434
15964.0529955077
15963.8054391078
15965.4270583716
15963.7541106768
15965.4828841539
15963.9713230931
15965.4965731499
15963.9761906646
15963.7856635607
15963.8048828588
15965.1437440515
15964.0699252697
15965.1437440649
15964.3394643723
15965.1437440599
15964.2681193525
15965.4067246185
15964.1100002247
15965.1437440545
15964.3767359334
15963.3259822144
15965.1437440636
15965.1437440577
15964.2727034888
15964.9763856507
15965.1437448408
15964.4822985209
15963.5523651528
15963.6188416409
15964.3146145022
15964.5114131112
15964.2897889275
15965.3325410649
15964.383994087
15964.2777455761
15965.3314331473
15964.4388874978
15964.2705652304
15964.3646490644
15964.200252854
15965.1437440633
15964.0100625132
15965.5660687506
15965.1437440596
15965.3595146599
15965.1437440546
15964.2680043726
15963.8954817083
15964.1901686761
15965.2542061925
15965.1437440557
15963.9393466962
15963.9631815074
15965.3919452183
15964.0209573888
15963.9293086449
15965.240662694
15963.2680643743
15964.296033332
15964.0345095336
15964.2376502971
15964.5868944487
15965.1437440636
15964.5092271466
15963.4848828689
15965.1437440587
15963.6079646217
15964.3748446903
15964.3020792784
15964.1723471122
15963.9130118265
15964.0738967363
15964.0179640314
15963.2717190269
15965.3522473334
15965.143744052
15965.1437440606
15965.3302295446
15965.352827281
15965.3137916374
15964.4635293341
15964.4973397255
15964.53990401
15965.1437440478
15964.5226142628
