# type 5 occupying volumes
15997.0735542813
15995.9666559353
15997.2290460174
15995.9666559394
15997.3059266988
15996.3304409659
15996.9396839023
15997.2459377644
15996.3466098921
15997.5741035225
15997.4575461811
15995.9666559417
15995.9666559745
15995.9666559421
15996.2128361633
15997.2404724716
15995.9666558923
15997.0464782615
15997.5662162327
15997.6608186373
15995.9666559373
15996.2077171512
15997.3555006424
15995.9666559308
15997.5477300929
15995.96665617
15996.2110830191
15996.0912240347
15996.1335765707
15996.9367791098
15996.3552130741
15997.3443711
15996.0794442145
15995.8389702868
15996.0925907427
15997.09794059
15997.1624136307
15996.2541543096
15996.3241283417
15996.1149312959
15996.3233694055
15995.9666559414
15996.1743127595
15997.5241912471
15995.8467085499
15995.9666560011
15997.2986929008
15995.9666559304
15996.0462450837
15997.6778324422
15997.3846630888
15997.0905034486
15996.1972219993
15996.3947524087
15996.9571758083
15996.0376011152
15997.2402560104
15995.9666562422
15997.1315202825
15997.4010382854
15996.3332326249
15996.794582025
15996.0303567774
15996.8397346357
15996.2132060007
15996.1700736178
15997.1246863617
15996.8906622866
15997.0903708004
15997.0933581546
15997.1906116498
15996.1868095514
15995.9666559393
15997.8996420986
15997.1790346313
15995.9666559454
15996.1514501049
15996.1571900169
15996.3692803653
15996.0194993701
15996.2317917126
15996.6085696891
15996.8550243919
15996.9210354827
15996.075032939
15997.1980648936
15997.0104826687
15996.9472257539
15997.1171398844
15995.966655931
15997.3861962532
15996.9174520573
15996.1858030488
15995.9666559396
15996.3487675615
15996.3981486912
15996.4951774231
15995.9666559396
15995.9541606023
15996.9591423342
15997.3001826346
15996.1496028697
15997.5614628991
15996.0912262114
15996.2467766326
15996.0949319156
15996.3220747444
15997.2074947954
15996.1805037279
15997.8393674518
15995.9666559377
15996.4110199962
15996.0285311502
15997.6655658516
15997.1424251434
15995.8467085471
15996.3074782941
15996.4538316492
15995.8467085414
15995.9666559257
15995.9666559332
15997.0275564206
15995.966656012
15996.1602820841
15997.2150880021
15996.1407294081
15996.1107603428
15995.9666559442
15997.1247872859
15997.1511310741
15995.9666559425
15995.9666559538
15996.9230465879
15997.4681238412
15997.32053758
15995.9666559459
15997.2989620146
15996.2418694159
15995.966655944
15995.9666559413
15996.9692823445
15996.4001204769
15997.1295434398
15997.4403299745
15996.4727588817
15997.5026930139
15995.9666559341
15996.3098150731
15996.171961569
15996.0788674272
15995.9666559374
15997.1718997329
15995.9666559341
15997.1269407011
15996.074685202
15995.9666559351
15996.3462815468
15996.8800470724
15995.9666559494
15995.9666559502
15996.2361014977
15996.1985923654
15995.8467085473
15997.0164479819
15997.4173365138
15996.8742721405
15997.4237991095
15996.2212967663
15997.10120044
15997.5032010641
15996.8285293156
15996.2774738999
15997.5301386705
15997.4239154673
15995.9666559427
15996.271186469
15997.6262423018
15995.9666559518
15996.3665646148
15997.3736438831
15997.7905342436
15997.3857608386
15997.2324497796
15997.1935512952
15995.9666561862
15996.3863151161
15995.9666559368
15997.3772337642
15995.9666559312
15997.2170027844
15996.4067097691
15997.6036590732
15995.9666559335
15996.2628544758
15996.3804229199
15997.6897754462
15996.0400316566
15996.8614388818
15997.1067646823
15996.8868117721
15997.1616619893
15996.3531162371
15996.1445752138
15996.3042219983
15997.9644648479
15996.4062362779
15997.5354728428
15996.4987676051
15996.8014295237
15997.159484335
15996.6979190346
15996.1804245013
15997.1777320432
15997.7413907036
15996.3846928516
15996.2866157409
15996.4841119826
15996.1101576007
15996.3523406308
15995.8467085339
15997.1927282024
15995.9666559443
15996.4132190946
15997.2775452151
15997.3038855292
15995.9666559341
15996.9810919896
15997.1467554772
15996.3929998652
15995.9444974815
15996.214031581
15995.9666559394
15996.4584668495
15997.2277874348
15997.2805999054
15997.9576878414
15997.281622101
15996.1184018475
15996.2663739337
15996.1660779431
15996.1514191731
15996.2454984131
15996.1381660336
15996.1142535284
15997.4584927085
15995.9666559363
15995.9666559394
15996.1100323155
15997.0897117913
15997.3600094031
15996.8553446529
15996.2689936729
15995.9666559306
15997.7816357101
15997.0536983271
15997.6778749662
15996.8686046117
15997.2689802555
15995.96665593
15997.3131036923
15996.3044052529
15996.1860963914
15996.2478196426
15996.3310563014
15997.4412886611
15996.3401272773
15996.2620485017
15996.2525950994
15995.966655943
15996.246707346
15995.8467085422
15997.6102569253
15998.0063247158
15996.1756929134
15996.4487376443
15996.3492819265
15995.9666559411
15995.8467085467
15996.285658866
15996.359136858
15996.1138532765
15997.3590777132
15995.9666559893
15997.0069500925
15997.2038868711
15996.4300276969
15996.4114803025
15997.0601248341
15997.3637248745
15997.8388927232
15996.4407825357
15995.9666559299
15996.4593286689
15995.9948914768
15997.3302874023
15996.0278207716
15997.4605103544
15995.9666559425
15997.5246299296
15995.9666559399
15998.0289774304
15996.3499163123
15997.2719844789
15997.0164682799
15997.5498395661
15997.4799851799
15997.4754700106
15997.5375355936
15997.3475372499
15997.3531849913
15996.3635114401
15996.2587987057
15996.3150131876
15995.9666559365
15995.9666559336
15996.2439982156
15996.9868046777
15996.2290272475
15996.3326972041
15997.4022045604
15996.2680209323
15995.9666559382
15996.2603325597
15997.3665097571
15997.2722870167
15997.0422228961
15997.0223327177
15997.5316039339
15995.9666559834
15996.0824544512
15997.3549145948
15997.4346869002
15995.966655945
15997.3869047161
15995.9666559432
15995.9666559466
15996.2797065484
15995.8640451438
15997.1176406883
15995.9666559331
15997.460237294
15997.5113954096
15997.28423839
15996.1458018557
15997.3963927172
15996.3552516596
15995.9666559491
15995.9666559395
15996.1597646282
15997.6080733886
15995.9666559374
15996.1873480376
15996.2958226547
15996.2902217398
15995.9666559428
15996.3696587737
15997.7342840344
15995.9036907606
15996.2671984138
15995.9666559326
15996.2381760589
15995.9666559293
15996.3897412419
15995.9666559352
15996.0005085644
15997.5393841099
15995.903690759
15997.9454479185
15997.554302331
15996.3269516936
15996.1887856676
15995.9666559366
15996.6107089435
15995.9666559385
15997.432434744
15995.9666559368
15996.2699124474
15997.5347871822
15995.9666559433
15997.5629739477
15997.5222734485
15996.2595011312
15997.566328137
15997.0586381958
15997.1216209046
15996.0178393039
15996.4585051655
15997.8663637303
15995.9666559332
15997.3871981949
15996.4621226721
15996.1657488272
15996.5604973338
15997.4205999024
15997.0088266097
15997.1720382529
15995.9666559445
15997.1112576624
15997.5571922504
15996.561787639
15997.4004476354
15996.1803434311
15995.9666559436
15995.9666559397
15996.3293691999
15995.9666559397
15995.9666559616
15997.3257524987
15997.3104065431
15996.409500604
15995.9666559434
15996.0515667406
15997.2961662924
15997.3662139503
15997.6173130558
15995.9666559344
15996.3377388133
15997.0725865445
15996.2322566714
15995.9666559371
15995.903690765
15996.1896130641
15997.1980183782
15997.0995766411
15996.1339336246
15997.3950549897
15996.4690100832
15996.4127128971
15996.3342309101
15996.2019089969
15995.9666559443
15997.2403730578
15996.2211289512
15996.3939832604
15997.7454307864
15996.3214121122
15997.4230542037
15997.6512647869
15997.6736940248
15997.7016519554
15996.36511127
15996.4422714209
15996.3417349599
15995.9666559348
15996.5778939065
15996.4169980709
15997.4970354192
15995.9666559441
15995.9666559337
15995.9666559275
15997.230304587
15996.2384312698
15995.846708547
15995.9666559304
15995.9666559429
15996.5208223764
15997.3048061581
15997.7611640903
15996.4848304134
15997.5552242663
15996.4557282069
15996.5752620797
15996.312623583
15996.4995133293
15997.4809335451
15997.4095744657
15997.3305509767
15997.2781619788
15995.9666559378
15996.2650166643
15995.8729970473
15996.2322621604
15996.3332951908
15997.9752556487
15996.2341574166
15996.2012324744
15995.9666559358
15997.4547259307
15996.1666319446
15996.2208690425
15996.4400379843
15996.2252720466
15996.4571988656
15996.366304713
15996.2145889217
15996.8924075922
15995.9666559842
15995.9666560769
15995.9666559442
15996.2158481151
15996.4975437171
15996.4949704228
15996.2483924965
15996.1244543887
15996.3374521131
15995.9666559395
15995.9666559483
15996.2535131263
15996.3026429637
15996.3180322542
15997.6832413663
15996.42510434
15996.5476863635
15996.0922078694
15996.279321728
15996.3792407058
15996.33487219
15997.9238515656
15996.1531292205
15996.0077189919
15996.5218073816
15995.9666559451
15997.1409110398
15995.966655941
15997.4721749299
15995.9666559329
15997.2350400354
15996.3059426305
15996.4593130922
15996.3398948548
15997.4713459283
15996.7178405272
15996.250845478
15995.9666559358
15996.6417348137
15996.3421709636
15995.8467085268
15996.5261351912
15996.448898457
15996.2124230627
15996.2407203012
15996.1783535446
15995.9666559333
15996.2421757357
15995.9036907425
15996.2522724582
15996.1616687835
15996.0093260631
15995.9666559481
15996.3569494727
15996.5319754933
15996.3125837657
15995.9666559466
15995.8467085448
15997.2951858501
15996.160884275
15995.9666559371
15996.0861781689
15996.4984608099
15997.0348419798
15997.4186940049
15996.9851301007
15997.4056961616
15996.1315628273
15997.8929475883
15996.325005669
15996.3047471104
15995.9666559454
15995.9609188729
15997.0274448488
15997.4056714665
15997.5848816129
15996.0691394412
15995.9666559567
15995.9666559384
15997.0847994728
15997.4487482959
15997.5034763347
15997.1928961436
15996.5044615478
15995.9666559425
15995.9666559289
15996.9881105386
15996.1983511986
15997.388652776
15996.1724436838
15996.2415517541
15996.031200058
15996.0623437538
15997.6028646556
15996.0206746597
15995.9666559426
15995.966655936
15996.2757640624
15997.2903724759
15997.3695398637
15995.966655949
15995.9666559332
15997.7210232403
15996.2469922206
15997.8843002523
15995.8467085386
15996.3114889962
15995.9666544001
15996.4550187222
15995.9666560165
15997.0078138675
15997.1196209473
15996.4290912569
15997.1938169471
15997.1785254738
15996.3582034822
15996.320363036
15995.8467085509
15995.9666559317
15997.2732741322
15997.0389964528
15997.332339009
15997.2934814897
15997.524784985
15996.311762424
15996.4864335891
15997.5659223724
15996.2123380302
15997.6608674352
15996.2094044532
15995.8467085482
15996.0833946759
15995.9666558852
15996.1937076472
15995.9666559435
15995.9666559425
15996.3701076549
15997.6981487921
15996.7450916636
15996.5308632879
15995.8467085462
15996.5239460984
15996.2877442721
15995.9666559374
15997.0325840641
15997.0817590826
15997.1657194671
15996.9272733745
15996.3888836195
15997.8273352013
15996.3644021859
15995.9666559407
15996.4211188483
15997.571583779
15995.9666559461
15996.4348661297
15997.765788514
15997.4847633146
15997.2931497584
15997.9368561469
15995.9666559374
15995.7121586864
15997.3332062641
15996.2204746306
15997.7725773055
15996.4798895945
15997.5477699713
15996.3879874541
15997.6133318154
15996.1781944995
15996.0695754964
15998.0742652956
15997.0400338928
15995.8467085465
15995.966655941
15996.3687984311
15996.1460383682
15996.532894403
15997.3500642554
15997.7415810027
15997.5534045205
15997.5603966857
15996.1712433372
15995.9676042302
15995.9666559428
15995.9636253987
15995.9666567515
15996.3444881245
15995.966655942
15997.4897179779
15996.5124787482
15996.207699082
15995.9666559321
15997.5978952767
15997.8219752672
15996.2904034596
15995.9666559561
15996.577209614
15996.3272693761
15997.6504991763
15996.46629225
15996.3750227205
15997.1726441553
15996.1466528106
15996.292602162
15997.0632824544
15997.3568548365
15996.0329634237
15997.1865368806
15995.966655936
15997.1400891564
15997.1980257202
15996.8371105282
15996.1347151746
15997.2301330904
15996.2085273773
15997.1802706175
15996.192422648
15996.2833439046
15996.1664837297
15996.2492236669
15996.0991520378
15996.2669234944
15996.0195600003
15996.1411835866
15997.2005796902
15997.0328082543
15996.9300605198
15996.2879295856
15996.8077670448
15996.7111903351
15996.1025415847
15995.9666560629
15997.0990305822
15997.6429573542
15996.1317688376
15997.1592843965
15996.0706864406
15995.9666559474
15997.0975227276
15997.1276947568
15997.1226606351
15996.0471284774
15996.1460917069
15996.6972911656
15996.0144760431
15996.8270636003
15996.6125307558
15997.146113657
15996.7264251543
15997.1648727549
15996.8075905479
15996.8550124636
15996.0179020839
15997.1967532883
15995.9666560038
15996.1997120268
15996.100602168
15995.7676019538
15997.1087366684
15996.9694955364
15996.147118084
15997.7230348391
15995.9666559448
15996.1837807633
15995.9666559428
15997.1892752844
15996.0674599965
15996.3513163138
15997.4370070917
15996.7611189208
15996.0682000156
15996.1272038124
15996.1803336226
15997.2431921375
15996.7914536204
15996.2789591022
15996.296083833
15996.31545675
15996.3363786681
15997.0334015088
15997.1305585529
15995.8467085411
15997.2718806624
15997.1229971339
15996.952545844
15997.3567868902
15997.3643113195
15997.4981227091
15996.4033936821
15996.1688218633
15997.1353451286
15995.9712887441
15996.0098816252
15996.3723275851
15997.0124696063
15997.0166677922
15996.21720028
15997.0632463252
15996.153942001
15996.1350209882
15996.1263358819
15995.9666560454
15996.1422400449
15995.9666559485
15997.2371652315
15997.3189438335
15996.9744779664
15996.0471671559
15996.8918241851
15997.1805815402
15995.9666559448
15997.361564838
15996.9730459263
15996.8343307319
15997.1054484451
15995.4365698195
15996.8215844763
15996.7824010425
15997.155717798
15996.8921811347
15996.0368639037
15996.9022264654
15996.0460545376
15995.9642724032
15997.1067906773
15997.1320998176
15997.2592916323
15995.9666559555
15996.7306083855
15995.960690175
15995.9666559477
15995.4377540723
15996.3811149999
15996.6020467375
15995.455448345
15995.6779656833
15997.2197518213
15996.1046798426
15996.993127153
15996.0314526415
15996.6842175431
15996.849912251
15995.5639910087
15997.2626724204
15995.8467085388
15997.6000526872
15995.846844654
15996.9169589285
15996.780732415
15996.9923294628
15996.7828824483
15996.859523519
15995.846708555
15997.4191123153
15996.8308684443
15995.9666559352
15995.9252997212
15996.6680347863
15995.9666559387
15996.2034837358
15996.7899898684
15995.9541204593
15997.0178059412
15996.8906610379
15996.1177982588
15997.2373409574
15996.1438713158
15995.9666559445
15996.3311578358
15997.0890963262
15996.8466115062
15997.3396671258
15995.9666559442
15995.8151607391
15995.726015306
15996.8654892027
15996.8474395351
15996.2262877351
15996.0900746566
15996.0254448457
15996.7298481494
15996.1507782662
15995.966655937
15997.4121716375
15996.0420220587
15996.8264178354
15995.7912921665
15995.9977843902
15997.0910681573
15996.6821593024
15996.8373174686
15996.8300593058
15997.3257485952
15996.1306116749
15997.1030323617
15996.1667698437
15996.9101504704
15996.1269853357
15995.9666559514
15996.8962326746
15996.8705485544
15997.0236562377
15997.5020481187
15995.9349434395
15996.2375826221
15995.9666559388
15997.3362341554
15997.103942017
15995.9666559315
15995.9666559147
15997.6877212497
15996.3302574359
15995.9666559414
15996.4376720187
15997.4013497784
15996.1188939688
15996.4415630965
15995.5396093725
15995.471665651
15996.9840758545
15996.8479558517
15995.3927493194
15996.8312987446
15997.2245778188
15996.1649071173
15996.9697766643
15997.1022155251
15997.4323183019
15997.5597316096
15995.9666559276
15997.4201886721
15996.2645398258
15996.7954970111
15996.2096139694
15995.9666559474
15996.2983728833
15996.4923825744
15996.9922694498
15995.8968093703
15996.8213707499
15997.1253441161
15996.1564913906
15996.1437501499
15996.2028611591
15997.097887646
15997.1691351284
15995.9666559348
15996.2434649824
15996.4173013868
15997.12000744
15997.0327492066
15995.9666559325
15997.4664738903
15996.4187830089
15997.6121198595
15995.9666565163
15996.4461954822
15997.6701434269
15997.3440606459
15996.9405760065
15996.9456260832
15996.9807056784
15997.1641344052
15996.1200735164
15995.9666559419
15997.3074422348
15997.398361994
15995.9666565075
15996.9315791891
15996.8641253688
15996.1260723299
15996.8749605328
15996.9140125379
15996.4430073239
15997.0511255065
15996.3402155157
15997.3125540597
15996.2650375212
15995.8467086077
15995.9666559367
15997.9001076862
15996.1257989094
15995.9666559307
15997.1996973228
15996.2983530993
15995.5938148079
15995.6100003683
15995.4423102522
15996.6093312681
15995.9671645957
15996.0237869764
15997.057067868
15996.9482694248
15996.191568503
15997.7476668931
15996.2110842639
15996.2535876849
15996.1937841495
15997.1770321666
15995.966655938
15996.2283136385
15997.0955853257
15997.5527491872
15996.9765692649
15997.5092698913
15995.9666559454
15996.4386059783
15995.8467085461
15995.9666559413
15997.4839423496
15997.1175816012
15995.9666559374
15996.179757399
15997.5722444668
15995.9666559374
15995.9666559337
15996.4735287155
15996.0568332066
15997.7517443938
15996.3438800118
15997.8044151737
15995.966655944
15997.3524501967
15996.1413844009
15996.2974466585
15996.9043587495
15997.0925789669
15997.3352257312
15997.5361433571
15997.1364349278
15997.4136566529
15996.3574015847
15995.9666559492
15996.2717805165
15996.4069362429
15997.3172383558
15995.9666559259
15996.1336309362
15995.9666559271
15995.9666559487
15997.6608178355
15996.2146523447
15995.96665594
15997.6566811285
15996.3621659683
15995.9666559332
15997.3507827662
15997.5106755767
15996.2660678204
15996.2285479702
15997.4490363488
15997.4399638413
15995.8547649606
15997.3651012962
15995.9666559396
15996.3893445011
15996.3505690116
15996.2029102908
15995.966655895
15996.1187951992
15996.3581353168
15995.9036907558
15996.1967268747
15996.3445594705
15996.3697723203
15996.3101123263
15996.1415378698
15996.2401071482
15996.41289702
15996.469769568
15995.9666559403
15996.3418959263
15996.3404790853
15997.5416053742
15997.5064376719
15997.4777419535
15995.9666565964
15997.4485946278
15995.9666559429
15997.5232364537
15996.0944672289
15996.3636140703
15997.4237384818
15995.9036907623
15996.0802236761
15997.155048232
15997.4601173414
15997.4736492317
15996.3249273832
15997.2582314152
15996.3254687386
15996.7661068237
15996.3185398607
15995.9885361411
15996.129827479
15996.0461435878
15995.966655946
15996.2076041531
15996.3590315185
15995.9666559488
15995.9666559457
15996.2595399604
15997.2505140468
15996.2652789021
15996.9529658168
15996.2681996933
15997.5577545286
15997.5034222117
15997.4007242773
15997.2086746268
15995.9666559351
15996.2243252071
15996.3170182719
15997.0714277414
15997.368337436
15997.344056293
15995.9666559351
15997.5110931417
15997.0634030615
15996.4150607582
15996.376488861
15997.5920437744
15995.9666559437
15995.9666559262
15997.7843358794
15996.1315702902
15997.6560671493
15997.2716840986
15996.3180471193
15997.3026625184
15997.7288695722
15995.9666559431
15995.9666559434
15996.2136023005
15996.0504237447
15995.9666559455
15996.228887426
15997.7506115585
15997.3286164283
15997.5034732663
15996.4087773903
15995.966656046
15997.0707389284
15996.316065345
15997.3878240567
15995.9666559322
15997.3889898866
15996.1343616314
15997.4234551996
15996.9105010492
15996.2773268613
15996.8734702339
15996.5653294164
15995.8955596249
15997.6425457942
15995.9666559511
15996.2052293676
15996.3567149952
15997.2352472887
15996.2083780232
15997.2392505043
15996.2391849004
15995.9666559412
15996.2192096106
15995.9666559408
15997.5324695907
15997.3838480827
15996.4338392736
15996.0754403187
15996.241058399
15996.9361033594
15995.891280437
15997.1367668539
15997.081998661
15997.1008505984
15996.3896399684
15996.3771715762
15997.1145309677
15996.9417192241
15995.9454498788
15996.9382806725
15995.8467085348
15996.3355906811
15996.4465287357
15995.9666559452
15995.9666559465
15997.9785233641
15995.9666559344
15997.5081345023
15996.1834170126
15997.4138312766
15997.4370381809
15997.1946009634
15997.653414144
15995.9666559322
15996.2249363356
15997.8623917087
15996.37373506
15996.5231017262
15995.9666559341
15995.9666559409
15996.4907610764
15996.2204664663
15996.2001187469
15996.3154855274
15995.9666559335
15996.2656452618
15997.6914816838
15996.2414464796
15997.5224511637
15997.9466298663
15996.1374892332
15995.8467085447
15996.2040621185
15996.2134162287
15995.9666559376
15996.3507736085
15996.3232389461
15996.4184765708
15996.0913342488
15996.2694734575
15996.2729275503
15995.8467085418
15995.8467085499
15997.6152004408
15996.3432237876
15996.3190931682
15995.8467085468
15996.3550651201
15997.4166258735
15996.3257594232
15996.3638671772
15996.2996884535
15995.9036907608
15995.8467085285
15997.6159333575
15995.9666559512
15995.9036907512
15996.2557086455
15996.173589046
15996.0642443066
15995.9666559434
15996.4768506151
15996.1417018386
15996.3406571212
15997.4990963405
15995.9666559378
15995.966655937
15996.2359617429
15995.9666559413
15997.3849105898
15995.9666559369
15996.2894850139
15996.3174481176
15995.9666559372
15995.9870349384
15996.1953423926
15995.9666559618
15995.9666559328
15995.9666559463
15995.9666559451
15996.307972156
15996.2747354135
15996.2205926916
15996.4832058323
15995.783596253
15996.2267802075
15995.9666559381
15997.4315687309
15996.3170555667
15997.444291695
15997.1185697987
15995.9036907588
15996.3677916734
15997.720206525
15995.9666562333
15996.3330000526
15997.8135849926
15996.274950041
15995.9666559444
15997.6363992029
15995.9666559369
15995.9666559389
15996.2496287955
15995.9666559459
15996.4110254168
15996.0172399186
15995.8632998146
15997.6491786713
15996.1968190536
15996.9392333627
15997.1924560438
15997.0889733833
15997.5749956453
15995.9666559295
15995.9666559499
15996.214410008
15995.9815669273
15997.7693984196
15996.4112182348
15997.3762001053
15995.9666559375
15997.1943524806
15996.4459871265
15997.3657936349
15995.9666559414
15997.1451953878
15995.9666560517
15997.3831235758
15996.1181882639
15996.297204064
15997.1502833848
15995.9666559302
15995.7454308615
15996.0557003456
15996.4036862373
15995.9196416964
15997.7262621424
15995.9666559435
15997.0690870095
15996.0376776561
15997.3596205907
15996.4230647127
15997.009267537
15997.7316800407
15997.1058466846
15996.0861133915
15996.9110194899
15997.0808899574
15995.9666559749
15995.9666559321
15996.2598760342
15996.8962113254
15997.0773684638
15995.9244357547
15995.7717476816
15995.9287025117
15995.9666559465
15996.9166879427
15996.9636241505
15996.8242686127
15995.764910799
15996.8673795138
15996.1869155124
15995.9666559325
15997.0483190739
15996.007546147
15997.1418041654
15997.3032971237
15995.4996957536
15997.0323744699
15997.2307393406
15997.0290418254
15997.4115241409
15995.966655939
15997.6891123978
15997.3443133809
15995.9666559418
15995.9666559437
15997.4725471243
15995.9666559318
15996.0746131466
15995.9666559395
15996.9584427127
15996.4117614267
15995.9666559318
15997.8423346521
15996.4390610632
15997.5259121645
15996.2578857581
15997.6866606536
15995.9666559335
15996.3088927347
15996.0367415886
15995.9666559412
15996.1780944451
15996.1496204299
15997.4328346015
15997.4229538979
15995.9666559401
15996.3294749337
15996.4279880374
15997.784756553
15997.3840584597
15995.9666559472
