# type 1 occupying volumes
15947.5869787315
15946.2806313081
15945.8130313158
15945.7049804859
15947.2556660109
15946.4691973968
15946.0136825532
15947.2510582257
15946.6989948051
15946.5000125831
15947.5869787315
15947.4343074425
15946.9923379312
15946.7200857763
15945.9025389671
15945.9166994761
15946.2636474893
15945.5931001835
15947.1569331551
15946.083788894
15947.5869787315
15946.37319257
15947.5869787315
15946.7083829974
15947.5844156207
15947.5869787315
15947.5869787315
15947.4504682163
15945.5477839716
15945.7135362749
15945.4952152284
15946.0481396368
15947.5869787315
15946.4409637094
15946.4459021836
15945.899022866
15946.3909381393
15946.3865781533
15945.8448156815
15946.1203248954
15946.8965012162
15947.2122891145
15945.9312909968
15945.8855070196
15946.9475036513
15945.6944560095
15947.3197615532
15947.285114257
15946.0963304122
15946.4264500199
15947.3727391726
15946.4881688129
15945.6250562915
15945.8438822502
15947.5869787315
15946.2238547867
15946.1230054314
15945.820467913
15946.3813222487
15947.2814510291
15946.2061249803
15947.5869787315
15946.3430441335
15945.857827646
15947.3462138671
15946.3108434881
15947.5869787315
15947.3625012027
15946.0903269904
15947.4358062428
15946.3669280578
15945.5862008168
15945.9872722559
15947.1184153923
15945.619318319
15945.9714066059
15945.9075366404
15946.2257833768
15946.0538664544
15945.6953079886
15947.3628639534
15947.2951442333
15945.5337390084
15945.6386337085
15946.3897116261
15946.6073989291
15947.5869787315
15946.2542483679
15947.4385983841
15947.5869787315
15947.4020353006
15945.6518997575
15945.97324597
15947.5869787315
15946.2691785669
15947.4211569843
15946.4333903511
15946.7729448693
15947.5869787315
15947.5869787315
15946.4683240128
15946.4434230909
15947.5869787315
15946.4929531829
15947.5869787315
15946.123157203
15945.71167523
15947.5869787315
15947.2252736788
15947.4539245666
15946.5781657156
15947.5389591971
15946.591108319
15946.4472701771
15947.5869787315
15946.7480992387
15947.3518552227
15946.2457524999
15945.8117122838
15945.9104333511
15947.2753771908
15946.3228953445
15946.4863710709
15947.2442994844
15947.5869787315
15945.9272685959
15946.1362296659
15945.917883621
15945.7102084972
15947.3426502779
15945.6590244666
15947.1498512683
15945.7615394206
15945.78613872
15946.391976016
15947.4335136498
15946.2242066634
15946.2784253
15946.4363655148
15947.5869787315
15947.2602643077
15946.4295991524
15946.1930195833
15946.3321451837
15947.3455139775
15946.4678474624
15947.1208518503
15947.5869787315
15945.9868902791
15947.1759794771
15946.9732743253
15945.7490636337
15946.1037142084
15947.2374606011
15946.553247334
15947.5869787315
15947.3800203992
15947.4791077093
15946.5374058613
15946.403730777
15946.6006458201
15946.2194509927
15947.5869787315
15947.3808083421
15946.0215532002
15947.5869787315
15946.370647928
15946.3482597114
15946.766619965
15946.6283546112
15946.5088454306
15946.4330399119
15947.5869787315
15946.6337171586
15946.5302017068
15947.5869787315
15946.2706663749
15947.5869787315
15946.6574600055
15946.3925761445
15947.2566576066
15947.5869787315
15946.4518948512
15946.5446101121
15947.5869787315
15947.5869787315
15947.3693149323
15946.5382686499
15946.480964373
15946.1366169979
15947.5869787315
15946.6995641208
15946.4048685699
15947.3916469613
15946.5247702228
15947.5869787315
15945.8363060794
15946.1545599174
15946.0530263745
15947.1960047927
15946.0349734254
15946.0521604256
15946.1933595542
15947.3740744339
15946.5212159426
15947.4049494816
15947.5869787315
15946.4404482979
15947.5869787315
15946.3521359809
15946.3616670775
15945.9172564938
15946.3576745436
15947.364981981
15946.6540387916
15947.5869787315
15947.5869787315
15946.1056729461
15946.2086443823
15947.2508973755
15946.0165458933
15947.3331856047
15946.0627672295
15947.2580528224
15946.3284203367
15946.5398042501
15946.5918799356
15947.5869787315
15947.5869787315
15946.399279835
15947.5869787315
15946.3308333832
15945.8675461379
15946.011254662
15947.1867497966
15946.4518165714
15947.3459640175
15947.5869787315
15946.0962767989
15945.7742998985
15946.3734503139
15947.2028875061
15947.2559316232
15946.4061842782
15946.452121069
15946.5072802194
15946.4977393587
15946.6448020013
15947.5475754164
15946.6515577677
15946.1531026239
15946.6007174313
15946.2813927597
15946.606510753
15947.2069125944
15947.5869787315
15947.5869787315
15947.5869787315
15946.2996403842
15947.3644275439
15947.5869787315
15947.2550140014
15946.3879148221
15947.5869787315
15947.5869787315
15946.4200425199
15946.6624318818
15947.2472492711
15947.5869787315
15947.3574750967
15946.4021849933
15947.3442699804
15946.4263499373
15946.0116493146
15946.0145098088
15946.1315226776
15947.2231751914
15946.7455638128
15945.7895843741
15945.7772397505
15946.3742935796
15945.6717191822
15945.913921428
15946.0551875975
15945.8761421152
15945.9889545922
15946.0247153643
15945.7141370402
15947.3834116209
15946.3012185673
15946.3730147123
15947.5869787315
15946.4980888723
15946.3877498148
15947.3034655965
15946.2974176435
15946.0451088709
15947.3032742599
15945.6008442502
15945.4970852414
15946.3527785856
15946.3283188507
15946.2295463593
15947.5869787315
15946.5102139904
15945.7857885724
15946.3586719662
15946.3622267838
15947.5869787315
15947.2070599405
15945.9385117455
15946.385443793
15946.4803049723
15947.5869787315
15946.2554673443
15946.5694710709
15946.4625257527
15946.5613881406
15946.5121399934
15946.3475868495
15947.5869787315
15947.5869787315
15947.0503038479
15947.2052924217
15946.4410828815
15946.3093095648
15946.5916985031
15947.2856538206
15947.5869787315
15947.5869787315
15946.6303032618
15947.3435750135
15947.5869787315
15947.5869787315
15946.6313542605
15946.4302639212
15945.9680694957
15946.3275826292
15946.1003909953
15945.9048129244
15946.543464286
15946.5333429443
15946.1837418325
15947.5869787315
15945.9497664417
15947.4287405836
15945.9652928673
15947.5869787315
15947.5869787315
15947.0704716966
15946.2560526556
15947.1616637406
15946.0671042675
15946.1470583748
15947.5869787315
15946.0450144193
15947.5869787315
15947.2905831547
15946.2516055538
15946.1665396314
15947.4562599584
15946.0523459505
15947.5869787315
15946.3595866196
15946.0202058671
15946.0461222221
15947.5869787315
15946.4011198906
15947.3434959107
15946.304095175
15946.095608025
15945.5324945039
15945.5312363807
15946.3023089209
15946.1563590995
15947.5014405485
15946.2372801046
15946.2152148197
15945.5122945745
15945.6859643958
15945.8534853669
15946.1463680581
15946.2677991636
15947.5869787315
15946.2792181534
15947.2609368223
15946.2871481667
15946.2940372873
15947.5869787315
15946.5773882612
15947.3619495657
15946.5132945762
15946.4977398024
15947.3921504949
15946.6858847149
15946.5540142069
15947.5869787315
15946.4199788456
15947.2140025339
15947.0818372352
15946.2933027986
15946.2361626694
15946.4222174064
15945.9668800327
15946.5747762017
15946.2850094117
15945.6929517291
15946.5076104022
15947.5869787315
15947.4806160432
15946.1131530918
15946.4965470984
15946.4535237861
15947.5869787315
15947.5869787315
15947.5869787315
15946.4146666013
15947.5869787315
15947.5869787315
15946.4385073002
15947.4819620554
15947.490343298
15946.6331386795
15947.3398824538
15947.3478708763
15946.8139966409
15946.6579176257
15947.5869787315
15947.5869787315
15945.9037412338
15946.7557981511
15947.5869787315
15946.7692323808
15947.5869787315
15946.6235377292
15947.2880263479
15946.2926567549
15947.5869787315
15946.5417229936
15947.4544448133
15947.3317451688
15947.5076702663
15946.5152757864
15946.0307940607
15947.2279486023
15946.5028900739
15947.5869787315
15946.5018862976
15946.0614426085
15945.6336226432
15946.4594876247
15947.4660849188
15947.2804439754
15946.0189522686
15946.3649572122
15947.5869787315
15946.5658990764
15947.5869787315
15946.7022507454
15945.5146306293
15946.0238010526
15945.8662688896
15947.5869787315
15946.8036158593
15947.3772720899
15946.2495579459
15947.5869787315
15947.5869787315
15946.4482268937
15947.1933172014
15947.5869787315
15946.1921881484
15947.216911201
15946.2328473674
15946.2712615358
15946.3383401663
15947.4221615215
15947.5869787315
15945.9737922833
15946.084289639
15946.3690787483
15947.5869787315
15945.6045854164
15947.5869787315
15946.0942097613
15946.4680554679
15947.3825855795
15946.2414642109
15946.3616844643
15947.5869787315
15947.3842549094
15947.5869787315
15947.5869787315
15947.5869787315
15946.2196560146
15946.4353435058
15946.2931546194
15946.2974332132
15947.5869787315
15947.5869787315
15946.4668556245
15947.3236185381
15947.6298928727
15947.2255953763
15947.5869787315
15946.4557324707
15946.4982047271
15945.8329293672
15947.1796580365
15946.134998664
15945.9593086671
15946.4056189031
15947.2950297573
15946.1257749048
15947.298447492
15947.2427707802
15945.8584461056
15946.6366140965
15946.5595940634
15946.3748209716
15947.5869787315
15945.7407092383
15945.8790481594
15945.9446911797
15945.778794468
15946.1141093757
15946.0532096351
15945.3525041797
15945.9241366669
15945.8628918602
15945.7767036335
15945.945764039
15946.0593577243
15947.3390030028
15947.5869787315
15947.5869787315
15945.7304399697
15947.3311239768
15946.1854097789
15947.3963940894
15947.1560057208
15946.5760787345
15947.3585134328
15947.5869787315
15947.4676594532
15946.4343496192
15946.783040254
15947.3141294271
15947.4688529935
15946.2424227009
15946.5301918281
15946.533350192
15947.5869787315
15946.4702011388
15947.5869787315
15947.5869787315
15947.5869787315
15946.4402767855
15947.5869787315
15946.8070868153
15946.324379147
15946.5627517119
15947.4699693506
15947.5452034188
15946.179428133
15946.3401526176
15947.4648722271
15946.2635944851
15945.8760720265
15946.5108870492
15946.0663630826
15946.6794018974
15946.4239210582
15947.6034227721
15946.5202877239
15947.5562722641
15946.4794168019
15946.3549938277
15947.571045448
15946.4425195948
15947.5869787315
15947.4731699234
15946.476384846
15946.4283010131
15946.4156980129
15945.9560785244
15946.4527477657
15946.3664317468
15947.5869787315
15947.5869787315
15947.4726218969
15946.2262249145
15946.7537917782
15947.5869787315
15946.7343245035
15946.5927449893
15947.5869787315
15946.3772297507
15946.4987388083
15947.5869787315
15946.40266395
15946.3243133579
15946.4379565458
15945.9570393566
15947.3584428285
15946.2122066099
15946.1477474849
15947.2453522448
15947.3049223714
15947.5869787315
15946.6222097186
15947.5869787315
15946.232659122
15945.7648541559
15947.4076857782
15946.035241181
15946.1542940607
15945.9073699578
15946.1083514857
15946.4756342883
15946.0020114648
15946.3334672965
15947.5869787315
15946.1790315773
15946.334162885
15947.5869787315
15946.4448051726
15945.979560067
15947.5869787315
15945.8913601186
15945.4944040147
15946.0943411606
15945.7015489136
15947.2152018663
15947.2815991784
15946.3679822101
15946.4987862316
15946.0696233498
15947.5869787315
15946.4301261897
15946.2124348493
15947.3663300831
15945.6930848294
15946.3766187579
15947.4066473339
15947.1481837827
15946.3147363927
15947.3458178442
15946.0604807997
15946.1879893626
15947.5869787315
15946.8321761093
15945.9864079706
15945.8351702291
15947.5869787315
15946.4720119788
15946.3287494733
15946.0390785922
15947.4497009222
15946.5076881744
15947.5869787315
15947.3230712469
15947.2791676533
15947.4117821034
15946.3565734648
15946.583077002
15947.4488925076
15946.3562761898
15946.5401689858
15945.9288519423
15947.3604955897
15946.3718653693
15946.772303986
15947.5869787315
15946.3866367716
15947.5869787315
15946.475409468
15946.7942664898
15947.5869787315
15946.3105201464
15947.5869787315
15946.609666628
15946.5440835244
15946.5277014949
15947.5869787315
15946.7026669988
15947.5869787315
15947.0102634175
15947.4259132901
15947.3905351757
15946.874435187
15946.1180986758
15947.5869787315
15947.5869787315
15947.5869787315
15946.3810219039
15946.5252689383
15947.4407078341
15947.334701302
15946.4064086369
15946.6194087632
15946.6165478032
15947.5869787315
15947.5869787315
15946.7042660109
15947.2480006824
15946.3057078525
15946.6518153817
15946.3095862099
15947.0959167466
15947.5869787315
15946.1423462466
15945.5898956592
15947.1980674073
15946.6258831895
15946.461481957
15947.5869787315
15947.3757373214
15947.3521086089
15947.4924958863
15946.6022498614
15946.3897038455
15947.5869787315
15947.5869787315
15947.2151429009
15946.1378041975
15945.7864737636
15946.7119936755
15947.5869787315
15946.329478766
15946.1530592034
15947.5869787315
15946.5047120688
15946.415060609
15947.5869787315
15946.5895316199
15947.5869787315
15947.3450629076
15945.8450134736
15946.0810683916
15947.2908146709
15946.15061627
15946.3020318138
15945.6420058781
15946.0280472905
15947.5866607098
15947.5869787315
15947.5869787315
15946.5614457411
15946.742946659
15946.4293971228
15946.8553414347
15946.520131837
15947.5869787315
15947.5869787315
15946.6417259026
15945.9811464183
15947.4017554785
15946.0178760709
15946.1138737993
15947.5869787315
15947.4099708454
15946.5347644072
15946.4692308702
15947.5869787315
15946.2835769245
15947.5869787315
15947.5869787315
15946.3236674457
15947.2197992587
15946.871292517
15946.0181517985
15947.5869787315
15947.5869787315
15947.5869787315
15947.5869787315
15946.334587171
15947.3578347025
15947.5869787315
15947.4851027141
15946.5731705306
15947.5869787315
15947.5869787315
15946.3226488417
15947.5277177237
15946.8283826355
15947.5869787315
15946.5395295163
15947.5869787315
15946.5942929746
15946.5225714382
15947.5869787315
15947.4882553202
15946.7274180543
15947.5869787315
15947.53515152
15946.4612424979
15947.3558614975
15946.5498186933
15947.3592388672
15947.5358614955
15946.5352969195
15947.5869787315
15946.5393923484
15947.5869787315
15946.471035786
15947.5869787315
15946.3780057547
15947.2904511841
15946.739559902
15946.6193254532
15946.6104156374
15946.7210376115
15946.8065229736
15947.5869787315
15947.5869787315
15946.4310919432
15947.4527236956
15946.3342783191
15946.4579821332
15946.299894544
15946.4523407484
15947.3912732514
15947.5869787315
15947.5869787315
15946.522591644
15945.9941642905
15946.3631009209
15947.5869787315
15946.5586678299
15946.4086272745
15946.5804619733
15946.2432917076
15946.5307212884
15947.5869787315
15946.5413733262
15947.2110692046
15947.5869787315
15945.9364125578
15946.5731669311
15945.8565330057
15946.4541464237
15947.2629498628
15946.8770947812
15947.5869787315
15946.6393386606
15947.5869787315
15945.8937067382
15946.4774762737
15947.1826599971
15946.0914545708
15947.5249860741
15946.2807319377
15946.1445543547
15947.5456590886
15946.6521447762
15947.2666862725
15947.5869787315
15947.430022805
15946.5729039057
15946.3923166439
15946.236494035
15945.8516380168
15946.4682344608
15947.5869787315
15947.5869787315
15946.5556084001
15947.391374827
15946.4915096043
15946.4992476361
15946.769845332
15947.5869787315
15947.4064702263
15947.3841807778
15947.2418352899
15946.4396514357
15946.4209596586
15946.435080329
15947.3110757558
15947.5869787315
15947.3897083401
15947.5869787315
15946.3837939024
15946.4774880442
15947.5869787315
15946.1240695133
15945.8366351748
15945.6892745201
15945.7600305664
15946.700544598
15946.3829777304
15945.7693066836
15947.5869787315
15947.5869787315
15947.4645534396
15947.5869787315
15946.2983628005
15946.0180846316
15947.2633631771
15947.5869787315
15946.524275207
15947.3745972051
15947.5869787315
15947.1955974065
15947.5160628094
15947.3714343133
15946.2087155529
15947.4416688917
15946.2144663758
15946.5330236405
15947.477226605
15946.4027738522
15946.6421859003
15946.6774202817
15946.5246663887
15947.5869787315
15946.3080477465
15945.6580363868
15946.2526831911
15947.4688591545
15947.444589143
15946.4249763467
15946.534683157
15945.8078488492
15945.6328360092
15946.2657920855
15946.4539264325
15947.5231187119
15946.408429202
15947.1918586383
15947.5869787315
15947.5869787315
15946.4435584413
15947.5869787315
15945.7988933168
15945.8916251809
15945.7980817664
15945.929918044
15946.0691520958
15945.9393533766
15946.6160269778
15947.5869787315
15947.2744670194
15945.2864757018
15946.2908952035
15947.5869787315
15946.6717161445
15947.3759192317
15946.5623217031
15947.5869787315
15945.8958278013
15945.6961478265
15945.8453976232
15947.4556601376
15946.039915065
15947.5869787315
15947.3485374021
15946.466011088
15947.5869787315
15946.3966694495
15946.4445714112
15945.986588956
15947.5869787315
15946.3096270622
15947.3698332046
15946.5940075236
15946.3228907956
15947.5869787315
15947.5869787315
15946.1705460598
15946.5774419425
15947.5869787315
15947.5869787315
15946.544097094
15947.2511545636
15946.3787521279
15947.5869787315
15947.5869787315
15947.3263864131
15946.1763109246
15947.3079976119
15945.9842084492
15947.1333961557
15947.5869787315
15947.5869787315
15946.4554636972
15946.3720324614
15946.7502866186
15946.6459991652
15946.5316873485
15946.6616610737
15946.7310726384
15946.7432617331
15945.9665559809
15946.0309644282
15947.336904993
15945.9488628643
15947.5869787315
15947.4665440073
15947.3852920538
15946.8770020288
15947.5869787315
15947.5869787315
15946.6002604903
15946.1898863365
15947.5869787315
15947.5869787315
15946.3545787015
15947.251231303
15947.2574691321
15946.4240323452
15947.5869787315
15946.4136666435
15946.4205257965
15946.6066213345
15946.7251140242
15947.3579581541
15947.3452037871
15947.5869787315
15946.4832991516
15946.5495443321
15946.0463794516
15946.6185782712
15945.9488727164
15946.1587263796
15946.3997067896
15947.5869787315
15946.4345274073
15946.3320957885
15946.6092357502
15946.0929357162
15946.3658146314
15947.5869787315
15947.5869787315
15947.5869787315
15946.4759771161
15945.7888936841
15947.5869787315
15945.5629196443
15945.8495024308
15946.3818251391
15946.2636228596
15946.2966906755
15946.2467345772
15947.2795153382
15947.3693054443
15946.2020330117
15945.9575301687
15945.8129604406
15946.2592018531
15947.4027181163
15946.1256828797
15947.3847805628
15946.5317450238
15947.5869787315
15946.0792316992
15947.3288607336
15947.3128135986
15947.4032152304
15945.7535351926
15947.5869787315
15947.5869787315
15946.0057629918
15946.0448283659
15946.32941215
15947.5869787315
15947.3550166859
15946.4264881874
15946.6187264737
15946.3492979767
15947.5869787315
15946.2705565982
15946.2360195516
15947.5869787315
15947.5869787315
15947.0946033147
15945.8598931207
15945.6636713702
15947.368142371
15947.5869787315
15946.0822775557
15947.5869787315
15945.7539365122
15945.9128153141
15946.132163149
15947.137066768
15945.8945826068
15946.018629916
15946.0313749729
15947.5869787315
15945.4401685862
15945.6617518056
15947.5869787315
15947.5869787315
15946.2179573114
15947.5869787315
15946.4687466011
15947.1821431977
15947.5869787315
15945.7939624093
15945.9320859403
15946.5028586346
15947.0703322337
15947.2631061432
15946.0886600663
15945.8687235353
15947.5869787315
15946.2526711194
15947.5869787315
15946.401708615
15946.3014413667
15945.9008797482
15946.0402090855
15945.6315078096
15947.3029655798
15947.1727701071
15947.5869787315
15946.3506792036
15946.1339200102
15947.5869787315
15946.4328775764
15947.5869787315
15945.9278414263
15946.3117393151
15947.4337027356
15946.6591298534
15947.5869787315
15946.338968462
15946.4187912124
15946.5488806283
15947.2495714126
15947.3376427466
15946.3009748454
15947.5869787315
15946.9453683668
15946.5410622293
15946.5297552012
15947.3878874296
15947.4321457208
15947.5869787315
15946.6720989422
15946.4256779837
15947.2918363665
15946.2770310362
15946.5355678121
15947.5869787315
15947.4898171974
15946.704580487
15946.1201471071
15947.5869787315
15945.6865833176
15945.9428502616
15946.2669121234
15946.0321975887
15947.4643754501
15946.6868315507
15947.5869787315
15946.4483376521
15947.5869787315
15947.5869787315
15946.7536807664
15946.6812360527
15945.9695331995
15945.8677469728
15945.9733223729
15947.5869787315
15947.5242363091
15946.9091852811
15947.5869787315
15947.3193804704
15945.9022838918
15946.7840284502
15947.3033401421
15947.2136267486
15947.5869787315
15946.308384826
15947.1540148656
15946.6714904393
15947.5869787315
15946.5835791088
15946.4833856096
15947.487571478
15947.5869787315
15945.7883004893
15946.5873649318
15946.3964066365
15946.6850280026
15946.0307060779
15946.3128273839
15947.5869787315
15947.5869787315
15946.6323166324
15947.5869787315
15945.7078142865
15946.575643736
15947.2009388767
15947.3543349263
15947.3190107246
15945.7897951384
15946.405472032
15947.3137987488
15946.6041183658
15947.3778331553
15946.512303401
15947.1371047641
15946.6433295698
15947.5869787315
15947.3029562607
15946.4221750813
15947.5869787315
15947.5869787315
15946.5012488493
15947.311466628
15946.2178184677
15947.5869787315
15946.496334029
15946.4284521012
15947.5869787315
15945.8388022491
15947.2492584942
15947.2462120449
15946.1512682457
15946.3714374305
15946.1358093827
15947.2232611935
15945.8791170891
15947.5869787315
15946.2475654098
15947.5869787315
15946.3212131594
15946.3710276397
15946.0979953417
15946.9174879174
15947.3974027727
15947.5869787315
15947.3546535914
15947.5869787315
15946.7336864391
15946.4322531661
15945.9549322231
15945.355023647
15946.3916693702
15945.9229086649
15947.2208523749
15945.8164375317
15945.7273049853
15946.6207100329
15946.3698440667
15945.9621893353
15946.26631657
15947.3784349334
15947.5869787315
15947.5869787315
15947.5869787315
15947.1930076332
15946.5251403899
15947.5869787315
15946.4782804835
15946.1828466368
15946.6179184557
15947.5869787315
15947.5869787315
15947.5869787315
15946.262523503
15946.2825842243
15947.2510242302
15946.5285577035
15947.3529143012
15946.1774102851
15946.5175517036
15945.6976560869
15947.5869787315
15947.2836564462
15945.7103181406
15945.8005548359
15946.141961185
15947.5869787315
15946.1319415845
15947.3194839534
15945.8439703638
15947.1776133056
15945.8891620227
15945.8043646911
15946.0452224211
15945.8802497414
15946.4373650375
15947.1713448873
15946.0405361599
15946.4342489712
15947.4711100697
15947.3448413939
15946.0559061708
15946.2732253865
15945.8233096795
15946.3779308612
15946.6663615804
15947.5869787315
15945.9572022825
15946.317518448
15946.4725117031
15947.3903200129
15946.5411292516
15947.2516561551
15947.2451039081
15946.4546100991
15946.2022298836
15947.5869787315
15946.2309874237
15946.0205310589
15946.2185079738
15945.7837094312
15945.7818139381
15946.332710716
15946.2255865873
15946.2239820403
15946.3294756402
15947.5315452759
15946.0763747809
15947.3329909541
15947.5267470412
15946.3659227655
15946.4784172261
15946.2913318429
15946.0829420161
15945.7712783555
15947.3202915613
15945.7334586573
15947.1568613591
15946.1740130559
15947.5869787315
15947.0427090402
15947.5869787315
15946.5787489253
15946.4900408659
15945.8362811165
15945.6660330865
15947.2544558517
15947.5869787315
15946.8406840451
15945.843444019
15946.4448191346
15946.3144645363
15946.4465016562
15946.3938518214
15945.9278511421
15946.0724875282
15945.9706709035
15946.3972305594
15946.8030533174
15947.3202107826
15946.7496015653
15945.8482824154
15945.9038992541
15945.83669219
15945.9630003234
15947.5869787315
15947.3637468336
15945.8883884469
15945.9552980744
15947.5869787315
15945.6541772654
15947.5869787315
15946.0250774423
15946.1689146767
15947.5869787315
15947.2445932629
15947.2165099258
15946.1312685792
15945.9237451944
15946.6105907628
15947.3357156211
15945.8726255112
