# type 2 occupying volumes
15943.3327291647
15942.1748601795
15941.8762655965
15942.0867245969
15942.9970738141
15941.9862485386
15941.9663566906
15942.9970738151
15942.9970738191
15942.997073752
15942.1583184117
15942.9970737111
15942.2585276192
15942.2359224255
15941.8843119683
15941.7058761631
15942.130423839
15941.6420406059
15942.9970738179
15942.9970738171
15943.0155374428
15942.2099764371
15943.0308882102
15941.9826701855
15942.9970738132
15943.0709026644
15943.1454314951
15942.9970738226
15941.8412529688
15941.7021740109
15943.2268699161
15941.6019420368
15943.320659671
15942.0145938927
15942.9970738132
15941.8169213343
15943.3578728746
15942.2092881801
15941.6406249708
15942.0044460808
15942.3407115083
15941.7201815439
15941.5072943624
15941.90195237
15942.9970736896
15941.976967607
15943.2765284378
15942.9970738484
15942.0652560718
15942.9970738092
15942.9970738145
15942.0947220031
15941.5182797371
15941.7174273467
15943.1870681415
15941.9364179224
15942.2556584032
15943.157120836
15942.0026641229
15943.3126936441
15942.410298078
15942.0331593589
15942.0932911191
15942.0902050757
15942.9970738283
15942.1164360445
15943.1194113347
15942.2131075097
15941.6905894098
15943.1434535778
15942.1495774411
15942.9970738194
15942.9970738231
15941.8377483725
15942.9970738133
15942.9970738753
15943.2717705186
15942.2779012702
15941.5514877763
15941.4870312107
15942.0241613129
15942.9970738181
15942.0294265883
15941.246338445
15942.0903436145
15942.4319201965
15941.9192246764
15941.9093921493
15942.9970738203
15943.0975246767
15942.997073815
15941.6099498871
15941.5194389986
15943.3443550027
15942.0444196647
15942.9970738149
15941.7709495062
15941.9380432522
15943.2567134744
15943.1308379995
15941.8716026713
15942.032187458
15943.253428362
15941.8864027999
15943.2275627621
15942.9970738125
15942.997073817
15942.997073821
15941.685446278
15942.9970739973
15942.0998294924
15942.9970738197
15942.2565842173
15942.159415319
15943.1837837464
15942.2711827182
15942.9970738141
15942.0212631841
15941.424644729
15941.8805708831
15942.9970738103
15942.1675413055
15941.7342400722
15942.9970738145
15941.9774911776
15941.3739496767
15941.8920151872
15941.8549661985
15941.3472551411
15942.9970738165
15941.4135204193
15942.9970738142
15943.1146793155
15941.6066851366
15942.0899387425
15943.2547470356
15941.6094855254
15943.2872612968
15941.9579397668
15941.9371292673
15942.997073813
15942.1683652137
15943.1556552256
15942.0989064084
15941.9532969255
15941.9384687042
15942.9970736623
15943.4711150366
15941.7438422603
15942.9970738192
15942.9970738332
15941.6342077792
15941.9943021115
15942.0159590179
15942.0900515729
15943.291818111
15942.9970738104
15942.9970738148
15942.2771090711
15941.9639862474
15942.2498546178
15941.7474849852
15943.3558196382
15942.9920555763
15941.8045757918
15943.2654783872
15942.2114053173
15941.8430703386
15942.3854823992
15942.3638668507
15942.2338379972
15942.128969464
15943.1396193214
15941.9939932793
15942.1551607301
15943.1388626075
15943.2002811692
15943.1785390524
15941.9963765691
15942.1800603908
15942.9970738186
15943.2138490341
15941.8930525368
15942.1794755916
15943.4662701797
15943.3906753561
15942.9970738166
15942.0516661734
15942.3427662852
15941.6229602458
15943.1062613389
15941.8554308853
15943.0944259786
15942.9970738128
15942.1315571033
15942.116417934
15941.8129111266
15942.9970738251
15941.8826905362
15943.2973332393
15941.9458795965
15941.6717840495
15942.1261694138
15942.997073817
15941.958006035
15943.0180566569
15942.9199843164
15942.0243847413
15942.0716738052
15942.3143355731
15943.1804849342
15942.0462258784
15942.9970738232
15942.997073814
15942.2833636253
15943.1409967906
15943.2982804769
15942.152917025
15941.7886522654
15942.9970738196
15941.6112066942
15942.9970738128
15941.9425093121
15942.997073813
15941.942097491
15942.0919316047
15942.0393825327
15942.1394882516
15942.9748575761
15941.7896671537
15943.3650596858
15941.9904632299
15941.8025324736
15941.53698936
15942.9970738198
15942.0972316431
15942.9970738123
15942.9922913414
15942.0764769278
15942.9970738142
15941.5900995758
15942.9970738179
15942.9970738147
15941.9938016743
15942.0554423322
15943.1965360536
15942.2096121916
15941.9835912235
15942.2042690477
15942.3515606463
15941.9681289848
15942.2380178829
15942.0908831147
15943.0510658314
15942.9970738155
15943.2610736346
15943.33246024
15943.2935830958
15942.174827579
15942.9970738191
15943.0518931518
15942.9970738219
15942.1121610017
15941.7803508123
15943.2790171861
15942.2013053212
15942.9970738205
15943.1790146053
15942.9970738196
15942.9970738205
15941.9925223055
15942.9970738209
15942.0159365102
15943.1774761482
15941.4568583387
15943.3637244816
15942.0586074917
15942.3788385873
15942.9970738186
15942.0573031833
15942.1042708634
15941.7157441141
15943.5007308229
15941.6855391734
15941.793927513
15942.2209083271
15941.6661769639
15941.6210842571
15942.9970738162
15941.9743197145
15941.7579082893
15943.3773552602
15941.872011834
15941.8518936247
15942.9970738039
15941.9755046567
15942.9970738297
15942.9970738132
15941.5712288173
15941.8163450123
15943.4898480494
15942.1481112449
15941.6721113755
15943.5154983296
15942.0370150298
15941.6708245053
15942.0780859299
15941.9313418273
15941.9561480348
15942.9970738154
15943.3290265547
15942.0187880798
15942.9970738045
15943.2229429676
15943.2462094796
15942.3411378461
15942.0971887881
15942.4932230711
15943.3008250845
15942.0126691988
15943.2227782814
15943.148692479
15942.2331683013
15942.9970738239
15942.1555859289
15941.8883455818
15941.9277170368
15942.9970738184
15942.9970738217
15943.1119587062
15942.9816791992
15942.997073819
15942.9970738174
15943.0496204335
15941.6479068416
15941.7017558417
15943.0662333252
15942.9970738091
15941.7097217237
15941.9360263802
15943.2025045465
15942.2478989323
15941.636473883
15943.1255296626
15941.6502276377
15942.2175374038
15941.5468468698
15943.1306337644
15943.0102027786
15942.4265608713
15942.0027037476
15942.2385971672
15941.8974363187
15941.9903349725
15943.2857599316
15941.6293493817
15943.2966288383
15942.9970738161
15942.0389267969
15942.007970484
15942.9970738137
15941.9823083378
15941.9210077347
15943.3227505074
15942.2217324584
15941.6870893006
15943.1767977389
15942.0433449894
15941.8714685633
15942.0903023589
15941.91979743
15941.391193271
15941.4280917586
15942.1162643251
15941.7436849735
15942.9970738127
15942.0070966923
15942.9970738212
15941.4386600706
15941.7424009773
15941.9429227367
15943.2034515096
15941.9276212388
15943.3269895587
15942.1608735421
15943.3062535405
15942.0382757414
15943.3347416578
15942.3506949427
15942.1907605921
15942.9970738177
15942.1218859955
15942.1869492862
15942.9970738208
15942.2458099596
15941.6297950461
15943.460784872
15942.0241191387
15942.314645153
15942.9970738184
15941.8572930808
15943.3322288722
15942.0261938558
15941.7786315552
15942.3829713544
15941.7015637882
15941.9691901456
15942.0853205913
15943.1370921571
15942.1091754918
15941.7249609598
15941.6928824366
15942.0956120963
15943.1406311854
15942.9970738127
15943.1567678458
15942.0841059084
15942.0306189034
15942.184830963
15942.1859442207
15942.9970738135
15942.9970738115
15941.8811359251
15942.9970738146
15942.9970738149
15941.8765408429
15942.3155072454
15942.9970738124
15942.1183171283
15941.8482206581
15942.1258455994
15943.176527289
15942.9970738179
15942.9917726845
15943.4191343579
15941.8262048267
15941.7824375429
15943.2209635426
15943.1256913455
15942.9970737898
15943.3400841276
15941.85366038
15941.9813002438
15941.7807901453
15941.3461263803
15943.0768924386
15943.0894016999
15942.2501403889
15942.000502309
15941.5130400136
15942.0522846496
15942.997073819
15942.9970738213
15941.8242008105
15941.8338969687
15943.3560440677
15941.8361778729
15943.1436170404
15942.0756801603
15941.4410566075
15942.1305743838
15941.9601689808
15943.3515425619
15942.192163126
15942.9970738159
15941.9285635179
15941.9216157903
15943.2956526252
15942.0477128351
15942.9970738167
15943.4184801021
15942.1035047688
15942.9970738204
15943.0524905974
15942.9970738125
15941.9861617357
15942.9970738128
15943.319419695
15941.6100264221
15941.8200569272
15941.9137131038
15943.3083050871
15941.4533574292
15942.9970738093
15941.5395470466
15943.2271578279
15941.9959947416
15942.9970738132
15941.7858692569
15943.1281323121
15942.9970738171
15943.0581542657
15943.2061198859
15943.1127168162
15941.668264789
15942.9970738108
15942.0797183322
15941.921031373
15943.3028749432
15942.0712321843
15942.1298547768
15942.9970738153
15942.9970738106
15942.9970737653
15942.9970738725
15943.2189111214
15943.2102729351
15941.6808394231
15942.9970738165
15941.7360427324
15942.9970738189
15942.1626328572
15942.9970738218
15942.2011292338
15942.9970738155
15942.9970738206
15943.1101407301
15942.0876894158
15942.2338122145
15942.0042350508
15942.0656167025
15943.2232540823
15941.3772001357
15941.4410480238
15941.7068138771
15941.8283388677
15942.9970737233
15941.5645193259
15942.1890223681
15941.6649215421
15941.4372919867
15941.7267681732
15942.1848424192
15941.9675014758
15941.3937697448
15941.9751179421
15941.4167105103
15941.7094248525
15941.9448660378
15942.9970738376
15941.9499061164
15941.9934698297
15942.9970738147
15943.2286543288
15941.854376712
15942.1440929463
15942.2092640834
15941.792212562
15942.9970735779
15942.0266814857
15942.2772065091
15942.9970738149
15942.997073818
15943.1603309552
15943.1524659538
15942.3675500632
15942.9970738129
15942.0721141762
15942.2199881177
15942.2539813761
15941.9564969263
15942.1223776163
15943.2527796311
15941.8443206596
15941.7215612585
15942.3584359318
15942.9970738146
15941.9208617825
15942.0920861239
15942.1728878865
15941.8911060768
15943.0825789855
15942.2957336996
15942.1378499415
15943.2055333503
15942.1836661733
15942.2668229736
15943.232942048
15941.9631107196
15942.1964378561
15943.216535711
15942.9970738116
15942.0307089756
15941.8376923388
15941.6838448026
15943.2499569407
15942.0760419864
15942.0596127922
15943.192443209
15943.3015649197
15942.9970738146
15941.7985051675
15942.0874603294
15943.2281413303
15943.2549611818
15941.8477631813
15943.1632828823
15942.9970739747
15942.3808726985
15943.0958594641
15942.0866075726
15941.9441979357
15942.0067532386
15942.1023836984
15942.9970738068
15941.827692859
15941.7823456017
15942.9970738155
15942.9970738154
15943.3096134876
15941.9164113182
15943.2232507185
15941.9880763084
15941.8022640111
15942.9970738221
15941.8190698771
15942.06567467
15941.5775607002
15941.7598817365
15941.9967035914
15941.6568602505
15941.8222862803
15942.9970738126
15943.2533168034
15942.1950892359
15943.3817304624
15941.8294460974
15941.983313413
15943.3444018532
15941.5612414435
15941.770832691
15941.6808609458
15943.4409829633
15941.962291434
15942.9970738198
15941.4596490337
15942.0620623365
15942.288838584
15943.4451602475
15941.6450385602
15941.9349886141
15942.99707382
15941.8550630292
15941.9569656683
15942.9970739308
15941.7057437403
15942.0085108281
15941.3793759003
15941.6556341809
15942.1148746806
15943.1485540822
15942.3691213556
15941.4231219096
15941.8538116599
15942.9970738099
15942.1543711601
15942.0080740007
15942.9970738176
15942.997073809
15942.0839068756
15943.346365138
15942.9970738145
15942.9970738084
15943.3339347573
15942.1725172621
15941.9119644053
15942.9970738181
15941.7465303128
15942.0874755711
15941.5225190628
15942.9970738171
15941.9463565823
15942.2501925879
15942.1156160288
15943.2778022028
15942.1454994015
15942.3057107568
15943.2063019825
15943.230587571
15942.1234073553
15942.0099021737
15941.9891155016
15942.1668970029
15942.0629865348
15943.2516119371
15942.2234917733
15941.9532833721
15942.3274632793
15942.9970738136
15942.9970738105
15942.3794863656
15943.151668381
15943.292406915
15941.7028724113
15943.233932762
15941.4396385044
15941.8956516396
15942.997073817
15942.9970738152
15941.8735820191
15941.6757219804
15942.2156486593
15942.9970738183
15943.1834974819
15941.6540679879
15942.9970738118
15941.8721464122
15942.1502599997
15941.8063399562
15942.9970738144
15943.2864212326
15941.6433446101
15941.2904763503
15941.9137680544
15942.1360093246
15942.9970737668
15943.1193885309
15942.9970738159
15942.9970737518
15942.9970738191
15942.0780649639
15942.0285169503
15941.6756630996
15943.1090740148
15942.9970738166
15941.6506617218
15941.4262947468
15941.9408952945
15942.0165321069
15942.9970738105
15941.8396406716
15943.1823274299
15942.0550240164
15942.1241215395
15942.9970738188
15941.6750376186
15943.3186418215
15941.8475375708
15941.0027735953
15941.7795913037
15942.9970738169
15941.7187266016
15941.8906125312
15941.6359838902
15943.258515779
15942.455507239
15942.9970738095
15943.3867833796
15942.0026390766
15942.2372588104
15942.1120801097
15942.0442160283
15941.7016583942
15943.3124873329
15943.4188574997
15942.2489311325
15942.9970738113
15942.0875803492
15942.0551959669
15942.1161864348
15943.2025451943
15942.99707382
15942.1009567423
15942.0363958808
15943.2500178489
15941.7905062196
15943.2531371071
15943.3399164556
15941.9561314914
15942.9970738118
15942.3179698015
15943.190521545
15943.0721312434
15943.1411294921
15942.3983067864
15943.2795498137
15942.0434400672
15942.9970738176
15943.1116537742
15942.3178607057
15942.1361240001
15943.2011566263
15943.2049456713
15941.8732328856
15943.0139133176
15942.3252098184
15943.2147476076
15941.962164656
15943.2523714876
15942.2442179737
15942.1466262482
15943.3352715489
15943.2912209059
15941.925938112
15943.150924963
15943.2358182318
15942.2450519327
15942.9970738175
15941.873536115
15942.9970738066
15942.9970738192
15942.0218394555
15942.1160451454
15941.4286263437
15941.9592291772
15941.7679355282
15943.3853246174
15941.5574977476
15943.2854960928
15942.2199735364
15942.2618205315
15942.0698846566
15942.0878899545
15941.7634277777
15941.5732942507
15942.0852398277
15941.4347867621
15942.9970738171
15941.9975001054
15941.7399324652
15941.8363628707
15941.9986303736
15942.9970738098
15943.028491735
15943.4012927254
15942.0179624526
15941.3927536518
15941.8224729223
15943.4207478156
15941.6219604145
15942.0418181348
15942.1434344476
15941.8561303484
15942.0715850909
15941.4196392239
15941.8925567409
15942.9970738158
15943.2160446561
15941.8294076489
15941.7072328946
15941.5041124728
15941.8051784685
15941.95416688
15941.9190761001
15943.2849494854
15942.2924495992
15942.9970738104
15941.6642105651
15942.2462487964
15942.99707382
15941.8986732178
15942.9970738122
15942.1474787968
15941.5388887475
15942.9970738478
15941.726758611
15943.385846541
15942.2694237742
15942.9970738104
15941.7683866637
15942.1439748101
15942.9970738132
15941.4442006108
15941.4602013496
15943.2497590135
15943.2327029868
15942.2421175682
15942.097847608
15942.097577918
15943.1740883951
15942.0976021599
15942.0131009863
15942.013865515
15942.9970738148
15942.9970738131
15942.3438135243
15941.9941859946
15942.9970738173
15942.9970738115
15941.9051282551
15942.1258506331
15943.1956952025
15942.3078265343
15942.2429862242
15943.5133925189
15941.7396181144
15941.5492980429
15941.3242445677
15941.8421229108
15942.3227872595
15941.3591054522
15941.3341234258
15943.25939959
15943.2362052431
15942.9970738155
15941.6628271443
15941.9216305589
15941.6903830183
15942.9970738102
15943.2591661473
15943.1670948648
15942.9970738177
15941.5329678665
15942.9970738171
15942.9970739016
15942.9970738135
15941.6454734519
15943.1989625013
15943.1762789881
15941.8052154171
15942.9970738224
15941.3618667113
15942.1667499961
15942.1295690261
15942.2376275648
15943.6042374693
15942.1145165188
15941.718732411
15941.7193446345
15942.9970738122
15942.997073822
15942.1789607053
15941.8841616446
15941.4127318826
15941.6702204908
15942.1592679119
15942.2100297783
15942.9970738193
15942.0145192909
15941.4862229151
15943.1699309885
15943.3134918498
15942.1045296208
15942.9841400492
15941.4382276228
15941.6021426373
15941.0564680912
15941.944159215
15941.6823744517
15941.5010358655
15942.1136693777
15942.1701544296
15942.9970738135
15941.2036386824
15942.0283323568
15941.7362289482
15942.1143329449
15942.9970738198
15942.1275019146
15943.1657014875
15941.6313521296
15942.9970738176
15941.4025005556
15942.9970738191
15941.7336179455
15943.2876347932
15942.9970738182
15941.8533037161
15943.4278548869
15941.7277242688
15941.9749968076
15941.458713669
15942.2161644916
15941.9994121316
15942.9970738121
15942.1254564337
15941.6285695961
15942.9970738106
15943.2742600344
15941.9542743685
15942.053458949
15943.2664815991
15943.3359136762
15942.1714606065
15942.9970738148
15943.1324404304
15942.0138199747
15943.1468047775
15942.9970738104
15942.0476053959
15942.9970738283
15941.2961898341
15942.9970738163
15943.1046781966
15943.366337551
15941.8668894352
15942.9970738129
15942.1022366238
15942.9970738165
15942.3504968918
15942.9970738112
15942.2141231058
15942.3620851981
15941.5426619155
15941.5386447396
15942.9970738165
15941.6621995796
15942.997073812
15943.2718978277
15941.3531917745
15942.2341555303
15943.2300154307
15941.6112732399
15942.1849890732
15942.0160210782
15943.6095162424
15943.1098704419
15942.0815055614
15942.9970738155
15942.9970738145
15941.5774360644
15941.661096674
15941.6632240506
15941.7248368598
15942.0227971187
15942.4558563889
15942.9970737968
15942.9970738512
15943.4097389715
15942.1955344809
15942.1961051936
15943.1207628955
15942.2957991921
15941.4864865569
15941.6529216638
15941.9850694162
15943.1051727739
15942.1600410926
15942.3247403761
15942.0789434476
15942.9970738168
15941.9990353578
15942.1092261607
15943.0766342092
15943.3422943027
15942.0533917833
15941.9839507481
15943.2512607079
15941.6201323293
15941.9240929213
15943.0112057503
15942.0476977531
15941.9756814729
15941.5381254212
15942.9970738168
15942.9970738151
15941.623038952
15941.9088888082
15941.4804548967
15942.0049517345
15942.9970738145
15941.9629876317
15942.9970737947
15942.0108712166
15943.3155321339
15941.7952702906
15942.9970738154
15942.9970738158
15942.9970738124
15941.3634020079
15943.155690016
15943.1701060216
15941.6510763534
15941.7871875982
15941.9298091333
15943.0901766754
15942.9970738152
15942.3546325266
15942.1976302406
15942.0293938025
15943.1715261596
15941.8699897424
15942.2657875554
15943.288124928
15943.3399768908
15942.9970738164
15941.821179929
15941.5417700188
15942.9970738157
15943.1255839524
15942.9970738169
15943.2855992405
15941.4639953405
15941.77506985
15943.1423619813
15941.7794367084
15941.5224078667
15941.7061378761
15941.6421318806
15943.3415507793
15941.2654226577
15941.4855947393
15943.271179647
15942.997073815
15941.7268041752
15943.2680852147
15942.0540324017
15942.9970738191
15943.3811043893
15941.5341066786
15941.7559364251
15942.2409520471
15942.0191633442
15942.997073816
15941.8481594507
15941.6141813694
15942.997073795
15941.7251533689
15943.1344410288
15942.0994526856
15942.0366949889
15942.0138787195
15941.756002596
15941.6469578511
15942.9970738117
15942.9970738193
15943.3864608001
15942.3410667585
15941.9786369387
15942.997073811
15941.8427552753
15942.2147839833
15941.6192896934
15941.9396507075
15942.9970738155
15942.0097668043
15943.1428098993
15941.9345644047
15941.893872135
15942.1164470441
15941.6399242004
15942.9970738017
15941.9639816697
15943.2272374144
15942.9970738204
15942.3507375094
15942.0267051215
15942.9970738153
15941.762513908
15942.997073818
15942.0924525975
15942.070499284
15942.9970738214
15942.1630961695
15942.2016463571
15942.9960810088
15943.254224775
15942.119343839
15942.0227442458
15943.2082707941
15941.442869786
15941.9711273893
15943.1657984709
15941.9117338551
15942.997073824
15941.8198072562
15943.1791956134
15941.9942859356
15942.9970738175
15943.1385217809
15942.2724936219
15942.1141472456
15941.8165932143
15943.2181281238
15941.888242794
15943.345674437
15941.7852323623
15942.2982399716
15943.5158268388
15942.2283165814
15941.7271046406
15942.1179539443
15942.9970738102
15942.9970738151
15943.4086848576
15942.1359018768
15941.888478659
15941.502393251
15942.0372459629
15942.1170804027
15942.2667215432
15942.9970738169
15941.740550533
15941.6314366077
15941.8448653512
15941.9973808891
15942.1852800916
15941.3859955422
15941.5254093076
15943.1368180963
15942.0919166904
15942.2604534584
15942.2722675436
15941.2973831307
15942.1727004624
15942.9970738137
15942.9970738141
15942.9970738122
15941.7157460608
15942.1298302956
15942.9970738175
15942.0933571828
15942.9970738154
15942.0492177061
15942.9970738132
15941.3775762541
15941.4383521252
15941.8845288767
15941.3569030162
15943.5470645005
15943.3247570711
15942.2896682893
15942.9970738104
15941.6531148034
15943.1424720339
15942.1795538288
15942.1285158843
15942.0711726176
15941.4011637817
15941.7452516499
15942.9970738176
15942.3187179295
15942.2636051512
15942.9970738164
15942.9970738195
15941.410747337
15943.1601817742
15941.6354074206
15943.2805357072
15941.8963027188
15941.3414501212
15941.9395075297
15942.9970738207
15942.3494524092
15943.330812491
15942.9970738133
15942.9970738155
15942.1047688923
15942.0640390426
15941.7255874244
15940.8907396659
15942.0954256243
15941.8103957068
15942.9970738337
15941.287842535
15941.5013825805
15942.1026717182
15942.1307134325
15942.1665741569
15941.7273300478
15941.228082725
15943.2413956297
15943.358640637
15943.2107560234
15943.2339817958
15942.2731804369
15943.2143941869
15942.0421231532
15943.2513676934
15941.9741166298
15943.4024160989
15941.910476129
15943.4003798348
15942.0637917234
15941.995410982
15942.9970738167
15941.6768528331
15941.9393432783
15941.9880863276
15941.8064045769
15941.8307276198
15943.2967402675
15942.9970738151
15942.9970738247
15941.7270019098
15941.7506110145
15941.7511669123
15941.748716348
15942.9970738171
15942.9970738191
15942.9970738107
15941.5494199921
15942.0373922578
15942.9970738157
15941.4906476783
15942.0870052287
15942.9970738147
15941.8030371283
15942.2165128906
15942.9970738176
15943.1565943788
15941.9780391695
15941.9998089681
15941.6372823141
15941.7258955681
15942.2020098556
15942.9970738175
15943.1132929648
15942.1228344988
15942.1481777907
15942.9970738133
15942.1871256352
15942.9970738146
15941.9739674848
15942.0595466335
15941.8329620018
15941.4676266563
15942.0097900217
15942.966196402
15941.9828272051
15941.7849595633
15941.5906931111
15942.9680253449
15943.4328611098
15942.1242885151
15942.2024293586
15942.9970738211
15941.8706508586
15942.99707381
15942.9970737606
15942.0657405876
15941.9931051844
15942.2457312119
15941.930994571
15941.7639150585
15942.9970738206
15942.0561669664
15942.9970738118
15941.6294529809
15942.2267311457
15942.9970738128
15941.8241831649
15942.9970737726
15941.5984352633
15941.6965049323
15941.4054875478
15942.997073819
15942.178601289
15941.5210088784
15941.4258207143
15942.0268605236
15942.108276051
15942.2034900771
15942.9970738177
15943.2305143091
15942.177308576
15942.1473534428
15942.9970738151
15942.2104870772
15942.9970738209
15942.2348979163
15941.6350024389
15941.7886157148
15941.5533766015
15942.392453162
15943.2706147214
15942.997073693
15942.0460370803
15942.9970738157
15943.1682406196
15942.9970738174
15943.2519135347
15941.8001086822
15942.4158576396
15943.3734281487
15942.9970738181
15942.997073814
15941.6464432176
15941.5278123044
15942.1337842171
15942.9970738111
15941.5759250176
