# type 5 occupying volumes
15947.4392723766
15945.8073206344
15945.8073206349
15945.807320636
15947.161956693
15945.8073206292
15945.8073206314
15947.1467729827
15946.169172261
15945.7540471043
15947.1982139414
15947.0057859157
15946.0462769381
15945.9172379233
15945.8073206295
15945.8073206377
15946.5256554523
15946.0155630728
15946.9842934727
15945.807320631
15947.1444678658
15946.2512464339
15946.8336867916
15945.7480365824
15946.6413448078
15947.0863649762
15946.9207852894
15946.8739474029
15946.124521148
15945.8073206378
15947.7558861202
15946.17604858
15947.6364154809
15946.2759217126
15946.1732242921
15945.8073206333
15946.1949271721
15946.1737098738
15945.8073206323
15946.1257971412
15946.1443850449
15945.8073206337
15946.1070664808
15945.8073206355
15947.794987136
15946.2122739634
15947.3320826583
15947.0658064231
15946.1195307436
15946.4724293771
15947.1143453902
15946.1043072997
15945.8073206326
15945.8073206361
15947.3353551203
15946.0830130311
15946.1127357738
15946.1120493619
15946.4204017647
15947.3110254343
15945.9286974898
15947.7629024741
15946.0667873041
15945.8073206353
15946.7368726054
15946.4446692888
15947.285976115
15946.1662363202
15946.0224361018
15947.429540344
15946.515676641
15947.6256117419
15946.1804598792
15946.138424643
15946.3319573458
15946.1230029595
15946.4127109185
15946.4194541857
15945.807320634
15945.8073206352
15945.8073206387
15947.2219246472
15945.8073206329
15945.8073206311
15946.409492147
15946.2168695447
15947.7173731388
15945.8073206303
15946.9180218846
15947.1556464132
15947.1285496225
15945.8073206363
15945.8073206333
15947.7528767521
15945.8073206307
15947.2653413965
15946.20288897
15946.3071963047
15947.5573042097
15946.4887243495
15946.1968502245
15946.249581963
15947.3192380105
15946.1703109827
15947.4904599065
15947.1671659583
15947.2405119347
15947.0904871312
15947.1534316907
15947.1629354819
15946.2085289687
15947.2156122595
15946.3562710351
15946.2680144211
15947.5481509348
15946.2864844449
15947.5917900802
15946.09030139
15945.8073206286
15946.0755857853
15947.2655692289
15945.8073206338
15946.4410051341
15947.6483385998
15946.1654666337
15945.8073206316
15945.8073206298
15946.1475030321
15945.8073206401
15947.1129913998
15945.8073206406
15947.1471690992
15945.807320636
15945.8073206312
15946.2516080247
15947.225617284
15946.3436740028
15946.3387949039
15946.162336163
15947.5433971225
15947.0474845278
15946.2364693083
15947.533438168
15946.2562536059
15946.2227407546
15946.1988983145
15947.2107334775
15947.4313774911
15945.8073206367
15947.3886503888
15947.1088561839
15945.8073206313
15946.2026459091
15946.462229995
15946.2220238057
15947.6404364863
15947.0583145629
15947.1105590135
15946.3358220918
15946.1246843144
15946.2137714937
15945.8073206374
15947.6101647543
15946.9995187826
15945.8073206733
15947.5263510227
15946.1098073977
15945.8073206349
15946.0543162819
15946.1888435184
15946.181111768
15946.3129130444
15947.4345472447
15946.0436182394
15946.3410975887
15947.221001392
15945.8073206317
15946.9319046254
15946.118065893
15946.0619955126
15947.0190415737
15946.8841252357
15945.8073206357
15946.371671675
15947.5343490943
15947.7933510278
15947.024035195
15945.9905966317
15945.9490746927
15945.8073206318
15946.8135604321
15945.8073206349
15945.5617201905
15946.7034158524
15945.9883898023
15947.0997558631
15945.8073206304
15947.3734361864
15946.490132354
15945.8073206384
15946.3481966138
15945.8073206335
15946.1337200493
15947.3649780833
15945.9814123431
15946.6825547212
15946.7119716202
15945.9036053727
15945.9828788274
15946.0292915954
15946.1781827633
15946.0411338512
15946.2759056297
15947.4925007264
15946.1092988564
15947.0109297645
15947.2601115769
15946.0915433279
15945.9102488999
15947.4095183909
15945.8073206303
15947.4125953315
15945.807320634
15947.338652656
15946.121741802
15945.9369441117
15945.6215911625
15946.2236189557
15947.096693549
15945.8073206377
15947.4291013539
15946.6655255341
15946.1228936656
15946.2671731824
15947.2406641685
15945.9718097216
15946.8313037516
15947.0906861623
15947.0241397273
15947.0227184833
15945.8073206414
15947.0680106465
15947.3049325076
15945.8073206332
15946.2583753184
15947.2103329253
15946.1575564144
15945.807320657
15947.7133704071
15946.6436846096
15946.2261793279
15946.224274447
15946.4032336857
15946.0995334818
15947.0836120587
15947.19739698
15947.2594605197
15947.6334807546
15946.3445848799
15947.4506543383
15947.0931067864
15946.8572265431
15945.8073206376
15945.8073206283
15947.3854862245
15946.315695782
15946.2362945732
15947.0072124684
15947.6158270735
15947.2869641404
15946.1834631633
15947.216406761
15946.353627259
15947.632865881
15945.8073206379
15946.0539393409
15946.1289372237
15946.4140362668
15946.1256715437
15945.807320628
15946.1998803227
15945.8073206346
15947.9799959045
15945.807320634
15946.121851867
15946.3181213807
15946.2826292338
15945.80732053
15947.1245291184
15946.3961342504
15946.2223803285
15947.9816904531
15946.0946012013
15946.3731841122
15947.0833586933
15946.2297258592
15947.0093528596
15947.4148874355
15945.8073206368
15945.8073206389
15947.6846228371
15946.0658264938
15945.8073206315
15947.4985142465
15946.1536360799
15946.2573772231
15946.4609986249
15946.4437192845
15947.4511147865
15947.0177013776
15945.8073206322
15946.4335672405
15946.3612967677
15947.5175869255
15947.163557493
15946.0861788402
15946.5498324963
15946.2152545384
15946.3508814443
15946.1500387388
15947.4151669757
15947.4009138
15946.2353914036
15947.1578555425
15946.2108782539
15946.4041065547
15946.1503046663
15946.6451175688
15947.1777100849
15947.3778456991
15945.948468955
15946.7726448706
15947.169469949
15947.2745589847
15946.1412488388
15945.8073206868
15945.8073206357
15946.2478935222
15945.8073206387
15946.09238709
15946.1047995987
15946.1199243532
15945.8073206292
15947.7363789794
15945.9817041521
15945.8073206431
15945.8073206456
15947.1774258427
15947.15179951
15946.2480992486
15946.2041228684
15946.1645441896
15946.1541837752
15946.5366407194
15947.3617577543
15945.8073206315
15947.3722961182
15947.0786836778
15946.3048334345
15946.137697298
15947.0581761702
15945.8073206268
15947.6610535698
15947.4175908572
15945.8073206412
15945.8073206329
15947.3807438863
15946.1266201709
15947.2508686082
15946.0995738398
15946.1616217621
15946.060607757
15945.8073206377
15946.2233598648
15946.2262650887
15946.966470491
15945.8073206333
15947.0117865999
15945.8073206361
15945.8073206301
15947.7477100249
15947.5132759738
15946.3715889466
15947.1608964037
15946.1297079206
15947.5125294441
15946.0678866468
15946.9853398829
15946.8840015657
15945.8772610246
15946.8399203253
15945.8000538379
15946.1953272367
15947.203249354
15946.3191080058
15946.0498896249
15947.1958164219
15946.0131874617
15947.001361764
15947.0536131748
15945.8073206352
15947.7042217061
15945.807320633
15945.8073206248
15946.1258068041
15945.9823401976
15945.807320633
15946.1906488367
15947.702873432
15946.2910952446
15945.8073206315
15946.1277835703
15946.123067231
15947.4165619303
15947.2232572218
15946.9539619977
15946.2920289025
15946.9225932626
15945.8910993846
15946.043849073
15947.3303642394
15947.120771748
15946.3163867825
15947.2467394712
15946.9877462408
15946.1947808601
15946.1320080726
15947.3177279149
15946.3629539142
15945.9739074161
15946.2786195282
15947.3617525498
15945.8073206331
15947.4307251963
15946.2090491344
15947.1657011278
15945.8966807282
15947.4774695895
15946.3770165061
15947.3008465676
15947.1352787848
15945.8073206275
15946.2797937132
15945.8073206372
15947.2163741934
15946.2385119874
15947.3718254866
15946.2068669109
15947.2305250643
15945.8073206376
15946.0732785006
15947.3916100485
15947.2100730969
15946.221050944
15946.6042739342
15947.6664835842
15945.8073206363
15947.7159782482
15946.3656070847
15945.807320634
15946.1104109641
15945.807320634
15947.3808040349
15946.2849211309
15947.5744412536
15945.8073206329
15946.2735491231
15947.6996945517
15946.0252830081
15947.0683461921
15947.6220396754
15946.2888420765
15947.0703746879
15945.8073206369
15947.1749560232
15947.12605037
15947.1316103159
15947.5886121077
15945.8073206341
15945.8073206307
15946.1827282909
15947.8486847335
15945.8073206292
15947.352392873
15945.8073206343
15946.9012740791
15946.2712883089
15946.980336813
15945.9698696546
15947.5308444576
15947.057567087
15947.1170440647
15947.0985939613
15947.1372689429
15945.8073206336
15947.0455889768
15946.1820184448
15945.8073206355
15947.3858445949
15947.2778611973
15946.0703569766
15947.0161753627
15947.1437231601
15947.1159303712
15947.4506837408
15947.2063755229
15946.2346858724
15945.8073206394
15946.9874472559
15945.8073206352
15947.4391451848
15946.2236231344
15947.055333794
15946.0421708648
15947.4531525708
15946.9823540877
15945.8073206344
15946.1530754787
15946.0967071887
15946.2293719685
15947.5015830894
15947.6391180862
15945.8073206317
15946.0737865956
15946.1279939335
15946.1371604004
15946.2333127998
15945.807320633
15946.0364708884
15946.0998251477
15946.3459991846
15946.2346950872
15945.8073206361
15947.272449686
15947.5586665353
15947.6094059674
15945.8073206377
15947.5031114827
15946.5927314679
15947.3098279307
15947.2246762176
15945.9941696153
15947.2408380699
15947.1589520963
15946.8495659232
15946.1610763688
15946.433703272
15947.1959983898
15947.7607829773
15946.2405040738
15946.2806312473
15945.8073206399
15947.2480503632
15945.8073206369
15946.9074124051
15947.048308745
15946.9696394439
15945.9834660153
15947.0685905526
15946.1107171343
15946.3508599695
15946.2968496577
15947.2202410313
15947.5667000945
15945.8073206362
15946.2075353643
15946.8212633027
15946.4640641441
15946.2269300768
15946.2038667785
15946.125257745
15946.4338625204
15946.2946482595
15947.1967959122
15946.1770440507
15947.1917905935
15946.1321553556
15947.1137306059
15947.0069688535
15946.0821322799
15947.2446227478
15947.1621358391
15946.1623902486
15946.2173495497
15946.2068564198
15947.2741083148
15945.999133775
15946.2517821461
15947.2348263612
15947.3845934666
15947.1004565291
15945.8073206388
15945.9540343055
15946.8388700365
15947.0083786541
15946.0059270812
15947.1100037631
15946.1523217081
15945.9967496397
15946.9623499887
15946.1497482327
15946.1379742598
15946.3139149104
15945.8073206426
15947.0217415829
15946.1686454955
15945.8073206359
15947.1599545473
15946.9175577227
15947.3735543783
15946.0779102711
15947.5968385066
15946.173669186
15945.8073206298
15947.261193888
15945.8073206553
15946.6243658544
15945.8073206372
15945.8073206324
15946.2552374641
15945.8073206399
15946.2729211114
15947.1375747513
15946.2002264722
15946.2091218145
15947.7353270164
15946.3059488278
15946.0195648371
15947.4697473373
15946.0565309032
15945.8073206304
15945.8073206409
15945.8073206335
15946.1464685845
15947.5931885292
15946.2857705867
15946.2276357295
15946.1877356164
15946.3244044914
15945.8073206398
15946.4832072152
15947.2924146564
15945.8073206222
15946.394104661
15947.1475552643
15947.1264734964
15946.2825912124
15945.807320628
15945.807320626
15945.8073206332
15947.7157375358
15946.2768476139
15945.8073206366
15946.2382029872
15947.4232001044
15946.2548002518
15946.261290727
15946.296736314
15947.235005441
15946.3651385167
15947.3310042208
15946.9433872291
15947.4778004735
15947.1709435207
15946.4324150018
15946.256166018
15947.6470281677
15945.807320669
15946.0652496493
15945.8073206362
15946.7757051072
15946.1082005384
15946.1470901693
15947.3718851285
15946.3092887219
15947.2963317639
15946.2600550358
15946.1734821291
15947.551448998
15945.8073206337
15947.3550427111
15946.2358140225
15945.8073206371
15946.2647478006
15947.4196295752
15946.1440000872
15947.0718359013
15946.1456837709
15947.1080912259
15947.2740663848
15946.2383604173
15945.8073206261
15947.722045415
15946.1657928984
15947.4873200864
15945.8073206326
15946.3599568165
15947.2782083017
15947.4623332858
15946.0447934855
15945.8073206305
15946.0430389875
15947.2947616476
15947.3719513446
15945.8073206334
15946.8679818253
15946.1879300559
15946.200217334
15946.4803496136
15947.1113258884
15947.9210388372
15945.8073206345
15945.8073207463
15945.8073206409
15946.2401771008
15947.412803997
15947.1393885868
15947.1355449824
15946.8935629759
15947.2348043502
15945.826262903
15946.0939950511
15946.937979665
15946.6573502203
15947.0042741917
15946.2728305024
15945.8073206402
15946.1950878218
15947.2981846563
15946.2514271852
15945.8073206328
15947.5066973991
15946.1646336829
15946.2258280525
15947.2332183427
15946.3417028822
15947.2899311093
15946.1246997088
15945.8073206333
15946.1319180455
15947.3124019864
15945.8073206332
15946.0899091479
15945.807320775
15946.1809153647
15946.8720439272
15946.9090172227
15947.3548183026
15946.0820588982
15945.7850756767
15945.9797562741
15945.9345732273
15947.1605471691
15947.3949133271
15947.3886234969
15945.7080454225
15947.4209462855
15947.4662448497
15945.8073206385
15945.8073206184
15947.4627442005
15947.2422840773
15946.0675406233
15946.0885389818
15946.9958447104
15945.8073206396
15947.0918139498
15947.3654098929
15945.807320633
15947.1573043011
15946.3170233179
15947.346217719
15946.9332852663
15947.1639068646
15946.8328699593
15947.1637584009
15945.8073206373
15946.9817707326
15946.9665904526
15946.2791668409
15945.8073206387
15947.2032187485
15947.156492675
15946.2214214382
15947.1971003471
15946.1031149656
15947.1091194837
15945.8073206306
15947.0199472391
15946.1756483489
15946.0191822413
15947.0891374927
15946.7470482483
15945.7939094744
15946.9533414814
15946.9263038126
15946.2288954138
15946.9646973396
15945.8073207532
15947.2345893242
15947.2987905086
15946.1738427198
15946.1477377707
15945.8073206331
15947.4076949961
15946.1121634594
15947.764291407
15945.8073206366
15947.0800015167
15946.3517073645
15946.4546032743
15946.2579320327
15945.8773211732
15946.0357513074
15947.303379272
15947.1422720971
15945.8073206256
15946.7900647646
15946.1758901958
15945.8073206323
15946.1664413327
15946.0557180033
15947.0653425054
15947.1605261758
15947.6156520135
15946.1618105212
15945.80732064
15946.3697751447
15947.8530441776
15945.8073206316
15946.1041288919
15946.4354407118
15945.8073206322
15946.0788425391
15945.8073206361
15946.2923944546
15947.5321864489
15947.7742132431
15946.0173453596
15945.8073206396
15945.8073206298
15945.8073206262
15946.0851728964
15946.2761442021
15947.5258577382
15946.2058034395
15947.2964764986
15945.8073206435
15946.338507957
15946.8147719489
15946.3976295341
15947.128193596
15945.8073206275
15945.8073206374
15947.0497659854
15945.8073206382
15947.6671725759
15946.309956213
15946.919814029
15945.9294045566
15946.2759869515
15947.2356540402
15945.807320633
15945.8073206356
15947.2816022416
15947.2291552511
15946.1164773176
15946.2190368133
15946.082948171
15946.8782063932
15946.2066470372
15947.3163281328
15946.9197235032
15946.7498301375
15947.2752670671
15946.3070475635
15946.2220327677
15946.015940429
15947.3210806582
15947.363969157
15946.8955120086
15947.428926733
15946.4623419228
15946.1833173446
15947.5463305528
15946.2240674615
15945.8073206339
15945.8073206288
15945.8073206377
15946.2576587581
15945.8073206302
15945.8073206336
15947.7795770727
15947.4953217356
15947.3576549457
15945.8073206351
15946.1160191706
15946.2037556941
15947.3257971181
15947.5257579876
15946.1356090638
15946.9240211104
15947.7054741529
15947.2891509296
15947.2707320992
15947.1397825524
15946.2274220184
15947.4673974138
15946.2565582143
15946.2279287736
15947.4392768912
15946.4047522719
15946.0480724602
15946.3907861313
15946.5573333615
15947.8881569303
15946.1377498283
15945.8073206314
15946.1917808818
15947.3725060367
15946.9200710233
15946.0659340822
15946.220065097
15946.0816243282
15945.807320633
15946.4747004851
15946.3671696605
15947.3811207741
15946.2707431978
15945.8073206405
15947.3595061513
15947.2267601653
15946.0581407928
15946.784289658
15945.807320638
15946.2232341562
15945.8073206356
15945.9626252137
15946.1597479301
15946.2534320155
15946.3698351967
15947.2450271561
15946.9476547877
15945.8073206389
15946.4959640029
15945.807320637
15946.2677308196
15947.1630555035
15946.0874971906
15947.309745074
15945.8073206364
15945.8073206334
15945.8073206291
15947.0614283856
15945.8073206302
15947.4896056333
15947.0704674618
15946.0270340336
15947.2874754857
15945.807320637
15946.1846347838
15945.807320639
15947.8426726762
15946.2987029962
15947.2569093818
15946.2376888812
15945.8073206342
15947.406216712
15947.0803314717
15945.8073206363
15946.0959092956
15947.5273464383
15947.3666371669
15946.138690274
15947.1547446913
15947.2604373595
15947.4523583834
15947.475772612
15946.934588454
15945.8073206368
15947.3721130555
15945.8073206334
15947.012939598
15947.3001530382
15947.4492266511
15945.8073206379
15947.0037135118
15946.0730227621
15945.9678043095
15946.1050121165
15946.1401657778
15946.0657295384
15946.3019101052
15945.8073206363
15945.8073206373
15946.769997184
15945.8073206417
15947.5125166013
15947.1085029771
15947.3160548506
15946.2688920654
15947.083516911
15947.381124209
15946.3733883985
15946.270430896
15947.4807437283
15947.5443704384
15946.1460255842
15947.2200305928
15947.2394014837
15945.8073206316
15947.2020368979
15946.2913524629
15946.3721854268
15946.0576816313
15946.185830122
15947.4872790396
15947.2119667676
15947.354293785
15946.4212713903
15945.9902340399
15945.8073206365
15946.4417075381
15946.2551244857
15946.3809445929
15946.1252983178
15947.4553304227
15946.252621281
15946.1416102197
15946.3538525307
15947.3424800958
15946.2610789565
15946.0922419205
15946.9270451517
15947.598505545
15946.1904192897
15946.0885707606
15947.6214120994
15945.8073206387
15945.8073206497
15946.2675661884
15946.1575839166
15946.3566371308
15945.8073206351
15946.711288179
15946.9314503032
15945.8073206365
15946.1304269161
15945.8073206357
15946.3035807711
15947.4414678669
15946.2484505881
15947.1284068439
15946.0335500612
15947.7061830335
15945.8073206378
15947.3894890889
15947.1044448539
15947.146438075
15945.8073206308
15947.0991524412
15947.1264667383
15946.1571019961
15946.1120346376
15945.8073206362
15947.0301415008
15947.2567024773
15946.0781291917
15946.0968705346
15946.1566298729
15947.2061464824
15945.8073206278
15945.8073206307
15947.2999499941
15947.6893397036
15946.9337833865
15945.807320633
15945.8073206334
15947.1391830543
15947.5019023948
15947.0146867238
15947.3588446439
15945.8073206623
15945.8073206364
15945.8073206372
15947.444264498
15945.8073206367
15946.3343925047
15945.8073206285
15947.4330566082
15945.8073206309
15945.807320631
15947.1283460419
15947.2788847572
15945.8073206396
15947.2667324006
15946.1672208683
15946.8732975263
15947.3918356106
15945.8073206288
15945.8073206381
15946.1036429732
15947.5425737332
15947.5019638758
15946.1822715416
15945.8073206326
15947.2402344903
15945.8073206252
15947.386391199
15946.091251283
15946.2812255215
15946.1574341346
15945.8073206375
15945.8073206381
15947.3192736212
15947.1006931867
15948.1584105221
15945.807320634
15945.8073206366
15947.4195781285
15945.8073206296
15947.5758651454
15945.8073206309
15946.1103059309
15946.9469749895
15945.8073206364
15947.2710369897
15946.4023827224
15945.8073206303
15946.2189724143
15945.9472217816
15947.3545541945
15946.3520545487
15947.4500786222
15946.2542528223
15946.1423206822
15946.1524980779
15947.1983770526
15945.8073207065
15946.8718569576
15946.2187323442
15946.2469689407
15947.1023472578
15946.2310624885
15945.9447957744
15947.1454205671
15947.442092229
15946.1871279736
15946.1639958552
15947.5171450881
15945.8073206375
15946.1664918535
15946.15745553
15946.0713707149
15947.2781433015
15946.1013580987
15947.5962242597
15946.2312998267
15946.838060871
15947.291960873
15946.274739654
15946.1728129365
15946.0903077725
15945.9205586703
15946.1941248946
15947.8306205823
15947.2610472648
15946.1030996037
15947.3448381513
15947.0544463338
15945.8073206321
15946.0046963549
15947.2901860509
15946.9885593299
15947.561432732
15946.3518401818
15946.1160932019
15945.8073206329
15946.1414584808
15946.3079280887
15946.2508455744
15947.0663389337
15947.2565459397
15945.8073206366
15946.1079855063
15946.1430927592
15946.3427960649
15945.807320634
15945.807320636
15947.2809935084
15947.1700746397
15946.3101922311
15946.2285426246
15945.807320638
15946.3822333716
15947.1489852296
15946.8843734821
15947.3746056486
15945.8073206391
15946.6103661541
15946.8085793265
15946.2538709499
15947.224782787
15946.1191130691
15947.3750739628
15946.329653583
15945.8073206324
15947.0034902371
15945.8073206374
15948.0770840856
15947.4038827072
15946.1021937151
15947.1491995296
15945.8073206101
15947.0550187441
15946.2563551999
15946.28760892
15946.2055870974
15946.0636693239
15946.1714897798
15947.0990203987
15946.324221866
15946.3933336617
15945.8073206345
15947.3778241381
15945.8073205887
15947.3480511753
15945.8073206391
15947.6138195424
15945.930226836
15946.4030231269
15946.1428748273
15946.2581007464
15945.9725723118
15947.5004091533
15947.1713934966
15947.5820041683
15946.0405987578
15946.1856281989
15946.1940985227
15945.8073206364
15946.1636896179
15946.1816511473
15947.4207113219
15945.8073208588
15945.8073206367
15946.2143338831
15946.1615526035
15945.807320637
15946.2346475489
15947.5169951394
15947.5863289161
15947.618592041
15946.9280923363
15947.1278611
15946.1929230552
15947.1694322823
15946.2648825995
15945.8073206361
15946.080259995
15947.2127217843
15947.6039010477
15947.1122702158
15946.0563368904
15946.5000327982
15947.0414351049
15946.2266862855
15947.2130313019
15946.0884540685
15946.2968492861
15945.8073207107
15947.5895773792
15947.0895365438
15947.3210707928
15945.8073206328
15946.1599874389
15947.6294220608
15945.807320631
15947.2474920046
15947.2663287518
15947.0340417271
15945.8073206354
15946.2042164766
15947.2707719179
15945.8073206404
15946.340087251
15947.5151905754
15945.8073206409
15946.2343057219
15947.0167661958
15947.39860791
15945.8073206042
15946.2289280027
15945.8073206411
15946.0369764433
15946.1954527229
15947.4573503522
15945.8073206899
15946.1651970864
15946.2428915996
15947.2789405998
15946.3452072155
15947.0107179875
15946.3864996929
15946.2289439439
15946.3881035658
15945.8073210463
15946.6129697011
15947.5244693459
15946.3932351688
15945.8073206261
15945.8073206336
15946.2180645487
15946.2259527802
15946.1813388706
15946.4366591589
15947.2614222883
15946.1200787404
15947.0812022394
15947.1510350031
15946.2280422115
15946.2934319602
15946.1876932386
15945.8073206358
15945.8073206323
15947.0979312261
15945.8073206371
15947.2426838008
15946.0486865546
15946.0838963536
15947.5215547027
15947.3069637242
15946.3741488542
15945.8073206337
15945.999511466
15945.807320631
15947.2562676071
15947.543450219
15945.8073206356
15945.8073206905
15945.8073205703
15946.3402143809
15946.0349448174
15947.3018744933
15946.1023703825
15946.1421675188
15946.0742906529
15947.2714442931
15946.1543843454
15947.1872433128
15946.3156806219
15945.8073206383
15945.8073206337
15945.8073206357
15946.2630206864
15947.3193327748
15947.2798778832
15945.8073206319
15945.8073206368
15947.5507776413
15945.9190971117
15947.6527983631
15945.8073206351
15945.807320638
15947.4048646282
15947.1891056802
15947.483335131
15945.8073206286
15945.8073206315
15946.2466068839
15947.5850428497
15945.8073206361
