# type 3 occupying volumes
15947.9466870399
15946.6014437703
15946.5368081325
15946.488801592
15947.7711365162
15946.3323216745
15946.310238147
15947.5822544429
15946.7773249947
15946.2982909629
15947.8735210316
15947.5917328382
15946.911954234
15946.7078732058
15946.5488909715
15946.4982937678
15947.0791897794
15946.7773249971
15947.7154343557
15946.3227178357
15947.6204835254
15946.7773249996
15947.345701839
15946.3148672141
15947.2710789874
15947.6460237669
15947.4762216588
15947.6002028067
15946.7773249912
15946.4532618383
15946.3984600251
15946.7773249991
15948.5173692053
15946.6229393112
15946.976253971
15946.4319673787
15946.7773249943
15946.8892267996
15946.3667071849
15946.7773250057
15946.8381239508
15946.5014038501
15946.7773249887
15946.4836567678
15948.1694187689
15946.2003583425
15947.8369329505
15947.9173011421
15946.7773250065
15946.7773249948
15947.6994208711
15946.6340366767
15946.4758395292
15946.4384222466
15948.0071396337
15946.7773249977
15946.777325001
15946.7773249844
15947.0003257952
15947.9952775845
15946.7773249898
15948.6845729097
15946.3913220731
15946.4682595754
15947.451686644
15947.1197999446
15947.7846569098
15946.7764567396
15946.777324989
15947.8906282605
15946.88462783
15948.0810630473
15946.7773249969
15946.7773250038
15946.7773249164
15946.7773250003
15947.0496833551
15946.9746178142
15946.4671694262
15946.5285300149
15946.4316792245
15947.8627627686
15946.5711490996
15946.3515991573
15946.9663585339
15946.7773249974
15948.5054731139
15946.4110103943
15947.7472037488
15947.5321078063
15947.5948883549
15946.3636918701
15946.2918036517
15948.5495983933
15946.1540367368
15947.9224718062
15946.7773250843
15946.7773249919
15948.2159128523
15947.107575723
15946.7773249949
15946.8097930153
15947.6892328414
15946.6272631315
15947.8922521839
15947.7871434314
15947.8148596311
15947.8056856059
15947.6729310556
15947.8748613394
15946.7773249961
15947.8994620334
15946.9869628548
15946.9336536211
15948.0164450504
15946.9500846363
15948.2735286214
15946.7773249994
15946.3627636028
15946.7773249988
15947.8716773035
15946.3818457036
15946.9677366719
15948.1881040805
15947.8742304036
15946.4262164853
15946.3606116669
15946.7773249986
15946.4586732238
15947.8761132595
15946.2512526861
15947.7979210185
15946.4332808962
15946.3891908485
15946.7174398992
15947.6685514908
15947.060847968
15946.8402787809
15946.8161964311
15947.9215632651
15947.7088961944
15946.8795219739
15946.7773249796
15946.777324993
15947.820805833
15946.7773250034
15948.0855184698
15948.0873918425
15946.4246625154
15948.0301245635
15947.7703378258
15946.2327867086
15946.7773250359
15947.2508779563
15946.777324901
15948.3316789933
15947.6228398383
15947.7849040241
15946.7943937582
15946.6596460324
15946.7773249914
15946.5002738438
15948.4227769036
15947.6330246362
15946.348932836
15948.1979893811
15946.9666460187
15946.5599611115
15946.7773248101
15946.7773249941
15946.604301832
15946.874673915
15948.0346992444
15946.5892971167
15947.0404594703
15947.8692876761
15946.3889752332
15947.6587179605
15946.7773249943
15946.7707133569
15947.7254623077
15947.442211407
15946.6992733777
15946.9718986617
15948.1247094138
15948.3639241865
15947.6700381464
15946.7695472992
15946.5938294877
15946.4245466938
15947.3583609979
15946.3857866042
15946.2658608396
15947.5338111189
15946.6994095515
15947.6498824785
15946.2964549701
15946.7773250038
15947.1523978355
15947.8322823371
15946.7773250719
15946.4322554839
15946.7773251447
15948.3676721088
15946.63864315
15947.4412306117
15947.9836786573
15946.8947752638
15947.7177335489
15946.4267211399
15946.7773249978
15946.7773250046
15946.7773249933
15948.073092716
15946.777324987
15947.8849346313
15947.9469676647
15946.7773249968
15946.7773249947
15948.2522830943
15946.7773249978
15948.0147428188
15946.2593529399
15948.001881081
15946.7773250047
15946.7987478423
15946.621677595
15948.3843517929
15947.6962038588
15946.4333279458
15947.8826261967
15947.223254944
15946.7773250024
15946.7773249917
15948.0432344051
15946.6708390541
15947.5246895006
15947.8875136174
15946.7773250055
15946.4263651369
15946.3603158352
15947.9059817901
15947.8829420043
15946.3016467445
15946.8594249636
15947.8106705839
15946.7983161873
15946.6147988986
15948.1774330094
15946.5231765497
15946.7773250038
15946.777325006
15947.1820139106
15946.6931792258
15947.848398739
15947.9191196244
15947.949548157
15948.2729895891
15946.8847691349
15947.9576151085
15947.6431810534
15947.7524835761
15946.3782803333
15948.1239201239
15947.8230572794
15946.7768015111
15946.8194720427
15947.6253572651
15948.3914187568
15947.68623615
15946.8653879812
15947.6492978129
15946.8804517454
15946.7773249972
15946.27841215
15946.7773250024
15947.6131408008
15946.7773251669
15946.5467563132
15946.3879781889
15946.8683523496
15946.5716780645
15946.7773250287
15946.3695766029
15946.7773250011
15946.777324992
15946.4937965629
15946.3524052081
15947.8710836706
15947.1030538274
15946.7773250017
15948.3167085754
15946.777324953
15946.7773249969
15947.6008346915
15946.845149788
15946.7773249942
15948.05496825
15946.3108178643
15946.5362800664
15946.9208364053
15946.7773249946
15946.368084619
15948.6961398128
15946.8962790299
15946.7773249946
15946.777325002
15947.0102255542
15948.0926771054
15947.6147798041
15946.5435939858
15946.9745441514
15946.9610143604
15948.1589530036
15946.4043951717
15946.8305015889
15947.2060101771
15946.8672712789
15946.9179759451
15946.8348968988
15948.2035207812
15947.9099477141
15946.7773249978
15947.6660531622
15947.000752081
15947.1736764617
15947.0672571896
15947.4611739529
15948.0984234173
15948.1739529578
15946.6753903256
15947.4048372311
15947.6409216551
15947.9450400512
15946.7645769356
15946.2659940188
15946.3893510639
15946.7773250067
15946.3747430298
15946.460660479
15946.6760213317
15946.6598813504
15946.2678257352
15948.2455281539
15946.7773250013
15947.6826321883
15946.4752944092
15947.9039217735
15947.5111523713
15946.7773250479
15946.7773250082
15947.8747830249
15946.7773250015
15947.0910649901
15947.6798263485
15946.3406744175
15947.9161366131
15947.7826573053
15946.7931583967
15946.7773249952
15947.5415738532
15946.3272300156
15948.0832367544
15947.9446652477
15946.2346699192
15946.2682212904
15947.8829452384
15946.5365425194
15947.8114076797
15946.7517556843
15946.7773249994
15946.7773249974
15946.5063072569
15946.7773249994
15946.7773250024
15947.4631311477
15946.3101727819
15947.4532310159
15946.5901337604
15946.4961595353
15946.7773250079
15948.2246387193
15946.8651911149
15948.1249467362
15946.7773250026
15948.1408589299
15946.5736577497
15946.5984034998
15947.4104123393
15946.4911968304
15947.4521883243
15946.4641839562
15946.7719204679
15947.7806859027
15946.7773250002
15946.7773255126
15948.0751761829
15946.666328872
15947.5652563522
15947.9855045457
15946.4992486164
15946.9971762841
15946.4146975305
15946.3387130088
15946.7773250001
15946.7773249951
15946.5167729466
15946.777324887
15948.1607392385
15947.8637194627
15946.5595291172
15946.73367048
15946.9622870068
15948.1283901243
15947.8651103676
15947.6062132311
15946.913725927
15947.5030496916
15946.4148676012
15946.5115914486
15947.6661715727
15947.6610853804
15946.7773249961
15947.6766572611
15947.8615483131
15946.777325004
15946.7773250003
15948.3473114393
15947.0208606006
15946.7773250666
15946.7773249907
15947.7164907246
15946.5720368798
15947.9744040943
15946.777324997
15947.8078773859
15946.7773249986
15948.0158629011
15946.7773249946
15947.6763980762
15947.6120797144
15946.2816947002
15946.867759997
15946.7773249969
15947.9536639294
15946.7118778725
15947.8100146814
15946.8388884008
15947.7783699089
15946.2507347988
15946.7773249952
15947.9506771904
15947.7985869735
15946.7773249983
15946.8645795488
15948.2063278198
15946.3158536017
15948.0878141307
15946.7773250026
15946.4940051775
15946.7773249995
15946.2964173416
15947.9860646783
15946.7773250055
15947.9190868131
15946.3639633521
15947.6123754133
15948.2549847374
15946.777324999
15947.8502400953
15948.7069311041
15946.7773249949
15947.715736114
15946.2078696402
15947.7775983731
15947.6167952809
15947.9491621761
15948.4421176853
15946.6190165013
15946.5335319186
15946.7773249996
15948.4962605131
15946.3454693583
15947.8869106532
15946.129095946
15946.7773250025
15946.8338226459
15946.1744317944
15946.6262603351
15948.2590648655
15947.7300026796
15947.7898191145
15947.6673061656
15947.7788884945
15946.3221777277
15946.885892947
15946.7773250016
15946.3605464761
15948.0907978068
15948.0741554953
15946.7828583477
15947.7096304884
15947.6927046324
15947.7309940355
15948.0784880419
15948.0472764915
15946.8898173237
15946.4004768253
15947.7425426499
15946.4122395037
15946.7773250032
15946.7773250693
15947.9088287479
15946.7773250015
15948.0919674421
15947.7389160627
15946.525826118
15946.8834008221
15946.7512074293
15946.7773249972
15948.2515617997
15946.1458011339
15946.3608504943
15946.777324998
15946.7773249949
15946.7773249959
15946.777325002
15946.3671449203
15946.7773249917
15946.7773249824
15946.4197893695
15946.777325005
15946.1908553905
15948.0454047555
15948.216433762
15948.2593841967
15946.4903465665
15948.0345146483
15947.1973366511
15947.724087918
15947.9433784912
15946.3913893125
15947.7167926347
15947.6758054601
15947.2224082696
15946.6171559917
15946.7773249947
15947.8659251798
15948.3043638668
15946.7773250015
15946.7773250001
15946.9426584705
15947.8908699298
15946.7773249973
15947.4561309468
15947.6812595085
15947.5798515668
15946.5103751376
15947.5586875324
15946.5774873726
15946.9312476954
15946.6809517748
15947.6801184925
15948.1711650105
15946.4755001038
15946.7773249973
15947.6243431366
15946.7773249908
15946.7773249966
15946.7773250033
15946.7773250052
15946.7773249926
15946.7988733431
15947.6469680836
15947.0026778528
15947.580516428
15946.7773252454
15948.0000810337
15947.531432331
15946.5451088868
15947.9526190626
15947.6578929614
15946.6353203714
15946.7773249971
15946.8910972522
15946.4558429859
15946.7737084843
15946.8387009097
15947.7220427235
15948.4022928738
15947.5420597678
15946.3545585708
15946.709100362
15947.5081481954
15946.7737797161
15946.7521446308
15947.9982344802
15946.5490615904
15946.7773249975
15947.6399740267
15946.7598083119
15946.7773249992
15946.7918932613
15946.4062615974
15947.6882193175
15946.77732499
15946.499187439
15947.8481384667
15947.664227252
15948.0014218884
15946.777324995
15948.0891971913
15946.7773250017
15946.3788144772
15947.7848437045
15946.462262525
15947.1690297851
15946.4485372441
15946.3043409252
15946.7773249954
15946.4477910172
15946.912307806
15947.9582909855
15946.7773250441
15946.7773249983
15948.0962702538
15946.8867045057
15946.7773249994
15947.9674819728
15946.7773249984
15946.5575207629
15946.3841491566
15946.3284320395
15947.6860753957
15948.1858112174
15946.7773250028
15946.6143944736
15946.7773249953
15948.0603297997
15946.532808521
15947.1287357946
15947.7767374832
15946.3396109744
15947.0902783265
15947.6967489669
15947.8005180145
15946.7773250422
15947.8149283284
15946.2755707853
15946.4162132422
15948.3445225946
15946.7773250001
15946.1747048386
15946.7773250029
15947.7143730089
15946.8042286291
15946.9390117246
15946.7773250045
15947.7745750923
15946.6883340906
15947.8709384674
15947.5922438151
15947.9528647908
15947.6181338273
15946.9512234196
15946.7773249955
15948.032433122
15946.544032602
15946.7773249975
15946.4307217163
15947.3933971454
15946.7773250051
15946.7773249991
15948.1162403166
15946.8659512551
15947.7705680187
15947.1023873451
15946.7773249993
15948.0460794454
15946.3099872006
15947.8962869042
15946.829524338
15946.5633645671
15946.934222867
15948.1599636039
15946.7466074973
15947.8044996434
15946.7785098251
15947.7422026423
15947.8651309949
15946.7773253941
15946.3972951561
15948.0302220172
15948.4072424304
15948.1338833006
15946.3945169609
15946.7773249958
15947.7310091688
15947.8827458735
15946.7773249947
15946.2359299091
15946.7773249452
15947.8192337418
15947.9864855975
15946.7773249972
15947.6596296087
15946.7773250009
15946.777324995
15946.8802982537
15947.847257004
15948.0446865367
15946.4699388314
15946.5787559931
15947.6229456141
15946.9325784993
15946.8924522173
15947.828749164
15947.8285154379
15947.5382384287
15947.7107181569
15946.3927189799
15946.6871793099
15947.6843916196
15947.3022783787
15947.7600198523
15946.777324996
15946.5907793246
15946.7773249892
15947.8335586595
15947.1608934537
15946.3927516318
15947.9604047008
15946.7595213741
15946.9761287751
15947.8516409031
15946.8754635607
15947.9542622934
15946.7773249958
15946.3637568061
15946.7773249997
15948.1696875816
15946.369625821
15946.7773250165
15946.4040418621
15946.7773249924
15947.453722955
15947.889996274
15948.1636244104
15946.7517991101
15946.7836348978
15946.5667142723
15946.5882722664
15947.0428221645
15948.1681186692
15948.0778313847
15946.6572342946
15946.7773249998
15948.0570015293
15946.4083348189
15946.4320690042
15947.8145833958
15947.8487963069
15946.7914782233
15946.7773250008
15947.7915608223
15946.5545366437
15947.7716293455
15948.2393187123
15946.527056933
15947.7984795683
15946.7773249958
15946.4176391437
15947.6160358594
15948.0292102579
15947.7613942449
15948.1100264898
15946.4173772869
15947.4693421984
15947.2995275981
15947.5048831841
15946.5127658489
15947.6266842894
15947.7667728865
15946.7773250009
15947.5987779347
15946.7773249984
15947.8275281486
15946.3921607773
15947.7449739558
15946.7773250402
15946.6574541913
15947.8305377956
15947.2941447443
15946.364883504
15947.5762048619
15947.4713000785
15946.8783147902
15947.5034363967
15946.3529692473
15947.5585745085
15947.6767726623
15946.6897504499
15947.4586717749
15946.9586818049
15947.8117847857
15946.7297453494
15947.8562517317
15946.4351082106
15947.7510855264
15946.9787962779
15946.7300129678
15946.7773249909
15946.526241156
15946.7773249518
15947.7866295866
15947.5564075677
15946.4200584983
15947.3662778928
15946.8948289715
15946.2828713546
15946.7773250014
15946.7773249929
15947.5006997549
15947.5643620035
15948.1028816605
15946.7334677865
15946.4497199683
15947.0584364473
15948.1043003932
15947.723997146
15946.777324993
15947.0389678836
15946.400994741
15946.6712435129
15948.1657282555
15946.6546650855
15948.0853648862
15948.187232058
15946.7773249972
15946.3859941572
15946.5423993341
15946.339028084
15946.7773249999
15946.9007816783
15946.7773249944
15946.7732965664
15948.3816185898
15946.4397025167
15946.3794808972
15947.5920453739
15946.7773254066
15947.5941748853
15946.4690145485
15946.3588095754
15947.8694821746
15946.3302314148
15948.34384785
15948.3005521695
15947.4237603208
15946.3525428779
15947.1035061268
15946.3224924477
15946.3954136123
15946.2476537662
15947.8713094432
15947.828154416
15946.7213231876
15947.5359713169
15946.7674956968
15947.6003460117
15946.7773250018
15947.7644491438
15947.5976517938
15947.4858539915
15948.1588234268
15946.7773249514
15946.7773242312
15946.7773249988
15947.8096883182
15947.8951507786
15947.4948882726
15948.0712738337
15946.9863601415
15946.7311600947
15948.2699425306
15946.777325001
15946.4667700365
15946.2973585007
15946.2609886532
15946.7773249886
15946.8161807458
15946.4128956995
15947.8993667008
15947.9235857563
15947.640312623
15947.6021285786
15946.777324992
15946.7773249942
15947.9440294952
15947.9986696563
15946.4377009997
15947.4588163626
15947.8087642691
15948.0759663854
15947.8795479026
15947.5881552703
15946.7773249907
15947.9797594357
15946.7773250208
15946.7773250048
15947.7639322665
15946.9880960215
15946.6317581566
15946.8158963601
15946.997926027
15948.745235806
15946.7773249983
15946.1664785026
15946.7773249903
15947.9290407923
15947.4400471664
15946.8787401562
15946.7773250525
15946.7773249999
15946.3970585078
15947.0925056811
15946.7773250005
15947.8335415848
15946.6340658815
15946.5654553955
15947.928535253
15948.0052630729
15946.8109833353
15947.3827589148
15946.4225782083
15946.7773250043
15946.283325058
15946.7773249985
15946.7773249976
15946.7773249954
15946.7773249967
15947.8545365271
15947.6154606229
15946.4227432017
15947.1666746263
15948.0162762245
15946.5689130383
15947.8716675306
15946.6214764986
15947.8524837022
15946.496362192
15946.5266480199
15946.6096652403
15947.532062452
15946.3684388515
15947.7662774649
15947.6066710481
15946.7773250168
15948.0296860175
15946.3906740462
15946.7773249996
15946.4423101399
15948.3259495003
15946.8798610102
15947.7468335653
15946.9005534565
15946.3593491442
15947.9047278235
15947.7510005868
15946.461293752
15946.8063622678
15948.0390375612
15948.0141584408
15946.7773249976
15947.8194832375
15947.7116502664
15947.9554505038
15947.8449035958
15947.6778409733
15946.3257892468
15947.963617307
15946.3397896616
15947.7009913768
15947.7924384227
15948.0173706538
15946.7946232581
15947.6055049878
15946.7773249989
15946.621528501
15946.7773249945
15946.7773249589
15946.6366977904
15946.9170611478
15946.4789793809
15946.4303447254
15947.4754639758
15946.4787386362
15947.9416661725
15947.6244419084
15947.8492045496
15946.910303078
15947.6174127263
15948.0689206137
15947.0433452622
15946.7773250025
15948.2472544515
15948.0434734272
15946.7773249985
15947.7454756361
15947.6460810946
15946.2754005519
15947.8571881285
15946.8065997271
15946.7773250004
15946.5714087805
15946.7773249934
15948.0600916599
15947.8611610016
15948.027263984
15947.0004746899
15946.7773249947
15946.3731672128
15947.0143910539
15946.8110941364
15946.7773249895
15946.6147246209
15947.8886750668
15946.777324997
15946.7773250011
15946.9240724902
15947.9051002433
15946.9366189746
15947.6021838966
15947.3525561814
15948.1511138024
15946.6656697097
15946.7773249996
15948.074996534
15946.3320166285
15946.3503695774
15946.7773250028
15946.7773249991
15946.7220054201
15946.5760883415
15947.4470399769
15947.6526351013
15946.443135272
15946.7773249918
15946.4018473161
15946.8452817406
15947.9948483061
15946.7773249968
15947.9138619565
15946.6446174505
15948.5087487571
15946.4545896582
15947.9397695586
15947.797821452
15947.663654852
15946.4391500385
15947.7115743419
15947.7954643436
15946.7773250056
15946.777324991
15946.2999923804
15947.5295787925
15947.9257861334
15946.5212001892
15946.7773249975
15946.6764673204
15947.8964563643
15946.6179950647
15946.4476476248
15948.1095448921
15948.4031312466
15947.7127055676
15946.55023302
15946.4410253383
15947.6371133004
15948.0076019891
15947.8064039902
15947.9376406091
15946.6142587422
15946.439793348
15946.4667020111
15947.95739329
15946.4620399647
15946.7773249988
15946.3697297349
15948.0959450044
15946.4850277333
15946.3123638352
15947.6712398789
15947.9462525023
15946.4836477218
15948.0189289112
15946.776531791
15947.4558117196
15948.1675731463
15946.3959538644
15946.3930876679
15946.859534313
15948.2895361031
15948.0037867487
15946.7773252071
15946.5919811875
15947.7046641578
15946.3237261697
15948.0052076981
15946.7773249993
15947.0001867378
15946.7773251865
15946.4422710804
15946.3356533917
15947.8724072189
15947.7911931224
15948.8122839555
15946.1228140562
15946.3270618972
15948.0503406832
15946.5129635413
15948.3163530156
15946.3251030728
15946.7773249982
15947.6338985651
15946.4755192321
15948.0161189633
15946.9401115828
15946.0945258468
15946.7762233498
15948.2686318147
15947.9226706145
15946.8845128576
15947.9859219583
15946.7773249993
15946.7773249937
15946.6299541097
15947.8323383918
15946.3684514364
15947.564565117
15946.8052406136
15946.777324995
15947.7696950282
15946.8338536384
15946.5861047718
15947.8518839128
15947.6839265127
15946.8071551519
15946.777325
15948.0485767543
15946.4109961343
15946.7773249985
15946.7773250002
15946.7773250023
15947.9439864625
15946.5926690622
15948.1742541005
15946.777325058
15947.5792863998
15947.7323136959
15946.777324991
15946.6839736707
15946.7773249958
15946.7773249963
15946.7773250024
15948.5944526166
15947.9523180311
15946.8858288359
15947.8731330825
15947.6338252601
15946.3288088098
15946.777323592
15947.8998323496
15947.8090695903
15948.2424854383
15947.0898425472
15946.7773249751
15946.3697913629
15946.7773250035
15946.7757726671
15947.0241324389
15947.611486874
15947.7023097973
15946.4993957043
15946.7773250027
15946.7907198442
15946.7773249981
15946.5342054024
15946.2989887135
15947.9185287162
15947.8089758496
15946.782953896
15946.8143209671
15945.9501378116
15946.9328141263
15947.7479737156
15947.3814496563
15948.0734734557
15946.6469953779
15947.117757516
15947.6515665877
15946.7773249981
15947.7705919031
15946.5681430605
15948.4251830807
15946.777325003
15946.5151151398
15947.7418356455
15946.4483113205
15948.4782797746
15948.0709306285
15946.6467899453
15947.7172435914
15946.3356084638
15947.6723695139
15946.9277985259
15946.9161244734
15946.7773250041
15946.777324993
15946.7773250975
15947.7813997156
15946.8355782243
15947.2896164711
15946.2157125728
15948.1165181977
15946.3570205452
15947.9218931498
15946.2867260727
15948.3421973014
15946.7773250034
15946.7773249648
15946.7773250004
15946.8360653841
15947.5067683447
15948.0047471884
15947.7764764063
15948.1982388848
15946.4840424631
15946.7773248666
15946.7773249961
15946.2061630619
15946.9395013233
15946.777324995
15948.0317371288
15946.5360513919
15946.3179706637
15946.6151537252
15946.7773249981
15946.367975621
15946.7773250011
15948.0289585632
15948.2740673201
15948.2923772145
15947.486215751
15947.7422825638
15946.9141505674
15947.8713542561
15946.9115524533
15946.4717319379
15946.7773249969
15947.8695443538
15948.2193390359
15947.6967236119
15946.7773250784
15947.0921622904
15947.7410225432
15946.8422611769
15947.7634885447
15946.7773249925
15946.7773249953
15946.40794904
15948.2689345258
15947.7002805861
15948.0009419908
15946.5069882332
15946.7773249966
15948.4149198338
15946.407104864
15948.1306548658
15946.7773250007
15947.7496339916
15946.6256239241
15946.7773249894
15946.321177325
15946.254028812
15946.8583896922
15947.9643491113
15946.5918536704
15946.7462920205
15947.7019040869
15947.562508971
15946.3586889913
15946.8890931059
15946.2258871557
15946.7773249899
15946.777325001
15948.4852821352
15946.4500650493
15947.0336272452
15946.7098204476
15947.7773174236
15946.9660808816
15947.5431365002
15947.8890500589
15946.6855847204
15947.06710358
15947.9852991158
15947.2513884021
15946.4719858817
15947.035906076
15946.2565067289
15946.429309383
15946.7773251695
15946.7773249907
15946.7773249991
15947.039298473
15947.5681560365
15946.7773250003
15947.7285513373
15947.541066514
15946.6858278099
15946.6527384627
15946.7773250003
15946.4912705704
15946.5048962361
15947.6476852517
15946.4653489476
15947.7964586315
15946.7773249952
15948.2294308546
15948.3166411932
15947.9658184351
15946.7773250035
15946.4785069065
15946.7773250023
15946.1363014903
15947.7952817366
15947.9786824972
15946.7674185645
15946.5226184222
15946.4100123996
15947.2383025698
15946.6710653251
15947.7798620715
15946.7773250031
15947.0142546197
15946.7773250073
15948.1602655554
15946.7773249943
15947.7227469726
15946.9332874997
15946.6866884742
15946.3508054829
15946.4146321604
15946.7773249987
15947.8856241936
15947.6512279376
15946.3124902453
15946.3824017145
15948.3469404605
15946.7773249977
15948.3296368384
15946.3506534863
15946.2693761562
15948.170972902
15947.6771891561
15948.1980608848
15946.1914355971
15946.3051373526
15946.8962117001
15948.1182852008
15946.3795528929
