# type 1 occupying volumes
15942.9970738198
15942.003939803
15941.6134924813
15941.8004512759
15942.6145118966
15942.0730961873
15942.0452602469
15942.7539539306
15942.8134009866
15942.8828134085
15942.1544284643
15942.9151986346
15941.9342043235
15942.3204457347
15941.5552358647
15941.3585556151
15941.8483728948
15941.1631294724
15942.7231789951
15942.8403604561
15942.9970738198
15941.948279396
15942.9970738198
15941.8507923237
15943.0112254056
15942.9970738198
15942.9970738198
15942.7399669389
15941.363813942
15941.3535063882
15942.9970738198
15941.3831321155
15942.9970738198
15941.9246771742
15942.7067951244
15941.6679474949
15942.9970738198
15941.8158829304
15941.4009423149
15941.729746312
15942.1144715744
15941.328947503
15941.2138433542
15941.8352520721
15942.6484653635
15941.9347664418
15942.9970738198
15942.7840245756
15941.8616657676
15943.1188780072
15942.8986751747
15941.7963221792
15941.0760964737
15941.4545275701
15942.9970738198
15941.5298023393
15941.8266011072
15942.9970738198
15941.8428365418
15942.9970738198
15942.103416096
15941.8664239545
15941.8546642686
15941.9633778304
15942.860076662
15941.706851608
15942.9970738198
15941.9370786656
15941.3454317665
15942.9970738198
15942.0295276728
15943.0309037559
15942.8179683864
15941.5553445733
15943.0022780436
15942.8370964146
15942.9970738198
15942.1723984518
15941.2436041892
15941.0003848272
15941.5781000654
15942.6223679306
15941.6303765496
15941.0865427264
15941.6974809049
15942.2085318397
15941.5213174056
15941.71239352
15942.760138492
15942.9970738198
15942.8692953213
15941.3205332552
15941.2866975851
15942.9970738198
15941.8543711071
15942.8991907188
15941.6119163473
15941.8070691048
15942.9970738198
15942.9970738198
15941.651762431
15941.8627762209
15942.9970738198
15941.8824539101
15942.9970738198
15942.5644092296
15942.6187739893
15942.6750119837
15941.5111372994
15942.8545188531
15941.9791740851
15942.7842853314
15941.8913988379
15941.9197482386
15942.9970738198
15942.0871212057
15942.696677214
15941.8433115603
15941.2874667738
15941.4894026144
15942.624036334
15941.9340156258
15941.4872228716
15942.6113380628
15941.8313280535
15941.0029588295
15941.8251341535
15941.5122959647
15941.031314046
15942.6501719371
15941.1403509129
15942.7325227728
15942.9970738198
15941.3748964989
15941.9438658606
15942.9970738198
15941.1875659799
15942.9970738198
15941.7311488097
15941.623116395
15942.577151046
15941.8856591515
15942.9970738198
15941.8626221535
15941.6922334561
15941.6018030345
15942.5768028931
15942.9970738198
15941.4732394987
15942.6983932805
15942.551167738
15941.2917679851
15941.4712363785
15941.6004346983
15941.9240479479
15942.9970738198
15943.1905176585
15942.9164425532
15941.9821448373
15941.8761054434
15942.1371780882
15941.5549143927
15942.9970738198
15942.9970738198
15941.7019532071
15942.9970738198
15941.8484184599
15941.3341682448
15942.0071541929
15942.0993851904
15941.8553336618
15941.7772279104
15942.9970738198
15941.9774401618
15942.0648639529
15942.9970738198
15942.9970738198
15942.9970738198
15941.7871741588
15941.9651314219
15942.6280037677
15942.9970738198
15941.5954172189
15941.7898397058
15942.9970738198
15942.9970738198
15942.7062321152
15941.8962140637
15942.6274504641
15941.5644755962
15942.9970738198
15941.7445997932
15942.9970738198
15942.9333904427
15941.8116025823
15941.8580859495
15941.5583448452
15942.7560398487
15941.6579597138
15942.9970738198
15941.6806895832
15941.6402350709
15942.0286416239
15942.7761225838
15941.8694695126
15942.9970738198
15942.9970738198
15941.8321954591
15941.8594758448
15942.0364891792
15942.9970738198
15941.8653570108
15942.8500038578
15942.8028094396
15942.0443827986
15942.9970738198
15942.9970738198
15941.7591821475
15941.5403907381
15942.9381447551
15941.4407988381
15942.9381783115
15941.9829434243
15942.8832823717
15941.799606806
15941.9262937874
15941.8169531805
15941.6851755853
15942.9970738198
15941.9692670523
15942.9970738198
15941.5587428234
15941.5560251741
15941.408413021
15942.6899224827
15942.2063491467
15942.8352172171
15942.9970738198
15941.7572468356
15942.8138018011
15941.5383564652
15942.8543190155
15942.8838902369
15941.925811636
15941.8484001152
15942.9970738198
15941.953664103
15941.9117804898
15941.8194621962
15941.8825639301
15941.6186051609
15941.9598585821
15941.7544277608
15942.9970738198
15942.8058643135
15942.9970738198
15942.9970738198
15942.9970738198
15941.6942990344
15942.8026361856
15942.9970738198
15942.6009039007
15941.9441707297
15941.4819009534
15942.9970738198
15941.8513939959
15942.8703266508
15942.9970738198
15942.9461260506
15942.553255758
15941.7854912336
15942.9016448649
15941.7385785285
15942.9970738198
15941.3163159662
15942.9970738198
15941.6655941093
15942.3002547601
15942.7147198263
15941.6786710161
15941.7693783809
15941.4727710332
15942.9970738198
15941.4701186514
15941.2872013586
15942.0343279755
15941.4760780264
15941.3918387606
15942.7522713723
15941.697054652
15941.6246573633
15942.9970738198
15941.5766393818
15941.6819149664
15942.7006488494
15941.6604921645
15942.7476435571
15942.7106947269
15941.3733571799
15941.4037266587
15942.9970738198
15941.7578119627
15941.4739711878
15942.9970738198
15941.7628433303
15941.4575002553
15941.7098930714
15941.6259384401
15941.679082999
15942.6976417182
15942.9970738198
15941.8139644269
15942.7633434766
15942.9970738198
15942.9970738198
15942.1632579122
15941.728161285
15942.4271207031
15942.9970738198
15941.8336557114
15942.9970738198
15942.9970738198
15942.039855419
15942.8159927432
15941.785383215
15941.800055258
15941.7265107172
15942.8543182404
15942.7805647887
15942.9970738198
15942.9970738198
15942.7726015343
15942.7476341213
15942.9970738198
15941.5100579745
15941.5753896758
15942.9970738198
15943.0114456008
15941.6771543477
15941.7672882754
15942.9970738198
15942.0830632977
15941.5456025638
15942.9970738198
15941.3562312024
15942.069242568
15941.2588406802
15942.9970738198
15942.9970738198
15942.3832035639
15941.7641259089
15941.8650873056
15941.5150786628
15941.6909138564
15942.9970738198
15941.4519670454
15942.9970738198
15942.6827904393
15941.7156795269
15941.8830769252
15942.8900323168
15941.7230255603
15941.81791736
15942.9970738198
15941.9325223825
15941.6425646009
15942.9970738198
15941.747504919
15941.463345607
15941.7113038547
15941.7004174537
15940.9647105975
15940.9882715846
15941.933124649
15941.5827546317
15942.9702624103
15941.9007968579
15942.8886475203
15941.0647762457
15941.3500213673
15941.542769714
15942.9970738198
15941.7341519649
15942.9970738198
15941.9831098963
15942.9970738198
15941.9324665761
15942.9970738198
15942.2940642487
15941.9772516335
15942.9087460563
15941.91674804
15941.9703042956
15942.740866479
15941.9993007561
15941.4432448903
15942.9970738198
15941.9033010449
15942.1746487834
15942.570533257
15941.5680191908
15942.9970738198
15941.999145616
15941.5817627145
15942.1574770304
15941.3669288106
15941.5904058132
15941.9427894296
15942.9970738198
15941.9599680801
15941.4266991113
15941.3818043371
15941.798002754
15942.9970738198
15942.8008233883
15942.9970738198
15941.7863606378
15941.7765778525
15941.9275510941
15941.8704016274
15942.9534502971
15942.8606313083
15941.6381683197
15942.679437563
15942.7517455839
15941.6925486629
15942.1386633106
15942.8480001488
15941.9140685758
15941.5924371518
15941.9593537164
15942.9970738198
15942.8110404183
15942.9970738198
15942.9970738198
15941.4049285472
15941.4619925546
15942.9970738198
15942.9970738198
15942.696225271
15942.9970738198
15941.7989169698
15941.9853067584
15941.460264372
15941.0769323324
15942.9970738198
15942.9970738198
15942.0009037952
15941.8699706297
15941.1902199805
15941.9255688045
15942.7413601345
15942.7183248267
15941.5620398906
15941.749027472
15942.9970738198
15941.7575051572
15942.9970738198
15942.0464391428
15940.9931940339
15941.9088286607
15941.7342835848
15942.9970738198
15942.1304911846
15942.8870890753
15941.8579458196
15941.8667145295
15942.9970738198
15941.8897400762
15942.6425020713
15942.9970738198
15941.8719919296
15942.7782547951
15942.9970738198
15942.6487120764
15941.7697718088
15942.8248470782
15942.9970738198
15941.3017095533
15941.4106039595
15941.887839199
15942.9970738198
15941.197694584
15942.7666149642
15941.4671238165
15942.9970738198
15941.8640785082
15942.8389616792
15941.7909788044
15942.9970738198
15942.945761717
15942.9970738198
15942.9970738198
15942.9970738198
15941.4297383739
15942.5900834056
15941.9343788955
15941.8162749558
15942.9970738198
15941.976079042
15941.9363233752
15942.7342857027
15943.0843088578
15942.7792321329
15942.6391970723
15942.9970738198
15942.9970738198
15941.4406027187
15942.8672335161
15941.2504851231
15942.6799277829
15941.8803398314
15942.8216731933
15941.8860433044
15942.7595810577
15942.6788508946
15942.9970738198
15941.8198528712
15941.98417817
15941.8135815748
15941.8881281634
15942.9970738198
15941.2978805522
15941.0825713327
15941.4904126373
15941.4420486562
15942.7667164993
15941.2124281437
15941.8147177091
15941.2726452471
15941.2017539571
15941.4228203273
15942.185526608
15941.8091279492
15941.1066620357
15941.6026700164
15941.0191447852
15941.3689776616
15941.6360190387
15942.8559153715
15941.6383363667
15941.8713602638
15942.8236614959
15942.9970738198
15941.7533622116
15941.9508274621
15941.9352170413
15941.5452849825
15942.8378976551
15941.6618776149
15942.2285343323
15942.8610973763
15942.7592825148
15942.9970738198
15942.9970738198
15942.3733343177
15942.5591082074
15941.9294998672
15942.1403268545
15942.115688386
15941.7779086779
15942.0583632776
15942.9970738198
15941.6759884915
15941.5921868587
15942.0610110466
15942.6937806561
15941.7831877265
15941.9227601105
15941.9543727163
15941.6935171961
15942.9970738198
15942.003064836
15941.9610563139
15942.9970738198
15941.8825342327
15941.9391348074
15942.9970738198
15941.9974146969
15941.9830166181
15942.9970738198
15942.8718937431
15941.9221716434
15941.76426548
15941.651360342
15942.9970738198
15941.9697223976
15941.8559080951
15942.9970738198
15942.9970738198
15942.6879275623
15941.5912879592
15941.9919053921
15942.9970738198
15942.9970738198
15941.6912413198
15942.9970738198
15942.8097725796
15942.147438514
15942.9970738198
15941.9082562575
15941.6713560924
15941.8944073989
15941.8400922905
15942.7599086965
15941.4125320658
15941.3796750997
15942.5649858106
15942.8421381388
15942.9970738198
15941.6814526349
15942.9970738198
15941.861031075
15941.5495092653
15942.8637184335
15941.5497639359
15941.720611308
15941.2772459106
15941.5893612751
15941.6843411867
15941.3015803563
15941.4295771954
15942.7238816295
15942.9970738198
15941.8634958831
15942.9970738198
15941.5197649468
15941.509877645
15942.9970738198
15941.3990543624
15941.463256204
15941.4897488418
15942.9970738198
15941.5266876585
15942.6264396737
15941.1813525899
15941.8883363269
15941.9284586089
15942.9970738198
15941.3763895311
15941.6877012116
15942.657248127
15941.553995997
15941.7011058729
15942.7953413153
15941.2963713533
15942.0037047209
15941.2401160398
15941.5311478907
15941.9057284983
15942.9970738198
15942.1156982554
15941.239297986
15941.6053638224
15942.9820405422
15941.7365110019
15941.6843585296
15942.7136404193
15942.7952827035
15941.9979478167
15942.9970738198
15942.8130435124
15942.6762840659
15942.9970738198
15941.9267498619
15941.7094144494
15942.8416033533
15941.4298052538
15941.8133263982
15941.3852984998
15942.5527299811
15941.4772675793
15942.1356702746
15941.9714494479
15942.9970738198
15942.0279342757
15941.9038427343
15942.9970738198
15942.9970738198
15942.0015049575
15941.7613225407
15941.77987458
15941.869157724
15941.8707948027
15942.9970738198
15942.0482746729
15941.6945127841
15942.1041327243
15942.8773520102
15942.6493837692
15942.3085404184
15942.9970738198
15942.9970738198
15941.2735822928
15942.9970738198
15941.3336852022
15941.7041847614
15942.8285186231
15942.8237783494
15941.4862643345
15941.6865484184
15941.9220089697
15942.7138416155
15942.9970738198
15941.5907812532
15942.632195434
15941.7241953738
15942.027274104
15941.6067739282
15942.5333805544
15942.9970738198
15941.3849901362
15940.8932004405
15941.604894239
15941.9796191521
15942.6485891823
15942.9970738198
15942.8437637336
15942.7733230495
15942.8660894889
15941.920899342
15941.7085779337
15941.4138612807
15942.9970738198
15942.5552543395
15941.5303363184
15941.1375601907
15941.6400918466
15941.8994661353
15942.6320204148
15941.6666364952
15942.9970738198
15942.0009734695
15941.9479645893
15942.7052438868
15941.4237919279
15942.9970738198
15941.675777267
15940.7506731608
15941.4050136003
15942.7214306514
15941.3884490072
15941.5510665059
15941.4861927918
15942.9970738198
15942.500415841
15942.836461856
15942.9970738198
15941.7404200143
15942.0593324495
15941.9374971163
15942.1173484164
15941.182199993
15942.9970738198
15942.9970738198
15941.9080488598
15942.8695830606
15941.8743122504
15941.8790895699
15941.750993632
15942.9970738198
15942.808456139
15941.8842435608
15941.6079222586
15942.9970738198
15941.4922007004
15942.9970738198
15942.9970738198
15941.671606324
15942.577238929
15942.1547966867
15942.9970738198
15942.9970738198
15942.9970738198
15942.182173015
15942.9970738198
15941.7320367721
15942.5987310847
15942.9970738198
15942.1084477153
15941.8861151788
15942.9970738198
15942.9970738198
15941.7187090484
15942.9970738198
15942.0606647711
15942.9970738198
15941.6703709806
15942.9970738198
15941.9477666594
15941.908229977
15942.9970738198
15942.9970738198
15941.7704141474
15942.9970738198
15942.9970738198
15941.9596518596
15942.8144623508
15941.5751958579
15942.6008114749
15942.8658283029
15941.8106650781
15941.7909938905
15940.9759388451
15941.6525131846
15941.4320521701
15942.9970738198
15941.1660626845
15942.9970738198
15942.1300521339
15942.0685267597
15941.8502142469
15941.9133584797
15941.1666822649
15941.24637071
15941.8877420968
15941.1659863636
15942.6157154253
15941.6788221259
15941.6758764165
15941.5776375179
15941.7634470886
15942.6938803677
15942.9970738198
15942.9970738198
15941.8633298397
15941.0261003644
15941.6028111954
15942.9970738198
15941.2977735689
15941.7983226147
15941.8831883279
15941.6900212024
15941.7570979805
15941.0211078934
15941.8017503361
15942.6175106353
15942.9970738198
15941.4781090527
15941.364279649
15941.3803892459
15941.550317956
15941.5220935007
15941.7728284647
15942.9970738198
15942.1275016245
15942.7870657551
15941.2130384192
15942.1434946431
15942.6577875283
15941.7809993375
15942.9393092717
15941.9338025308
15941.2852600689
15942.6126755169
15941.6177417434
15942.9970738198
15941.8892931545
15942.7050115573
15941.679153262
15941.8467768533
15942.6980566371
15941.1569236448
15941.31619163
15942.9970738198
15942.9970738198
15942.0306751669
15941.8297330234
15941.8196461426
15942.9970738198
15941.8844734958
15941.874826577
15941.8097976916
15942.6136391697
15942.797265056
15942.2515288175
15941.8206766899
15942.7733501787
15942.9099637472
15941.6351273885
15941.7866058444
15942.9970738198
15941.8499063698
15942.0987588702
15942.9970738198
15941.3893912291
15941.3684421257
15941.0789363989
15941.7657551229
15942.0027048314
15941.1414888848
15941.2079855042
15942.9970738198
15942.9970738198
15942.7128577436
15941.4035474812
15941.7882534346
15941.488340685
15942.6659211715
15942.9970738198
15942.9970738198
15942.6767530437
15941.3783764611
15942.6993807109
15942.8018812547
15942.7064762254
15941.4732169489
15942.9970738198
15942.9970738198
15941.4422827546
15942.7187781731
15941.1629437259
15942.0237073273
15941.6908013768
15941.699707537
15942.9970738198
15941.686564213
15941.3894964978
15941.4926913175
15942.8012385193
15942.8760734213
15941.8524216563
15941.5884850461
15941.0765499308
15941.1840845111
15941.8209677758
15941.9863155995
15942.8796032877
15941.8643056336
15941.0554023037
15942.9970738198
15942.9970738198
15941.8174286674
15942.9970738198
15941.1744771683
15941.2062028678
15941.0675198711
15941.5395701739
15941.1443484005
15941.2672050329
15941.9069723142
15941.9134724244
15942.6203040238
15940.7631693832
15941.69776954
15941.4616697304
15941.8939975583
15942.6747039008
15941.9143387045
15942.9970738198
15941.4921334039
15942.6665766629
15940.949749897
15942.9227279241
15941.5711972711
15942.9970738198
15942.6651549507
15941.4938731858
15942.9970738198
15941.6608166202
15941.8729685826
15941.1177693948
15941.5962959387
15941.6768513764
15942.6795524901
15941.8941676188
15941.5113343272
15942.6296948719
15942.9970738198
15941.7459078645
15941.8622159344
15942.9970738198
15942.9970738198
15941.8724766296
15942.9567539695
15942.9970738198
15941.8686987167
15942.9970738198
15942.5754399345
15941.8327363942
15942.6115283701
15941.2061113384
15942.6317705797
15942.9970738198
15942.9970738198
15941.8259224992
15942.6066159849
15941.9447639476
15942.8712333218
15942.2180716139
15942.8791613769
15942.036367797
15941.9882436361
15941.249573329
15941.2030039059
15942.8316895363
15941.4024670732
15942.6146473877
15942.9970738198
15941.167853683
15942.0216054655
15942.9970738198
15941.2125841399
15941.8313205486
15941.5920119267
15942.9970738198
15942.9970738198
15941.734631481
15942.6046124054
15942.675834265
15941.4366390079
15941.2702091092
15941.3892799161
15941.440716067
15941.9373291845
15942.3448210753
15942.8936294205
15942.6157520194
15942.9970738198
15941.8689258937
15941.8309730035
15942.9970738198
15941.9005002827
15941.0228479775
15941.346120764
15941.7614017968
15942.9970738198
15942.1827145928
15942.3074273736
15941.7878364516
15942.6023314184
15941.9130066998
15941.9757381631
15942.9970738198
15942.9970738198
15941.8031472718
15941.4883758637
15942.9970738198
15941.2517085995
15941.5722881595
15942.9970738198
15941.7965732302
15941.8415197882
15941.2315456367
15942.6394634626
15942.6460735705
15941.3244642912
15941.5315938066
15941.1895776525
15941.6411018658
15942.5937742795
15941.7622901248
15942.7962606087
15941.8965167308
15942.9970738198
15941.437938159
15942.7011388373
15942.76719881
15942.8662797764
15941.0914219659
15942.9970738198
15942.9970738198
15941.1710368241
15941.3765597755
15941.8790403759
15942.9970738198
15942.8056760789
15942.2915197057
15941.9892960253
15941.8756205403
15942.9970738198
15941.6351603291
15941.9771752258
15942.9970738198
15942.9970738198
15942.571504862
15941.41437287
15941.2246623585
15942.8656162384
15942.9970738198
15942.6902294915
15942.9970738198
15941.098916399
15941.5430996535
15942.9970738198
15941.4811311651
15941.2960191427
15941.3449398704
15941.5199976566
15942.9970738198
15940.7123435885
15941.0524183698
15942.9970738198
15942.7852848767
15941.4023516438
15942.9970738198
15941.9714288992
15942.8013938532
15942.9970738198
15941.2082399018
15941.2579943401
15941.8292223844
15941.5484377206
15942.6408689605
15941.3822905682
15941.1802946002
15942.7921299448
15941.5868311585
15942.9970738198
15941.7181841191
15941.6587976185
15941.7089629808
15941.6009767857
15941.1738790514
15942.7336234971
15942.5764150337
15942.9970738198
15942.4679526324
15941.8713105634
15942.8102661961
15941.7511635594
15941.7572567622
15941.225109834
15941.7348097186
15942.8777429081
15941.9589639656
15942.9970738198
15941.6566522463
15941.9010077938
15941.8397974786
15941.337397581
15942.8664074392
15941.7227980983
15942.9970738198
15942.7563990007
15942.0766366137
15941.9868312981
15942.7529359832
15941.6509738591
15942.8157562779
15941.8957966944
15941.7390638629
15942.7886403494
15941.8514379859
15942.0522505716
15942.9970738198
15942.9970738198
15941.939215905
15941.721612968
15942.9970738198
15941.2408619561
15941.6827946392
15942.9970738198
15941.7421549468
15942.9513845069
15941.7765681641
15942.9970738198
15941.6192756787
15942.8215061109
15942.9970738198
15942.0330463233
15941.7292118099
15941.454757843
15942.9970738198
15941.6037953632
15942.9970738198
15941.5322922417
15942.0783874061
15942.9970738198
15941.9908324819
15941.429241937
15941.7604200637
15942.6643614066
15942.5941034585
15942.9970738198
15941.7774666274
15941.3975690021
15941.2315299593
15941.7514884618
15941.9424248468
15941.7831400903
15942.7338659147
15941.5399719834
15941.1316468641
15941.5861968329
15941.8468179085
15941.9066397104
15940.9151938936
15941.2416115427
15942.9970738198
15941.8306594625
15942.0737822195
15942.0202022972
15941.1864304512
15941.810565692
15942.9172261023
15942.8655801327
15942.5328133225
15941.1240388324
15941.6997802123
15942.6551300003
15941.9614153196
15942.8395485017
15941.9990543711
15942.3766072428
15941.2210998738
15941.005038452
15941.3920616709
15941.0322284491
15942.9970738198
15942.9970738198
15942.0120442093
15942.6508753861
15941.2681254815
15942.9970738198
15942.0478738542
15941.8460561111
15941.7777495631
15941.2052655633
15941.3256021826
15942.6548624897
15941.9793283731
15941.9032660697
15942.9815469601
15942.8126186235
15941.1023879172
15942.9970738198
15941.4386281564
15942.9970738198
15941.605888084
15941.2858405322
15941.468003216
15942.687706296
15942.1002481229
15942.9970738198
15942.8671744367
15942.8085129783
15941.9214764919
15941.8375116315
15941.321311486
15940.8140727579
15941.8248551917
15941.4301768649
15942.7160607985
15940.9578731757
15941.1921998802
15942.0587401111
15942.153283233
15941.9108182951
15941.3080810382
15941.1530593424
15942.9970738198
15942.9970738198
15942.9970738198
15942.9970738198
15941.9085658158
15942.9970738198
15941.8420116395
15942.9970738198
15941.8020742101
15942.9970738198
15941.5830405249
15942.9970738198
15941.5527987441
15941.6695776157
15942.709986286
15941.2125871364
15941.8298058663
15941.6907494305
15941.734161946
15941.5758712771
15942.9970738198
15942.8405744916
15942.8156848636
15941.4516826413
15941.4218254198
15941.5184944902
15941.8328043432
15942.7889213798
15942.5981068739
15942.6955782384
15941.1008710598
15941.8372004301
15942.9119669508
15941.3016075405
15941.6941656214
15942.7692085234
15941.4575886492
15941.9347657192
15942.7091716187
15942.9970738198
15941.6401007087
15941.8663894095
15941.3667957073
15941.4755998428
15942.0171195772
15942.7461927536
15942.9970738198
15941.8463748683
15941.9667980253
15942.7913625337
15942.0482271197
15942.7545921667
15941.6323235229
15941.9172771228
15941.6730734155
15941.1846647891
15941.8928620369
15942.9970738198
15941.7832094143
15941.4936015176
15941.1604002552
15942.9970738198
15942.9970738198
15942.0663840534
15941.7652510189
15942.9390694108
15941.5747895744
15942.6749382272
15942.7712992566
15941.8080569956
15941.8982266356
15941.9755899344
15941.7291612531
15941.5867843833
15942.7288872077
15941.9707666214
15942.7050522605
15941.1737898785
15941.8283574495
15942.5562089501
15941.5211038039
15942.7639830639
15941.3594922205
15941.3787982865
15941.1337706042
15942.6907586621
15941.918351702
15941.2167296103
15941.1564200789
15941.7935454833
15941.7104618571
15941.9655505764
15942.8212130871
15942.9970738198
15941.7947724341
15941.8827377787
15942.7187199858
15941.8954903859
15942.6501454878
15941.937898605
15941.4352269283
15941.5614908538
15941.2942094718
15942.3156440612
15942.9970738198
15942.9575976589
15941.901192923
15942.8012908175
15942.9970738198
15942.6194574338
15942.9970738198
15941.5269323818
15942.3952297049
15942.9970738198
15942.6085371773
15942.7512654113
15941.5177868941
15941.4247673173
15941.9705785084
15942.6887204798
15941.366129726
