# type 1 occupying volumes
15955.9545668362
15956.3526453298
15955.5744514054
15955.5065032465
15957.277145328
15956.3921237155
15956.4930039256
15957.4464393929
15957.2035716965
15956.4443053953
15957.4850643892
15957.3863177734
15956.5410805084
15956.5608176043
15956.2811859833
15957.4850643892
15957.2020469724
15957.1187440719
15957.0982280957
15956.2409254009
15957.4850643892
15956.148933313
15957.4850643892
15956.5574224759
15957.6586683935
15956.5057367126
15957.4850643892
15957.3225421855
15955.6252186792
15956.1865644918
15955.5678869775
15957.366832823
15957.4850643892
15956.4879628016
15957.4850643892
15956.0023754364
15957.4850643892
15956.3530118831
15956.3025924135
15956.3822420291
15956.3626056575
15957.4850643892
15956.2064731186
15955.8437212612
15957.4850643892
15956.2826402229
15957.4850643892
15957.2255958703
15955.9821513425
15956.1768262057
15957.4850643892
15956.4883206994
15957.0960754271
15955.9031866822
15957.4850643892
15956.4613923743
15957.1972803109
15956.1141133176
15956.1565981869
15957.3672555353
15956.1107916001
15957.114402987
15956.2742138354
15957.4850643892
15957.2809957084
15956.3890401773
15957.4850643892
15956.1376522484
15957.0198230626
15956.402771063
15956.2521935335
15955.6029441966
15955.9973335852
15957.0310177686
15955.4223123769
15955.3700614455
15955.7661866426
15955.8909071953
15955.9192475001
15955.8072854241
15957.3074892673
15957.0579256571
15956.2971933983
15955.6015256643
15957.2648795764
15956.0404179237
15956.2682232921
15956.3072193775
15957.4850643892
15956.4867661706
15957.4850643892
15957.4850643892
15955.7841440057
15957.4850643892
15955.9618275573
15955.788997637
15956.5764721677
15956.4728518297
15957.4850643892
15955.7678759969
15956.8482936294
15956.4464585654
15957.4850643892
15957.4850643892
15957.4850643892
15955.8256661667
15955.9875346628
15957.0748090969
15957.2037623993
15957.4850643892
15956.2318373977
15957.2683256092
15957.4850643892
15956.3253956722
15957.4850643892
15956.5058398889
15957.1242765107
15956.2227080885
15955.7122574707
15955.5812641596
15957.2508984277
15956.2961131126
15956.3285882741
15957.0795583608
15957.4850643892
15955.8888715899
15955.6914908546
15955.8035785985
15955.4309510449
15957.1628173895
15955.6666364463
15957.3001594177
15955.6228088635
15955.5640688825
15956.0402963408
15957.149999664
15956.2608789157
15957.1161915142
15956.3575915764
15956.3753619414
15957.1105729454
15956.1239939959
15955.7167503835
15956.0263542973
15957.2122607646
15957.1730687397
15955.8881889104
15957.4850643892
15956.0768370003
15955.7918304676
15957.1674058897
15955.7288184678
15955.8339583976
15957.0956136325
15956.1016687939
15957.4850643892
15956.0885169049
15957.2265502272
15956.4181193268
15956.4257269467
15956.2532635602
15955.7666164575
15957.4850643892
15957.217398484
15955.8363330094
15955.5895752754
15955.7344433895
15955.7331318638
15957.2493950779
15956.5807198093
15956.4300069985
15956.2555461722
15957.4850643892
15956.6308200925
15956.3653639032
15957.4850643892
15957.2803979226
15957.4078853574
15956.6133540593
15956.561622847
15957.2482822263
15956.4565872748
15956.2954354252
15956.3505859976
15957.4850643892
15957.4850643892
15957.3094521546
15956.5031560672
15956.3994617852
15956.130419583
15956.4596942062
15955.9681767195
15956.5443864707
15957.5378036351
15956.2032280129
15957.4850643892
15955.8698998669
15956.3102898855
15957.4850643892
15956.9829408852
15957.0150591159
15955.912323776
15956.1843022958
15957.2921536443
15956.3595444884
15957.134490757
15957.4850643892
15955.9370598589
15957.4850643892
15956.4643892766
15956.1965747542
15956.1231966884
15956.0675996264
15955.7228837101
15957.4850643892
15956.2152534542
15957.4850643892
15956.3485119581
15955.9782733372
15957.3231381125
15956.1307405497
15955.9406718262
15955.5888906175
15955.7918642194
15955.8762604942
15956.2285716295
15956.2951035802
15957.4850643892
15957.4850643892
15956.0863697701
15957.4850643892
15957.1961838254
15955.6769885455
15955.8163082882
15957.177933648
15956.1927612852
15957.3131340655
15957.4850643892
15956.2099004938
15956.0042560737
15956.4452015344
15957.270752761
15957.0618348361
15956.2216546326
15956.3755874382
15957.4850643892
15956.3140122694
15957.4850643892
15957.2010088629
15956.5002451428
15956.141724607
15956.1139980055
15957.1009020592
15956.5761181711
15957.4850643892
15957.4850643892
15957.3860356434
15957.4850643892
15956.3572976743
15957.2412556616
15957.4850643892
15957.2201635322
15956.5902421441
15957.4850643892
15957.4850643892
15956.356646271
15957.3444133805
15957.3720767818
15957.4850643892
15956.2510008394
15955.5679063153
15956.3152432032
15957.3171349848
15956.1327657235
15956.2926722777
15957.4850643892
15957.4850643892
15957.3599106704
15957.4850643892
15955.8924398571
15956.3376854853
15955.9771100481
15955.9898875815
15957.4850643892
15955.6409012847
15955.7175456722
15956.0238335441
15955.4768504325
15956.3185879434
15956.3073109895
15956.1661586198
15957.4850643892
15956.1399517244
15957.4850643892
15957.154750808
15957.4850643892
15956.094209425
15955.6389335273
15955.8094123094
15957.4850643892
15956.327700349
15956.4645202875
15956.2955667538
15957.4850643892
15956.0289863227
15955.7493593023
15955.8095737154
15956.2745514491
15957.2445269004
15957.4850643892
15955.8362127978
15955.8257204811
15957.096203728
15957.4850643892
15957.2419181654
15956.5423231313
15955.7823525288
15957.1677685511
15956.2990577417
15956.3436359285
15957.4850643892
15957.2286854222
15956.5272443158
15957.3618858146
15956.1643290718
15957.1800731637
15957.4850643892
15957.3348215656
15957.4850643892
15957.4850643892
15956.3320059634
15957.2767772887
15957.4850643892
15956.2606124787
15956.3421281938
15956.5089292406
15955.9662290903
15955.916035285
15956.4602728728
15957.1887790627
15956.27008631
15956.2848068892
15956.3009103617
15957.4850643892
15955.8348837301
15956.0006988772
15955.6324127581
15957.2175836098
15957.4850643892
15956.7695171952
15955.9539489021
15957.4850643892
15955.939177217
15955.9081870316
15957.4850643892
15956.0702368164
15957.4850643892
15957.1454691974
15956.1659412189
15956.0433351674
15957.4921668258
15957.4850643892
15955.8464950836
15956.2236901024
15955.9617718342
15955.6950125888
15956.6106986911
15956.3093401298
15956.2206488915
15956.1766673742
15956.1009797003
15955.7753170703
15955.8622991729
15955.90955119
15957.2238214051
15957.4850643892
15956.1947354192
15956.2037174362
15955.3762948055
15957.1965893813
15956.2520044823
15956.1933440052
15956.2486727082
15956.2385523421
15956.1814368083
15957.4850643892
15957.4850643892
15956.4191003819
15957.1871176799
15956.3784903814
15957.278142938
15956.4467727584
15956.0046663649
15957.4850643892
15956.3770610358
15956.2070235964
15957.4850643892
15956.3608273074
15957.1829455328
15957.1866494981
15956.2837876024
15956.4182154141
15956.467080539
15957.2941772086
15956.798830362
15957.1039734348
15955.2075268969
15956.2627591409
15955.9618798897
15955.7040928469
15956.4577570133
15956.3294397513
15956.4629710489
15957.4850643892
15957.4850643892
15957.4850643892
15956.4482816446
15957.4850643892
15957.4850643892
15956.3655862141
15957.4850643892
15957.2937110671
15956.4395203431
15957.4850643892
15957.1793498436
15956.4477239876
15957.319996607
15957.2714196084
15957.4850643892
15956.042388428
15955.9245977721
15957.4850643892
15956.2446134158
15955.869752266
15956.4249921601
15957.0942264226
15956.1139697737
15957.4850643892
15956.516688879
15956.1875127828
15956.0665289061
15955.7486404406
15956.4442486823
15957.035502107
15955.7790903662
15956.2400118263
15956.3341132716
15956.3078675979
15955.7312532913
15955.5254944065
15955.8446668901
15957.0253708385
15957.2162423292
15955.8357399325
15956.2918755845
15955.8132882981
15955.8694022104
15957.252937236
15956.153137218
15955.4181528597
15955.8165796783
15955.710801852
15956.039512268
15956.4126006998
15957.2170442625
15957.206638337
15957.4850643892
15955.5944658241
15956.1362306007
15957.1550101097
15955.5667941641
15955.86634458
15957.096878109
15955.6307453758
15956.1036377388
15956.1685180988
15955.6165166536
15955.8234853437
15955.6522232611
15955.9782804694
15956.1918550207
15957.0154901618
15955.5835232422
15956.7685794252
15955.9678370145
15956.3647368263
15956.3851850276
15956.4970091087
15956.354716296
15957.2898686981
15957.2625770607
15957.4850643892
15955.9484700069
15957.3030256506
15957.4850643892
15956.4067376012
15956.0286354513
15957.2116299599
15957.4850643892
15957.4850643892
15957.4850643892
15957.1998752021
15957.2147071694
15957.0635781748
15956.3311053196
15956.1453609315
15956.2837333379
15955.4506102873
15955.9671800806
15957.4850643892
15955.5445020323
15955.9948745242
15956.2221899281
15956.0764092803
15957.1259768107
15955.9557581193
15956.0887443427
15955.9847853432
15956.2966967794
15956.0448162396
15956.2841007188
15955.5902566154
15955.9127612982
15956.3397447244
15955.8679305166
15956.3288930516
15955.7093643153
15955.4221626954
15957.032243602
15956.1774805843
15956.1045039503
15955.7309989221
15956.3727998298
15957.2703422238
15956.2638030639
15957.4850643892
15956.0087030098
15957.2796918996
15955.7753970359
15957.4850643892
15957.0467703362
15957.3812789605
15957.2223562762
15957.4850643892
15957.4850643892
15957.4850643892
15956.7158816635
15957.1351573952
15957.3214377108
15955.891211968
15956.4267356097
15956.2700336013
15956.4502217698
15956.5410064248
15956.3895346233
15957.4850643892
15957.4850643892
15957.4850643892
15957.4850643892
15956.6358878087
15956.1772660256
15957.1696389695
15957.4850643892
15955.5041170095
15956.2725483407
15955.6949894426
15957.3600734657
15955.7879441507
15955.5572730961
15955.7423515428
15955.9381259797
15956.2972173693
15956.5754512405
15956.2056011213
15956.2855698948
15957.4850643892
15956.30086278
15956.2350385272
15957.1844603599
15956.4495544322
15957.4850643892
15957.2886849016
15956.3415843557
15956.0194473299
15956.3839898587
15955.9296000898
15957.4850643892
15957.2570190497
15957.3171474697
15957.1079570491
15957.3123272049
15956.0595000688
15956.2984316297
15957.2725007918
15956.2728150446
15956.5472964744
15956.3459745362
15956.3642332755
15957.3350479125
15957.4850643892
15956.3818500601
15957.4850643892
15956.40794019
15956.1323878639
15957.4850643892
15955.9680320322
15956.3053562667
15957.4850643892
15957.4850643892
15957.4850643892
15957.3888141874
15956.4368522361
15955.9002979735
15957.2892527369
15957.1282033798
15957.0753323888
15957.4850643892
15956.3374254839
15956.3288241792
15957.2238384464
15957.4850643892
15956.3014256357
15957.4850643892
15955.9471784991
15956.0397261342
15957.4850643892
15956.2826196263
15956.4460527158
15957.4850643892
15955.9070795837
15955.8966297808
15956.0154647767
15955.8995191856
15957.4850643892
15957.4482552297
15956.4198794037
15956.4513562673
15956.0456295722
15957.4850643892
15956.4574517231
15956.2266472486
15957.3403172136
15956.1429301374
15956.1902156712
15957.4850643892
15957.4850643892
15956.3054782839
15957.4850643892
15956.1794082208
15957.4850643892
15956.3051288029
15956.5358234249
15955.8549875234
15955.827572114
15957.4850643892
15956.2846237913
15956.4133581913
15955.8912913334
15957.4850643892
15956.5601152221
15957.4850643892
15957.221890037
15957.1056356371
15957.1738854247
15956.219511656
15956.0310372192
15957.2555971859
15956.3304226154
15956.5955366369
15956.1283627041
15957.1853037793
15956.104004798
15957.4850643892
15957.4850643892
15956.4087508136
15957.4850643892
15957.4203406189
15956.6438901168
15957.4850643892
15957.4850643892
15956.0148815213
15956.4633565246
15956.1451088739
15956.1576991888
15957.4850643892
15956.5168116062
15957.4850643892
15956.8134869565
15957.4850643892
15957.0791407916
15956.4216578775
15956.3662674084
15957.4850643892
15957.4850643892
15956.2276431584
15956.2142020255
15956.282180119
15957.1553665895
15957.1841188406
15956.5851214683
15956.2929925151
15956.3764930419
15956.325135626
15957.4850643892
15956.3972339383
15956.2213900753
15956.4191220119
15956.5852590788
15956.6037718126
15956.5497901164
15957.4850643892
15956.1866719161
15956.3464192644
15957.2350418355
15956.475546376
15956.333954169
15957.4850643892
15957.0952206358
15956.3852454897
15957.3700723428
15956.4205919072
15956.5956868838
15957.4850643892
15957.4850643892
15957.313619154
15956.4739307094
15957.3727816801
15956.5947799784
15957.4850643892
15956.4392909424
15957.4850643892
15957.4850643892
15956.4420647981
15956.5259742624
15957.4850643892
15957.4850643892
15957.6136861023
15957.4850643892
15956.7961199459
15957.4850643892
15957.2752056035
15956.328558182
15956.073032527
15955.650265925
15955.7978659612
15957.5296709906
15955.8316980751
15956.0360698819
15956.2743797828
15956.5390760933
15957.3208911851
15956.5495663843
15957.4850643892
15957.4850643892
15957.4850643892
15956.4633100933
15957.3897058285
15956.3182906204
15956.3585819495
15956.3456659074
15957.4850643892
15957.4378395665
15956.3402551166
15956.6401516821
15957.4850643892
15956.303440509
15957.4850643892
15956.366220912
15956.2011958069
15957.1762893927
15956.4751799336
15955.6791658387
15957.4850643892
15957.4850643892
15957.4850643892
15957.4850643892
15956.0899098206
15957.196537395
15957.4850643892
15957.316738962
15956.5660914743
15957.4850643892
15957.4850643892
15956.4639834534
15957.2306951003
15956.5454847295
15957.4273208124
15956.525625795
15957.4850643892
15956.4400217992
15956.4128655401
15956.3887293858
15957.4850643892
15956.4532314476
15957.4850643892
15957.3122667444
15956.3264079174
15957.3008784808
15956.3768751466
15957.223105878
15957.5070979828
15956.5706823923
15957.4850643892
15956.3685229746
15957.4850643892
15956.3295547528
15957.4850643892
15956.2000047186
15957.2022388451
15956.3496158508
15956.5126822972
15956.1424172509
15956.5837373522
15956.4399642258
15957.4850643892
15957.4850643892
15956.2601882515
15957.4768869711
15957.4850643892
15955.9084548076
15955.8404773796
15956.4128822777
15956.2814138111
15957.4850643892
15955.5762249097
15956.2557149145
15955.7215663086
15957.4850643892
15957.4850643892
15956.3570049037
15956.2820762772
15956.3810583337
15955.7374145227
15957.4850643892
15957.4850643892
15956.4549178141
15956.2464854066
15957.4850643892
15955.6867895086
15956.6777753469
15955.6301128946
15956.3087215712
15957.3352556029
15957.1918432544
15957.4850643892
15956.607070835
15956.1224452404
15955.9615183017
15956.479097839
15957.3530910921
15956.1166054758
15957.4850643892
15956.1765392224
15957.1631915079
15957.2971806486
15957.5087908207
15957.1547121435
15957.4850643892
15956.2720313382
15956.3957763442
15956.2207358204
15955.8530297556
15955.7606408874
15956.0744530593
15957.4850643892
15957.4850643892
15956.2016577359
15957.2606211623
15957.3010180636
15956.4691640724
15956.6196822728
15957.4850643892
15956.0960159392
15957.257718451
15957.4850643892
15956.3381870033
15956.3331703469
15955.9128740403
15956.2575151215
15957.4850643892
15957.4850643892
15957.4850643892
15956.4300672082
15956.3341024036
15957.1435464523
15956.0012785222
15956.054982193
15956.0726674798
15957.1670641584
15956.4740486063
15956.5086045951
15956.3128417712
15956.2472962079
15955.8092568779
15955.922281137
15957.4850643892
15957.2228119248
15955.7162462807
15957.1782830351
15956.2869258384
15956.4846941188
15956.3790065201
15956.464016563
15956.3940041315
15957.2754431565
15957.1647268915
15955.9667765598
15957.3479807942
15956.0924714991
15957.4850643892
15957.3630857168
15957.3118020246
15956.4601412052
15956.6720071218
15955.9668427384
15957.1528260306
15957.4363087155
15956.95293527
15955.7732001547
15955.8967286037
15956.2335030504
15956.5641471735
15957.4850643892
15956.3229066078
15955.5608527941
15956.2446377792
15957.4850643892
15956.381769578
15956.4714632577
15957.4850643892
15957.4850643892
15957.4850643892
15956.3580519677
15957.4850643892
15957.4850643892
15956.3450588455
15955.8235055537
15956.2115981014
15955.8229438329
15955.6086076126
15956.5588813326
15957.4850643892
15956.2386538942
15957.4850643892
15956.3766918359
15957.4850643892
15956.4465361012
15957.3178533456
15956.4999663186
15957.4850643892
15955.7125896
15955.935837974
15955.8514657689
15956.3402375765
15955.8585407812
15956.3612166675
15957.3921370084
15956.1558602425
15956.2303254571
15957.3236108002
15956.0970004024
15955.6261174749
15957.4850643892
15955.7379582475
15957.4850643892
15956.4017039835
15956.0728647376
15956.4774545227
15957.2331186017
15955.956507349
15956.4103534182
15957.4850643892
15957.4850643892
15956.2525821199
15957.1972846193
15956.3092534698
15956.1407128806
15957.4850643892
15956.5526184762
15955.9052011213
15957.0008000463
15955.8973018885
15957.0862478964
15956.4401848147
15957.4850643892
15956.5524527846
15956.3641334142
15956.5491250992
15956.682217093
15957.4850643892
15957.4850643892
15956.5353479138
15956.7013709716
15956.3582026934
15956.2406570794
15957.4850643892
15956.3157743462
15957.2197816025
15956.5582543462
15957.4850643892
15956.7014066005
15957.4850643892
15957.4850643892
15956.712878875
15956.2192330209
15957.4850643892
15957.4850643892
15957.4850643892
15957.4850643892
15957.270699956
15956.1736797294
15957.3941351628
15955.7887465371
15956.0535141764
15956.4379985216
15957.4351759912
15956.038801969
15957.1861155765
15956.4293557039
15957.2950645208
15956.5084800157
15955.5048959025
15957.4850643892
15956.1624787477
15955.644091406
15956.4915819533
15957.4850643892
15956.4716853566
15955.8920749418
15956.2693973117
15956.3594739327
15956.4880449932
15956.2350300641
15957.4850643892
15957.2070115452
15956.4132554908
15955.2162305548
15957.4850643892
15956.0093977353
15957.2976864421
15957.4850643892
15956.5269920136
15956.1618421981
15955.5086748957
15957.0993247268
15957.2417172641
15955.6042199057
15955.6968489186
15955.4440069071
15955.3538520689
15957.1635276802
15956.1514046716
15957.3120333036
15956.2539036961
15955.666114333
15956.1452925848
15957.1822865946
15956.4371131673
15956.3157258689
15955.4623383121
15957.4850643892
15957.2128321904
15955.6741760262
15957.4850643892
15956.3242691142
15957.1126934505
15957.4850643892
15957.2567672805
15956.2994179836
15956.485431194
15956.7362467971
15955.4920500102
15955.7009428838
15957.1305616896
15955.9173754246
15957.0614213246
15955.7253239494
15956.1095933658
15956.4884717023
15957.4850643892
15955.9578687562
15955.6986959272
15955.7868141312
15957.0273656003
15956.2639351167
15955.8231294511
15955.8428519262
15955.5273411307
15957.2248357067
15956.0017484685
15955.6064269076
15955.8285565562
15957.4850643892
15956.0751494504
15955.9022119759
15957.4850643892
15956.1801418639
15957.1905332329
15956.3645773042
15955.8687535417
15955.7401290672
15957.1532400679
15957.0324568889
15957.4850643892
15955.8737592766
15956.3304148419
15957.4850643892
15956.2790535604
15957.4482452725
15957.1710997902
15956.2577069496
15957.4850643892
15956.20113161
15955.3883916817
15957.1054982459
15957.0061146826
15957.0590125017
15955.953890704
15955.7732986327
15955.9216730654
15955.9325262382
15957.4850643892
15955.922956132
15955.518087776
15957.1416430176
15956.6205978794
15956.3342702634
15956.2796404063
15956.6760729539
15956.5684344127
15957.2326833694
15957.1836128819
15957.0551704539
15957.4850643892
15956.4891598956
15956.130333751
15956.3672480627
15955.6436369078
15956.1220358029
15957.4850643892
15956.4414539233
15956.3900200186
15957.3428699504
15956.3709179953
15956.673742239
15956.7708509172
15957.2517053958
15956.5935217768
15956.265142245
15957.221765495
15957.4850643892
15955.8161801658
15957.4050215667
15956.246668733
15957.499242629
15956.3031209798
15957.4850643892
15956.6744795845
15957.4850643892
15957.4850643892
15956.2786016559
15956.4509672472
15955.9031214069
15955.8581201155
15955.8313758942
15957.4850643892
15957.3754421424
15956.885235938
15957.1226898413
15957.1459768717
15957.4850643892
15956.4475680104
15957.2320017958
15957.07779287
15956.4641254688
15956.2809185856
15957.0930517835
15956.4166386694
15957.4850643892
15956.6516350368
15955.9501258217
15957.5383370238
15957.4850643892
15955.7090483817
15956.1413378409
15956.3028539719
15956.2241676221
15955.7650198653
15956.0076244356
15956.0266799083
15957.4850643892
15956.6066159935
15957.4850643892
15955.2949720308
15957.2041816871
15957.4850643892
15956.5913340295
15957.1507933857
15956.2277767983
15957.4850643892
15956.1724892858
15955.6361584967
15955.8894638819
15955.9771740471
15957.1660590071
15956.0932412076
15955.9133581723
15957.1164011403
15957.092714394
15957.4850643892
15955.6491525229
15956.2509009454
15955.4744078122
15955.7647247891
15956.2853813254
15957.4850643892
15955.5999465647
15957.1118383861
15955.5699546269
15956.3120903807
15957.2454389136
15956.1379290893
15957.0319762789
15956.4642431071
15957.1718178551
15955.84239792
15957.4850643892
15955.9157399928
15957.4850643892
15955.8350412189
15956.2470910442
15955.7511267698
15956.7506317776
15957.1815427786
15957.4850643892
15957.3066153522
15957.4850643892
15956.4136642314
15956.3444183728
15955.4719258687
15955.4430882513
15956.3219488897
15955.9344680821
15956.9926617809
15955.6088498023
15956.1666199106
15956.0860237457
15955.9803427142
15955.6830298827
15955.8037157625
15957.2123468431
15955.7675988719
15957.4850643892
15957.4850643892
15957.1084356818
15956.0548071075
15957.4850643892
15956.3103646515
15957.4850643892
15956.3264455552
15957.4850643892
15956.2570363163
15957.076821545
15955.8194715609
15956.1454935995
15957.0703449134
15957.3516423326
15957.3161523078
15956.1255945094
15956.5077800917
15955.6855306471
15956.3567959878
15957.4850643892
15955.6545191618
15956.1286262177
15957.3322171564
15956.2415694438
15955.772332151
15957.0091606849
15955.8364438608
15957.1612613768
15955.8973478031
15955.753013071
15955.7478674425
15955.5504439277
15956.3109998664
15956.9288424006
15956.073908827
15955.7476518123
15957.4850643892
15957.1962227784
15955.5913124131
15957.2519241085
15955.8627726267
15956.0731987671
15956.4324501547
15957.0430205668
15955.7512739932
15956.1826132903
15956.3151180909
15957.350698286
15956.4881746649
15957.346323685
15957.4850643892
15956.3791527995
15956.2677820077
15956.4840010764
15956.2306710822
15956.0033563553
15957.2253932954
15957.2975812352
15955.8212145463
15956.34076171
15956.516782322
15955.7063607123
15955.6453238108
15957.4850643892
15956.1739655224
15957.3220823495
15957.4850643892
15956.4123295744
15956.4081184825
15957.4850643892
15957.4850643892
15955.6411988241
15957.1760949673
15955.4932641653
15957.1097576111
15956.1487489712
15956.4650708404
15956.9481754554
15957.4850643892
15956.527566301
15956.4641391943
15955.7269022383
15955.7815241051
15957.4850643892
15957.2835657315
15956.0986687962
15957.1056170568
15956.7316298404
15956.205537136
15956.3905587716
15956.2124227796
15955.8619201783
15956.4017721589
15956.0360720831
15956.2256013134
15956.7164081376
15957.4850643892
15956.5132603126
15955.3709371103
15957.4850643892
15956.3409163346
15955.8974158953
15956.7095925613
15956.3687992589
15955.8275341516
15956.1442386976
15957.4850643892
15955.8782475132
15957.4850643892
15957.4850643892
15956.289777214
15957.4850643892
15957.0794796283
15957.1114741864
15956.0544948391
15956.0623176229
15956.4058124355
15957.2117449651
15955.6911601183
