# type 4 occupying volumes
15943.974098129
15942.860836229
15942.6506973006
15942.9970738168
15943.8001133907
15942.9970739162
15942.9360371036
15943.7569444183
15943.7831160758
15943.7513949295
15942.9970738243
15943.7620418908
15942.9970738169
15942.9970738143
15942.5228276667
15942.4714723566
15942.9970738156
15942.4902974165
15943.8457992045
15944.1379407601
15943.9869423937
15943.0163222617
15943.9195609338
15942.9970738199
15943.8878383085
15943.9596819239
15944.2210204315
15943.8266450164
15942.6388036352
15942.4788574583
15944.3824459064
15942.5323401203
15944.1769105351
15942.9970738143
15943.7702841058
15942.6748718607
15944.2407723847
15942.9970738186
15942.564443143
15942.8264980132
15942.9970738148
15942.4443364044
15942.6135793634
15942.9490091926
15943.9085583366
15942.9970738146
15944.2157261056
15943.952835898
15943.0557903279
15944.2115460815
15943.9661272617
15942.997073819
15942.3583412511
15942.5231292355
15944.0889268225
15942.7382141394
15942.9941567547
15943.9605001053
15942.9970738142
15944.0770126035
15943.019798214
15942.9970738122
15942.9970738207
15942.9970738588
15943.7731300026
15942.9970738125
15944.0133809809
15942.9970738136
15942.5938525977
15944.1920820926
15942.9970738287
15944.0642539885
15943.9697350609
15942.8753544606
15944.0401081669
15944.0264460123
15944.0006725965
15943.2621829568
15942.3372885447
15942.2613619067
15942.7963841897
15943.7441948333
15942.9970738135
15942.1435038393
15942.9970738153
15943.1682694314
15942.7282512404
15942.6432744938
15943.7753566561
15944.0687157499
15944.0287569206
15942.4533109421
15942.5352361829
15944.1639478459
15942.9970738124
15943.9101117198
15942.8763849332
15943.1031781579
15944.1501267139
15943.9507199865
15942.9114050637
15942.9970738171
15944.1019195387
15942.9970738151
15944.049999935
15943.8342725394
15943.8121415329
15943.6888148426
15942.5409644061
15943.927773112
15943.05466494
15943.8447339699
15942.9970738193
15942.9970738173
15944.0288693693
15942.9970738124
15943.8794824958
15942.899173071
15942.5243677556
15942.8060748233
15943.8999179063
15942.977021146
15942.7099223216
15943.9979492031
15942.9970738082
15942.3588283716
15942.721965753
15942.7548772541
15942.341686359
15943.8342917679
15942.4019959756
15943.8134551246
15944.2131558835
15942.5562354057
15942.9970738215
15944.2033128682
15942.3338785175
15944.2448543789
15942.9970738098
15942.7027405811
15943.7208968349
15943.0331453643
15944.3507684453
15942.9805216246
15942.8930141278
15942.7746607048
15943.883681511
15944.2446367762
15942.6007497503
15944.0270405887
15943.689761288
15942.5449470986
15942.5862569617
15942.9970738195
15943.0319149903
15944.3132291172
15943.9679757432
15944.0007808074
15942.9970738189
15942.9970738122
15943.0346668017
15942.6506209211
15944.4252843577
15943.9477112813
15942.7782100955
15944.1344426722
15942.9970738155
15942.4231586788
15942.8270236985
15943.1448111967
15942.9970738164
15942.9970738143
15944.315647272
15942.9970738168
15942.9970738168
15944.0016037041
15943.8406910005
15943.9881007578
15942.6438909109
15942.9970738172
15943.871821445
15944.0887133108
15942.6010462094
15942.9970738168
15944.156952107
15944.4147380507
15943.9257899998
15942.9970738152
15943.4468934539
15942.5660149472
15943.8454850611
15942.8091882617
15943.9605160207
15943.9404632008
15942.9970738223
15942.8996930846
15942.6505478824
15943.8205623711
15942.997073817
15944.1001439092
15942.9970738169
15942.606204521
15943.0155366405
15943.9458956693
15942.9970738174
15943.8462279223
15943.4696214328
15942.9970737772
15942.9970738158
15942.9970738129
15944.1498598525
15942.9360206257
15943.8924284547
15943.9327687366
15943.1179778821
15943.771336589
15944.1321718124
15942.8488590286
15942.6647989396
15944.0149824768
15942.4121304576
15944.1558968292
15942.9970738154
15943.9697810213
15942.9711438212
15942.9970738122
15942.9970738216
15942.9970738161
15943.7449751862
15942.9008230582
15944.1978877109
15942.9970738102
15942.6641870589
15942.7169611692
15943.8729963239
15942.9970738149
15943.7448316241
15944.0818675476
15942.9970738103
15943.8862761221
15942.7420898984
15943.8464382485
15944.0488406326
15942.9246106025
15942.9970738168
15944.0907443534
15942.9970738176
15942.744602715
15942.9970738148
15942.9970738218
15942.7173061193
15942.9970738189
15942.9970738117
15944.0605182798
15943.999683068
15944.0626613774
15944.165962857
15944.1285484448
15942.9970738182
15943.9763104599
15944.0259062729
15943.7166892972
15942.8674944284
15942.4771259027
15944.0382068354
15942.9970738205
15943.856292322
15944.0757880499
15944.0362848484
15943.7782292938
15942.9970738133
15943.9315623558
15942.9970738183
15944.1534514859
15942.4261192442
15944.2630188612
15942.7873900738
15943.3695411146
15943.7416865734
15942.8487396585
15942.9970738164
15942.5510974152
15944.4347803217
15942.5482538351
15942.5774402103
15943.0711836178
15942.5722024238
15942.5443712404
15943.8256576447
15942.9970738198
15942.7758515912
15944.3075084366
15942.8855875213
15942.7954224017
15943.7852291477
15942.9970738112
15943.8849624786
15943.9582402498
15942.5121210172
15942.5471948865
15944.3659627009
15942.9286708407
15942.5474062784
15944.3794355757
15942.9970738294
15942.5137170055
15942.8116040911
15942.9970738133
15942.8214867835
15943.859240765
15944.2195958667
15942.997073837
15943.9252754368
15944.2265123497
15944.1682028214
15943.1606831899
15942.9970738123
15943.3162266021
15944.0873035534
15942.9970738129
15944.252469435
15944.1217501032
15942.9756405487
15943.8273173286
15942.8291924521
15942.997073815
15942.9970738117
15943.9411751675
15943.8215548166
15944.0627624704
15944.0426578738
15943.8767072312
15943.7482082435
15944.0564747465
15942.5481815612
15942.602321314
15943.9416705477
15943.9073844823
15942.6812734724
15942.9970738115
15944.1432975061
15943.1458466822
15942.5614712475
15944.2515015642
15942.7466054395
15943.0771973719
15942.4568503523
15943.9844845376
15943.9552303074
15943.3313202841
15942.9263460436
15942.9970738134
15942.6678209984
15942.9970738164
15944.2448691454
15942.5014613642
15944.0836199757
15943.7890684104
15942.997073819
15942.9970738207
15943.7617367172
15942.6831448616
15942.9970738178
15944.1493719451
15942.997073813
15942.4557585203
15943.9471805457
15942.9970738139
15942.5459881038
15942.9970738209
15942.8610880424
15942.3501317834
15942.243978204
15942.8766616793
15942.8204245327
15943.8917507833
15942.9970738144
15944.0015607111
15942.3106425925
15942.4972731893
15942.6709117929
15944.0756982835
15942.9970738187
15943.9702124193
15942.8946671079
15944.336803179
15942.9970738199
15944.0535322978
15942.992753417
15942.9970736144
15943.9387634215
15942.9970738185
15942.9970738157
15943.8320082925
15943.0815986788
15942.6307301564
15944.0252471337
15942.9970738104
15943.0314094377
15943.7183471044
15942.6513596004
15944.2555629505
15942.8950660024
15942.5841564577
15943.3335347887
15942.4031566025
15942.9970738201
15943.0012806271
15944.2112389721
15943.0792824815
15942.6081994473
15942.4552245149
15942.9970738195
15944.1236288589
15943.8732267425
15944.027348455
15942.9970738174
15942.677979987
15942.9970738155
15942.9970738176
15944.0159094994
15943.9358227303
15942.8767765351
15943.8521049067
15943.7812407871
15942.7366610699
15942.9847468512
15944.0539137862
15942.9970738214
15942.8939383131
15943.1288701592
15944.1107722912
15943.6986662528
15944.1086243813
15944.1404909335
15942.5246034942
15942.7059908497
15944.1160787313
15944.2121112936
15943.8470874218
15944.0638192106
15942.7706641761
15942.9970738174
15942.696659292
15942.3271227714
15944.1961233493
15943.9292818811
15942.9970738124
15943.022720185
15942.4714071753
15943.0028645834
15943.9853790156
15943.9256510142
15942.874804981
15942.9970738136
15944.2468226538
15942.8032008845
15944.2211119139
15943.1820154003
15942.3821790376
15943.0927599116
15942.7067841765
15944.2881074293
15943.2424049218
15944.091733626
15942.9020245274
15943.0582018791
15944.2904922813
15942.9956517668
15943.8286614695
15944.3217108822
15942.9621792175
15943.8797905141
15944.136263434
15944.0323264338
15942.9970738149
15943.8770271548
15944.278614878
15942.5679378851
15942.6655014744
15942.9483541842
15944.3289996427
15942.3126848375
15943.9360909501
15942.5798170015
15944.083719965
15942.997073816
15943.9360015953
15942.9970738111
15944.1588750679
15944.0389597552
15943.9285611439
15943.9290852551
15944.0986298542
15942.5927193147
15943.8128058276
15943.0571216304
15942.6380300254
15944.1512817235
15943.0329519705
15942.9970738169
15943.7102808027
15943.8597958209
15943.9730473183
15943.8736622502
15944.1320897303
15944.1700841813
15942.6395484378
15944.0442801558
15942.5457510422
15943.90767025
15942.9970738148
15943.9582381484
15943.0554780963
15944.0113794831
15943.7673876988
15944.1375964524
15942.9970738192
15942.997073821
15942.9570720865
15942.9920014485
15944.0702018918
15942.5191027691
15942.4260324648
15942.8323545548
15942.6331889642
15944.0391959121
15942.5392408646
15942.8795115458
15942.5768407617
15942.4174350961
15942.6476563504
15943.2520329633
15942.9970738133
15942.2769744521
15942.9970733766
15942.2478101007
15942.6463019212
15942.9970738148
15943.9818834899
15942.8309664786
15942.9970738151
15943.764305197
15944.0860492749
15942.6448316228
15942.9970738098
15943.0353899863
15942.6190041646
15944.0567204616
15942.9970738155
15943.208293967
15943.9270203121
15943.6733041778
15944.1453973464
15943.880393285
15942.8636252662
15943.5678249397
15942.9970738141
15942.9970738196
15942.9970738128
15942.9970738159
15942.9970738168
15944.1694033519
15942.7600234404
15942.5294030205
15943.1503465102
15943.823713675
15942.8166487163
15942.9745298204
15943.051701038
15942.8917994138
15944.0609471866
15942.9970738286
15942.9970738121
15944.1166204423
15942.9970738116
15942.8595395312
15944.1287203202
15942.8090735875
15942.9970738176
15944.0553094147
15943.9934584046
15942.9970738151
15942.831241049
15942.6148678152
15944.0993604745
15942.9970738155
15942.9970738136
15944.1022156204
15944.1571659599
15943.7521483261
15942.598388163
15942.9970738835
15944.0128410647
15944.0676196372
15942.6401205139
15944.0975156375
15943.8820396579
15943.2404223675
15944.0192346841
15942.9970738185
15942.8673202449
15942.9970738144
15942.9970738176
15943.802659288
15942.6543109467
15942.5069890379
15943.8808088061
15944.0591738785
15944.2010362928
15942.8639865659
15944.1458872018
15942.868030084
15942.629668951
15943.865399606
15942.5415171737
15942.997073796
15942.2995057287
15942.6820327761
15942.9409020104
15942.6365006917
15942.6342281771
15943.8152122648
15944.1531163986
15943.1605388468
15944.3282867206
15942.6176561686
15942.7322158024
15944.1364110941
15942.6294023731
15942.7052244813
15942.5313114962
15944.4168691368
15942.7841375877
15943.8166208311
15942.4581428286
15942.9970738473
15942.9454833137
15944.1991482723
15942.4569349406
15942.997073818
15943.8943969952
15942.8062798743
15942.997073818
15943.9319381666
15942.4673342532
15943.0965751128
15942.4045816177
15942.6306915786
15942.997073816
15944.1819401129
15943.140629712
15942.321454767
15942.8097605772
15944.2133155605
15942.9970738202
15942.9970738124
15943.8831882606
15943.840312811
15942.9970738086
15944.0514094187
15943.8706393192
15943.8859962728
15944.2172432809
15942.9970738155
15942.884747287
15944.0363155199
15942.4835466652
15942.8387149932
15942.5022850352
15943.6501869724
15942.7320881094
15943.1208494283
15942.997073822
15944.2581775484
15942.9970738131
15942.9970738216
15944.0623110043
15944.1129325968
15943.081433276
15942.7752856297
15942.6107814792
15942.9970738185
15942.9970738155
15944.0100030984
15942.9970738175
15942.7229317692
15942.9970738168
15943.9231327317
15943.9457834389
15943.2350314636
15944.1428508058
15944.2310906316
15942.6511079832
15944.2089552361
15942.4607752371
15942.9214394563
15943.9157523407
15943.8470936659
15942.7564375213
15942.7303974172
15942.9557636244
15943.925919878
15944.0697593494
15942.7410216711
15943.8051670903
15942.9475086745
15942.9970738096
15942.9970738156
15943.7358133533
15944.1765012629
15942.5954845765
15942.2421256391
15942.6718338728
15942.9970738147
15943.7309653826
15944.0834702742
15943.9483329602
15943.8577504838
15943.8744802211
15942.9970738158
15942.8897869318
15942.5259972456
15943.9923232578
15943.8057164124
15942.7949731496
15942.3036268617
15942.8659681497
15942.9970738135
15943.6340254585
15942.619323666
15944.2334391993
15942.9970738192
15942.9970738194
15943.8462724292
15942.6878160928
15944.3067088155
15942.8574909495
15942.061682434
15942.6748597524
15943.9199121461
15942.5359907421
15942.6218826061
15942.6373227031
15944.1889956101
15943.2423763706
15943.7970388165
15944.2861874048
15942.9970738182
15942.9338938397
15942.9970738156
15942.9970738524
15942.3865998127
15944.1580220771
15944.1299294065
15942.9970738182
15943.9907334719
15942.991640696
15942.9970738134
15942.7343223901
15944.113219787
15943.8919731943
15942.997073812
15942.7607640902
15944.0983031439
15942.5701525944
15944.0204871628
15944.1031642305
15942.7766854448
15943.8582940733
15943.3258313393
15944.1312075163
15943.9911592351
15944.1000854964
15943.1916584856
15944.1466863119
15942.6896111794
15943.7612132353
15944.114172436
15943.0814749919
15942.9106345648
15944.066409812
15944.055440506
15942.9455155101
15943.8873939078
15943.108855669
15944.0809964708
15942.7642320883
15944.2083878114
15943.0172466941
15942.9970738102
15944.1460867779
15944.0679027327
15942.7286377626
15943.9932826124
15944.032153721
15942.9970738121
15943.9665469982
15942.7224501025
15943.6923966638
15943.9474208317
15942.9970738166
15942.8541696857
15942.3494472145
15942.7569512373
15942.6262701302
15944.3198247693
15942.3759334936
15943.998336627
15942.9970738134
15942.9970738179
15942.9655028235
15942.9970738164
15942.4969780042
15942.465652021
15942.9694975522
15942.2455306182
15943.8238618185
15942.997073816
15942.6948315513
15942.7800853779
15942.9150461422
15943.6809861154
15943.9935817914
15944.1706914734
15942.9970738157
15942.3008493877
15942.9970738557
15944.4197216019
15942.4763551788
15942.8826589005
15942.9970738181
15942.6275802974
15942.9970738912
15942.3277471062
15942.9970738149
15943.8633178375
15944.0588420187
15942.6945813179
15942.5325699332
15942.6068137891
15942.6682878327
15942.687299439
15942.9970738175
15944.0965158054
15942.9970738177
15943.8472562029
15942.3517819788
15943.1521587049
15943.6417171208
15942.9970738141
15943.8050120038
15943.0548441939
15942.4457627815
15943.7892150517
15942.6482186335
15944.3682157986
15942.9970738137
15943.8076656172
15942.6642616063
15942.9970738178
15943.8206391229
15942.4169808856
15942.4643437259
15944.0558531659
15944.0404799668
15942.9970738123
15943.0090103326
15942.9970738132
15944.0677253818
15942.9970738187
15942.997073744
15942.9970738203
15943.6156927588
15943.8629087618
15943.2098551756
15943.0156829684
15943.7184651559
15944.1417359479
15942.8745911754
15942.9185753235
15944.138105261
15942.9970738211
15942.9970738204
15944.2840366779
15942.7518226598
15942.6500927023
15942.3076191057
15942.9970738124
15943.1621894805
15942.3632083049
15942.4949101977
15944.2601977938
15944.1843362224
15943.8698022727
15942.6174948501
15942.9074702951
15942.6550856983
15943.9241909376
15944.1800214508
15944.1261366625
15943.8618349951
15942.4382649486
15943.820644799
15943.9297053278
15943.7577776177
15942.6158702436
15944.2098086448
15944.3074753298
15942.7673846624
15943.9117812054
15942.3917280027
15942.9970738183
15942.9970738154
15942.9970738166
15944.2514202806
15942.8281885751
15942.5705291081
15942.6319679887
15943.9323514755
15943.7974657627
15942.9970738207
15942.645797533
15942.3561280062
15942.4170966698
15942.9970738106
15943.0416170614
15943.8525229202
15942.9970738224
15942.3021332013
15944.0800375222
15944.0363985425
15942.9970738139
15943.9400088365
15942.467616425
15942.5866041428
15942.378526496
15942.8100327262
15942.4754065256
15942.6932321018
15943.0424373014
15942.9970738197
15943.8916029053
15942.154424857
15942.9970738137
15942.4604451039
15942.9970738212
15943.9472288438
15942.9970738164
15944.0944146874
15942.7793792088
15943.8944947046
15942.228558184
15943.9674815687
15942.5535965207
15944.2101064345
15943.8690954661
15942.7227708884
15944.182268391
15942.6686201833
15943.0440234944
15942.4282185444
15942.9970738199
15942.9112617056
15943.9177456948
15942.9970738446
15942.6053447859
15943.7894125908
15944.1025042453
15942.9117393555
15942.997073818
15944.2072071529
15944.1931400099
15943.0527115805
15943.9184903151
15943.9994306933
15943.1111515885
15944.109809745
15943.5618944404
15942.9970738196
15943.8702611593
15942.3531170204
15943.8642534216
15944.1526297338
15944.1917066131
15942.6385278618
15943.8348859597
15943.0327294875
15943.9154326084
15943.2738609632
15943.904060634
15942.9970738141
15942.9970738139
15942.5100158411
15942.5384675037
15943.9041739705
15942.4282011531
15943.8373024755
15944.2153608835
15942.4802965472
15942.9970736349
15943.9911590995
15942.3932373466
15942.9970738165
15942.7264752669
15944.4708778435
15944.117907403
15942.8566866973
15943.8629358768
15943.9021085298
15942.6519794189
15942.5164965918
15942.6359455816
15942.7136587423
15942.9970738161
15943.332884556
15943.8899917421
15943.8623329097
15944.2004867912
15942.9970738152
15942.8713787103
15944.1991663289
15942.9970738182
15942.2882209642
15942.7311359843
15942.9970738121
15944.069033402
15943.1186832119
15943.3236367389
15942.7490808693
15943.7707965662
15942.9970738084
15942.9970738208
15943.8663871104
15944.2485740596
15942.9970738117
15942.7664055616
15944.2626856472
15942.473928139
15942.8295293202
15944.2212325279
15943.0269407398
15943.0083178015
15942.4050195811
15943.7748094015
15943.7903000727
15942.3834418628
15942.7361073579
15942.3370591988
15942.9970738162
15943.8836004095
15942.9851145734
15943.971462006
15942.9970738177
15944.3196039125
15942.5396153537
15943.8962916489
15943.9517936309
15943.9075449529
15942.5978458713
15944.0134446824
15944.0523470935
15942.5140082635
15942.6849686132
15942.8192589964
15944.0273213737
15943.8939283345
15943.3128517536
15943.1291450282
15942.9970738141
15944.175828954
15942.7171435503
15943.1329314923
15944.2460116158
15944.2498958196
15943.5863194347
15942.5112407307
15942.4837042824
15943.9514223347
15944.1228892457
15943.9310629559
15944.2310157217
15942.3967072131
15942.612384854
15943.9980369286
15942.76419029
15942.494255035
15942.6278699425
15942.5614844716
15944.1873929449
15942.1026864865
15942.3708874839
15944.0241752375
15943.8553616567
15942.5716052547
15944.0907373684
15942.9970738104
15943.8356103644
15944.1554459445
15942.3714738238
15942.4718394639
15942.9970738171
15942.9970738179
15943.8733521323
15942.5999818361
15942.3689500104
15943.9441222902
15942.6768819641
15944.1891696231
15942.8899161018
15942.9970738166
15942.9257368813
15942.6371590272
15942.4117176475
15943.8926602547
15943.9315429799
15944.4188678429
15943.3743209217
15942.9970738228
15943.816565974
15942.7235993765
15942.9970738163
15942.4513883809
15942.9970738161
15943.9248944046
15942.8410922795
15943.7611265001
15942.997073817
15942.9970738198
15942.9970738159
15942.6272379758
15943.9544810615
15942.9970738438
15944.004946673
15943.9442297117
15942.9996185892
15942.9970738153
15943.6590672898
15942.6403841106
15943.7012982962
15942.9970738175
15942.9591736011
15943.8683060219
15942.9970738153
15942.9970738096
15943.9768722267
15944.0542028143
15942.9970738138
15942.9428493785
15944.0667239194
15942.3976192266
15943.0330105058
15944.123469456
15942.8758878452
15944.0977656808
15942.6613934534
15944.2021373539
15942.8361889666
15943.7370025178
15943.9154168204
15943.101535426
15942.9970738713
15942.6759289099
15944.4342812593
15942.8032275631
15944.3477103861
15942.678184205
15942.9970738105
15944.1992663751
15942.9970738154
15942.6213949944
15942.8638113561
15943.8557600408
15943.8240504691
15944.1365958133
15942.9970738203
15942.6714128382
15942.4338899733
15942.7053292547
15942.9970738117
15942.9970738329
15943.86401072
15942.5768554649
15942.4090378737
15942.6552935279
15942.9970738161
15942.963389442
15942.3042662035
15942.3838289101
15944.1556944983
15942.8228606383
15942.9970738182
15942.9970738121
15942.2742613233
15942.9970738124
15943.9764653618
15943.8818320518
15943.794251308
15942.3716594024
15942.9970737457
15943.554385515
15943.0591595958
15943.8398915009
15942.9970738031
15943.7610917209
15942.2975453548
15942.2892152609
15942.622025855
15942.3071391068
15944.5331191226
15944.271230302
15942.9970738149
15943.8542806688
15942.4306759471
15943.8064426583
15942.9970738166
15942.9970738174
15943.1886134432
15942.4752724767
15942.6741446695
15943.8225657554
15942.9970738158
15942.9970737205
15943.8987508576
15943.9481122526
15942.3476612162
15944.0794674336
15942.5132928079
15944.1790699584
15942.8495097318
15942.3813959661
15942.7484254384
15943.67051301
15942.8477153179
15944.2762836338
15943.9474953474
15943.9985799162
15942.9970738546
15943.045534474
15942.724632571
15942.1296369505
15942.99707388
15942.7528269893
15943.9566597989
15942.3410341795
15942.4450064952
15942.9970737045
15942.9063688271
15942.997073816
15942.5727668876
15942.2589111075
15944.1170222372
15944.2312656865
15943.7907093998
15943.9096789324
15942.9970738155
15943.9061789029
15942.9970738154
15944.0684520624
15942.7381616973
15944.1549284779
15942.9970738108
15944.0028940834
15942.7323184722
15942.9970738125
15943.834602712
15942.4720159899
15942.9577622992
15942.8883408512
15942.9132685275
15942.7551803108
15944.2352434423
15943.9053988239
15944.0219510699
15942.5989595517
15942.5561371537
15942.724735353
15942.8356098088
15944.0296397517
15943.9002899399
15943.8785279732
15942.3844225565
15943.1199352652
15944.0625579581
15942.4962523283
15942.9970738176
15943.9640101453
15942.5981708309
15942.9970738171
15943.8804263143
15944.031663105
15942.5630255655
15942.9970738148
15942.4510831023
15942.605847891
15943.1193953105
15943.7655345035
15943.9284770248
15943.0104340745
15942.9970738128
15943.8945934122
15942.997073863
15943.8067888264
15942.9970738176
15942.9970738172
15942.9970738125
15942.346940884
15942.9970738194
15943.7148802018
15942.9970738169
15942.531089099
15942.3466748904
15943.6638920955
15944.2708648971
15942.8791784163
15942.9970738137
15943.8841218321
15942.7598465364
15943.8221592079
15943.9275457667
15942.9970738171
15942.9970738096
15943.0148868982
15942.9970738146
15942.5571651535
15943.7962103981
15942.9970738157
15943.7198121124
15942.5587612434
15942.7992081843
15943.8050013287
15942.4451798386
15943.8520971384
15942.6079486511
15942.5089016639
15942.3232263469
15943.8518509655
15942.9970738226
15942.4230595584
15942.3887737654
15942.9970738187
15942.997073821
15942.9970736031
15944.044045246
15944.1543010952
15942.9970738186
15942.9809890552
15943.9891935601
15942.9169093245
15943.8543347026
15942.8906928127
15942.5800957291
15942.4974236241
15942.5426987576
15943.1805208462
15943.9636828627
15944.153541499
15942.9970738162
15943.8781553184
15944.1128563356
15943.7480774904
15944.1991321247
15942.7173320172
15943.3739415267
15944.1387222458
15943.8039768088
15944.183119739
15942.6262269514
15942.5867881872
15942.9970738194
15943.9339325556
15942.4996270275
