# type 3 occupying volumes
15944.1969661677
15942.8959037566
15942.6917626752
15943.2237364599
15944.0188996632
15942.7343040378
15942.5906064653
15943.8401000695
15943.9012035628
15943.5178086304
15943.0503628093
15943.642545426
15943.2114886327
15943.0729275408
15942.6580538077
15942.7551675365
15943.2772281872
15942.9970738122
15943.8562324481
15943.9365874495
15943.6497387486
15942.9970738168
15943.6133369439
15942.4798053002
15943.430942066
15943.7430383462
15944.1207244023
15943.9367819828
15942.9970738216
15942.6577014174
15944.446072356
15942.6345383176
15944.3005395599
15942.8626291876
15943.8106877596
15942.5883885357
15944.5807045743
15943.122690321
15942.6323373332
15942.9970738123
15943.1295332781
15942.6799033156
15942.9970738006
15942.9970738179
15944.0145770985
15942.9227921983
15944.3749869893
15943.8700364246
15942.9970738197
15943.7993609001
15943.8880684617
15942.9987240354
15942.6531136533
15942.5979046685
15944.2819696338
15942.9970738128
15942.9970738179
15944.0661504283
15943.1600519379
15944.352253538
15942.9970738175
15943.1802771637
15943.0060443284
15943.1039630243
15943.7347458863
15943.3329040129
15943.8148939838
15942.9266288792
15942.7038893965
15944.5902351525
15942.7947670654
15943.9350434583
15943.9834877034
15942.99707383
15943.8573208875
15943.9908669804
15944.0526931949
15942.9970738197
15942.5643808647
15942.7201418325
15942.9970738191
15943.9491599444
15943.2909908852
15942.4448424555
15943.1436526219
15942.9970738129
15942.9970738165
15942.7057538594
15943.8556127175
15943.7760002553
15943.7898370055
15942.7031229314
15942.5762064232
15944.3451209717
15942.9366853669
15943.942434091
15942.9970737584
15942.9970738188
15944.3248259396
15944.252883811
15942.9970738257
15943.0793671189
15944.1064011754
15942.7929066156
15944.0274604766
15944.0665732524
15944.0883546837
15943.9333872448
15942.5368821123
15944.0021521104
15942.9970738151
15943.8827031246
15943.0800608049
15942.9165959954
15944.2459686083
15943.0835570769
15944.3938919689
15942.9970738157
15942.4951896057
15942.9970738135
15944.1916207367
15942.997073813
15942.9970738162
15944.6042504117
15942.9792059958
15942.8046818642
15942.575301377
15942.9970738096
15942.6254564352
15943.915728318
15942.5937365343
15943.9520699319
15944.4079213928
15942.5986493394
15942.9894951839
15944.4094090195
15942.7260838422
15944.3914299581
15943.093454592
15942.9970738156
15944.0410281471
15942.9970738171
15944.4982112824
15942.9970738096
15942.9970739633
15942.9970738103
15944.4569307877
15944.5246768595
15942.5356901485
15944.2260338431
15943.7655478697
15942.5832070055
15942.9970738147
15943.4370367534
15942.9970737991
15944.6353822591
15943.6679442334
15943.9908050306
15943.1874617314
15942.8354421426
15942.9970738257
15942.6695655364
15944.8482780377
15943.9687581074
15942.5431833874
15944.4081258044
15942.9086874875
15942.7797827708
15942.9970738104
15942.997073815
15943.2261933358
15943.1819215571
15944.0536920363
15942.6180231278
15942.8012183663
15944.1145390587
15943.9469581075
15943.6919291899
15942.5744907868
15942.8204951186
15944.0601084693
15943.8647519374
15942.6098553691
15943.188794007
15944.3738650576
15944.8186682192
15944.0070433181
15942.8061188506
15942.9970738158
15942.5383882938
15943.6971658512
15942.6914915769
15943.7845206738
15943.800092161
15943.0135513339
15942.9970738783
15942.6960062005
15943.7373842625
15943.2289730649
15944.259001409
15943.1069054807
15942.5147821434
15942.9970738182
15944.1703958332
15942.6579227992
15943.8172858551
15943.5747330202
15942.7574818288
15942.9188060179
15942.8228489467
15944.0701601783
15942.9970738169
15943.80811181
15944.1342179797
15942.9970738235
15943.5463477252
15944.1867546126
15942.9970738225
15942.9970738178
15944.1895678956
15942.5130456978
15944.2131989508
15942.9345053955
15943.9372310067
15942.9970738175
15942.82122261
15942.6365482079
15943.3221914384
15943.7152707444
15942.4882739872
15944.3156059147
15943.5827952973
15942.9970738184
15942.9970738122
15944.0098987818
15942.7245447068
15943.6744572759
15943.7528080419
15943.0145923733
15943.9140908427
15942.5275894715
15943.7856877473
15944.0312991564
15942.5873044346
15943.1548634305
15943.8836642294
15943.0800338118
15942.5474280887
15943.3666829715
15943.0904447766
15942.9970738179
15943.1334964644
15943.2358672491
15943.628485849
15943.928118457
15944.0378271008
15944.181242164
15944.3102721622
15943.2166136309
15944.1322279844
15943.6564526601
15944.0327458891
15942.6104774068
15942.7350718992
15944.0984793959
15943.2006819852
15943.6843235422
15943.9118195087
15943.9802086653
15944.0148833468
15942.9722719691
15943.8829864236
15943.2061556411
15944.2219648925
15942.4293773054
15944.4565900798
15942.9970733314
15942.9970738064
15943.7401507251
15942.9970739495
15943.0312562836
15942.6112762337
15944.8452226988
15942.6677766632
15942.9970738206
15942.9970738118
15942.5301699332
15942.6122333018
15944.0444376271
15943.2287635582
15942.9970738215
15944.5659626728
15942.9970738191
15942.9970738928
15943.9363963413
15943.0413500612
15944.1247506301
15944.0809866861
15942.6583895607
15942.7246089117
15944.8334074622
15942.9970738313
15942.7114443246
15944.6365575016
15942.9551048303
15942.6716375104
15942.9970738121
15943.3513285384
15942.9970738177
15943.9969357974
15944.3784439501
15943.2369050291
15944.1988518205
15944.4657857435
15944.306493313
15942.9970738137
15943.2569856957
15942.9970738172
15944.3153830853
15942.9332456113
15944.3752471099
15943.9723301295
15942.9970738155
15943.9106882219
15942.9970738182
15942.8976085331
15943.0176254666
15943.8133300485
15943.7723033037
15943.9486544361
15943.7205453722
15943.8229225074
15943.8154167153
15943.9884873748
15942.5568169492
15942.480772289
15943.9876178871
15943.5367083717
15942.45091337
15942.9311399725
15944.157782365
15942.9970738135
15942.3988506862
15944.18644909
15942.9970738114
15942.9970738154
15942.6514480866
15943.9487640473
15943.7542367407
15942.9970738189
15942.9970738151
15943.1773182103
15942.9970738161
15943.3217120777
15944.45228007
15942.7494507865
15944.2859002692
15943.9294152952
15942.9967019732
15943.3749268511
15943.5921732004
15942.6038053642
15943.0808245913
15944.173019177
15943.0602793726
15942.5685725152
15944.0522233084
15943.0696419635
15942.9970738239
15943.0739119899
15942.9970738149
15942.9970738169
15942.7982438766
15942.9970738164
15942.9970738203
15943.7896811525
15942.931399029
15943.9453961361
15942.7436386998
15942.7326138289
15942.9970738116
15944.1199935874
15943.1475102902
15944.2058720921
15942.9970738125
15944.6940002467
15942.9384625524
15944.2417759213
15942.9970735927
15942.8485137093
15943.7370084364
15943.0138112775
15942.96403014
15944.0238242851
15942.9970738431
15942.6913808597
15944.3762426891
15942.9528016528
15942.997073813
15944.0225963717
15942.7225511879
15944.4616827671
15942.570290957
15942.5705900799
15942.9970738075
15942.7976133948
15943.281645799
15942.9970738199
15944.2981509852
15942.9970738118
15942.7627818863
15942.5675957637
15942.9802545778
15944.0334631016
15944.1418549686
15944.2290805102
15943.1645232757
15942.5879070175
15943.0974532997
15943.0901560183
15943.8083653045
15943.8360236679
15942.9970738191
15943.9304844684
15943.9626224293
15942.6299041401
15942.9970738175
15943.9560034428
15942.9689902039
15942.9970738166
15942.997073822
15943.940689531
15943.6578587278
15943.8400243875
15944.6230501525
15942.6545175136
15942.9970738167
15944.2230531982
15944.0980697713
15944.105936069
15944.1777459584
15942.5168621903
15942.801499496
15942.7203445069
15942.5989692767
15944.0691537363
15943.7843351398
15943.1091716197
15942.997073821
15942.7517432492
15942.9970738177
15944.2779941857
15943.8885884897
15942.9970738193
15943.1087333635
15944.3751482933
15942.5033837275
15944.420033952
15942.9970738137
15942.6514023997
15942.9970738137
15942.5138380595
15944.283586571
15942.9970738142
15944.0788950823
15942.6103445043
15942.9970738138
15944.6773988176
15942.9970738236
15944.1104474608
15944.5913588515
15942.9970738142
15943.7730021817
15943.8619077182
15944.4497041992
15942.9346708937
15943.9200050065
15944.3678190097
15942.7332405339
15942.7540533639
15942.9970738134
15944.701453672
15942.6547776397
15944.0970167472
15942.4929873738
15944.0656570771
15942.9505257818
15943.6788308862
15942.7518680273
15944.1409920699
15943.8050747057
15943.6729577405
15943.8985887328
15944.0004302115
15942.647444057
15943.7044833169
15942.9970738207
15942.5676392443
15944.3227519537
15942.5802759763
15942.9294848943
15943.7960520308
15943.7785177294
15943.975463334
15944.0202478468
15943.9783172372
15943.9617312833
15942.554408235
15944.0312327805
15942.7298089417
15944.1303254152
15943.0103190449
15943.7204161919
15942.9970738189
15944.2472678585
15943.9125811391
15944.3012479098
15943.128310099
15943.0145880446
15942.9970738172
15942.9970738167
15944.3341408991
15942.5908691297
15942.7368058013
15942.9970738235
15942.9970738191
15944.0888565067
15942.7562116751
15942.9970738158
15942.997073819
15942.5289282039
15942.9970738172
15942.9970738208
15943.2317815967
15942.643255941
15943.3357832447
15942.5806493219
15942.9970739446
15943.3525871153
15944.0991356228
15942.9970738116
15942.9234399211
15943.6791897651
15944.2103257702
15942.4945573066
15943.21031761
15942.9970738207
15942.6416434575
15944.377286118
15943.2006448863
15942.9970737959
15943.7810810523
15943.6515529536
15944.123546696
15943.8342081052
15942.9970737491
15943.8784379434
15942.9101006587
15943.0572293638
15943.1146976844
15943.113445873
15942.8492542599
15944.3258099503
15942.9970738141
15942.5389301463
15942.9970738195
15943.8619835187
15942.9970738133
15942.9970738143
15942.997073814
15942.9970738166
15943.9558844196
15942.8899858801
15943.1022589493
15944.007776407
15943.2128752719
15942.9970738196
15944.1612673988
15942.557994599
15942.9648929088
15944.0810204534
15944.0325210349
15942.8389291118
15942.9970738118
15942.4891192629
15944.3602561003
15942.7954700896
15943.0717065418
15944.0819344945
15944.378390471
15943.8509369666
15942.6032743886
15942.9101664372
15943.9673778499
15943.9911822963
15942.6134078434
15943.9472464464
15943.8292058347
15942.9970737702
15943.6973393115
15942.9566611134
15942.9970738135
15942.8689068109
15942.9955858184
15943.8945701456
15942.9970738189
15942.8019987113
15944.1674557727
15944.0654839556
15944.3067358833
15942.7810638482
15944.3712966665
15942.9970738124
15942.5811523638
15943.9709689978
15942.6821784347
15943.3625711064
15942.6491974815
15942.5852356992
15942.9970738097
15942.6513061329
15942.787699771
15943.8225932779
15944.2698884557
15942.9970738155
15944.5750504444
15942.7158160005
15942.997073819
15944.3633244365
15942.9970738203
15942.9970738104
15942.7011244759
15944.8076640138
15942.9970738136
15944.1450638102
15942.6426529986
15942.9710152007
15942.9970738141
15944.3535372611
15942.5919156766
15943.3136112474
15944.2163562144
15942.9970738189
15943.433264023
15943.9188574806
15942.8157316584
15942.9970738158
15942.4468391045
15942.590285507
15943.0127766335
15944.1204414848
15942.9970738109
15942.4351856999
15942.9970738206
15944.0671513143
15943.2844816854
15943.1983978608
15944.0463267243
15943.9636586872
15943.1450753663
15944.2287808759
15943.6507538795
15944.2002426387
15944.2082246939
15942.971289261
15942.997073817
15944.0614336424
15942.7533595116
15942.9970738159
15942.5702195633
15943.9564484324
15942.9970738135
15942.9970738148
15943.2531920057
15944.6166511145
15943.112831055
15943.1968370584
15943.841025858
15944.2228685071
15942.6749129
15942.655735006
15942.8203970842
15943.121767941
15942.966012154
15944.0229150995
15943.0227754808
15942.6867073537
15942.9593945437
15943.964079405
15944.1139146255
15942.9970738184
15944.2077542526
15944.4479808338
15942.9970738148
15944.4949444436
15942.5148079679
15942.9970737883
15944.0633472103
15943.865295438
15942.9970742713
15942.3602364129
15942.9970738162
15943.9158127294
15943.990704673
15942.4569071131
15943.9043484307
15942.997073817
15942.9289968723
15943.5295635859
15944.0865413144
15944.6746049026
15942.6764016205
15942.7660011495
15942.9970738129
15942.8930985458
15943.7555676967
15943.7457031702
15943.9162398146
15943.6720732691
15943.7813309094
15942.84801163
15942.9970738178
15942.7200008533
15944.2362404099
15944.1700222204
15942.9970737454
15942.6401744755
15942.9970738119
15942.903108139
15943.8553585112
15942.5944934013
15944.1877176318
15942.9877017365
15942.9462751051
15943.8973968861
15942.9970738121
15944.5940844609
15942.9970738148
15942.4615689006
15942.9970736922
15944.270673982
15942.7139718025
15942.7915345238
15942.6019762108
15944.1030848878
15942.997073818
15943.5984302851
15944.3086280855
15943.0406445321
15942.9970738185
15943.1302992151
15942.9206036697
15942.8317357107
15944.3633852954
15944.4909568732
15943.0289566074
15944.0733372552
15942.9970738135
15942.9658228313
15942.9970738119
15944.1776034582
15944.081676945
15943.1942506163
15942.997073818
15944.176855199
15942.6710619886
15944.1016799782
15944.2215482095
15942.8054699234
15943.8958452311
15942.9970738193
15944.0891314802
15943.6443712342
15944.1483218737
15942.9970738178
15944.2858926967
15942.7953393604
15943.8530238138
15943.8436032872
15942.9970738117
15942.7825646387
15943.8135425879
15944.1726889221
15942.9970738169
15943.7690353558
15942.9970738188
15943.9780812366
15942.7289802106
15944.4000625494
15942.9970738172
15943.1066472069
15944.2791862171
15944.227049951
15942.6259972527
15943.9516321983
15944.109331932
15943.0422050179
15943.9037166059
15942.6650481185
15943.8814258634
15943.9138376854
15943.2372926988
15942.9970738133
15942.6689482432
15942.9970738196
15942.6286149149
15944.6695473902
15942.7647061094
15944.2318513978
15943.1428404163
15943.1438368818
15942.9970738132
15942.8924161332
15942.9970738106
15942.6540873136
15942.9970738204
15942.4897780019
15944.1111769703
15943.2302142557
15942.4693675975
15942.997073813
15942.9970738168
15943.7862582652
15943.8919584378
15944.3915605519
15942.8834616802
15942.7256330257
15943.451494834
15944.6883405995
15942.5840065866
15942.9970740264
15943.2848829318
15942.5762132797
15943.0529690942
15942.5493470946
15942.8123661494
15944.0092078934
15944.2200675137
15942.9970738125
15942.6613602852
15942.6252899669
15942.7459759358
15942.9970738162
15943.0824699263
15944.2179849783
15942.9674057715
15944.0442632546
15942.6874476318
15942.9970738137
15943.9529970754
15942.7757663895
15943.7687818012
15942.9970737962
15942.7702912468
15944.0777230346
15942.5844099276
15944.6129026648
15943.2160863089
15943.8398648624
15942.4896178328
15943.1032858172
15943.9265775802
15942.5509841581
15942.5138252095
15944.1965760903
15944.2038957311
15943.0639800208
15942.9970738134
15943.1251874012
15944.081860062
15943.1835326017
15942.9273390584
15943.0329068684
15943.6922368333
15943.9935184114
15942.997073822
15942.9970738135
15944.0424264991
15944.3563556139
15942.9970738206
15942.9970738137
15944.3329815342
15943.2821446821
15943.0314393139
15944.5514125465
15942.9970738209
15942.6025192871
15942.4708756861
15942.994369882
15942.9970738179
15942.6849155447
15942.5560647375
15944.3818130464
15944.2042384495
15944.0500325217
15942.5732702511
15942.9970737695
15942.9970738159
15944.0048105476
15944.2669670105
15944.089804348
15943.9290524804
15942.5020824237
15944.0298516655
15943.9779924237
15943.790552482
15942.5795295491
15944.3472227332
15944.2639398407
15942.9970738144
15944.1777225033
15942.5770303937
15942.8487517927
15943.3982751647
15943.357431425
15944.7443027574
15942.9970738154
15942.5766509283
15942.6285361619
15943.9359858405
15943.5920972862
15943.1636133394
15942.9970738226
15942.9970738165
15942.7929007504
15943.2948991415
15942.9970738155
15943.8787792455
15943.0256703641
15942.7623140614
15944.251300126
15944.2905429299
15943.045168734
15943.6522476891
15942.6151897295
15942.9970738149
15942.318567066
15942.9970738128
15942.9970738183
15942.9970738182
15942.997073812
15942.9341194527
15943.8956020628
15942.5981752374
15943.3258139717
15942.7282866774
15943.0567868173
15944.208624581
15942.8666862962
15944.0250439504
15942.6799696573
15944.227463873
15942.7218241937
15943.7433623348
15942.5245584965
15944.5838979348
15944.0490445672
15942.997073821
15944.3810628666
15942.5729652173
15942.997073811
15942.4789570347
15943.5630110261
15942.9970738419
15944.0003244146
15942.9156897277
15942.5668861717
15943.9867425815
15944.2453963864
15942.7362955666
15943.1789718203
15944.3432942551
15944.2867068467
15942.9970738072
15943.8437598601
15943.8660015324
15942.9970738199
15944.1711247667
15943.8759888072
15942.9895825605
15944.1769377984
15942.4939866601
15943.9156004708
15944.103457265
15944.3558176813
15942.6498434854
15944.0199518363
15942.9970738201
15943.8567295042
15942.9970738178
15943.765086859
15942.7610425272
15943.2238108129
15942.7719898381
15942.8715173966
15943.7202990798
15942.6643722279
15943.941956302
15944.253420214
15942.5651581639
15943.0683353954
15944.047791823
15942.6724373731
15943.3012528701
15942.9970738169
15944.8796507756
15944.2373266935
15942.9970738147
15944.1359547075
15944.1574191773
15942.5036700386
15942.8109517142
15942.6212603373
15942.9970738175
15942.8595744239
15942.9970738156
15943.733657701
15944.2549981998
15944.5491574857
15943.1351896661
15942.9970738129
15944.1215734507
15943.2252399399
15942.6438658272
15942.9970738181
15942.9224367303
15944.102210042
15942.9970738101
15942.9970738105
15942.9970738167
15943.9773732302
15943.0109565669
15942.8487886919
15943.567757468
15944.4684205121
15942.9836979621
15942.9970738071
15944.4566390462
15942.6832017293
15942.9970738163
15944.1315603493
15942.9970738185
15942.9970738166
15942.6911416527
15943.7838493011
15943.901180056
15942.646988137
15942.9970738427
15942.6909497112
15943.0865491383
15944.2492464963
15942.997073815
15944.2617657255
15942.8254394001
15944.6995153315
15942.7606527638
15944.276739894
15944.0102614497
15943.6694972127
15942.7445370263
15943.9147228212
15944.0970995653
15942.997073821
15942.9970738173
15942.571889173
15944.0896350193
15943.9838017236
15942.997073822
15942.9970738152
15942.929383704
15943.9604142261
15942.760365248
15942.9970738155
15944.474488611
15944.6762412047
15943.7742394294
15942.8098375337
15942.7277076571
15943.9613861537
15944.2131771666
15944.0809933432
15944.4096487311
15942.7889761989
15942.5815223491
15943.9203091121
15942.9970738189
15942.7261313074
15942.9970738189
15942.5674331677
15944.3713441277
15942.7128141252
15942.5795227219
15944.0185441506
15944.0901030989
15942.7361550778
15944.2414871366
15942.8678476626
15943.7415020777
15944.410488136
15942.7610970093
15942.7589129047
15943.1955747657
15943.4334060227
15944.1437202653
15942.9970738189
15942.7340542648
15944.0318516635
15942.5096959226
15944.2559191731
15942.9970738235
15943.2907339515
15942.9970738137
15942.5973000852
15942.8284825736
15944.0755100763
15944.0049692154
15944.8844579629
15942.9970738161
15943.141889463
15943.8329369602
15942.552832357
15943.2031520041
15942.6437446617
15943.0637101589
15943.7975010229
15942.5514909544
15943.9336742464
15943.2343377302
15942.5812120735
15942.9747808221
15942.9970738296
15943.8686426471
15943.1966823022
15944.1064909768
15943.8837770574
15942.9970738221
15942.7841829529
15943.7548333366
15942.562038792
15943.636762712
15942.8184731201
15942.9970738159
15943.7801913323
15943.0054331932
15942.7484989495
15943.7241911811
15944.1948031169
15943.0880956824
15942.9970738145
15944.2661288918
15942.5829288174
15942.9970738114
15944.3341235945
15942.9970738119
15943.865869622
15942.5900051875
15944.3755538592
15942.9970738101
15943.7881125543
15943.8699163795
15942.9970738184
15943.2263233768
15942.9970738178
15944.9788630438
15942.9970738107
15944.5344162366
15942.7295860112
15943.1142819135
15944.5327696312
15943.1245700234
15942.676578604
15942.9970738134
15944.2579878752
15944.0782306914
15944.4285119932
15943.2810435147
15942.9970739116
15942.5757525327
15942.9970738204
15943.099283504
15943.4076206954
15944.1614780495
15942.6021598027
15942.7884908949
15942.7109122979
15942.9987132326
15942.9970738134
15942.7027352953
15942.5646486973
15944.3489761244
15942.9970738209
15943.0113149024
15943.0221365692
15942.2893494014
15943.4356782648
15943.9721394873
15943.8675040895
15944.3272761073
15942.865622741
15943.4287609423
15943.6349328752
15942.9970738193
15943.9733452349
15942.776099588
15944.3629224438
15942.3292237819
15942.6145214479
15942.997073816
15942.6446549444
15945.0081405223
15944.5241043222
15942.951682689
15944.0821750415
15942.6757670987
15943.8652229011
15942.9788364631
15942.9958787678
15942.9970738136
15942.9970738201
15942.9970738176
15944.0996651736
15943.2088718987
15943.2972739722
15943.8578096816
15943.9835908628
15942.6135166151
15944.0567695282
15942.4368233088
15944.4934857413
15942.9970737312
15942.4951147924
15942.9970738131
15943.8368801497
15942.9970738153
15944.3809637081
15944.0476443085
15944.1623953238
15942.8167012044
15942.9970738148
15942.9970738115
15942.3709954474
15943.0784908445
15942.9970738131
15944.1404439524
15942.8346450198
15942.6066037229
15942.9361546979
15942.9970738164
15943.3248315088
15942.9970738215
15942.3841959201
15944.3263250965
15944.5558132938
15943.8140706846
15943.936441962
15943.0144867004
15943.8685977237
15943.1142598912
15943.9724094294
15942.9970738121
15944.420890205
15943.3102839182
15944.2405013593
15942.9970738103
15943.214989923
15944.0289604171
15942.6939308703
15942.9970738106
15942.9970738125
15942.9970738199
15942.997073815
15944.4738492867
15943.7642988962
15943.9962543432
15942.6787032042
15942.997073817
15942.997073814
15942.4865351332
15944.1743204215
15944.1619035764
15944.0910930293
15942.7578613041
15942.9970738124
15944.0657231143
15942.5357722708
15943.1991087284
15944.0426597656
15942.8276805539
15942.9958350135
15943.8995394929
15943.9536241986
15942.7196085922
15942.8981069167
15942.5662240258
15942.7244668818
15942.9970736231
15943.8982559488
15943.9462649978
15942.9970738179
15942.9589287249
15943.9773904171
15942.7281865665
15943.9239823439
15943.2122041487
15942.9280009329
15942.6853953212
15942.6101550475
15943.2934721777
15943.6889581998
15943.2049566368
15942.7091530246
15942.6752891996
15943.7556228047
15944.3817292197
15942.9970738192
15943.2394951593
15943.7228495764
15942.9970738219
15943.9622391236
15944.0943625568
15943.0300204672
15943.0012178351
15942.9970738113
15943.0103110931
15942.7032145498
15944.0007711838
15942.9051725905
15944.0108110126
15942.9970738203
15942.9970738156
15944.2503161738
15942.6887045173
15943.9538242592
15942.5383621608
15942.9970738198
15942.530328153
15944.3410322831
15943.0617187697
15942.6451084885
15942.6252451258
15943.3384391493
15943.2274966014
15943.0798531218
15943.9329090929
15944.1783401273
15943.3673714917
15942.9970738144
15944.2223614098
15942.997073815
15944.0816310959
15942.9970738118
15942.6473203791
15942.6131291092
15942.6299470727
15942.9970738147
15944.1070691577
15943.9528167263
15942.9516158786
15943.8492667553
15944.1445367918
15943.972582412
15944.3722625461
15942.5520646458
15942.9970738174
15944.3623009253
15944.1453054083
15944.4801214791
15942.4250637567
15942.4484865889
15943.2149353532
15944.1619698353
15942.6093696176
