# type 5 occupying volumes
15964.3657334573
15964.7367826847
15964.3657334484
15964.6971300686
15965.7118619956
15964.365733455
15965.4455304806
15965.6983489419
15965.4367161045
15964.6656983506
15965.3600418354
15965.4856772865
15965.9300342594
15964.3657334655
15964.3657334527
15966.0602697365
15966.0093627676
15965.9792790408
15965.5510447293
15964.3657334544
15965.6121785594
15964.3657334587
15965.3532220826
15964.4283784404
15965.2620407352
15964.7480395746
15965.8772792734
15965.679830581
15964.3657334532
15964.7184549922
15964.3657334473
15965.822792425
15966.0344481153
15964.468610504
15965.8728722803
15964.3657334522
15964.4411674045
15964.6518564651
15964.3657334558
15964.7507233678
15964.6051346767
15965.9458433076
15964.7959367396
15964.3657334555
15966.6734428777
15964.7426882543
15966.1851272904
15965.8146001452
15964.634848891
15964.8486822011
15965.6389446374
15964.6255286522
15965.6162809785
15964.3657334612
15965.9459754649
15964.6416664602
15965.6513751765
15964.6887950457
15964.6360823584
15965.6665830735
15964.4468364876
15964.692478993
15965.7699460334
15964.5003889125
15965.8514417653
15964.7054410015
15965.6734554645
15964.5981453554
15965.637450839
15964.8750356292
15964.8414294981
15964.3657330899
15964.7560050492
15966.0512843926
15964.5948560322
15964.3657334594
15964.3657334159
15964.5787246261
15964.6822605595
15964.3657334504
15966.0557330215
15965.8088929641
15964.680977571
15964.733557897
15965.8497132308
15964.3657335516
15964.6773873687
15964.3657334531
15964.4979844685
15964.6452373566
15965.454840832
15966.4131953383
15964.3657334619
15966.5057786816
15964.365733464
15964.3657334508
15964.7489607881
15965.837106541
15965.7110812436
15964.3657334536
15965.6653480901
15964.730710449
15965.7024617351
15965.8714992921
15964.3657334525
15964.8770958043
15964.6927847828
15964.90928851
15965.6055571961
15966.1467610737
15964.3657334559
15965.8333465504
15965.6835882252
15965.9232453424
15965.9409569122
15964.6377457973
15965.4622123768
15964.7800792151
15964.3657332482
15964.6508727652
15965.5017849692
15964.3657334515
15964.6944152596
15965.6892462676
15965.7790055609
15964.3657334507
15964.3657334511
15964.6527004423
15964.3657334553
15965.6893991348
15964.3657334559
15965.8998816758
15964.7248591526
15964.365733455
15964.3657334571
15965.5233759485
15964.9222978014
15965.9202685377
15964.9882775711
15964.7270089015
15965.5905982747
15964.6189706574
15964.9176241319
15964.6176357862
15965.8530372767
15965.7895607259
15966.0145297521
15966.1968337417
15964.7316121603
15964.6393939818
15966.0242422619
15964.3657334497
15965.9452312747
15964.8800671011
15964.7439567601
15965.9180728371
15964.3657334512
15964.7928550229
15964.3435957221
15964.5648430475
15964.6689259983
15964.3657332022
15965.7728907234
15964.7542037022
15964.3657334562
15964.8625558662
15964.8886108334
15964.3657335234
15965.3189320945
15964.3657334626
15964.5982329745
15964.8272804828
15965.930438847
15964.697474845
15964.7376310757
15965.8169458258
15966.0835992842
15965.7632833868
15964.7028149041
15964.3657334569
15965.8357832242
15964.36573345
15965.4046467343
15964.6137221395
15964.8182699779
15965.9505975429
15965.9007870555
15964.7661451635
15965.9313989422
15965.4893965859
15964.8579657067
15964.8899000322
15964.6925323567
15965.7528687622
15965.69311483
15964.6020338576
15964.3657334476
15964.7327582914
15964.8487427824
15966.1602562396
15965.8119861626
15965.6529244997
15964.702945867
15966.5222723708
15964.5724805674
15965.4408314989
15966.0268836043
15964.5504160423
15965.8535147848
15965.5562445635
15965.1502006465
15964.7907333794
15964.8534037981
15964.5886204143
15966.1168252561
15964.3657334492
15965.7442998144
15965.083892163
15964.6212667152
15966.5431971994
15964.9413160326
15964.6480161999
15964.3657334511
15964.6227902631
15964.3947855205
15964.3657334512
15964.7921482449
15965.7139630053
15965.7893759913
15964.3657334654
15965.6401923005
15966.4343914215
15964.3657334574
15964.5669056486
15965.9544162283
15964.8586769165
15965.3638404876
15964.6519683731
15965.0370436707
15964.3657334489
15964.8253518312
15965.9271049464
15966.1962346321
15964.4559389778
15964.7469877992
15966.0458588975
15965.8715425781
15965.6295007702
15965.8774993781
15964.4406897954
15964.729520213
15964.7006648678
15965.8424611802
15964.6636767706
15965.8233849538
15965.6626522432
15965.3027331957
15964.6770971424
15964.7270143329
15965.8399101918
15965.9646651517
15965.9570591079
15964.3657334507
15964.680527631
15965.7756546062
15964.365733452
15965.8530357352
15964.7498133201
15965.7678699687
15964.923196625
15966.0590210598
15964.3657334538
15964.9951964522
15964.8044606279
15964.8027364704
15966.2110334703
15965.7624298577
15965.9301859287
15966.282583023
15964.3657334644
15965.6295285076
15964.9460494257
15964.6386567534
15965.8659026579
15964.8209266735
15964.6915106935
15964.7433113957
15964.3657334576
15964.936710955
15964.7123765765
15964.8173245308
15964.365733424
15966.163517837
15965.9290983738
15965.5684783342
15966.0156533679
15965.8905877969
15964.6072928318
15964.3657334591
15965.848957941
15964.6997109777
15965.5067374475
15964.3657334606
15966.4734226719
15964.6859138995
15964.365733451
15964.3657334602
15964.8467934593
15965.681977867
15966.3869783051
15964.3657334579
15965.017013873
15965.4908032968
15965.7079437235
15965.6403637556
15964.5764972758
15964.7131231921
15966.0711055717
15964.9385839628
15964.7838243536
15965.9444617822
15964.3657334595
15964.5206272467
15965.4451450609
15964.5634506414
15966.0036156918
15965.6703004069
15965.5750513924
15965.8420421138
15965.8658921628
15964.3657334507
15965.6014035866
15965.8108970862
15964.3657334565
15964.7857705581
15964.9258272894
15965.9177747696
15964.3657334607
15964.6917782673
15964.3657334531
15964.8976824864
15964.8449430337
15965.8939114308
15966.0862381702
15966.1720334278
15964.3657334475
15964.3657334525
15965.5894630304
15966.0034328045
15966.056315819
15964.8366609991
15965.0570752949
15964.7545844015
15964.8080381558
15966.0032530312
15964.365733451
15965.7184540943
15964.6913667327
15964.7348991338
15964.7077020761
15964.3657334516
15966.0814090711
15964.6949996819
15964.7393223928
15964.3657334579
15964.3657334278
15965.6071358984
15965.593979452
15964.365733463
15965.6427473408
15964.8375098485
15964.8254997036
15964.8321976958
15964.3657333617
15965.9149030296
15965.7210252604
15964.3657334569
15965.7678987242
15966.0765353307
15965.9335139734
15964.3657336815
15964.3657334598
15964.9509134803
15964.365733453
15964.5334211605
15966.0205902857
15966.0562033953
15964.3657334477
15965.3416957087
15964.6138050473
15965.7038755924
15964.5844603728
15964.3657337428
15965.744005089
15965.3161483462
15965.7924746024
15965.6248154589
15964.7420543175
15965.8523615037
15965.8326182581
15964.9515831415
15964.6460816385
15964.3657334594
15965.3721648071
15964.6901472361
15965.0639357734
15966.6758857661
15964.6252220084
15964.8739213647
15964.365733458
15964.3657334563
15964.5764159339
15964.7919713093
15965.8206584684
15965.6752846029
15965.3917991056
15964.7182927279
15965.6030590618
15965.6280197583
15964.7044488311
15965.726255452
15965.4892506388
15964.4924067976
15966.0916708006
15965.4999598924
15964.6492545284
15965.3354147619
15965.9908834557
15966.1153705829
15964.5580268755
15964.7339058289
15966.1300679293
15964.3657334609
15964.3657334475
15964.756925609
15964.9912276996
15964.7724771839
15966.1034762892
15964.6992560483
15964.7967666977
15964.8024351674
15964.9102545809
15964.3657334595
15964.3657334418
15964.6153907573
15966.1489417882
15964.7960387983
15965.0303831466
15964.3657334469
15964.3657334437
15964.7860160892
15965.0478682388
15965.7388667041
15964.7261938172
15964.3657334577
15964.3657334536
15964.3657334493
15964.6168946369
15964.8763997848
15966.2751852261
15964.6391103365
15964.3657334483
15964.7671229397
15965.6498506293
15965.9842538964
15965.5361943989
15966.2409823388
15964.5580538268
15964.5496573334
15964.8596135831
15964.3657334576
15964.597809791
15965.9843475169
15964.3657334602
15964.7507621046
15965.0345006106
15964.3657334493
15964.3657334541
15964.3657334561
15964.3657334517
15964.686417235
15964.3657334411
15964.3657334593
15964.8557342112
15964.3657334616
15964.6241703319
15964.7382080266
15964.7460474357
15964.7646158434
15966.056833352
15964.3657334566
15964.6772434234
15964.3657334529
15965.5149592007
15965.3668050405
15965.7805975687
15964.5683992375
15965.6246004533
15965.8159715285
15964.6729785054
15964.8552613781
15966.0390982518
15965.5898534692
15965.6597405603
15964.83404411
15964.3657334504
15966.3695285066
15964.3657334665
15964.3657334498
15964.7891910289
15964.5821030312
15964.36573346
15965.0398114059
15964.8974558473
15965.8911045978
15964.3657334495
15964.8756757197
15964.3657334511
15964.787850211
15964.7488300573
15964.9628013511
15964.3657334505
15964.749734584
15965.6156258297
15965.7584866616
15964.7544854111
15964.365733457
15964.3657334549
15966.2445940521
15964.8537333944
15964.8242019246
15964.8079081655
15964.7530311743
15965.8020083475
15964.7234262257
15965.7789384925
15964.365733454
15965.9400727153
15964.762836106
15966.2536869468
15964.6958584989
15965.2479596882
15965.3851216389
15965.3399380498
15965.1837496079
15965.8066748938
15964.7493584372
15964.5891084504
15964.6025917989
15964.878976208
15964.365733457
15964.3657334514
15964.4384909197
15964.6386310688
15964.3391459763
15965.3520654442
15964.2633239169
15965.1888939851
15965.7617265951
15964.4656284274
15964.9860894177
15965.5307641856
15965.535210655
15964.3657334543
15964.6188269923
15964.5497948993
15965.8391674846
15964.671064494
15964.5162253031
15964.365733455
15964.7410187645
15964.7629619558
15964.5880478128
15965.8090879711
15964.9481693029
15965.5215753454
15964.5333708108
15964.6621260392
15965.1955696342
15964.7740432134
15965.8311041274
15965.6811900768
15964.5658065865
15964.7534390517
15964.7871949782
15964.3657334536
15964.3657334526
15965.5276522486
15964.4901729951
15965.7705323005
15965.6374196661
15964.3657334512
15964.9766886587
15964.8022049471
15964.9431738178
15964.3657334475
15964.9551468472
15964.5311599062
15965.4538919551
15964.6379467746
15964.6934602517
15965.7394743559
15964.7451868631
15964.3657334554
15965.735251229
15964.7957496543
15964.8066043128
15964.8528503193
15965.4271184875
15965.7158340321
15965.261792741
15964.365733463
15964.7962970274
15965.9669661575
15965.9398504769
15965.7867068124
15965.746582243
15965.9520813505
15964.3657334549
15965.6692693675
15965.8903610953
15964.6530234675
15964.4627930413
15964.743505221
15964.7287278762
15966.0576280134
15964.7555794096
15964.3657334543
15966.26219533
15966.3319022064
15964.982423073
15964.3657334531
15964.3657334603
15965.6757193162
15966.1194397661
15964.8051695803
15964.3657334643
15965.8762116029
15965.6544292168
15964.3657334564
15964.8325591171
15964.9088571306
15964.3657334545
15964.594651456
15964.6051686008
15965.3841082327
15964.6813676869
15965.7589039804
15964.3657334551
15965.7489741193
15964.577311913
15964.6640829884
15964.3657334572
15965.7756274889
15965.6690903002
15964.7071825918
15964.6612207987
15964.8297972497
15965.2783701167
15965.5986537085
15965.7278727308
15965.684166967
15965.9517839596
15965.9473507838
15965.9533540081
15964.7454175569
15965.6920269722
15964.8630602057
15964.6785624292
15964.8545082834
15965.8956460045
15964.3657334588
15965.0266053232
15965.3261813311
15964.6622291623
15965.7978741422
15965.2107639067
15964.8159667624
15964.9338849653
15965.8207229909
15964.3657334578
15964.3657334613
15964.6144718227
15964.6124922502
15966.3676203396
15965.544749784
15966.0134557225
15964.3657334555
15965.7569383559
15965.3511003201
15964.1581629028
15965.6017680885
15965.7124025475
15965.4428382866
15965.0893150228
15964.1719197348
15964.3657334547
15965.7896031478
15965.8217122777
15965.5399199226
15964.3657334535
15964.6268798764
15964.6813677312
15966.1436194441
15964.5124068408
15964.3657334495
15964.6899560874
15964.7779610069
15964.5433468869
15964.6552997668
15965.2884256008
15964.6301842948
15965.7147263436
15965.6156664415
15964.6190034846
15964.3657334518
15965.5488485189
15965.2537618284
15964.3657334524
15965.6624407896
15964.1071277794
15964.1250953942
15965.4339715896
15965.5272678475
15964.3314034831
15964.8231059095
15965.618682351
15964.6470628747
15964.6200374482
15964.7589826575
15965.6789070666
15965.1524824673
15964.3268580109
15965.6848797952
15965.1217573083
15964.6388925665
15965.6177299258
15965.7777829006
15964.7551812675
15964.3657334471
15966.0547470976
15964.3657334535
15964.7245376874
15964.3657334547
15964.807621315
15965.9504686544
15964.8054507499
15964.5757945239
15964.7551038384
15964.3657334577
15965.5451600141
15964.8464729147
15965.7002419618
15965.5645483965
15965.7313689971
15964.515815707
15964.3657334595
15964.3657334849
15966.021199947
15964.3657334512
15965.7078838081
15965.6884571104
15964.6503719285
15964.6482445758
15964.6215314259
15964.3657334554
15964.7972361524
15964.9279942548
15964.3657334244
15965.9358677844
15964.3657334526
15964.7862879589
15965.6263852445
15965.5772354082
15965.6230972181
15965.6462612604
15964.3657334489
15966.0853417739
15965.6175370395
15964.7168535506
15964.3657334528
15965.6202824309
15965.823668373
15964.7306177698
15965.5585977978
15964.2809602232
15965.1474222524
15964.3657334511
15965.2551478425
15964.8525750303
15964.7614768957
15964.7344249564
15965.174494774
15964.5091926667
15965.7554329257
15964.5152203168
15964.8641861564
15964.7914109069
15964.6481009522
15965.4322903598
15965.4653212714
15964.3995750022
15964.3657334486
15965.5472135561
15964.4002400692
15964.7676205536
15965.8544148215
15964.3657334454
15965.5860325885
15964.9519178949
15964.7032366697
15964.6521027373
15964.911241784
15964.8698254358
15965.7267734522
15965.6400750699
15964.713569453
15965.4278245351
15965.9586147779
15964.3657334546
15964.504004795
15964.6832304183
15964.5948739898
15966.0556125687
15964.365733447
15965.7160371903
15966.1208997012
15965.9054581845
15965.9792718022
15965.8028245759
15964.7670971701
15964.9674481917
15964.3657334524
15965.9487085053
15965.8140370623
15964.7102870449
15964.6617426208
15965.9714452319
15964.7010349385
15964.3657334492
15964.3657334451
15964.3657334587
15964.5341515516
15964.3657334579
15965.6288123884
15964.3657334498
15964.6170991461
15964.3657334503
15964.5163256458
15965.5219119673
15964.3657334599
15965.6006216313
15964.7221425805
15965.6233379423
15966.0891488952
15965.4415667931
15965.5397640931
15965.8246827706
15964.3657331943
15964.648307055
15965.9038926237
15964.3657334635
15964.3657334546
15965.6630124468
15965.7451742185
15965.7708160345
15964.7143097863
15965.3505617428
15965.7618299012
15964.7717735727
15964.6801914688
15965.5961801555
15964.3657334483
15966.0034574278
15965.8881068701
15965.2138945107
15964.5605611975
15964.3657334843
15964.745948423
15964.4495419583
15965.3917719211
15965.5655256573
15964.3657333768
15964.8671089191
15965.9606845403
15964.6951620313
15964.3657334543
15964.6219154551
15965.57974775
15964.3657334533
15964.8340665721
15964.7152762256
15964.8419348427
15964.3657334624
15964.3657334538
15966.1742163862
15965.8108496274
15964.3657334487
15964.6219557241
15964.3657334549
15964.7350933357
15964.4906793497
15964.7875939738
15964.3657334482
15965.031273118
15965.8878085547
15964.82222056
15965.6576613504
15964.8255145334
15965.9389125878
15965.6163012254
15964.3657334566
15964.5665669708
15964.6420673715
15964.3657334544
15964.6166349197
15964.6985703651
15966.2488096306
15964.6807207775
15964.687097039
15964.3657334518
15965.2950053506
15965.8351641148
15964.8379385774
15964.3657334592
15964.8192063143
15965.655270034
15964.6830684104
15964.6380586282
15966.130938063
15965.7621295212
15965.4943327088
15964.5650649928
15965.5046563021
15966.2419823305
15964.8634405723
15964.3657334546
15964.5494305646
15964.3657334567
15964.6914378991
15964.9241038355
15966.1069030779
15964.3657334592
15966.0048776776
15965.0006400545
15965.737410345
15964.6284802427
15965.6297760702
15964.6729230714
15966.0685952562
15964.3657334552
15964.5965860225
15964.3657334589
15964.5491451484
15964.3657334458
15964.9307777196
15965.3406415394
15965.6870292537
15964.7312765342
15965.4241441545
15964.8066145127
15964.3657334557
15966.29282229
15965.4483236744
15965.5061087237
15964.7561112727
15964.3657334651
15964.7242817396
15965.6341723204
15964.5996289096
15964.5495016787
15965.8931162588
15966.1102937
15964.7010716148
15965.6375847341
15964.3657334488
15965.7184845111
15965.9096642671
15964.6409207466
15964.365733455
15964.9126616732
15964.3657334505
15965.4757786722
15964.3420976124
15965.4948350473
15964.4280196678
15964.6866517209
15964.7026949651
15964.4756994566
15965.4158072131
15965.7415673181
15964.5905610418
15964.7855411868
15964.3657334514
15964.3657334523
15965.2907908938
15964.3657334572
15965.5958730485
15965.3756654436
15965.8316287405
15964.5501366003
15965.4042981274
15965.6739457391
15964.7800502455
15964.8736102898
15965.4700908795
15965.4655476861
15964.7058302724
15965.782002787
15965.8592179485
15964.3657334532
15965.8808463567
15964.3657334481
15964.7717082347
15964.6103620423
15965.3774546608
15964.6877498688
15966.1673080064
15964.6120144923
15965.6020489964
15964.6820396555
15964.3657334516
15964.3657334633
15964.3657334558
15964.7373295208
15964.6454132984
15966.428581965
15964.790269023
15964.8341399263
15965.0310265983
15964.6190802815
15964.3657334575
15964.3657333054
15966.3312692347
15964.7371552852
15964.8426885969
15964.3657334561
15966.4356002971
15964.3657334564
15964.6484048877
15965.9666777155
15964.6860974264
15964.4990142684
15964.3657334507
15965.8622292774
15965.879706532
15964.9608084678
15964.6736293664
15964.3657334518
15964.3657334548
15966.1740796207
15964.8218905063
15966.0772348635
15964.9089232098
15964.4822991215
15964.6755823993
15964.4826958715
15964.3657334549
15965.0110956308
15964.3657334554
15965.9673099916
15964.9487952719
15964.8857029343
15964.3657334541
15964.3657334547
15965.6294272686
15966.0230959036
15965.7301602926
15964.9903549539
15965.7825363528
15964.8217151562
15964.3657334492
15964.3657334606
15966.097832075
15964.6963451853
15966.0524776826
15964.7959795169
15964.8509118019
15964.8798951393
15964.8208697282
15964.3657334528
15964.3657334505
15964.3657334567
15966.0140571244
15964.3657334528
15964.7645845029
15964.6901938285
15964.8061514407
15965.7955247454
15965.0219294076
15964.3657334489
15964.7654082565
15965.5970859303
15964.7967419422
15964.365733457
15964.8255999358
15965.0773308024
15965.7396795156
15964.8332961844
15964.3657334576
15964.9800949969
15965.910703041
15964.3657334486
15965.9970226807
15964.7606212572
15965.015197955
15965.7561547607
15964.7417020341
15965.7946755028
15964.7365397862
15964.365733451
15965.6954310059
15964.762887822
15964.3657334541
15966.1083921121
15965.6253151024
15966.4234645357
15965.7790821362
15964.3657334636
15964.3657334532
15964.3657334523
15966.3202432171
15964.365733447
15964.365733454
15965.8789592133
15964.7764642037
15964.6901521203
15964.6521354305
15964.5028787551
15964.4681490657
15965.9939817764
15965.5123134574
15965.9919384048
15965.6553222829
15964.5721948454
15964.8533234914
15966.0652891025
15964.8314679082
15964.83414602
15964.3657334513
15964.4942349466
15964.8916676064
15965.3587774192
15964.5593264354
15963.819809125
15964.0273735702
15965.7281775043
15965.3476430133
15964.7387527869
15965.7540069663
15965.7095806151
15964.3657334595
15965.3882593854
15964.8970278499
15965.6988011175
15964.365733453
15965.425150681
15964.8385212032
15965.5310534174
15965.9768156574
15964.3657334535
15964.4210660003
15964.8640957525
15964.6450288886
15964.8654768202
15966.3356873639
15965.7980495188
15964.7539358666
15965.8719308792
15965.9491616038
15965.4745680797
15965.2391356101
15965.4798373631
15965.8068353834
15964.3657334542
15964.8697841845
15965.2112173647
15964.4309109218
15965.408853021
15964.5606447307
15964.7423992474
15965.5222345616
15965.9011452509
15965.8822836083
15965.3758550364
15964.5989623527
15964.9761802896
15964.6232480081
15966.0250908052
15965.4750711734
15965.8467704866
15964.5589957271
15965.1713520115
15964.3657334491
15965.538112368
15964.8075870525
15964.365733457
15964.7626106553
15964.8149458271
15966.9248001993
15964.3657334587
15964.3657337225
15965.725359744
15964.4912506306
15966.1252356784
15964.7367938974
15964.3657334539
15964.7209384397
15964.8977944677
15966.6247021782
15965.5641526849
15964.3657334496
15964.4186283438
15964.3657334278
15964.7160912125
15966.0020002178
15964.365733448
15965.6671561807
15964.8312622516
15964.9081054483
15966.3407641118
15964.3657334621
15965.9047593704
15964.814590431
15965.8352434863
15964.3657334516
15964.3657334492
15964.3657334443
15966.4342728968
15964.4813121632
15964.8434184532
15964.5578415857
15964.365733452
15965.4754328166
15966.1789090459
15964.586208709
15965.8121188136
15964.4541615947
15964.5988131318
15964.3657334578
15964.3657334505
15964.5190209857
15964.5344658452
15965.6281957385
15964.6996848328
15964.6638258863
15964.3657334548
15966.1886579403
15964.3657334562
15964.6464143954
15966.1122656056
15964.3657333044
15966.2801070667
15965.6830058017
15965.4921832683
15964.365733463
15965.4617861506
15964.6419587591
15966.0362877895
15965.4870514469
15965.4926333886
15964.6470899745
15965.5034693145
15964.4549581621
15966.0061319677
15964.3657334542
15965.7378740881
15964.7881411813
15964.6366367022
15966.0367608493
15964.3657334566
15964.3657334523
15965.6525098657
15964.8396103458
15964.365733455
15965.698679984
15965.0381285739
15964.6509936316
15964.7411148964
15964.8159423578
15966.4136587407
15964.3657334574
15964.7023795689
15966.0708194583
15965.9592212304
15965.2734031996
15966.0378037712
15964.3657334547
15964.3657334652
15966.4642332199
15966.1775341736
15964.9687894682
15965.914682449
15964.3657334568
15965.5538203962
15964.8408473368
15965.9292034749
15964.882236932
15964.7398655308
15964.7960151996
15964.3657334629
15965.9415010315
15965.6947779489
15965.90879584
15964.4286883539
15964.923434695
15964.2843387846
15964.8748000417
15965.6890221678
15965.722297252
15965.5002324681
15964.3657334557
15964.7756207064
15965.5163111907
15964.7566871446
15964.3657333571
15965.5617273521
15965.90538105
15965.4099291548
15965.270745139
15964.4638877242
15964.5472058779
15965.7631960641
15965.6840194954
15964.3657334545
15965.3053282603
15966.2009896023
15965.7086634458
15964.8292143801
15965.8177592555
15965.7221578729
15965.7467608581
15964.8468234194
15964.5769242466
15964.7031550828
15964.3657334584
15966.1846030885
15965.5259957375
15964.3657334526
15965.878479119
15964.6582322058
15965.783788746
15964.603021769
15964.365733452
15964.7988209966
15964.5597528065
15964.5669917375
15964.7801076939
15964.6197019547
15965.5839169744
15964.8282577872
15964.3657334514
15965.9733798305
15964.8338914869
15964.8740209045
15964.9044782541
15964.6551713144
15964.3657334518
15964.3657334538
15965.8087713345
15964.3657334496
15966.1477194109
15965.7267599966
15964.3657334521
15965.7090421895
15965.9322275956
15965.6423443299
15964.3657334537
15964.365733452
15964.5272489122
15966.1133633637
15964.8679779768
