# type 2 occupying volumes
15947.8336439176
15946.5344195397
15946.1459454718
15946.0482912524
15947.5869787329
15946.4761522594
15946.1050004974
15947.5869787359
15946.8137167413
15946.2710524607
15947.6214665456
15947.586978733
15947.0207344535
15946.7350002779
15946.2784046136
15946.2071338572
15946.5711482404
15946.1844716211
15947.5869787355
15946.2815683496
15947.7244595022
15946.6137926955
15947.5103496337
15946.7197040486
15947.5869787376
15947.6780779141
15947.581670125
15947.5869787335
15946.0645294458
15946.0464684171
15945.6571862304
15946.312743337
15948.0737235395
15946.5535524408
15946.8092090768
15946.1471128666
15946.6764021381
15946.6484125917
15945.9663842526
15946.3687023393
15946.9410094109
15947.5869787321
15946.181712785
15946.0312261583
15947.5869787337
15945.8855107555
15947.5869787407
15947.5869787359
15946.2846569136
15946.4514357856
15947.5869787243
15946.6657761877
15946.0184223788
15946.1756325163
15947.6731866452
15946.5973560859
15946.5845078676
15946.0628686214
15946.6853505957
15947.5869787344
15946.6387749899
15947.9933069005
15946.4459260877
15946.0691410199
15947.586978734
15946.4885649228
15947.5909353687
15947.5869787403
15946.4829462925
15947.5869787424
15946.6642218307
15945.8202724835
15946.3969969747
15947.5869787303
15946.1204055138
15946.1755376957
15946.2496139035
15946.6697174237
15946.291963083
15946.0857337605
15947.5869787392
15947.5869787231
15945.7427141967
15945.8662994087
15946.7007629086
15946.8621311726
15948.1009371522
15946.5331928422
15947.586978731
15947.5197795663
15947.5869787347
15945.942724168
15946.2077491073
15948.0361032503
15946.4065630769
15947.5869787326
15946.5191829382
15946.7989882811
15948.0155155966
15947.7738026822
15946.6030710915
15946.7137638139
15947.8350652889
15946.5973585312
15947.7992443127
15946.5143981215
15946.1543942204
15947.9826630053
15947.5869787334
15947.5869787371
15946.7552629886
15947.5869787423
15946.8820494952
15946.734436595
15947.7453754966
15946.9794189463
15947.5869787407
15946.5705656191
15945.8646641885
15946.2607616311
15947.5869787266
15946.4813876531
15946.7084699703
15947.5869787415
15947.8652554211
15946.1239767995
15946.4160288901
15946.3411005799
15946.1088950765
15947.586978735
15945.9010837864
15947.5869785249
15945.9481833842
15946.0881335264
15946.5939760551
15947.586978736
15946.5718626205
15946.5003957999
15946.6866969952
15947.6894181385
15947.5869787413
15946.7153583281
15946.4069859105
15946.5145006093
15947.5869787343
15946.7092080891
15947.586978736
15947.9969975685
15946.4010841436
15947.5869787326
15947.5869787415
15945.9776824006
15946.5705860425
15947.5869787356
15946.7421601829
15947.9785246379
15947.5869787354
15947.5869787352
15946.6529069149
15946.6256634812
15946.8057661411
15946.4896131349
15948.0758121377
15947.5869787369
15946.3115358618
15947.8716104879
15946.7746445826
15946.5033194388
15946.8987928114
15946.8001805956
15946.7311555058
15946.6822042078
15947.7715485591
15946.7389987515
15946.8025962996
15947.7842308184
15946.4389330622
15947.6389043181
15946.8824911862
15946.5949652467
15947.5869787354
15947.5168392268
15946.6974975746
15946.8875986147
15947.9661175896
15948.0193180859
15947.5869787395
15946.7326625096
15946.6118764036
15946.4252827503
15947.5742230551
15946.6602394156
15946.5357546352
15947.5869787432
15946.8082862796
15947.7579265718
15946.1109065495
15946.4798701734
15946.4121166222
15947.5869787372
15946.4355124631
15946.2653120682
15946.4650874297
15947.5869787358
15946.7361354889
15947.5869787397
15947.9194011698
15946.600094618
15947.8091292104
15946.6149047928
15946.5465773468
15946.1821311868
15946.6573124503
15947.5869787317
15946.9043219711
15947.8715280452
15947.8581833346
15946.5541001364
15946.3820334627
15947.5869787344
15946.3597377577
15947.5869787313
15946.1706473259
15947.5869787357
15946.5538398888
15946.8124894878
15946.8413403714
15948.0566129735
15947.7652092829
15946.5555158925
15947.9041312934
15946.4964049833
15946.1985579111
15946.1487184801
15947.5869787341
15946.6616054846
15947.5869787345
15947.7901334476
15946.5797727908
15946.0560973519
15946.5892466098
15947.5869787367
15947.5869785883
15946.5285812528
15946.7571692713
15946.6547139061
15946.7412566403
15946.7380725477
15947.5869787354
15946.8747063348
15946.5809243057
15946.743745842
15946.7708396743
15946.8646591068
15947.5869787343
15947.8122006653
15947.681669016
15947.8004107191
15946.6391629188
15947.5869787379
15947.6499318742
15947.5869787373
15946.5196122197
15947.8518624129
15947.7777673696
15946.6588752642
15946.9310697803
15947.5869787355
15947.8784342926
15947.5869787357
15946.7354451706
15947.5869787395
15946.4043249107
15946.2915330665
15946.1401260601
15946.6446295721
15947.5869787308
15946.8375590547
15946.1460435925
15946.0321072103
15946.754429583
15946.007551701
15946.3597989648
15946.328809087
15946.2240007864
15946.3257712938
15946.3662360207
15945.9874076692
15947.5869787326
15946.6219510475
15946.5276415673
15948.0345506165
15946.7497732013
15946.5653025215
15947.5869787337
15946.6699033863
15946.3883409943
15947.586978732
15945.9015551631
15946.0117611075
15946.6642599452
15946.6911177864
15946.3949888004
15948.1476163201
15946.977708734
15946.0731046738
15946.6557727364
15946.7376026112
15947.9581995581
15947.5869787334
15946.2761511676
15946.5180671187
15946.7469751297
15947.8677701344
15946.4949120846
15946.9192834299
15946.8690207765
15946.8608858324
15946.8193552073
15946.7939556396
15948.0168219256
15947.8143483769
15947.2001786202
15947.5869787413
15946.7800191435
15946.5625230801
15946.9237601774
15947.5869787373
15947.9138428784
15947.8104645974
15946.8435232814
15947.5869787354
15947.7688568472
15947.8732885625
15946.902741143
15946.4835039529
15946.1229199668
15946.5232265988
15946.2624557669
15946.1719101707
15946.7243191326
15946.6867020398
15946.3228352578
15947.7372010347
15946.2193512756
15947.5869787395
15946.2133053832
15947.8742910248
15947.6085804924
15947.1323604098
15946.5228231123
15947.5869787374
15946.5159951592
15946.4748158737
15947.7338697792
15946.2414534663
15947.8244781434
15947.5869787413
15946.5386459314
15946.3411571091
15947.5869787385
15946.3616534145
15947.6948746801
15946.634521463
15946.1290635512
15946.2298094149
15947.7551959789
15946.5457196967
15947.5869787677
15946.5390443857
15946.2750202952
15946.0203586307
15945.9915543435
15946.5188892564
15946.2599776744
15947.5869787316
15946.3693689186
15946.3752095532
15945.8334462792
15946.0389150488
15946.2705059828
15946.4407706891
15946.4814524481
15947.8492337387
15946.5591957452
15947.5869787359
15946.5839485489
15946.5373690555
15947.9263377859
15946.8271019508
15947.5869787387
15946.6682017385
15946.7654483122
15947.5869787371
15946.7861844915
15946.639376915
15947.9759068515
15946.6859657434
15947.5869787333
15947.5869787365
15946.6191213899
15946.6052323614
15946.5363240071
15946.3933751695
15946.8337083276
15946.5370461669
15945.9630935517
15946.5908716731
15947.8593253916
15947.5869787382
15946.2700599475
15946.6949610668
15946.8282256612
15947.8493985185
15947.7723547244
15947.6246652127
15946.4423989611
15947.7238325507
15947.8454736386
15946.5754868698
15947.5869787393
15947.586978541
15946.6713679855
15947.5869787457
15947.5869787337
15946.8408492921
15946.7891048265
15947.9077696837
15947.9503556944
15946.0808543053
15946.8252961981
15947.7951884415
15946.9090611779
15947.8235958272
15946.5970986389
15947.586978732
15946.5532419425
15947.920480603
15946.6773768359
15947.5869787317
15947.5869787288
15947.5869787364
15946.7932884887
15946.4175853507
15947.5869787383
15946.7553089424
15947.7556253872
15946.8477754362
15946.2102771992
15945.8398050238
15946.582205125
15947.586978755
15947.5869787364
15946.3732205553
15946.3258673053
15947.7611121814
15946.6175226398
15947.6618395723
15946.8013756522
15945.947536366
15946.3639873257
15946.0574791456
15947.7786924561
15946.8985252091
15947.5869787407
15946.3486878222
15947.6351679683
15947.9972212283
15946.6955234739
15947.586978743
15947.9427942352
15946.537482524
15947.5869787331
15946.3454158447
15946.5377883995
15946.5503869938
15947.5869787455
15947.907579494
15946.3644247373
15946.4370109619
15946.5386146671
15947.9351933916
15945.952870756
15947.8229688895
15945.9494934011
15946.7524201217
15947.5869786493
15946.2796931676
15946.5007779315
15947.9206124979
15947.586978736
15947.862855991
15947.7922116416
15947.757359786
15946.4066989841
15946.7920812384
15946.5359236182
15946.353267301
15947.8576086457
15947.8426982384
15946.6260249096
15947.5869787357
15947.5869787329
15947.5869787334
15947.8766393024
15946.7625502731
15946.6992032652
15946.1589088127
15947.5869787329
15946.3888231429
15946.3338530986
15946.6412519632
15947.5869787327
15946.5151926872
15947.5869788214
15947.5869787357
15946.1358283464
15946.9675073644
15946.6604235113
15946.6648589302
15947.8609623236
15945.8686411322
15945.936395416
15946.2704899089
15946.0295406491
15946.3739272434
15946.2222347664
15945.7635634358
15946.4421615486
15946.2501578713
15946.0358209275
15946.3070283778
15946.0638822326
15947.5869787363
15947.7070052523
15947.8767060333
15946.1435486226
15947.5869787327
15946.4703053233
15947.5869787389
15947.5869787337
15946.5696494129
15947.5869787437
15947.7284831893
15947.586978685
15946.6983878417
15946.7379786997
15947.586978736
15947.5869787402
15946.4400167947
15946.7757421489
15946.7532241944
15947.6932316298
15946.6743755917
15947.8169652707
15947.7984862531
15947.7964788681
15946.6691696885
15947.7020494486
15946.8125239969
15946.6055438759
15946.6936680779
15947.5869787356
15947.5869787389
15946.3072853426
15946.6619600991
15947.5869787348
15946.4357371333
15946.0363394602
15946.6760129623
15946.4435199077
15946.7440645681
15946.6688421621
15947.586978738
15946.8205375922
15947.5869787327
15946.7971401872
15946.6523641179
15947.5869787355
15946.5619110038
15947.9329890809
15947.5869787342
15946.6331654004
15946.5828737738
15946.5265319457
15945.9654793306
15946.6450294019
15946.5486055504
15947.7577383149
15948.0398329502
15947.5869787391
15946.4253653065
15946.8142047013
15947.6347902393
15946.9383250174
15946.786550774
15947.8077097121
15946.5844243748
15946.7960802967
15947.6911848485
15946.5746517892
15946.4256527687
15946.6041949752
15946.1383584417
15947.5869787364
15946.539027147
15946.4017828487
15947.5869787362
15947.5869787305
15947.8156202439
15946.8391897841
15947.7904871373
15946.548609547
15946.0035681291
15947.5869787391
15946.2546281885
15946.6100364837
15946.2900027447
15946.3305266992
15946.6932710402
15946.3380548442
15946.5924335853
15947.8665315773
15946.564745907
15946.5420895044
15947.9030795722
15946.6869983191
15946.5258157209
15947.8173266209
15946.2231099822
15945.8662493027
15946.42085048
15945.9267859828
15947.5869787407
15947.5869787363
15946.5561950852
15946.6774806799
15946.5260426638
15947.9357364205
15946.6434397798
15946.6116338706
15947.5869787393
15946.0352762752
15946.6922966296
15947.5869787345
15947.5869787325
15946.3961753569
15947.5869787307
15946.023462807
15946.3783272827
15947.8732803359
15946.9506436537
15946.0954250446
15946.1755595218
15947.5777670438
15946.7328084593
15946.647495046
15946.2868360439
15947.5869787331
15946.5370946198
15947.8677972331
15947.5869787345
15947.5869787419
15947.5869787277
15946.6360262079
15946.6665317032
15947.5869787349
15946.6400137158
15946.7548222773
15946.2067056768
15947.5869787377
15946.7231315241
15946.8962630694
15947.7581432551
15946.4956971243
15947.6773273234
15946.803802895
15946.9895939802
15947.7501735429
15946.4061559781
15947.7965499655
15946.780659566
15946.8023097433
15946.7089530382
15947.9840747541
15946.9324034545
15947.8159349295
15946.9905573576
15947.5869787389
15947.5869787398
15946.9521948183
15946.2019757596
15947.7846463624
15948.0438804529
15947.9520044794
15946.3763763528
15946.6892721838
15947.586978733
15947.5869787361
15946.6177119781
15946.543615162
15946.890101971
15947.7092248138
15947.9090853255
15946.7861022224
15947.5869787363
15946.3983291743
15946.7583826966
15946.622188675
15947.5869787421
15947.8252985259
15946.3902296672
15945.9424078663
15947.5869787354
15946.8876517254
15946.6307294936
15947.838773719
15947.5869787436
15947.5869787303
15947.5869787327
15946.6632544037
15946.6712997565
15947.7215479744
15947.5493501718
15947.586978737
15946.2674549971
15946.0972702202
15946.9262376051
15947.7922748356
15946.670437972
15946.3397728268
15947.6356047794
15946.7471222834
15946.6687913233
15947.7532296026
15946.8015027142
15947.7928785084
15947.5869787341
15946.0537718653
15946.4142936604
15947.5869787395
15946.4648737204
15946.6462182269
15945.7216390568
15946.426287087
15947.5869787168
15947.8485346495
15947.9061331058
15946.7934800458
15946.8768705829
15946.6586855574
15946.8089812906
15946.9156997044
15947.9613406438
15947.8765481929
15946.8798595307
15946.2737918208
15947.5869787343
15946.2425811214
15946.4055437093
15947.8486088571
15947.5869787381
15946.7558080596
15946.8595650188
15947.7770406225
15946.599644391
15947.8330021846
15947.9588160904
15946.536047783
15947.5869787316
15946.963357727
15946.2584699781
15947.7654634694
15947.8979393872
15947.8647571087
15947.9415654712
15946.5488638514
15947.5869787381
15947.5626419627
15947.5869787287
15946.7499924344
15947.8298327794
15947.7832317156
15946.5893555915
15947.5869787303
15946.9655617908
15947.6220085573
15946.746635497
15947.7357299664
15946.8578559643
15946.6981971295
15947.697060831
15947.5869787411
15946.7585551412
15947.7164335116
15947.5869787411
15946.7969209957
15947.5869787352
15946.698152722
15947.5869787331
15947.5869787382
15946.7186380018
15947.6846675249
15946.8264951185
15947.8391498324
15946.7538640337
15947.9220283907
15946.6364112253
15947.5869787378
15946.9343647507
15946.7071261317
15946.7099920464
15946.8018683406
15946.8247606946
15947.6930181286
15947.6138174582
15946.5297890249
15947.586978742
15946.5343450273
15946.4116204555
15946.5148529761
15946.7166672727
15947.586978743
15947.7618594704
15947.9181992546
15946.6980571805
15946.2079134517
15946.5791060877
15947.8832330167
15946.6862877225
15946.658221461
15946.9245736184
15946.4860806043
15946.7419437773
15947.8728003587
15946.5448371804
15947.5869787398
15947.85286625
15946.3497657861
15946.7983414483
15946.1471970444
15946.5159598393
15947.5869787421
15946.9562982403
15947.9850720979
15946.9313975679
15948.0265705249
15946.1422997046
15946.5188465249
15947.5869782088
15946.3057580946
15947.5869787376
15946.4586893956
15946.3693243278
15947.5869787424
15946.7315471811
15947.5869787374
15947.7292257568
15947.5869787336
15946.5381665762
15946.6807487524
15946.4016839021
15946.1160815308
15946.6281322438
15947.874067725
15947.819101555
15946.7423866564
15947.5869787345
15946.7201688423
15946.6886305881
15946.8363699485
15947.6615897038
15947.5869787293
15947.5869787348
15947.5869787354
15946.6646260166
15946.4512240546
15946.5825232118
15947.5869786575
15947.843844607
15947.5869787324
15947.7820370067
15946.7630475081
15946.70057048
15947.999745952
15946.510798872
15946.06136589
15945.810860456
15945.8880137773
15946.9350472965
15946.5118453857
15945.9459591084
15947.7704657636
15947.7833578278
15947.5869787369
15947.6437773811
15946.3952234232
15946.3227580675
15947.5869787317
15947.8754242172
15946.5212545476
15947.5869787387
15947.7110109617
15947.5869787408
15947.5869787356
15947.5869787327
15946.4205390757
15947.5869787328
15946.2995517155
15946.6810399814
15947.5869787424
15946.6965763939
15946.6647890622
15946.8645444874
15946.8745885249
15948.1500209361
15946.6785541864
15945.9514478433
15946.4370246944
15947.5869787351
15947.5869787355
15946.7308088628
15946.6536519554
15946.1230585955
15945.9648610901
15946.6268994536
15946.6620227918
15947.5869787335
15946.5314295597
15947.5869787394
15947.7562276279
15947.9585884502
15946.678465854
15947.5945154643
15946.094163122
15946.1383470765
15945.8726041426
15946.4117326731
15946.347623538
15946.1067603171
15946.7446916622
15947.8934572351
15947.5869787385
15945.6356990336
15946.7219394684
15947.7438875723
15946.6373478147
15947.5869787395
15946.7168560035
15947.7666569871
15946.1290264826
15946.1327040199
15946.165819819
15947.5869787378
15946.3293985477
15947.6503396001
15947.5869787247
15946.758596698
15947.9338695662
15946.4208910339
15946.7282999519
15946.3248349181
15947.9138813516
15946.6414501645
15947.5869787361
15946.8213131029
15946.4637891961
15947.8212281839
15947.8365545932
15946.4790758018
15946.9133758368
15947.9679384278
15947.8790397375
15946.8724109739
15947.5869787299
15946.4710926142
15947.7654019386
15947.8312314202
15947.5869787339
15946.4379336931
15947.5869787372
15946.1151802274
15947.5869787359
15947.8760669231
15947.8921548613
15946.6437109806
15946.6956351934
15946.8732993359
15946.6494865055
15946.7455096266
15946.8246924124
15946.9225513408
15946.8267412458
15946.3618510366
15946.2749012424
15947.5869787351
15946.259933867
15947.7986379774
15947.5869787419
15947.5869787308
15947.036240017
15947.6981223608
15947.8892062773
15946.8861310018
15946.6117537173
15948.0515078787
15947.6413919353
15946.7702725423
15947.5869787372
15947.5869787428
15946.4039490622
15947.8741072469
15946.6363910421
15946.6218559701
15946.6318046884
15946.8747989539
15947.5869787341
15947.5869787316
15947.8801982342
15946.6257504823
15946.897578815
15946.1534921221
15946.9336678908
15946.246646955
15946.3749531169
15946.5306530302
15947.6558192614
15946.4969465047
15946.63263443
15946.8619402348
15946.4122381062
15946.4505119744
15947.7318291282
15947.6614854916
15947.8623785038
15946.6325717752
15946.140821114
15947.8308385346
15946.0018197352
15946.1521857986
15946.4956378663
15946.566922736
15946.5194832122
15946.4216576576
15947.5869787365
15947.5869787398
15946.4371785897
15946.4110288938
15946.0552564653
15946.6246249528
15947.5869787404
15946.4625644134
15947.5869787265
15946.6999300864
15947.9692142041
15946.3921399241
15947.5869787401
15947.5869787353
15947.5869787339
15945.9111268952
15947.7434704205
15947.7626427117
15946.4420610599
15946.3961300587
15946.3376548228
15947.7780877735
15947.5869787319
15946.64880941
15946.8154996607
15946.7620838858
15947.7975706377
15946.5129706033
15946.533337162
15948.0353958653
15947.9681013586
15947.5869787339
15946.2446238707
15946.1006424268
15947.5869787325
15947.8271192932
15946.3541321095
15947.8535841601
15946.1798874831
15946.269543973
15946.3460594115
15947.5869787342
15946.1279910138
15946.2424014284
15946.2278446914
15947.9078950229
15945.9648127436
15946.0139354864
15947.8824323689
15947.9194437629
15946.3841959044
15947.8127930154
15946.6785558398
15947.5869787388
15947.940360957
15946.0888245974
15946.3039593295
15946.8551357657
15947.5869787358
15947.5869787371
15946.5008438282
15946.1948743122
15947.7967661089
15946.4132174442
15947.620766307
15946.7498783913
15946.7447417442
15946.3884438122
15946.2081810896
15945.927469773
15947.5869787363
15947.5869787369
15948.0045019661
15946.3775598411
15946.2895551591
15947.7360166727
15946.5380995016
15948.068498586
15946.2572146812
15946.4432915112
15947.5869787399
15946.5952119252
15947.9795451679
15946.6474006371
15946.335473971
15946.8135468162
15947.5869787323
15947.5869787406
15946.5810713736
15947.734410026
15946.9528415505
15946.7773253861
15946.7053297232
15947.5869787353
15947.5869787399
15947.6677229092
15946.9171183602
15946.7256052331
15947.5869787378
15946.4774561293
15946.8185751883
15947.6544746513
15947.5869784881
15946.8085148624
15946.4511913869
15947.8620795578
15945.9692429717
15946.2073068519
15946.4213204531
15946.2074567058
15947.5869787307
15946.7085155966
15947.7674854539
15946.58973696
15947.5377109042
15947.8310051947
15946.8899225509
15946.7835328234
15946.2656838888
15946.1601429056
15946.2599555185
15947.9195558145
15947.5869787395
15946.9019294973
15947.9009672529
15947.586978735
15946.124634027
15946.8719142127
15947.5869787299
15947.586978733
15947.937553826
15946.6782512893
15947.5869787312
15946.7264161163
15947.8388633832
15946.5937800432
15946.9315076272
15947.586978738
15947.7164049399
15946.2545359258
15946.7495669521
15946.6775319142
15946.9033737327
15946.3973629563
15946.3389922824
15947.6951092074
15947.7611116024
15946.7819193215
15947.8944470389
15945.9625824353
15946.8346503631
15947.5869787394
15947.5869787396
15947.5869787405
15946.1594244388
15946.94514902
15947.5869787291
15946.7683341335
15947.5869787321
15946.6443082093
15947.5869787476
15946.8087641179
15947.9211849765
15947.5869788111
15946.8427364154
15947.7320415993
15947.8319536418
15946.7707018293
15947.5869787335
15946.3910242794
15947.7381287174
15946.7699441614
15946.651434433
15948.0717570477
15946.1192295217
15947.5869786536
15947.5869787272
15946.4030525675
15946.920099251
15946.3317459798
15947.5869787414
15946.0631445459
15947.8039571775
15946.4417849136
15947.9336054024
15946.6033451704
15946.435000676
15946.4673873345
15946.9866746819
15947.5869787344
15947.974816381
15947.5869787348
15947.7591425757
15946.8004235666
15946.6348808175
15946.329081862
15945.519535833
15946.6329396664
15946.3409706774
15947.586978745
15946.0411995035
15945.9914143401
15946.6910568332
15946.6279870796
15946.1379206567
15946.4700278155
15947.5869787351
15947.9518093976
15947.9921331544
15947.7311102569
15947.5869787341
15946.808991122
15947.7858637901
15946.6511761257
15946.5053422341
15946.7782596182
15947.8524318409
15947.9277313731
15947.8306372541
15946.5510339624
15946.4812575326
15947.5869787367
15946.8563239138
15947.5869787436
15946.4492628144
15946.6176740603
15945.9663407258
15947.8297011647
15947.5869787356
15945.9987942304
15945.9066653834
15946.5435736516
15947.8713129148
15946.3449376388
15947.5869787361
15946.254622224
15947.5869787405
15946.3065904332
15946.3224621043
15946.2576628906
15946.0347977106
15946.6633676061
15947.5869787382
15946.3435965871
15946.6501476204
15947.5869787373
15947.5869787433
15946.4037263556
15946.5019650254
15945.8716302942
15946.5911150489
15946.741618559
15948.0297598303
15946.3777580593
15946.7321501246
15946.5250618171
15947.5869787364
15946.8069898949
15947.5869787365
15947.5869787027
15946.4474949941
15946.5705495672
15947.7451888902
15946.6989363252
15946.3704453888
15946.4922235805
15945.9494427316
15946.1472106625
15946.6348484878
15946.4736618271
15946.4398638596
15946.6234800641
15947.5869787322
15946.4836303071
15947.5869787288
15947.5869787336
15946.4872064968
15946.5589667699
15946.493998076
15946.4389197944
15946.0523689136
15947.5869787317
15946.0240515345
15947.5869787348
15946.4553895122
15947.9674021627
15947.5869787412
15947.9839686075
15946.7109534129
15946.5725894489
15946.1554738168
15945.9198447303
15947.58697874
15947.9428343314
15947.0187130082
15946.1869483424
15946.3906482805
15946.7434639988
15946.8075951276
15946.5777618888
15946.3429723749
15946.4401025464
15946.2731301441
15946.7334344814
15947.0355767469
15947.5869787402
15946.9869439987
15946.1597771134
15946.2839220499
15946.081358249
15946.2811417406
15947.9269208187
15947.5869787425
15946.1314205415
15946.1780387241
15948.0180160372
15946.3005086423
15947.908418124
15946.3026292383
15946.2625212212
15948.0479200135
15947.5869787322
15947.5869787401
15946.2494688113
15946.1875703806
15946.7356686372
15947.586978736
15946.1450646625
