# type 2 occupying volumes
15965.3836865761
15966.5185747869
15966.5185747837
15965.4017942884
15965.2209847918
15965.6179016977
15965.636453531
15966.51857478
15966.6850695088
15965.6579805717
15966.5185747845
15966.7557965179
15966.5185747819
15966.4927581317
15966.5185747896
15964.8945390649
15965.324588536
15965.1826622422
15965.6978248117
15965.7257705535
15966.6974800548
15966.9039542501
15966.7623722003
15965.4069520485
15965.5791976362
15965.5407914232
15966.6548356895
15966.5961547397
15965.0173066309
15965.1958201744
15965.1631414024
15966.5185748169
15965.187543473
15966.5185747763
15966.7342168086
15964.9723715066
15965.5978250098
15966.7860480793
15966.7929082464
15965.7867698421
15965.5998361136
15965.3452203825
15965.0951536021
15966.9334209027
15966.9687471792
15966.9731522571
15965.2202353489
15966.5185747866
15965.3544025625
15965.5574567643
15965.4077900944
15966.5185747781
15966.5185747789
15966.8364747412
15966.92450226
15964.6991286185
15966.6881900736
15965.6051450008
15966.5185748204
15966.518574783
15966.652560955
15966.5185747688
15966.8804182757
15965.0158863446
15965.5070662104
15965.4899223748
15965.6542988543
15966.8873573594
15964.984035874
15965.4545957128
15966.8024340578
15965.0965286267
15965.3736261022
15966.5185747865
15964.9813092276
15965.5388923638
15965.4604491212
15965.1027824584
15965.7627749035
15965.4500943616
15967.0146445158
15966.9307602875
15965.2003583358
15965.0493821991
15966.5185747834
15965.165189887
15965.4496452339
15966.0192151106
15965.4697586373
15965.026989202
15966.5185747785
15966.5185751667
15965.1356516796
15967.0096329538
15966.8088318335
15965.8337620183
15965.7772780569
15966.0195327522
15965.5758743417
15966.5185749401
15966.9203167185
15965.3478692803
15965.6298840746
15965.2042938885
15966.5185747831
15965.7184328559
15966.6812443149
15966.7731614686
15965.6380454616
15965.489579386
15965.8132770288
15965.7884822127
15964.8754321656
15966.7184997649
15966.5185747837
15965.3646916517
15966.518574784
15965.5305915505
15965.0222908589
15965.1762026024
15965.5599532408
15965.6161141854
15966.7567569826
15966.5185747874
15966.5185747901
15966.6641219152
15966.5554743565
15965.6168550201
15964.8030078568
15966.5185747923
15966.518574578
15965.0455130792
15965.2572045912
15964.7986064935
15965.0268145073
15965.9903680748
15965.7241367894
15966.896137256
15966.0510813136
15965.8127251072
15966.5185747953
15964.9268321956
15964.9330042753
15966.5185747877
15966.8274183067
15966.7176164535
15966.8554399902
15966.518574784
15965.4581628817
15965.0107170919
15965.4885668729
15965.3083716088
15965.7904290876
15966.726114498
15965.3666385635
15966.5185747779
15965.1859269558
15965.3150650781
15965.6243898214
15966.5185747939
15965.4349801736
15966.51857478
15966.8760741171
15966.7875828346
15965.0370442281
15965.6987369842
15965.5028181848
15966.7822806677
15966.7340625516
15965.1806106036
15965.4582971651
15965.6224457794
15966.8225922393
15965.6461743049
15966.8113035707
15965.561285919
15966.724073009
15966.6432041124
15966.5185747883
15966.7003942805
15966.518574785
15964.9965241189
15966.5185747951
15965.2113923849
15965.0510553071
15966.5185748411
15966.5185747765
15966.6896635027
15966.6006042708
15966.5185747799
15966.651495314
15966.6893097949
15966.6065243994
15965.8594541591
15965.0392645525
15965.3802702348
15965.4308476321
15965.0519931566
15965.4188216222
15966.5185747842
15965.7969885997
15966.7169928655
15965.5127713045
15966.5185747876
15965.6172108545
15965.56976275
15965.1854341664
15965.2492644574
15966.4627527023
15965.6556634488
15965.3908260463
15965.342776245
15966.5185747771
15965.2460930245
15965.7727845545
15965.3187576881
15966.6538463626
15965.330605264
15964.9155891626
15966.5185747922
15966.8985773997
15965.6746466598
15964.7413903033
15966.5185747767
15966.5185747793
15964.9326364247
15965.5221684362
15966.5185747797
15966.5185747778
15966.5185747824
15965.3946136328
15966.5185747814
15965.4261093809
15965.5867363058
15965.4423641053
15966.5185747851
15966.5185747718
15966.5185746072
15965.2487383815
15965.7359384931
15965.3869643171
15966.5185747853
15966.5185747892
15965.7730601056
15965.7976189005
15965.1616170421
15965.7757634965
15965.5448637727
15966.5185747704
15965.8363838716
15965.4572085004
15965.5220845274
15966.7901637152
15965.563752382
15966.9137477662
15965.8067756882
15965.9554374473
15966.5185747857
15964.9938284158
15966.5185747732
15966.5185747848
15964.7951016716
15965.4285898767
15965.7311895213
15965.6173946287
15965.4012269924
15966.5185747856
15966.5185747865
15966.518574793
15966.518574789
15966.5185748352
15965.2388165508
15966.5185747679
15965.3654701829
15966.8384017122
15965.5253726612
15965.4308603193
15966.5185747898
15965.0013736211
15964.6734090766
15966.5185747831
15965.1071440643
15964.7633658822
15965.7491729886
15964.9737917349
15964.7095102109
15964.9702085575
15964.9383559705
15966.5185747844
15965.2589405733
15966.7238195947
15966.5185747763
15966.7849298276
15966.5185747948
15967.0062723775
15965.8005246103
15966.5185747905
15965.0789161364
15966.5185747498
15964.9043451021
15965.2530590381
15965.3942593818
15966.5185747723
15966.5185747742
15965.6641645246
15964.9344556902
15965.3911921587
15965.2791942552
15965.8037498407
15966.5185747992
15966.518574779
15965.5113396996
15966.8395375473
15966.6885629434
15966.518574791
15965.6399459591
15965.4876376387
15965.1721811179
15966.5185747871
15965.8212569769
15966.84254889
15965.1814485388
15965.6459396638
15966.5912013321
15966.518574784
15966.5185747741
15965.769428251
15965.9188271927
15966.0460917924
15965.8586312298
15965.7418448203
15965.5528132837
15966.2964684067
15966.5466584471
15965.6884540693
15965.545964347
15966.5185747853
15966.5185747885
15965.5705618397
15965.6234976189
15966.8045546288
15965.5204282865
15966.6255806007
15966.5185747829
15964.8440986324
15966.7407400865
15965.5999818503
15965.7197517935
15966.8370283886
15965.7083732603
15966.5185747885
15965.7454642375
15965.0815964516
15965.4863830913
15965.678580959
15966.6003013061
15966.518574786
15966.5185747844
15965.6008941307
15966.5185747852
15966.5185747802
15965.5483528802
15965.0577459736
15965.6837683218
15964.7269794011
15965.623741855
15966.6078954776
15965.8802058342
15966.5185747876
15966.5185747803
15965.5909722255
15965.2782276456
15965.6949167718
15966.8257109136
15966.8542323751
15965.6629521138
15965.7640298877
15966.5888827637
15964.7895068905
15966.518574782
15966.7479303758
15965.3691743648
15965.8014320348
15966.0545671753
15966.67165526
15966.5185748107
15965.7035023103
15966.5185747841
15966.561566631
15966.774510536
15966.5185747829
15965.7183431062
15966.9412629906
15966.634361022
15965.7109988273
15966.7797040913
15965.7836125746
15966.6335574286
15966.5890206548
15965.5914095229
15965.7946189196
15965.8977070802
15966.8009363005
15965.7547233814
15965.6490739422
15965.5854887249
15966.7914629258
15965.6646555425
15965.5499930438
15965.7451183106
15965.7928336244
15965.6384459419
15965.7265181292
15966.692232882
15966.5185747883
15965.6056875749
15966.6609906339
15966.5560200338
15966.8463688784
15965.3861441344
15966.5185747788
15965.7334914108
15965.7093772194
15966.5185747853
15965.7835262354
15966.8350052516
15966.7139349132
15965.0356139191
15966.7615803569
15965.6956494375
15965.4828348121
15966.6585969219
15965.7319843848
15966.7885578308
15965.6818187808
15965.6339516859
15965.2127121858
15966.7493369482
15965.6728895
15965.4022416196
15966.5185747905
15965.5669994515
15965.0750154618
15965.6269744621
15965.0849830867
15966.5185747861
15965.6949199974
15965.3288251741
15965.6550746697
15964.9955031933
15965.2553110582
15965.0446401071
15966.6286733054
15965.1043793175
15964.5630562979
15965.1563837126
15965.3948666728
15964.983551223
15966.8147666755
15965.2907244328
15965.2997540084
15966.5185747896
15965.5311919069
15966.5185747757
15966.7178345493
15965.7001415559
15966.5185747589
15965.2275784676
15965.0902684505
15965.4197390724
15964.3717072114
15965.2030598267
15966.5185747751
15965.2080282675
15965.1708854795
15964.7817322955
15965.573012794
15965.3600990218
15964.8747601064
15964.8813423869
15964.6449272279
15965.0236127274
15964.8300586789
15965.936698088
15965.4127533226
15966.5185747783
15965.6441001891
15966.8240036845
15965.7397283598
15965.3665078009
15964.7154956979
15965.3190273176
15965.452410225
15965.5660030259
15966.5185747829
15966.5185747631
15965.04773489
15966.6691581164
15966.5185747388
15965.6205729011
15965.6080512446
15966.518574792
15966.5185747794
15965.1605574935
15964.7073689822
15965.1199551415
15966.5185747818
15965.0475941655
15965.2349225024
15965.2398012318
15965.1147823834
15966.6439314596
15965.5397300082
15965.5838240209
15965.5958984843
15966.5185747826
15966.6515962164
15965.3516832511
15966.7115684234
15966.9818989687
15965.4975627276
15965.7509549
15966.5185747868
15965.4063501545
15966.5185760783
15965.7903102386
15965.3228660435
15967.0582368653
15966.7796703421
15965.6770502592
15966.7845696639
15965.5377575486
15965.6849528992
15965.7315803363
15965.4259490383
15966.737395039
15965.4589382441
15965.058758068
15965.3351348537
15966.9429874812
15965.3166386413
15965.7830728511
15965.7723318557
15966.4587623122
15965.5544061738
15966.5185747809
15965.4454887319
15966.5185747938
15966.5185747553
15965.2927711657
15965.8317909181
15966.9300673208
15965.7809065848
15966.5185747748
15965.6803364353
15965.7851071743
15965.6873820886
15966.5911569645
15965.7536793588
15965.6360157668
15966.5185747866
15965.1627536031
15966.6328475441
15965.6459366892
15965.506110956
15965.7147631846
15966.5185747822
15964.8105992139
15965.0647946384
15965.0173921361
15965.1386381043
15965.6069341533
15965.629213025
15965.767442572
15965.2742590325
15966.5163166688
15966.5185747737
15965.6049829875
15965.8159009656
15965.5420759558
15965.6994664401
15966.7597767477
15965.6308488686
15966.5185747811
15966.6807513424
15965.6780143287
15966.7285976707
15966.6020704017
15966.5185747795
15966.5185747858
15965.5276249402
15965.1229304104
15966.844841284
15966.5185747815
15965.6783379504
15965.6688158068
15965.6943812227
15966.6601218371
15966.5185747813
15966.5665918763
15966.5796728676
15965.6852098743
15966.5185747564
15965.5153113207
15965.5331460612
15964.9579847278
15964.9013778696
15965.5244870359
15966.8702922402
15966.5593868304
15966.5185747881
15965.765986753
15966.5185747734
15965.0141025745
15965.2947780224
15965.723647854
15965.1370150794
15964.9040632095
15965.3779392333
15966.5185747927
15966.7416396455
15965.6699716333
15965.7261057763
15964.5425902416
15965.2384684938
15965.0496024612
15965.1886592726
15965.3331799979
15964.7911376785
15966.518574777
15965.1403879746
15964.795437853
15966.5185747892
15966.5185747876
15965.1537378718
15965.3406984379
15966.518574792
15966.5185747867
15967.0221363754
15966.7515456925
15965.3481705511
15965.6919495634
15966.8059481113
15965.6204366231
15965.2920315974
15966.5185747741
15965.1594703901
15966.8713989356
15965.2605155611
15964.9083664102
15965.6217226302
15966.5185747869
15965.4670973831
15966.5185747861
15964.9061753063
15966.8386966283
15965.1458244014
15965.0117501799
15965.6790914429
15965.7907941182
15965.5948433425
15966.5185747733
15966.5185747863
15966.7624435987
15966.5185747668
15966.5185747773
15965.2819238213
15965.2342417378
15966.5185748161
15965.288265045
15966.8922517001
15964.8882125008
15965.8980073116
15966.9124090205
15965.3148640774
15966.6794782799
15965.4259885166
15965.8574063523
15966.7627598581
15965.6655659609
15965.7492577405
15965.462450823
15966.9033837378
15965.4963943268
15966.8028988944
15965.6251048716
15966.5185747834
15965.5169128218
15966.688030246
15966.7442157312
15965.95040093
15966.5185747768
15966.7540566632
15965.7205626762
15966.8934070656
15965.7386013333
15965.7412183381
15966.7288830946
15966.5185747839
15965.5565991402
15965.4881875266
15965.1750534742
15965.4708772088
15966.6588196743
15965.6237255063
15965.2828756056
15965.7508379654
15965.6957713958
15965.6739586529
15966.347121421
15966.7775161317
15966.7806901398
15965.2073742881
15965.6299432037
15965.5134758549
15965.4518748252
15966.518574804
15966.6223203173
15965.3112413193
15966.5185747917
15965.7699437328
15966.7892894631
15966.6801008229
15966.7763188957
15965.5534667693
15966.5185747791
15965.1544883615
15966.8665436988
15965.6093539824
15964.6967139215
15966.5185747813
15966.8534886963
15965.537298969
15965.4931780595
15965.6248787419
15966.5185747905
15965.7898622786
15966.5185747866
15965.6101820637
15966.5185747681
15965.5116089327
15966.7416798398
15964.7938335381
15965.1520879973
15965.0544421772
15964.8100541999
15965.4168961294
15965.2066332673
15965.6669532149
15965.6682252618
15966.5185747841
15965.5109175905
15965.6957942405
15965.8674477807
15966.816512101
15965.7143488985
15965.1200606841
15966.6529594606
15965.3544028197
15965.7636473017
15966.7467243521
15965.7212975721
15966.7739815109
15966.7243522345
15966.5185747791
15965.9027320293
15965.8032543271
15966.5185747864
15965.6349015247
15965.6418934475
15965.3053602973
15965.271094473
15966.5185747843
15966.7315012305
15965.2609714822
15966.5185747864
15965.0513498692
15965.5278061082
15966.821226696
15966.964758739
15965.5348778623
15966.8086621346
15966.5185750209
15966.6395925749
15965.5229553199
15965.6538491791
15966.5185747789
15965.317851644
15965.6027889263
15965.2655463623
15965.3830823119
15965.9314301031
15966.7709758419
15965.3426755132
15966.9387828857
15965.6649802216
15966.5185747856
15965.1717797696
15965.7028832797
15966.4573788389
15966.5532450188
15965.988589235
15965.7859147736
15965.6605382363
15966.8980109299
15965.7155668909
15966.9913124753
15965.4185786163
15964.8259772782
15965.0303492381
15964.721025253
15964.9753259427
15966.7165617793
15965.7305291896
15966.5185747861
15965.6554191037
15966.5185747904
15966.5264210431
15966.8219056915
15965.6203462895
15965.196293889
15965.404086316
15964.9628218649
15965.4302642692
15964.7798516162
15964.8757752387
15965.6951669458
15965.6753333805
15966.5735604431
15966.8504848956
15965.3723673605
15965.6631097488
15965.2710065374
15966.5185744561
15965.6689566221
15966.6644849421
15965.5738823585
15965.1068616477
15964.9231100025
15965.7772991728
15965.1998545217
15965.6099330639
15966.845287084
15966.5185747807
15965.5908163064
15965.9517825716
15965.5329260338
15965.3469593306
15965.7309489092
15966.7805881442
15965.6330699539
15966.7535380432
15965.3739252389
15966.5185747837
15965.200845552
15965.1626836586
15966.5185747861
15965.5933858701
15965.3818384473
15965.411954311
15966.5185747836
15965.4975227405
15965.9701667897
15966.9509139911
15965.8477852178
15965.7422036855
15966.5185747883
15965.8015538336
15965.5976096215
15965.1204035648
15966.5185747724
15965.6554188048
15965.3199185819
15966.5185751046
15966.936922977
15966.793027756
15965.8999700727
15965.4324218064
15966.8697915227
15965.6403520069
15965.6135665543
15966.7596117625
15965.6005074014
15965.6455776211
15966.7278890011
15966.5185747905
15965.590783721
15966.5185747808
15966.518574785
15965.49276672
15965.846207312
15964.7873169039
15966.9516966015
15964.9652059291
15965.0999187967
15965.7373460288
15966.5863925722
15965.6368793244
15964.7327407985
15964.817360512
15965.31036891
15965.1775926341
15966.5185747799
15965.2288254844
15966.5185747822
15966.8256533002
15965.4068515967
15965.4502545727
15965.3535969688
15966.7494518402
15966.6042135214
15965.5697436833
15965.6121968512
15966.518574786
15965.6395148639
15965.4227952935
15965.5477169353
15965.3436128063
15966.5185747921
15965.0849678432
15965.1671487695
15965.711848267
15965.6984152283
15966.5195414713
15964.7532863388
15966.5185747867
15966.8183901754
15965.5833438041
15965.5302524093
15966.5185747845
15965.7061892638
15966.5185747842
15965.7098363344
15966.5185747855
15966.5185747792
15965.6979072411
15965.2785558572
15966.7033820632
15966.5185747859
15965.0983121211
15964.8060663961
15964.9144960985
15965.9301645568
15966.7644720055
15965.6125151459
15966.5185747834
15965.0273966202
15965.6343665867
15965.3885713851
15966.6761920341
15966.5185747905
15965.6133717867
15966.5185747839
15965.5390838725
15965.6875715278
15965.4915528203
15966.5185747888
15965.126268486
15966.5185747844
15965.4006816764
15965.4829780912
15965.2114052442
15965.4446550108
15966.5185747866
15966.5185747804
15966.8733748111
15966.5185747797
15965.5361712696
15965.4962389735
15966.8402360016
15965.6780872543
15966.4903549673
15966.7993529689
15966.5185747875
15966.5185747697
15965.7706722277
15965.3793669957
15965.58201998
15966.6930381354
15966.5185747891
15966.518574935
15965.3751177561
15966.8641393459
15965.6931359722
15966.589747841
15965.6274275604
15966.6038188276
15965.5813546566
15965.5537494292
15965.5237120529
15966.871215374
15965.4801475774
15966.5185748001
15966.5185748068
15966.637316551
15966.7071035722
15965.6431030498
15966.5899905331
15965.5279694156
15965.8351601255
15965.6143580262
15966.5185747787
15966.6948241826
15966.7426661934
15965.4577445541
15966.5185747874
15966.5185747879
15965.761336863
15966.6621251945
15965.2934340117
15965.2949910029
15966.8394806174
15965.5410463547
15965.4967933224
15965.6362062598
15966.5185747928
15966.6914263017
15966.7359372515
15965.7297310715
15965.1917555061
15965.5905676994
15965.135520111
15965.0416877411
15965.4041979612
15966.9007644732
15964.9383573315
15965.1505296297
15965.1482917096
15964.9237979883
15966.5185747809
15966.5185747682
15965.1028210775
15966.5185747897
15965.1202368537
15964.8739345247
15965.6076758087
15964.8524687355
15966.849517176
15965.6005575983
15966.5185746504
15966.5185747885
15964.9337015592
15965.1197581902
15965.2780219827
15966.5185747837
15965.1107949235
15964.6282340873
15965.1296942086
15964.5928749253
15964.9748290549
15966.5185747928
15965.1786225316
15965.0828537592
15964.9717748676
15964.5516861333
15965.0067460559
15964.8963549478
15965.4177289812
15966.5185747907
15966.5185747837
15966.7630662318
15965.4466430387
15966.5185747789
15965.5784951686
15965.4832797058
15965.5086742912
15966.5185747947
15965.320602237
15964.9569950643
15966.5185747616
15965.0539951898
15965.1494845014
15966.5185747715
15966.5185747214
15964.6766136972
15965.027425136
15965.15091036
15965.3042982071
15966.518574793
15966.5185748143
15965.0570400404
15964.8557816838
15964.7420996507
15964.9136609346
15965.6259522516
15966.5185747781
15964.8743917231
15965.2471692284
15966.8400643338
15965.2329241617
15966.9187712944
15965.5804588661
15966.8680317528
15965.3452570145
15965.0294829629
15966.8517988917
15965.0979965955
15965.1794041852
15964.819589082
15966.5185747881
15965.6003402369
15965.5024533529
15965.2407245635
15965.5778114424
15965.7348066144
15966.5185747858
15966.518575111
15964.9713910643
15965.5992102306
15965.4859394723
15965.3755714583
15966.4860427977
15966.5185747836
15965.2054649484
15966.5185747808
15966.558363936
15966.5185747848
15965.0685671081
15964.8305969956
15966.5185747808
15965.2616596856
15966.861434972
15965.5982084379
15965.1354871046
15965.2306221877
15965.3719650966
15965.6177741495
15965.5507429633
15966.73304524
15965.9626621616
15966.5185747864
15965.1839672317
15965.3580573904
15966.5185747815
15965.6858189888
15964.8856364382
15965.8542316888
15965.0397941703
15964.8731666634
15965.7457738158
15965.4686259643
15964.8340033139
15965.424550795
15965.3585892508
15965.5237030405
15965.6466497076
15966.8209348389
15966.6622040396
15965.4155122921
15966.5185747795
15966.5185747843
15966.5185747887
15965.7023834768
15965.0542623109
15965.839951136
15966.6912661959
15966.518574784
15965.5898237854
15965.6672029383
15966.7517384529
15965.537205787
15965.7357542814
15966.518574788
15965.6193828102
15965.6941435398
15966.7410721355
15965.715776091
15966.7816718703
15966.5185747823
15966.5185747817
15966.7587979332
15965.6454164372
15966.5185747781
15966.518574788
15965.7036782234
15965.1636038321
15966.8526172414
15965.6812987784
15966.8940178663
15966.5981867773
15964.9529747335
15966.5185747858
15966.5185747961
15965.4903279301
15965.3972798262
15966.5185747847
15966.8115780766
15966.8460871611
15966.518574789
15964.9980611359
15965.4244325122
15965.6342888831
15965.6739007383
15965.2999276967
15965.1892819274
15966.5185747889
15965.7082407145
15965.488453078
15965.5795534273
15964.7802496963
15965.278640271
15964.81381893
15965.0621687407
15964.7964847547
15965.0905052483
15965.1060726178
15966.8993159647
15964.9373623308
15966.5185747809
15965.1253310612
15966.5185747782
15965.3948378802
15966.5185747873
15964.9089830654
15965.1174455317
15966.518574793
15965.1895422228
15966.5185746902
15966.5185747799
15965.237845284
15964.9019297959
15964.9902635471
15964.5693464072
15966.9428013071
15964.8659760756
15964.8046535689
15964.9508791705
15966.5185747885
15966.5185747861
15965.2847351247
15964.7572725347
15964.8115531565
15966.8920177661
15966.5185747843
15964.8800489578
15965.4798976725
15966.8130736976
15965.6960442574
15966.5185747776
15966.5185747913
15965.003860467
15965.5204806659
15965.4874542422
15967.0318766653
15964.8429354431
15965.5823144446
15965.2289756039
15965.2396094488
15966.5185747772
15965.2699571898
15967.0475993911
15964.5790979867
15966.5185747934
15966.4769545133
15966.5185747769
15966.7326001621
15966.7768866344
15965.5032579671
15965.2101576086
15966.8832181354
15965.4455594214
15966.6124717968
15966.8864772727
15965.2986406665
15964.8928146428
15964.9137913787
15966.5185747761
15965.9181922187
15965.1529275928
15966.5185747833
15965.4645242128
15966.5359288388
15965.0299284871
15965.2083654121
15966.5185747768
15966.5185747848
15966.5185747835
15966.5185747956
15965.899429487
15965.1672955037
15966.7242688356
15965.4872709921
15966.3852467486
15966.5185747872
15966.5185747997
15966.7682107339
15965.1738477249
15965.5587948726
15965.0505835713
15965.2231880558
15966.9268585857
15965.2880668054
15966.8448572132
15965.6097842623
15966.6739384302
15965.4957366008
15965.6876831063
15966.5185747872
15965.3527149101
15966.5185747854
15965.7899986924
15965.0388005215
15966.7476770911
15966.5011539538
15966.6549920397
15966.6447052122
15965.7010584779
15964.371058522
15966.5185747855
15966.6815598421
15965.718159869
15966.4805243025
15966.5185747961
15965.73175853
15964.9509680241
15964.9824601463
15965.8586158506
15965.9035257436
15965.6734884336
15966.4715946051
15965.6451574493
15965.7791359452
15966.6956409273
15965.6568373693
15966.7755250178
15966.0669515507
15965.4209851356
15966.5185747887
15965.2206039767
15965.5281023514
15965.4325203176
15966.5185747889
15966.5185747869
15965.2956439507
15966.5185747876
15965.5841221095
15966.6422232695
15966.5912392541
15966.7766493492
15965.4550197592
15966.8106156859
15965.0923405075
15965.2870470065
15965.8975782302
15964.783178133
15966.5185747784
15966.5185747902
15965.6139519523
15966.1033653041
15966.6325079259
15965.7745038857
15965.097717292
15966.5185747868
15964.9161271978
15965.737467738
15965.3420652682
15965.5237568881
15965.1545762894
15965.6236258065
15965.2314437867
15964.695529802
15966.5722491248
15965.3622918927
15966.5185747804
15966.8117063951
15966.5084033723
15966.7294158583
15965.3898726239
15965.7078487834
15965.7581749873
15966.5185747937
15965.8981868996
