# type 2 occupying volumes
15963.6974216594
15964.0828854883
15963.4000381206
15963.6462178748
15965.0791701913
15963.8048071005
15965.0791701814
15965.0791701819
15965.0791702219
15964.1406886533
15965.084384909
15965.1563537297
15964.2445496819
15964.1432809928
15963.8731513076
15965.3291250258
15965.0791701947
15965.0791701786
15965.0791701919
15963.7426708481
15965.3031226223
15963.669118496
15965.0791702133
15964.1905821402
15965.0791702155
15964.1611467817
15965.4489978577
15965.0791701656
15963.5453990237
15964.0957895833
15963.3340136289
15965.0791701722
15965.3724048078
15964.1287966087
15965.2787978619
15963.718231422
15964.0041330485
15964.1750736327
15963.7845942252
15963.8697778849
15964.189160903
15965.0505523536
15963.8497666143
15963.6467506085
15965.569126075
15963.9635633364
15965.367516911
15965.0791702549
15963.8548135298
15964.0261526182
15965.0514752188
15964.1647220607
15965.0791702069
15963.4136395994
15965.0411675866
15964.0218424651
15965.0791701553
15964.0219836218
15964.0234055366
15965.0791701817
15964.0739125592
15965.079170234
15965.0791701969
15965.2966204562
15965.0791701684
15963.9684762791
15965.1271369475
15964.0779094837
15965.0791701966
15963.9951794327
15964.2648407541
15963.502499695
15963.9530433288
15965.0791702099
15963.739830353
15963.2338614486
15963.6246972146
15963.8214069847
15963.6361295698
15963.4641664176
15965.0791702169
15965.0791703194
15963.9401788741
15963.9747787901
15965.0791702088
15963.9887278727
15964.1857586812
15964.1803401833
15964.0686738545
15964.1631577496
15965.2600377791
15965.3751961049
15963.6399446316
15965.5256487663
15963.8475905526
15963.621047983
15964.4034296563
15965.0791702284
15965.3402019471
15963.8548458191
15964.2847580286
15964.2345691837
15965.2167310668
15965.1941844561
15965.208467549
15964.3183368686
15963.9605439719
15965.0791702661
15965.0791702053
15965.2731768794
15964.1972837337
15965.0791702013
15965.3867021116
15965.4869764073
15965.3389514968
15964.4713574124
15965.079170185
15965.0791702323
15963.2320421681
15963.6586443348
15965.0791702177
15964.1303318573
15964.1845479049
15965.0791702696
15965.416601593
15963.8845796269
15963.8309199366
15963.7559887438
15963.2661085992
15965.0791702208
15963.5113479157
15965.0791701941
15963.9853277839
15963.4029965502
15963.7990474199
15965.0791734732
15964.0769204677
15965.0791701683
15964.2146768806
15964.188855374
15965.0791702498
15963.9371022663
15963.5004860029
15963.6584277529
15965.0791701715
15965.0791701509
15964.1882725879
15965.6663536924
15964.0404043874
15963.2804029392
15965.0791702154
15963.3658505051
15963.8561835508
15965.0791702023
15964.0832270136
15965.4792839082
15963.8509620747
15963.1786120612
15964.0151943518
15964.1344201702
15964.3307060859
15963.4340896564
15965.5635231457
15963.8027834524
15963.431129296
15964.1491932647
15963.8239824507
15963.7971772472
15965.0791702089
15964.3162150884
15964.2762760271
15964.2379988372
15965.3548325931
15964.4118985044
15964.1464849176
15965.2347180019
15965.0791701798
15965.3846572988
15964.3093395998
15963.6602350856
15965.0791702107
15963.947395913
15964.184379748
15964.2620487386
15964.2956996938
15965.5961024351
15965.0791701934
15964.1390949584
15963.96531446
15965.0791702816
15965.0791701994
15965.3827629196
15964.3305055935
15965.0791701973
15964.1414397996
15964.1934545668
15963.6922328707
15963.9469070499
15963.951840263
15965.0791701507
15965.0791702051
15965.0791702067
15964.0586315935
15965.0791702295
15964.1797338152
15965.0791701965
15965.2521909397
15964.0562295854
15965.3744045833
15965.0791702079
15964.0334274369
15963.8019826719
15964.0826695856
15963.8306364995
15965.31159052
15963.8600718485
15965.079170149
15963.7553005763
15963.555305753
15965.0791701817
15963.9553780832
15963.5702971138
15963.2487458304
15963.8261819585
15963.7307242269
15964.0807991822
15964.2204828779
15963.8658148092
15965.3067933607
15963.9886155449
15965.4722990783
15965.0791701984
15963.322400728
15963.6191795137
15965.0791702354
15964.0953644896
15965.0791702129
15964.0293228883
15964.0356505884
15963.8021475902
15964.1501220973
15965.0791702326
15965.0791701919
15964.1286382724
15964.1827331225
15965.1325589296
15965.3436172024
15965.2138664125
15965.0791701827
15964.2001876671
15963.8335389417
15964.1751751315
15965.0791702303
15964.1532270569
15965.3612647855
15965.1939636347
15965.0791701695
15964.1492980002
15964.0943094139
15965.0791702202
15965.1753740501
15965.0791701733
15964.1750005774
15965.2526133006
15965.3098195815
15964.0012157745
15965.0791701856
15965.079170197
15965.3279336041
15964.1961506216
15963.3661668427
15963.618156942
15964.0419985418
15963.9800031624
15964.018099749
15965.3916126527
15965.0791702431
15965.0791702059
15965.2277848205
15963.6940502123
15965.0791702011
15963.890057879
15963.645845603
15965.3110284857
15963.3752017811
15963.9346381291
15964.1451808485
15963.5321885452
15964.1022262648
15964.1896707638
15964.198942612
15965.5985782303
15965.2884111375
15965.0791701863
15965.079170207
15965.3711588414
15965.0791701944
15963.7402392615
15963.7860968363
15965.4962285017
15964.3135385512
15964.2386698321
15964.0256423055
15965.4865648343
15964.3208522732
15963.6525763281
15963.5562756445
15964.1083843389
15965.0791702088
15965.561161788
15963.737624127
15963.9823391186
15965.0791702031
15965.269173434
15965.0791705679
15964.2903079771
15963.7997809985
15965.0791702149
15963.8968766944
15964.2446721871
15965.4138333533
15963.9380733327
15964.2501566086
15965.0791701625
15963.8688246155
15965.0791702261
15965.2282310392
15965.2583906289
15965.3076451573
15965.1865493327
15963.8125059146
15965.0791703966
15965.4362052299
15964.0482854672
15964.1773367397
15963.8451567352
15963.8388973089
15963.7725125135
15964.101649273
15965.0791701249
15964.1320751745
15964.0278988884
15965.0791702228
15965.3529415377
15963.6047258277
15963.76252724
15963.3396175713
15965.0791702064
15965.4610885848
15965.0791701778
15963.5588131741
15965.2607607761
15963.9813205246
15963.8064367176
15965.4052068701
15964.109471367
15965.4884089995
15965.0791702043
15963.9350287261
15963.8056231719
15965.0791703139
15965.4497328617
15963.8937344061
15964.0421400639
15963.5262208554
15963.7004321229
15965.1808735884
15964.0428106694
15963.948939978
15964.1643305708
15963.821261378
15963.7765567014
15963.9748750971
15963.683160866
15965.0791702049
15965.2968291049
15963.8957450925
15963.7840732823
15965.0791701893
15965.0791702012
15964.1875860727
15963.8196896553
15964.0063634987
15963.8454965789
15964.2042621921
15965.3404522751
15965.4477912146
15964.1317065718
15965.0791701804
15964.3020147302
15965.0791703021
15964.1079204817
15963.5378999603
15965.3143787036
15964.1611224979
15963.9907607063
15965.4473268421
15964.0844435694
15965.0791702283
15965.0791702104
15964.067718853
15964.2145578267
15964.2363888587
15965.0791702023
15964.5152377419
15965.0791702029
15962.9805554991
15964.17133427
15964.0732661996
15963.6415806422
15964.003624326
15964.1797732371
15964.3923416742
15965.4526487041
15965.1731938904
15965.2058979183
15964.1544428037
15965.240774107
15965.1935921109
15964.1486710676
15965.2958012357
15965.079170192
15964.4054671972
15965.2944960043
15965.0791702266
15964.1787043127
15965.0791702033
15965.079170187
15965.2626310597
15963.9066815989
15963.7588950265
15965.3676079153
15964.1258376437
15963.9787556483
15964.1178476314
15965.0791702218
15964.0123823915
15965.402967905
15964.2278921912
15964.2608045852
15963.8873178048
15963.4310955318
15964.2185615157
15965.0791701711
15963.9238359681
15964.2121595921
15964.1850602704
15964.2365441745
15963.5691885226
15963.4738603193
15963.6731128528
15965.0791702297
15965.0791701451
15963.7574531034
15963.4732966356
15963.7512206775
15963.5569085063
15965.0791702468
15964.1002779078
15965.5759690186
15963.9343652135
15963.8538500242
15963.9647329829
15964.2326155058
15965.0791701921
15965.0791702055
15965.2838384386
15963.6713614229
15963.959185883
15965.0791702062
15963.506881414
15963.8343528532
15965.0791701864
15963.4622124643
15964.0357492474
15964.0270346305
15963.5052531593
15963.4896027106
15963.4915406229
15963.804468307
15963.9701602518
15965.0791702121
15963.4306545086
15964.3423232508
15963.8421896859
15963.8492922849
15964.091758956
15964.2464222903
15963.9997856889
15965.0791701553
15965.079170195
15964.1687439167
15963.5561466604
15965.079170281
15965.3091773909
15964.1768678311
15963.8354528876
15965.0791701215
15965.0791702181
15965.3483770116
15965.2663838673
15965.0791702057
15965.0791701723
15965.0791702395
15964.1023458413
15963.7475295805
15964.0297767603
15963.266943074
15963.6824898401
15965.2457211252
15963.3608087328
15963.6601143034
15964.2224656381
15963.8111665643
15965.0791701886
15963.5368864501
15964.0534766246
15963.5150301054
15964.1562872078
15963.9141367529
15964.2917965837
15963.6052937027
15963.7335458197
15964.3010865416
15963.8415746094
15964.1984736207
15963.5069852178
15963.3202073992
15965.0791701864
15964.0048097458
15963.8808585147
15963.7242198106
15964.2110054998
15965.0791702684
15964.1684257288
15965.50179571
15963.8395860393
15965.0791702026
15963.8087665935
15965.4039420018
15963.465695297
15965.0791701883
15965.0791701944
15965.3545291269
15965.3570953131
15965.306073712
15963.9909458716
15965.07917025
15963.6689513052
15963.5730016889
15964.3493329935
15964.0201570374
15964.3367780902
15964.1341580748
15964.146514982
15965.0696581035
15965.1124958146
15965.1959298432
15965.1863466057
15964.1432724486
15964.0917559846
15965.0791702052
15965.2642656244
15963.4822571359
15963.91588941
15963.8117488582
15965.0791702005
15963.3810209713
15963.4026989351
15963.7630212124
15963.7632032451
15964.1654901163
15964.2032914644
15965.0791702024
15964.0906577361
15965.168607904
15964.1071211939
15963.9389434339
15965.0791702323
15963.9701262065
15965.1876241426
15965.2636652529
15964.0921858253
15964.0409277014
15964.2398769575
15963.4814769652
15965.3436173232
15965.0791701905
15964.3247978262
15965.079170196
15965.0791701955
15963.9180276411
15964.2300917393
15965.0791702014
15964.1664425715
15964.3040442043
15964.0601067164
15964.0887809105
15965.0791702136
15965.0192925286
15964.0660192352
15965.3527772485
15964.0558834451
15963.9864622116
15965.3532778132
15963.9851215715
15964.0151464324
15965.3511038375
15965.2159704126
15965.2664733208
15965.0791702037
15964.0550355322
15963.6736498914
15965.0791701991
15965.4688660853
15965.0791702014
15964.0144955749
15965.0791701625
15964.0139159492
15965.079170191
15965.2214331094
15963.9855016738
15965.333332989
15963.7053186898
15963.6974142941
15965.4277706893
15964.1828564958
15964.0728083438
15965.3159660995
15963.9399847166
15963.5832744601
15963.9826351798
15963.685022166
15965.5096966712
15965.0791701836
15964.0736476997
15963.9736476196
15963.9680918687
15965.07917019
15964.2574976189
15964.2242293725
15964.2050465309
15963.9560568111
15964.0956423647
15964.208396827
15965.0791702062
15964.0240929807
15965.4982347179
15963.8803290289
15965.349342954
15964.0810639277
15964.356335917
15963.7350588226
15963.9593372037
15965.3430441681
15964.0658789498
15964.1311283052
15963.7845495613
15965.1348931795
15964.1382175144
15965.1562271894
15965.0791701995
15965.079170144
15965.0791702138
15964.1783233988
15963.6549891482
15965.0791702369
15964.2512403222
15964.1669428925
15964.0592747719
15965.2697378675
15964.0248990495
15965.0791701698
15965.094871734
15964.2790320815
15965.187087661
15965.0791702794
15964.3920685694
15965.2425080971
15965.3049038099
15963.7054673208
15965.0791702162
15964.110354301
15963.9823496551
15965.439458977
15965.2236830499
15965.356172528
15964.2820076044
15965.2857078281
15965.07917021
15964.0791897861
15965.1922164282
15965.409303857
15965.3783615921
15965.1382326607
15963.9347149875
15964.0188166309
15965.0791702035
15965.079170218
15965.229332686
15963.5804591685
15964.2881791415
15964.0760275415
15965.4417521594
15964.0788193822
15963.9831390524
15963.8342474676
15964.2699241623
15964.0600248042
15965.1572545179
15965.2907227005
15963.8543622809
15963.6324265532
15965.0791702335
15964.1608688528
15963.908830629
15965.1003814203
15965.0791702484
15964.038411472
15965.0791701881
15964.1055130831
15963.8670405525
15965.144772863
15965.1013317057
15965.07917021
15964.0364354653
15965.0791701912
15964.2624568845
15965.2740524055
15964.0243183845
15965.2340003905
15965.2231726122
15964.1526131615
15965.2142241095
15964.7352505499
15965.138278887
15965.0791702318
15965.4136548236
15964.1905975334
15963.2621946331
15964.3137561389
15963.8164492036
15963.7016944058
15963.5459303769
15963.662692061
15965.07917029
15963.7743546151
15964.0038948098
15964.2295696634
15964.2657593944
15965.0791702076
15964.0505877
15965.2571117852
15965.2792824122
15965.413214549
15964.0987211875
15965.0791702365
15963.6052104594
15965.0791702353
15964.2814951265
15965.2648345394
15965.0791702704
15964.2661090494
15964.4504815581
15965.2514595884
15964.0366118147
15965.305074971
15964.4409854845
15963.9959498202
15965.079170222
15965.0791703438
15963.4346544197
15965.4182133724
15965.1871353058
15965.2807963131
15965.3335451284
15963.9359814462
15965.4692172831
15965.1607382352
15965.0791702607
15964.391089085
15964.083248143
15965.3373787364
15964.146400412
15965.0791703452
15964.1310408236
15965.0791702056
15964.1443604856
15965.2451354351
15964.215866879
15964.1685669371
15964.2343192272
15965.0912599851
15964.2524787507
15965.3350832959
15964.1461374477
15964.3011578539
15964.1593152671
15964.0958506171
15965.079170205
15965.0791702433
15964.1300795014
15964.0143983273
15964.0241657811
15964.2429859899
15964.2713497129
15965.4370290236
15963.7566796056
15965.0791702339
15964.1589502161
15964.2349964207
15963.8721962431
15964.3885535646
15964.4406534041
15965.1013143761
15965.1700802183
15964.3354786665
15965.0791701925
15965.4415104138
15963.6577231132
15963.7791194683
15964.2807208909
15964.3207185502
15965.3974375811
15963.4744251312
15964.1898751877
15965.4624301967
15965.3474633397
15965.4535055787
15965.0791702011
15963.7950166142
15964.2408958569
15963.5192672415
15965.3466987643
15965.2962962477
15964.0751743144
15964.0435560462
15965.4655927374
15963.6450490352
15964.4607553148
15963.6758171491
15963.9372003219
15964.2548030141
15963.7773773024
15965.0791701856
15963.9723242281
15963.8527889013
15963.8125306341
15964.0750258025
15965.0791702
15963.7947341755
15965.3584851612
15963.9014257256
15965.0791702926
15965.0791701783
15965.0791702268
15965.079170203
15965.4298881672
15964.0924786016
15963.9657175934
15965.6239336767
15963.8347623271
15964.0562899413
15964.1183119328
15965.5417248434
15965.3327262597
15964.2380537612
15965.0791702004
15965.0791725493
15965.0791702035
15964.2119122882
15965.0791702165
15963.8245770669
15965.0791703433
15965.453857047
15965.0791701911
15964.2849332752
15963.8818079408
15964.0408206928
15964.2628205402
15965.4078731614
15965.3517632655
15963.6181750139
15964.1247750203
15965.0791702096
15963.5662965606
15963.8447708896
15963.7466015096
15965.0791701894
15963.772593558
15964.1169662495
15963.9037697995
15964.2550726804
15963.556944907
15963.8057646686
15965.5026290891
15965.0791701385
15963.1283467444
15963.8191698969
15963.6366906
15964.5351707773
15964.5364014072
15964.4488679736
15963.6696502843
15964.0466952571
15965.0791702069
15963.7672411351
15965.1548229343
15964.0279156032
15965.3325056429
15965.0791702086
15964.0811740079
15964.3268943157
15964.0852357827
15963.8703551064
15963.6671534772
15964.2678244039
15965.0791701865
15963.5575286047
15963.7945552066
15964.0148607055
15964.4796293906
15965.4504253622
15964.3412615261
15963.7361705475
15964.2530452409
15965.2426391515
15964.081064676
15964.2260007406
15965.3171178398
15965.2118017402
15965.384272124
15964.1894390149
15965.1769004497
15965.4705316712
15964.3076750001
15963.5735922711
15964.2162761435
15963.5575843148
15963.7411825928
15964.3402935108
15965.4791480913
15964.1287573388
15965.4565389097
15964.1310965168
15965.2794549217
15964.2179110152
15965.2695692104
15964.2435135608
15965.4581754661
15963.4571328257
15963.7129684786
15963.9633095388
15964.1426879311
15963.4901545762
15964.376395542
15965.0791701868
15964.1498780802
15964.143239598
15965.0791701959
15964.0437749261
15963.649048862
15965.5682250284
15964.1812894058
15964.7889579056
15964.2282306787
15964.0866411272
15964.2204239768
15965.0791701698
15963.7915787822
15964.1786496522
15965.3483678065
15965.2420888905
15964.2444087472
15965.0791701319
15964.1969516633
15965.0791701822
15965.3110009884
15964.3588406866
15963.88404366
15965.4733797804
15964.0359734659
15965.0791702199
15963.9776486607
15965.1207051491
15964.0064741667
15964.248204041
15964.2230272305
15964.1784889742
15965.349101844
15965.2944028701
15964.3042411146
15964.4506300737
15964.2424128337
15963.9231632944
15965.1770656337
15964.0897793016
15965.0791702134
15965.122123987
15965.344092419
15964.3107933888
15965.079170195
15965.2879863927
15964.420624428
15964.0801047921
15965.3055245074
15965.0791702187
15964.236163248
15965.4364629223
15965.0791702029
15963.8187816531
15965.0791701927
15963.6544623164
15963.8092363117
15964.0317413965
15965.0791702031
15963.8888242035
15965.0791702168
15964.1944063297
15965.0791702148
15964.2193334885
15963.597011859
15963.6387464699
15963.7597767013
15963.637683788
15964.0363935162
15965.6891348183
15964.0950582902
15963.8057719211
15964.159310713
15963.9811203839
15964.320529511
15963.7563430693
15965.3839369537
15963.7909736525
15964.4267473405
15963.1423437221
15965.447836613
15963.6260300789
15964.089517545
15965.0498941156
15964.1441201012
15963.7447588135
15963.1272168512
15965.0791701532
15965.0791702122
15963.9805977142
15963.6284053402
15963.0182677199
15963.319149207
15965.0791702887
15963.858950043
15965.0791701544
15963.9880542805
15963.6612396221
15963.8233969241
15963.5401254151
15963.7977971168
15964.5337817348
15963.4389477051
15965.3491457817
15964.3293500632
15963.9031127587
15963.931637808
15963.9488410474
15965.0791702041
15965.40225897
15965.0791715546
15964.0750560623
15964.3511987512
15964.5289179035
15963.441186681
15963.5926445896
15965.0791702066
15963.8019206318
15965.0791702402
15963.6464561877
15964.0006905572
15964.2505277348
15965.3846371981
15963.5817026668
15963.2679063022
15963.5984409846
15965.0791702024
15963.8666086732
15963.8856162057
15963.7654171083
15963.6202612218
15965.0791701926
15964.0138153007
15963.4584678512
15964.2459250074
15965.278120797
15963.9761942529
15963.5535797515
15964.2315732992
15964.1284678045
15965.0791701723
15964.002871837
15963.5545268062
15963.5463319272
15965.0791702114
15965.0791701891
15965.4065303428
15963.7754327024
15964.0758204136
15965.2637537704
15964.0750226456
15965.0791701862
15965.0791701897
15964.165852567
15965.0791702106
15964.0649165066
15963.4289053718
15965.0791705371
15965.0791701897
15965.0791702078
15963.7047555001
15963.6431943706
15963.4297859762
15963.7504369961
15965.5283726824
15963.7950907148
15963.384214874
15965.0791701976
15964.0612070096
15964.2606951187
15964.2928155199
15964.2018950242
15964.0011040994
15965.0791701859
15965.0791701694
15965.0791703081
15965.2741388432
15964.0210450567
15964.0828289949
15965.2859998059
15963.418225234
15963.6272554399
15965.2963172845
15964.2127024275
15964.2915899212
15965.0025993798
15964.1253024948
15964.2301744858
15964.0094428318
15965.0791701424
15965.1521298548
15964.023610945
15965.079170214
15965.2483039997
15963.6848848707
15965.0791702082
15964.1934954214
15965.0908210473
15964.2515713585
15965.0807095103
15964.4700854837
15965.2169176097
15965.5195882173
15964.041688912
15964.3230139686
15963.8906905462
15963.7542165037
15964.1986301527
15965.2638311871
15965.0791702047
15964.212079753
15965.5116777788
15965.0791702072
15965.2759228317
15965.2146560665
15965.0791701476
15965.0791701872
15963.8913358533
15964.1522378041
15965.0791701306
15964.1686684968
15965.211407787
15964.2328200941
15964.3641327568
15965.0791702439
15965.3592060222
15963.6005228205
15964.1478193223
15964.3197165549
15964.1211455596
15964.0820920655
15964.0588424861
15965.2828186902
15965.2562823529
15964.3214442745
15965.0791702009
15963.3175999056
15965.0791701958
15965.3896333972
15964.2415300997
15965.0791701684
15964.1245257365
15965.5578141956
15964.211051965
15963.0694172202
15963.9689340615
15963.6642763378
15965.0791702016
15963.9547339198
15963.788209975
15965.079170201
15964.1300989332
15965.4578445972
15965.0791702349
15963.9785788721
15963.5293879251
15963.4494293637
15964.2340686178
15965.2442443029
15963.3193362233
15965.0791702093
15963.5175826533
15964.2253606762
15965.0791702927
15963.9394451509
15965.079170208
15964.3033247111
15965.0791702263
15963.9009732642
15965.4412018878
15963.6713029676
15965.2919379162
15963.9337974014
15963.6391229651
15963.5560527839
15964.286348392
15965.0791702227
15965.3631055303
15965.0791701382
15965.3121957195
15964.2274804054
15964.1736486973
15963.7785641345
15963.0389191788
15964.0536671618
15964.0283918504
15965.0791701699
15963.2040360446
15964.1033416875
15963.8325288804
15964.1001939317
15963.6102289169
15963.6623656691
15965.0791702851
15963.5537381861
15965.5376875037
15964.9625719608
15965.0791702241
15963.8827729897
15965.2224709036
15964.1136142186
15965.4825076329
15964.1595209962
15965.2168723592
15964.114216249
15965.0791702324
15963.9695458452
15963.8037858846
15963.8080374897
15965.0791703043
15965.079170212
15964.1381925061
15964.0498455781
15963.65586566
15963.4933470795
15965.4329208659
15963.5518867267
15963.8218991809
15965.0791702103
15964.1013872131
15963.684549579
15965.079170181
15963.6536254896
15965.079170197
15963.5854097982
15963.7713431226
15963.471852847
15963.6339167986
15964.3010214282
15965.6826407876
15964.0141340581
15963.6853830868
15965.0791701916
15965.0791693186
15963.3449790272
15964.1328625918
15963.6489588608
15964.0417092192
15963.9606738375
15965.0791701932
15963.6472265203
15964.1393021341
15964.0870758202
15963.5141194603
15965.0791702055
15965.0791702429
15965.2933010716
15964.1970036575
15964.049924688
15964.1530372921
15964.1289990263
15965.0791701791
15965.0791702216
15965.0791702102
15963.8379152153
15964.1907350177
15965.2139486285
15963.5986728421
15963.33382438
15965.2550630424
15963.7703487032
15965.0791702308
15965.0049986083
15964.2936142004
15964.3468817442
15965.2052905025
15965.2198098084
15963.8005414109
15965.0791702288
15963.4178883281
15965.0791702091
15964.2573982105
15965.3614438701
15965.0791701801
15965.390476114
15964.4218254716
15964.2939425525
15963.8880964783
15963.8238556872
15965.5068739587
15965.0791702647
15963.79437923
15965.0791702081
15964.2830265633
15965.4257194293
15964.2953167823
15964.0897177758
15963.9482531707
15964.2263299702
15963.8261514944
15964.2451384776
15964.3930714081
15965.331347183
15964.3149080658
15963.7200898592
15965.2882800352
15964.0236304193
15964.3390235535
15964.4695048159
15964.1145984663
15963.8917858149
15963.5815152412
15965.502311937
15963.6717808841
15965.4951149731
15965.2521474165
15964.0999746308
15965.2576705037
15964.4989754837
15965.0791702183
15964.0561558181
15964.0580683231
15964.2936041299
15965.0791701992
15964.2996453168
