# type 5 occupying volumes
15944.6139963446
15942.9970738132
15942.9970738125
15943.5729798556
15944.2646259858
15943.1791682859
15942.9970738191
15944.0924115568
15944.3125405796
15943.9734127957
15943.5984419754
15944.0257437776
15943.5292871006
15943.4808658153
15942.9970740015
15942.9970738618
15943.7179831565
15943.2922981491
15944.2246358913
15944.4225816374
15944.1677339678
15943.4047246613
15944.1797994419
15942.9664097359
15943.9054156719
15944.3481446148
15944.4890021857
15944.1102730458
15943.3490161666
15942.9970738104
15944.8811062331
15942.9970738183
15944.6279341281
15943.3040532634
15944.066430797
15942.997073813
15944.8420475301
15943.4393303982
15942.9970738194
15943.3467437119
15943.4965893473
15942.9970738187
15943.3474181987
15943.6430312052
15944.3689913799
15943.5115330891
15944.6448262907
15944.2957688732
15943.4578453486
15944.4837069505
15944.4000211431
15943.3057348153
15942.9970738154
15942.9970738176
15944.6457325688
15943.1869094445
15943.1742040828
15944.4429820749
15943.5479616612
15944.5871238138
15943.2241963154
15943.4813702211
15943.5251910536
15943.4685528083
15944.1728295431
15943.5626646247
15944.3041548611
15943.3192873837
15942.9970738165
15944.8994407412
15943.2464323433
15944.5626368414
15944.3030154357
15943.4529654772
15944.4088037807
15944.4035877748
15944.4621616337
15943.4897711996
15942.997073809
15942.9970738096
15943.2370860645
15944.3841360177
15943.5384880407
15942.9970738211
15943.4896500139
15943.4581611512
15943.3602853852
15942.9970738293
15944.080316062
15944.2658402751
15944.1474241503
15942.9970738145
15942.9970738175
15944.6533738172
15943.4278608673
15944.4069901527
15943.4280353711
15943.375703388
15944.6737831499
15944.6427162482
15943.4936115297
15943.5832894711
15944.4950219528
15943.3814773027
15944.4353811615
15944.4070918517
15944.5035722478
15944.2337771429
15942.9970738122
15944.4957159336
15943.4549296721
15944.2341757256
15943.3047838285
15943.2709912482
15944.6413151832
15943.4275011659
15944.6374137877
15943.3833917131
15942.9970738144
15943.3045263716
15944.5040108013
15943.4077324811
15943.361586634
15944.7639877561
15943.3795596461
15942.9970738115
15942.9970738801
15943.2853798176
15942.9970738157
15944.2511171574
15942.9970738153
15944.2998332702
15944.7899795241
15942.9970738129
15943.3989200186
15944.9042411051
15942.9970738171
15944.7537508865
15943.4982366621
15943.6485929068
15944.3249813429
15943.4833056631
15944.8420313373
15943.4261591548
15943.3519470281
15943.3632555809
15944.6223783307
15944.8175896804
15942.9970738218
15944.5610930319
15944.0449106103
15942.9970738199
15943.250189711
15943.7697411506
15943.3329312998
15944.9157954216
15944.0929452914
15944.3948022883
15943.4935500838
15943.1835570489
15943.4492454712
15942.9970738116
15945.1254506159
15944.3205911339
15942.9970738142
15944.7557623665
15943.1749952876
15942.9970738235
15943.3457117731
15943.4351813035
15943.7750400352
15943.6339624281
15944.3794557904
15943.0891278528
15943.0881701966
15944.4558220975
15944.2138766781
15943.9666045246
15942.9970738166
15943.1357247651
15944.3061450047
15944.2439297912
15942.9970738125
15943.5410942432
15944.8863688108
15945.1864000362
15944.3384837338
15943.1214288636
15943.4526329316
15942.9970738191
15943.9898882077
15942.9970738153
15944.0890256797
15944.1650758899
15943.3300226373
15943.1937758238
15942.9970738151
15944.1049415725
15943.7231760052
15944.6536460956
15943.4603543655
15942.9970738138
15943.3786699816
15944.448016185
15943.1458553547
15944.1407013391
15943.8375036408
15943.0446058863
15943.3725611166
15943.1181269443
15944.497008503
15943.3136650252
15944.291709146
15944.5057439685
15943.2132256524
15943.8813552676
15944.6409170583
15943.4319753806
15943.2214773725
15944.5400326796
15942.9970738133
15944.8200216567
15943.5808295736
15944.3800894704
15943.3697651098
15943.1786314199
15942.8003818439
15943.4131560384
15944.2469336868
15942.9970738138
15944.6106279832
15943.834383026
15943.2621271033
15943.4446492937
15944.4334792572
15943.2395770533
15943.9552631642
15944.3331305645
15943.3883899167
15944.2109579825
15942.9970738116
15944.2704522631
15944.4613839869
15942.9970738195
15943.4959077481
15944.2870195476
15943.4886248546
15942.9970738162
15943.6716346692
15943.2750745684
15943.2695732424
15943.5754537445
15943.4677250629
15944.2580239817
15944.2797209241
15944.3982311306
15944.3319431511
15944.6439370145
15943.5243711384
15944.531265243
15944.1512432979
15944.1945789363
15942.9970738498
15942.9970738153
15944.6028441556
15943.5528199234
15944.2442264446
15944.2133129597
15944.3384627335
15944.408642378
15943.4005154093
15944.3546050181
15943.4368419236
15944.6363499259
15942.9970738111
15944.8298606876
15943.2875939027
15943.5549416497
15944.1204724905
15943.2421239819
15943.4550411928
15942.9970738198
15945.1756497467
15942.9970738162
15943.2195852172
15943.4632982535
15942.9970738203
15942.997073821
15944.2382404128
15943.5191362973
15943.3051917617
15944.9382966972
15943.385136965
15943.5935810176
15944.2518205545
15943.553169561
15944.3546081153
15944.3844763128
15942.9970738188
15942.9970738152
15945.1004549688
15943.3293894571
15942.9970738123
15944.8952128504
15943.2589436656
15942.9970738126
15943.3556674103
15943.902685278
15943.3741267107
15944.4330095305
15944.7020506567
15943.5504311036
15944.48401852
15944.8362710633
15944.5655363949
15943.3689778572
15943.5493065087
15943.4310750021
15944.7632608742
15943.4075282572
15944.7060833409
15944.4559198677
15943.4931440033
15944.299005036
15943.2984132707
15943.409454103
15943.4406383336
15944.0904326087
15944.1341915846
15944.4900847069
15944.2767997599
15944.1586522333
15944.125580796
15944.406348057
15942.9970738177
15942.9970738153
15944.4360677342
15944.0655613485
15942.9970738131
15943.2820954952
15944.4550229331
15943.3041307465
15942.9970738164
15944.6217698335
15943.2631696679
15943.266053133
15942.9970738145
15944.3344275841
15944.2746681241
15943.4680133828
15943.3705396464
15943.4720959665
15943.2376282371
15943.7168948105
15944.8367272734
15942.9970740166
15944.5693478589
15944.1730896843
15943.3495866322
15943.5975059546
15944.0445277627
15942.9970738216
15943.5082240476
15944.6318540631
15943.4361718747
15942.9970738201
15944.5437988743
15943.3894024717
15943.1669019441
15943.5134610324
15943.346122712
15943.3211947898
15942.9970738132
15943.3966804203
15943.4225415603
15944.1269924275
15943.4968841687
15944.4495701982
15942.997073817
15942.9970738206
15943.2581435582
15944.5637861732
15943.6220323046
15944.4617173439
15943.4499962272
15944.9504307049
15943.3407427343
15944.5041874272
15943.4711836682
15943.3057757914
15944.1503897212
15943.3695047377
15943.3202137034
15944.3279726705
15943.4365548402
15942.9970738419
15944.5613653084
15943.27080372
15943.5116036841
15944.2771653779
15942.9970737847
15944.8029785219
15942.9970738168
15942.9970738249
15943.3893302405
15942.9970738151
15943.5480509342
15943.2768149772
15944.8079260862
15943.4875974111
15942.9970738104
15942.9970738138
15943.3621447033
15944.4313022269
15944.5084256081
15944.6848983458
15943.6004235187
15942.997073819
15943.3537503635
15943.4277635609
15944.3830117789
15944.1358371045
15943.3295392804
15944.2639603228
15944.2864872323
15942.9970738132
15943.3261228305
15944.3622576574
15943.3610064813
15943.3988466459
15943.4168032952
15944.2463799975
15943.9751341145
15944.4702095009
15944.9201355124
15942.9970738114
15943.4352296348
15944.5723131569
15944.6344931253
15944.395123568
15944.6859937836
15942.9970738226
15943.2772921402
15942.9970738137
15942.9970738212
15944.7034319071
15944.2729405479
15943.3027617158
15943.2601059876
15942.9970738081
15943.345087284
15944.6685477241
15944.2293728539
15943.2178781002
15943.668193626
15944.7404951664
15942.9970738145
15944.8566416154
15943.5240288623
15942.9970738099
15943.4157160933
15942.9970738206
15944.5687818836
15943.4482189757
15944.6275865055
15942.9970738273
15943.384271734
15944.930236173
15943.2820419896
15944.2233483378
15944.8428459218
15943.3110682841
15944.0985925675
15944.3799640009
15944.5959780627
15943.3875865026
15944.2733305179
15944.7310752788
15942.9970738107
15942.9970738212
15943.3082136168
15944.844955089
15942.9970738199
15944.4571350195
15942.9970738169
15944.3647867493
15943.5498718958
15944.2244426436
15943.3226178375
15944.5295517472
15944.2161708147
15944.0897788373
15944.2402039469
15944.4260862741
15942.9970738144
15943.9954964447
15943.5472931322
15942.9970738175
15944.596500125
15942.9970738126
15943.2998803138
15944.1782243108
15944.3617483576
15944.3574481023
15944.3297006495
15944.3524882237
15944.5296603438
15942.9970738096
15944.5449959187
15942.9970738164
15944.4310692056
15943.3839388927
15944.1677876206
15943.3245991159
15944.5720480245
15944.1785543989
15944.9124437721
15943.4753860894
15943.4173675416
15943.4346345554
15943.4304384355
15945.1803632883
15942.9970739959
15942.9970738151
15943.4055996983
15943.1922237021
15944.514139589
15942.9970738104
15943.3804218935
15943.3578880738
15942.9970738147
15943.466664699
15943.5244968793
15943.5134249822
15942.9970738121
15943.5434687242
15942.9970738113
15943.4558040583
15943.7127045095
15944.4429573755
15943.3565766588
15943.3576905335
15944.1502851625
15944.6833309897
15942.9970736293
15943.6281838371
15943.5139415602
15942.9970738169
15944.6542552028
15943.6371064232
15943.4930598882
15944.2590445745
15943.9699394154
15944.5580515474
15944.2731575839
15943.3033430539
15944.1373846856
15943.3486407972
15943.4577927516
15943.5527683556
15943.6467844937
15943.4558331823
15944.7005401559
15943.2787348937
15942.9970738129
15943.3117995178
15944.1485795941
15943.6385596909
15943.4385842424
15943.3661388481
15943.4686271464
15944.4379699156
15943.2220981547
15943.3653456152
15944.3100781811
15943.4495658247
15943.2452838062
15944.4019065887
15942.9970738168
15943.2820793647
15944.3862112267
15944.4896840903
15943.337258583
15943.2708166789
15942.9970738098
15944.6388599126
15943.2321655566
15943.5541342029
15944.6456884536
15944.6415852139
15944.303670761
15942.9970738164
15943.3075126012
15944.2371704814
15944.2960838344
15942.9970738183
15944.4133798633
15944.2412832208
15943.440848828
15944.2009559582
15943.3607902929
15943.3322558441
15943.3705190125
15943.3454744598
15944.2688642563
15943.3043830658
15942.9970738191
15944.4995953206
15944.4846174391
15944.6408059222
15942.9970738151
15944.8451079244
15943.447747416
15942.9970738127
15944.3602212808
15942.9970738174
15943.7515594414
15942.997073815
15942.9970738134
15943.445361215
15942.9970738187
15942.9970738124
15944.1689853965
15944.752034676
15943.5053340824
15945.0263151613
15942.9970738129
15943.1905613044
15944.6704700115
15943.4228672955
15943.3213987803
15942.9970738183
15945.0371980741
15943.3556707449
15944.4157661287
15942.9970738175
15943.3787902506
15943.3411041393
15944.6776613375
15942.9970738084
15943.8631080455
15944.3685389868
15943.4867771921
15943.59802233
15944.3583189426
15942.9970738119
15943.4250519792
15942.9970738145
15942.9970738191
15943.3586175507
15944.6531006897
15943.3797497969
15942.9970738156
15943.6190010694
15944.6367489622
15943.5575488761
15943.5170505456
15944.3200090594
15944.4195548326
15943.682119979
15944.4767075691
15943.989043867
15944.49471683
15944.6074150296
15943.3778561867
15943.3358216761
15944.6255748308
15942.997073818
15943.2329397159
15942.9970738149
15944.0504236061
15943.2613950122
15943.481664034
15943.6020680693
15944.9872365288
15943.5235255938
15943.3039945307
15944.0603118494
15944.7077337956
15942.9970739067
15942.9970738134
15942.9970738095
15943.4900730437
15943.2368422564
15944.3715577278
15943.4580114628
15942.9970738228
15943.3541531772
15944.4434269813
15944.4030148586
15943.4024518786
15944.6026499818
15944.8674504759
15943.3072918095
15944.8395362939
15942.9970738247
15943.5637079167
15944.5407286378
15944.4827175349
15943.2245623853
15942.9970738108
15943.2443440789
15944.2641987507
15944.472747611
15942.9970738176
15944.2871542898
15943.4206369379
15943.391481184
15943.5283180663
15944.2600000825
15945.1329023344
15942.9970738186
15942.9970738152
15943.2906766056
15943.3327284969
15943.9539332353
15944.1489160878
15944.2876279108
15943.9863313521
15944.3282439718
15943.1640721269
15943.469657336
15942.9970738186
15944.6158258312
15944.4790782977
15943.4594043545
15942.9970738203
15943.3667922455
15943.3696634663
15944.1637666364
15942.9970737914
15944.9880188802
15943.4925413515
15943.3172613629
15944.3928564121
15943.4087770141
15944.9553351715
15943.2760338713
15942.9970738194
15943.2509489055
15944.3681335549
15942.997073815
15942.9970738129
15942.9970738197
15944.5934956118
15943.3719228227
15944.0476686629
15944.6314503621
15943.4502063335
15943.2220084502
15943.5419079731
15943.4552848245
15942.9970738153
15944.6133589912
15944.6923162116
15943.2805907145
15944.7069342459
15943.4175335339
15943.4405169643
15943.2352189117
15944.5684615539
15944.4568829685
15943.463543873
15943.129822185
15944.5796406554
15942.9970738162
15944.4043419795
15944.6605253647
15942.9970738177
15944.2095790821
15943.3276105924
15944.416468478
15943.9555662184
15944.5311077877
15943.187124099
15944.7308255643
15942.9970738182
15944.2102280516
15944.2705829782
15943.3722894428
15942.9970738154
15944.2864213657
15944.4534471103
15943.4084399979
15944.2301381027
15943.290781377
15944.2689533696
15942.9970738184
15944.71583758
15943.3028773681
15943.2708609369
15944.6775073556
15944.4174613208
15942.9970738164
15944.3504821794
15944.3312386485
15943.3410123865
15944.30430614
15942.9970738378
15944.2619788886
15944.4287769207
15943.550346953
15943.3423411848
15942.9970738201
15943.2906031234
15942.997073815
15945.0395781002
15942.9970738128
15944.5018519893
15943.4533670996
15943.5819361099
15943.3097949519
15943.4047424061
15943.2413794424
15942.9970738152
15943.2915258774
15942.9970738123
15944.4491848234
15943.4501042517
15942.9970738125
15943.4448571755
15943.320590347
15944.2552021266
15944.482221408
15944.8241041069
15943.4688117853
15942.9970738133
15943.6064311509
15945.1241973916
15942.9970738139
15943.3147666635
15943.6865416514
15942.9970738191
15943.6446529783
15942.9970738143
15943.3590878677
15944.4628066609
15944.6209979305
15943.3352473786
15942.9970738157
15942.9970738206
15942.997073816
15943.2683384327
15943.4193241515
15944.6075396665
15943.4571802112
15944.4190079322
15942.997073819
15943.5028793384
15944.2829244619
15943.3882590332
15944.2987658057
15943.3993342441
15942.9970738158
15944.2776762083
15942.9970738148
15944.8986327745
15943.55506281
15944.1982505221
15942.9970738174
15943.4379122822
15944.2112555192
15942.9970738103
15942.9970738128
15944.552280172
15944.5827405788
15943.4110776234
15943.3497249645
15943.4500434699
15944.5171973671
15943.6161895589
15943.3963157671
15943.4316315293
15943.9747302969
15944.3902849671
15943.4796157603
15943.4268095149
15944.2289481787
15944.7180481991
15943.351229677
15943.3255077945
15944.5676704854
15943.718990097
15943.4604683502
15944.8354314011
15943.3923110693
15942.9970738084
15942.9970738138
15943.5723246707
15943.3506342195
15942.9970738227
15942.9970738137
15944.7409011529
15944.6296127547
15944.4685870517
15942.9970738205
15943.4249677707
15943.471925132
15944.4096619863
15944.6258960338
15944.445314431
15944.0840197529
15942.9970738175
15944.3291581077
15944.4441669928
15944.1016556975
15942.9970738163
15944.6952618044
15944.7826658295
15943.2968048438
15944.536736909
15942.997073813
15943.299749385
15943.5425239463
15943.7228089851
15945.0604144041
15943.3349745406
15942.9970738163
15942.9970738173
15944.3958255129
15944.0574930857
15943.3218569726
15943.2672380326
15943.1492484267
15942.9970738181
15943.6281590669
15943.425285154
15944.1892958012
15943.4912417712
15942.9970737712
15944.5700225686
15944.5711304481
15943.2522087236
15943.9998423162
15942.9970738146
15943.2998848354
15942.9970738173
15943.2483241552
15943.3514331474
15943.3776289893
15943.4907562425
15943.316014002
15944.153131822
15942.9970738197
15943.5933254417
15942.9970738179
15943.4820029689
15944.4911553654
15943.2415244094
15944.4758544112
15942.9970738182
15944.4855314993
15942.9970738135
15944.2721245973
15942.9970738157
15944.8195906496
15944.409888517
15943.2143101579
15944.6212496257
15942.9970738221
15943.3839555129
15942.9970738191
15943.6992487269
15943.3790620231
15944.3813020755
15943.303173038
15942.9970738148
15944.511665241
15944.6286320308
15942.9970738156
15943.3430256815
15944.7588445328
15944.7179826556
15943.3102547771
15944.4540153842
15944.3128826415
15943.4437086613
15944.6811876526
15944.1131925777
15943.4491488987
15944.6004576215
15942.9970738171
15944.2295345544
15944.5308517629
15944.6425277933
15942.9970738176
15944.2515646869
15943.4747657966
15944.2637114496
15943.4629875646
15944.0255578838
15943.1683676607
15943.5670214807
15942.9970738239
15942.9970738147
15944.1116496983
15942.9970738148
15944.3482621334
15944.6077374836
15942.9970738182
15943.3604216857
15944.442875711
15942.9970738137
15943.582868321
15943.4102503385
15945.0935013276
15944.6740733887
15943.3388651434
15944.5049539726
15944.516294148
15942.9970738131
15942.9970738164
15942.9970730565
15943.415859977
15943.3621283746
15943.344952576
15944.1081436153
15944.5149700184
15944.6910110282
15943.5010605931
15943.2064532573
15944.5580273993
15943.6339562851
15942.9970738181
15943.4122412437
15943.4130230162
15944.5078625064
15943.4506377096
15943.303459301
15943.3169781158
15944.3320225173
15943.4186819069
15943.2294847301
15944.0022996032
15944.8747011924
15943.3978106753
15943.296851535
15944.9212506677
15942.9970738187
15943.3978310514
15944.7827240971
15943.4396174289
15943.3950540236
15942.9970738131
15944.0752390485
15944.2083579183
15942.9970738141
15943.2786528019
15942.997073818
15943.4942126877
15944.5371256037
15943.6031158375
15944.5077615727
15943.2409429659
15944.8968988111
15942.997073815
15944.5356960851
15944.3283397239
15944.1499444733
15942.9970738151
15944.2159770592
15944.4433945336
15943.2628203188
15943.2367449074
15942.9970738205
15944.5203701323
15944.3817585253
15943.4894876467
15943.2892198884
15943.3652291197
15944.3918335836
15942.9970738197
15943.3245795552
15944.7681420713
15944.9177012907
15944.0174835735
15942.9970738146
15942.9970736986
15944.3499585076
15944.6594782674
15944.3999647311
15944.7061335409
15942.9970738031
15942.9970738183
15944.3260197507
15943.4362300778
15942.9970738172
15943.4261438983
15942.9970738226
15944.7154745797
15942.9970738123
15942.9970738137
15944.4303365826
15944.5972004689
15942.9970738136
15944.5573051551
15943.330131842
15944.1589358277
15944.558267407
15942.9970738155
15942.9970738206
15943.4279413014
15943.7396535713
15944.4700627914
15943.2763482222
15942.9970738153
15944.6119058813
15942.9970736724
15944.6663705829
15943.2755753381
15943.5488252884
15943.3870958402
15942.9970738128
15942.9970738174
15944.4337431559
15944.287765838
15945.1369838543
15943.8127219128
15943.6463636804
15944.2710355882
15942.9970738129
15943.4263411283
15942.9970738146
15943.3555531799
15944.3079944012
15942.997073812
15944.2826142601
15943.6761293005
15943.2285950555
15943.3543453284
15943.4184341588
15944.4723778746
15943.5578354163
15944.5400540788
15944.3533411638
15943.3257595773
15943.1734249821
15944.2698390212
15942.9970738188
15943.9714500697
15943.1364176698
15943.4500877293
15944.1684364515
15943.3210502294
15943.0644660035
15944.2125101566
15944.6183267455
15943.3120610489
15943.4580219569
15944.7171096161
15942.9970738153
15943.4538781044
15944.7271882588
15943.2673409224
15944.1489792014
15942.9970738179
15944.8249251137
15943.1377255453
15943.9963589751
15944.3769131268
15943.4771198698
15943.4870442051
15943.3284764551
15945.2332705952
15943.2736749889
15944.8253756255
15942.9970738126
15943.3568624482
15944.7639563284
15943.5426292953
15942.9970738116
15943.1700722271
15944.6061954854
15944.2977786674
15944.6671885982
15943.7189182044
15943.1026224438
15942.997073816
15943.3665824886
15943.5806594114
15943.555657955
15944.4833143618
15942.9970738161
15942.9970738169
15942.9970738136
15943.3275439097
15943.3941641158
15942.997073853
15942.9970738175
15944.641190465
15943.364642058
15943.4724769967
15943.484368736
15942.9970738146
15943.7984736409
15944.5991593608
15944.3146929755
15944.5519760698
15942.9970738087
15943.6374482302
15943.8022696011
15943.4297111052
15944.4320954411
15943.3089226689
15944.5219466509
15942.9970738171
15942.9970738743
15943.1698253441
15942.997073811
15945.3050628512
15944.9021606875
15943.3609422812
15944.3994923955
15942.9970737627
15944.3013495058
15943.4025002853
15943.5520011482
15943.4226144865
15943.3083674286
15943.2356773008
15944.3764999835
15943.6469392169
15943.4939603458
15944.4282557763
15944.4876495446
15942.9970738149
15944.6167449757
15942.9970738209
15944.7732076149
15943.0920726806
15942.9970738175
15943.2431463028
15944.1662877042
15943.2258857438
15944.7242602368
15944.4868064097
15944.5458737686
15943.1846592341
15943.5079703949
15943.3109218574
15942.9970738101
15943.3674652663
15943.3178147796
15944.5510507084
15942.9970738159
15942.9970738156
15943.4623142086
15943.3051359687
15943.4758872143
15943.1380666983
15942.9970738185
15944.6327380762
15944.7268589873
15944.1459435341
15944.3247562182
15943.2797442986
15944.3060350295
15943.4997779625
15944.267404304
15943.2273076907
15944.7360530204
15943.5316512885
15944.5176797603
15943.2689556586
15943.6729683726
15944.306308126
15942.9970738138
15943.4917112421
15943.3791519105
15943.4551951056
15943.3473448309
15944.7890859572
15944.1157866547
15944.3551459678
15942.9970738202
15943.3055366575
15943.2304462951
15942.9970737619
15944.574133931
15944.4392679703
15944.4155349891
15942.9970738161
15943.3980946118
15944.5850624566
15942.9970738167
15943.5326484209
15944.5325166754
15942.9970738108
15943.3580264422
15944.3812317222
15944.3416138504
15942.9970738159
15943.3320362596
15942.9970738192
15942.9970738168
15943.4710688427
15944.1591473934
15944.3515576591
15943.3569612985
15943.4467750965
15944.3103197424
15943.0749009559
15944.3623895401
15943.5545959085
15943.3189268644
15943.0413147784
15942.9970738139
15943.8643956662
15944.1259091319
15943.5690094787
15942.9970738155
15942.9970739151
15944.1296271352
15944.7576976577
15943.4794966771
15943.5562967821
15944.2715134137
15943.3834429915
15944.4522516024
15944.5447356173
15943.5571027546
15943.4947040242
15943.4249595329
15943.2517331201
15942.9970738161
15944.3878759873
15943.2215006437
15944.3409465093
15943.3188577761
15943.2697467151
15944.4716264032
15942.9970738201
15944.3109809897
15942.9970738199
15943.1143158355
15942.9970738181
15944.5514321949
15943.5212394117
15942.9970738142
15942.9970738204
15943.7206410439
15943.5545502172
15943.488821377
15944.4855581054
15944.6433509983
15943.535234655
15943.3255992886
15944.5127458952
15943.3438722961
15944.4675678081
15943.3968528542
15942.9970738193
15942.9970738121
15942.997073818
15943.4906198251
15944.4285306457
15944.5544604064
15943.467154053
15944.1433920843
15944.6006711924
15944.2481915088
15944.7089127933
15942.997073814
15943.5792861215
15944.5874853543
15944.4388785468
15944.7335919315
15942.997073813
15942.9970738224
15943.5285495615
15944.5695871112
15942.9970738149
