# type 1 occupying volumes
15942.9970738093
15942.0039398071
15941.6134924809
15941.800451275
15942.6145118902
15942.0730961865
15942.0452602497
15942.7539539373
15942.8134009936
15942.8828134064
15942.1544284666
15942.9151986306
15941.9342043203
15942.3204457463
15941.5552358702
15941.3585556111
15941.8483728842
15941.1631294777
15942.7231789913
15942.840360459
15942.9970738093
15941.9482794033
15942.9970738093
15941.850792328
15943.0112254074
15942.9970738093
15942.9970738093
15942.7399669394
15941.3638139375
15941.3535063929
15942.9970738093
15941.3831321185
15942.9970738093
15941.9246771785
15942.7067951207
15941.667947497
15942.9970738093
15941.8158829243
15941.4009423173
15941.7297461232
15942.1144716456
15941.3289475055
15941.2138433551
15941.8352520731
15942.6484653598
15941.9347664414
15942.9970738093
15942.7840245735
15941.8616657459
15943.1188780141
15942.8986754731
15941.7963221784
15941.0760964768
15941.454527666
15942.9970738093
15941.529802409
15941.8266010962
15942.9970738093
15941.8428365487
15942.9970738093
15942.1034160952
15941.8664239469
15941.8546642627
15941.9633778305
15942.8600766623
15941.706851605
15942.9970738093
15941.9370786635
15941.3454317623
15942.9970738093
15942.0295276737
15943.0309037746
15942.8179683121
15941.5553445778
15943.0022780353
15942.8370965351
15942.9970738093
15942.1723984549
15941.2436041934
15941.0003848241
15941.5781000685
15942.6223679328
15941.630376548
15941.0865427304
15941.6974808919
15942.2085318347
15941.5213174067
15941.7123935763
15942.7601385003
15942.9970738093
15942.8692953135
15941.3205333153
15941.2866975825
15942.9970738093
15941.854371103
15942.8991907152
15941.6119163456
15941.8070691093
15942.9970738093
15942.9970738093
15941.6517624321
15941.8627762211
15942.9970738093
15941.882453913
15942.9970738093
15942.5644092293
15942.6187739856
15942.6750119872
15941.5111373007
15942.8545188601
15941.9791740804
15942.7842852273
15941.8913988421
15941.9197482398
15942.9970738093
15942.0871213583
15942.6966771592
15941.8433115632
15941.2874667718
15941.4894026084
15942.6240362503
15941.934015626
15941.4872228929
15942.6113380634
15941.8313280543
15941.0029588373
15941.8251341321
15941.5122959653
15941.0313140461
15942.6501718278
15941.1403509068
15942.7325227763
15942.9970738093
15941.3748964933
15941.9438658585
15942.9970738093
15941.1875659775
15942.9970738093
15941.7311488064
15941.623116392
15942.5771510807
15941.8856591491
15942.9970738093
15941.8626216749
15941.6922334596
15941.6018030305
15942.5768029002
15942.9970738093
15941.4732395014
15942.6983932792
15942.5511677432
15941.2917679817
15941.4712363719
15941.6004347066
15941.9240479512
15942.9970738093
15943.1905176583
15942.9164425573
15941.9821448343
15941.8761054374
15942.1371780574
15941.5549144087
15942.9970738093
15942.9970738093
15941.7019532031
15942.9970738093
15941.8484184588
15941.3341682344
15942.0071541907
15942.0993851908
15941.8553336643
15941.7772279036
15942.9970738093
15941.9774401533
15942.0648639345
15942.9970738093
15942.9970738093
15942.9970738093
15941.7871741544
15941.9651314254
15942.6280037685
15942.9970738093
15941.5954171997
15941.7898397007
15942.9970738093
15942.9970738093
15942.706232117
15941.8962140715
15942.6274504684
15941.5644755969
15942.9970738093
15941.7445998229
15942.9970738093
15942.933390366
15941.8116025774
15941.8580859479
15941.5583448423
15942.7560398477
15941.6579597124
15942.9970738093
15941.6806895908
15941.6402350666
15942.0286416236
15942.7761225911
15941.8694695087
15942.9970738093
15942.9970738093
15941.83219546
15941.8594758567
15942.0364891813
15942.9970738093
15941.8653570035
15942.8500038593
15942.8028094377
15942.0443828058
15942.9970738093
15942.9970738093
15941.759182085
15941.5403907397
15942.9381447026
15941.4407990735
15942.9381783132
15941.9829434233
15942.8832823639
15941.7996068006
15941.9262937825
15941.8169531826
15941.6851755446
15942.9970738093
15941.9692670489
15942.9970738093
15941.5587428283
15941.5560251693
15941.4084130152
15942.6899225564
15942.2063491478
15942.8352172111
15942.9970738093
15941.7572468418
15942.8138017946
15941.5383564415
15942.8543190126
15942.8838902471
15941.925811643
15941.8484001118
15942.9970738093
15941.9536640991
15941.9117804851
15941.8194622061
15941.8825639254
15941.6186052821
15941.9598585847
15941.7544277576
15942.9970738093
15942.8058643212
15942.9970738093
15942.9970738093
15942.9970738093
15941.6942990404
15942.8026359503
15942.9970738093
15942.6009038996
15941.9441707291
15941.4819009531
15942.9970738093
15941.8513939956
15942.870326644
15942.9970738093
15942.9461260467
15942.5532557556
15941.7854912379
15942.9016448543
15941.7385785306
15942.9970738093
15941.3163159671
15942.9970738093
15941.6655941056
15942.3002547579
15942.7147198283
15941.6786710175
15941.7693783899
15941.4727710299
15942.9970738093
15941.4701186417
15941.287201363
15942.0343282439
15941.4760780248
15941.3918387615
15942.7522713798
15941.6970546449
15941.6246573673
15942.9970738093
15941.5766393747
15941.6819148919
15942.7006488545
15941.6604921211
15942.7476436488
15942.7106947309
15941.3733569922
15941.4037266555
15942.9970738093
15941.7578119617
15941.4739711907
15942.9970738093
15941.7628433242
15941.4575002599
15941.7098931137
15941.6259384347
15941.6790830065
15942.6976416601
15942.9970738093
15941.8139644229
15942.7633434779
15942.9970738093
15942.9970738093
15942.1632579145
15941.7281612737
15942.4271211425
15942.9970738093
15941.8336557052
15942.9970738093
15942.9970738093
15942.0398554235
15942.815992746
15941.7853831488
15941.8000552674
15941.7265107206
15942.8543182388
15942.780564787
15942.9970738093
15942.9970738093
15942.7726015312
15942.7476341273
15942.9970738093
15941.5100579768
15941.5753899126
15942.9970738093
15943.0114456011
15941.6771543419
15941.7672882604
15942.9970738093
15942.0830633113
15941.5456025681
15942.9970738093
15941.3562311952
15942.0692425673
15941.2588406774
15942.9970738093
15942.9970738093
15942.3832035631
15941.7641259078
15941.8650872854
15941.5150786624
15941.6909138561
15942.9970738093
15941.4519671499
15942.9970738093
15942.6827904442
15941.7156795272
15941.8830769234
15942.8900323214
15941.7230255393
15941.8179173565
15942.9970738093
15941.9325223819
15941.6425645927
15942.9970738093
15941.7475049174
15941.4633456553
15941.7113038538
15941.7004174475
15940.9647105976
15940.9882715846
15941.9331246542
15941.5827546338
15942.9702623861
15941.9007968542
15942.8886475166
15941.0647762377
15941.3500213666
15941.5427697158
15942.9970738093
15941.7341519579
15942.9970738093
15941.9831098913
15942.9970738093
15941.9324665712
15942.9970738093
15942.2940642466
15941.977251631
15942.9087460595
15941.9167480397
15941.9703042999
15942.7408664816
15941.9993007618
15941.4432448977
15942.9970738093
15941.9033010487
15942.1746487906
15942.5705332552
15941.5680191909
15942.9970738093
15941.999145616
15941.5817627105
15942.1574770293
15941.3669288097
15941.5904058153
15941.9427894266
15942.9970738093
15941.9599680761
15941.4266991155
15941.3818043294
15941.7980027508
15942.9970738093
15942.8008233803
15942.9970738093
15941.7863606378
15941.7765778595
15941.9275511008
15941.8704016338
15942.9534503052
15942.8606313075
15941.6381683138
15942.6794375569
15942.751745462
15941.6925486655
15942.1386633134
15942.8480001493
15941.9140685747
15941.5924371476
15941.9593537235
15942.9970738093
15942.8110404233
15942.9970738093
15942.9970738093
15941.4049285459
15941.4619925526
15942.9970738093
15942.9970738093
15942.6962252727
15942.9970738093
15941.7989169706
15941.9853067602
15941.4602644451
15941.0769323358
15942.9970738093
15942.9970738093
15942.0009037931
15941.8699706697
15941.1902201862
15941.9255687872
15942.7413601418
15942.7183248316
15941.5620398843
15941.7490274583
15942.9970738093
15941.7575051562
15942.9970738093
15942.0464391458
15940.9931940321
15941.9088289499
15941.7342835832
15942.9970738093
15942.1304911808
15942.8870890685
15941.8579458174
15941.8667145337
15942.9970738093
15941.8897400811
15942.6425020665
15942.9970738093
15941.871991927
15942.7782547953
15942.9970738093
15942.6487120794
15941.7697718069
15942.8248470845
15942.9970738093
15941.3017095793
15941.4106039634
15941.8878391968
15942.9970738093
15941.1976945811
15942.7666151196
15941.46712381
15942.9970738093
15941.8640784834
15942.8389616693
15941.7909787078
15942.9970738093
15942.9457617273
15942.9970738093
15942.9970738093
15942.9970738093
15941.4297383754
15942.5900833979
15941.9343789015
15941.816274953
15942.9970738093
15941.9760790437
15941.9363233766
15942.7342856995
15943.0843088587
15942.7792321296
15942.639197066
15942.9970738093
15942.9970738093
15941.4406027258
15942.8672335152
15941.2504851218
15942.6799277797
15941.8803398319
15942.8216731889
15941.886043307
15942.7595810826
15942.6788507954
15942.9970738093
15941.8198528259
15941.9841782651
15941.8135815667
15941.8881281707
15942.9970738093
15941.297880558
15941.0825713262
15941.4904126343
15941.4420486519
15942.7667165047
15941.2124281368
15941.8147177009
15941.2726452772
15941.2017539599
15941.4228203229
15942.1855266097
15941.8091278002
15941.1066620303
15941.6026700204
15941.0191447881
15941.3689776557
15941.636019034
15942.8559153765
15941.6383363584
15941.871360261
15942.8236614954
15942.9970738093
15941.7533622163
15941.9508274517
15941.9352171342
15941.5452849871
15942.8378976576
15941.6618776123
15942.2285343306
15942.8610973664
15942.7592825196
15942.9970738093
15942.9970738093
15942.37333432
15942.5591082092
15941.9294998681
15942.140326859
15942.1156883896
15941.777908678
15942.0583632755
15942.9970738093
15941.6759884837
15941.5921868535
15942.0610110399
15942.693780655
15941.7831877221
15941.9227601079
15941.9543727317
15941.6935171959
15942.9970738093
15942.0030648365
15941.9610563092
15942.9970738093
15941.8825342221
15941.9391348147
15942.9970738093
15941.9974146617
15941.9830165849
15942.9970738093
15942.8718937465
15941.9221715771
15941.7642654788
15941.6513603482
15942.9970738093
15941.9697224048
15941.855908091
15942.9970738093
15942.9970738093
15942.6879275704
15941.5912879563
15941.9919053872
15942.9970738093
15942.9970738093
15941.6912413222
15942.9970738093
15942.8097725774
15942.1474385198
15942.9970738093
15941.9082562473
15941.671356086
15941.8944073982
15941.8400922885
15942.7599086984
15941.4125320663
15941.3796750996
15942.5649858146
15942.8421381405
15942.9970738093
15941.6814526269
15942.9970738093
15941.8610310691
15941.5495092572
15942.86371843
15941.5497639438
15941.7206113034
15941.2772459144
15941.5893612758
15941.6843411826
15941.3015803492
15941.4295771908
15942.7238816224
15942.9970738093
15941.8634958776
15942.9970738093
15941.5197648901
15941.5098776466
15942.9970738093
15941.3990543631
15941.4632562075
15941.4897488402
15942.9970738093
15941.5266876567
15942.6264396562
15941.1813525912
15941.8883363264
15941.9284586092
15942.9970738093
15941.3763895317
15941.6877012072
15942.6572480408
15941.553995994
15941.7011058723
15942.7953413101
15941.2963713579
15942.0037047103
15941.2401160382
15941.5311479412
15941.9057284906
15942.9970738093
15942.1156982511
15941.2392979791
15941.6053638223
15942.9820405485
15941.7365110015
15941.6843585254
15942.7136404187
15942.795282705
15941.9979478128
15942.9970738093
15942.8130435114
15942.676284071
15942.9970738093
15941.9267498631
15941.7094144418
15942.8416033777
15941.4298053226
15941.8133263879
15941.3852984924
15942.5527299855
15941.477267607
15942.1356702748
15941.9714494509
15942.9970738093
15942.0279342709
15941.9038427481
15942.9970738093
15942.9970738093
15942.0015049539
15941.7613225457
15941.7798745819
15941.8691577311
15941.870794798
15942.9970738093
15942.0482746742
15941.6945127847
15942.1041327329
15942.8773520142
15942.6493837649
15942.3085404218
15942.9970738093
15942.9970738093
15941.273582287
15942.9970738093
15941.3336852049
15941.7041847555
15942.8285187692
15942.8237783488
15941.4862643247
15941.6865484243
15941.922008974
15942.7138416171
15942.9970738093
15941.5907812533
15942.632195433
15941.7241953677
15942.0272741041
15941.6067739222
15942.5333804941
15942.9970738093
15941.3849901262
15940.8932004302
15941.6048942266
15941.9796191474
15942.6485890604
15942.9970738093
15942.843763724
15942.7733230513
15942.8660894474
15941.920899348
15941.7085779293
15941.4138612802
15942.9970738093
15942.5552543425
15941.5303363136
15941.1375601928
15941.6400918442
15941.8994661389
15942.632020415
15941.666636499
15942.9970738093
15942.0009734668
15941.9479645828
15942.7052438904
15941.4237919153
15942.9970738093
15941.6757772705
15940.7506731704
15941.4050136018
15942.7214306457
15941.3884490166
15941.5510663599
15941.4861927869
15942.9970738093
15942.500415839
15942.836461862
15942.9970738093
15941.7404200193
15942.0593324434
15941.9374971159
15942.1173484196
15941.1821999898
15942.9970738093
15942.9970738093
15941.9080488603
15942.8695830591
15941.8743122434
15941.8790895693
15941.7509936311
15942.9970738093
15942.8084561315
15941.884243564
15941.6079222608
15942.9970738093
15941.4922007059
15942.9970738093
15942.9970738093
15941.6716063216
15942.5772389277
15942.15479673
15942.9970738093
15942.9970738093
15942.9970738093
15942.1821730185
15942.9970738093
15941.7320368372
15942.5987310827
15942.9970738093
15942.1084477068
15941.8861151904
15942.9970738093
15942.9970738093
15941.7187090513
15942.9970738093
15942.0606647667
15942.9970738093
15941.6703709829
15942.9970738093
15941.9477666689
15941.9082299797
15942.9970738093
15942.9970738093
15941.7704141415
15942.9970738093
15942.9970738093
15941.9596518507
15942.8144623508
15941.5751958653
15942.6008114706
15942.8658283004
15941.8106650885
15941.7909938934
15940.975938837
15941.6525131788
15941.4320521757
15942.9970738093
15941.1660626886
15942.9970738093
15942.1300521365
15942.0685267537
15941.8502142546
15941.9133582435
15941.1666822606
15941.246370714
15941.8877420686
15941.1659863608
15942.6157154315
15941.6788221168
15941.6758764209
15941.5776375149
15941.7634471858
15942.693880353
15942.9970738093
15942.9970738093
15941.8633298363
15941.0261004995
15941.602811197
15942.9970738093
15941.2977735628
15941.7983226115
15941.8831883195
15941.6900213742
15941.7570979818
15941.0211079047
15941.8017503427
15942.6175106336
15942.9970738093
15941.4781090504
15941.3642794379
15941.3803892388
15941.5503179555
15941.5220935033
15941.7728286876
15942.9970738093
15942.1275016228
15942.7870657587
15941.2130384084
15942.1434946474
15942.6577875299
15941.7809993308
15942.9393092677
15941.933802527
15941.2852600758
15942.6126755223
15941.6177417389
15942.9970738093
15941.8892931584
15942.7050115534
15941.6791532661
15941.84677685
15942.6980567022
15941.1569236382
15941.3161916242
15942.9970738093
15942.9970738093
15942.0306751611
15941.8297330248
15941.8196461404
15942.9970738093
15941.8844734925
15941.8748265763
15941.8097977027
15942.6136391687
15942.7972650576
15942.2515289333
15941.8206766883
15942.7733501672
15942.9099638098
15941.6351273888
15941.7866058445
15942.9970738093
15941.8499063671
15942.0987594665
15942.9970738093
15941.3893912382
15941.3684421213
15941.0789363945
15941.7657551192
15942.0027048813
15941.1414888893
15941.2079855001
15942.9970738093
15942.9970738093
15942.7128577452
15941.4035474818
15941.788253434
15941.4883406881
15942.6659211726
15942.9970738093
15942.9970738093
15942.676753044
15941.3783764644
15942.6993807065
15942.8018812833
15942.7064762238
15941.473216958
15942.9970738093
15942.9970738093
15941.4422827584
15942.7187781711
15941.1629437285
15942.0237073232
15941.6908013787
15941.6997075466
15942.9970738093
15941.6865640395
15941.3894965033
15941.4926913211
15942.8012385235
15942.8760734195
15941.8524216579
15941.5884850451
15941.0765499325
15941.1840845059
15941.8209677709
15941.9863156001
15942.8796033259
15941.8643056259
15941.0554023088
15942.9970738093
15942.9970738093
15941.8174285465
15942.9970738093
15941.17447717
15941.2062028699
15941.067520038
15941.5395701732
15941.1443484033
15941.2672050283
15941.9069723148
15941.91347242
15942.6203040265
15940.7631693866
15941.6977695346
15941.4616697325
15941.8939975576
15942.6747032205
15941.9143386985
15942.9970738093
15941.4921333983
15942.6665766679
15940.9497498955
15942.9227280771
15941.5711972768
15942.9970738093
15942.6651549503
15941.4938731801
15942.9970738093
15941.6608166182
15941.8729686399
15941.1177693949
15941.5962959341
15941.6768513657
15942.6795524593
15941.8941676246
15941.5113343358
15942.6296948766
15942.9970738093
15941.7459078654
15941.8622160516
15942.9970738093
15942.9970738093
15941.8724766201
15942.9567539719
15942.9970738093
15941.8686987186
15942.9970738093
15942.5754399412
15941.8327364002
15942.6115283722
15941.206111343
15942.6317705849
15942.9970738093
15942.9970738093
15941.8259224956
15942.6066159875
15941.9447638516
15942.8712333291
15942.2180715696
15942.8791615166
15942.0363678036
15941.9882436412
15941.2495733242
15941.2030039051
15942.8316895391
15941.4024670755
15942.6146473911
15942.9970738093
15941.1678537427
15942.0216054746
15942.9970738093
15941.2125841372
15941.8313205064
15941.5920119601
15942.9970738093
15942.9970738093
15941.7346314874
15942.604612399
15942.6758342675
15941.4366390034
15941.2702091096
15941.3892799193
15941.440716072
15941.9373291885
15942.3448210739
15942.8936294176
15942.6157520184
15942.9970738093
15941.8689258928
15941.8309730078
15942.9970738093
15941.9005002793
15941.022847974
15941.3461207587
15941.7614017958
15942.9970738093
15942.1827146013
15942.3074273704
15941.7878364532
15942.6023314504
15941.9130066988
15941.9757381649
15942.9970738093
15942.9970738093
15941.803147208
15941.4883758574
15942.9970738093
15941.2517086053
15941.5722881678
15942.9970738093
15941.7965732225
15941.8415197882
15941.2315456309
15942.6394634654
15942.646073572
15941.3244642908
15941.5315938023
15941.1895776578
15941.6411018707
15942.5937742777
15941.7622901246
15942.7962606015
15941.8965167277
15942.9970738093
15941.4379381554
15942.701138833
15942.7671988046
15942.8662797838
15941.0914219719
15942.9970738093
15942.9970738093
15941.1710368241
15941.3765598723
15941.8790403836
15942.9970738093
15942.8056761461
15942.2915195202
15941.9892960208
15941.8756205348
15942.9970738093
15941.6351603288
15941.9771752272
15942.9970738093
15942.9970738093
15942.5715048766
15941.4143728731
15941.2246623625
15942.865616244
15942.9970738093
15942.6902294976
15942.9970738093
15941.0989164643
15941.5430996499
15942.9970738093
15941.4811311632
15941.2960191409
15941.344939876
15941.5199976535
15942.9970738093
15940.7123435936
15941.052418377
15942.9970738093
15942.785284882
15941.4023516447
15942.9970738093
15941.9714289051
15942.8013938754
15942.9970738093
15941.2082398961
15941.2579943747
15941.8292223831
15941.5484377201
15942.6408689601
15941.3822905704
15941.1802945233
15942.7921299415
15941.5868311596
15942.9970738093
15941.7181841208
15941.6587976213
15941.7089629813
15941.600976785
15941.1738790832
15942.7336235029
15942.5764151191
15942.9970738093
15942.467952662
15941.8713105675
15942.8102662021
15941.751163557
15941.7572567658
15941.2251098321
15941.7348097169
15942.8777429061
15941.9589639609
15942.9970738093
15941.656652243
15941.9010077891
15941.8397974799
15941.3373975802
15942.8664074341
15941.7227980934
15942.9970738093
15942.7563990018
15942.0766366268
15941.9868312954
15942.7529359992
15941.6509738764
15942.8157562816
15941.8957969576
15941.7390638592
15942.7886403544
15941.8514379726
15942.0522505695
15942.9970738093
15942.9970738093
15941.9392159016
15941.7216129637
15942.9970738093
15941.240861959
15941.6827946351
15942.9970738093
15941.7421548201
15942.9513844582
15941.7765681702
15942.9970738093
15941.619275683
15942.8215061018
15942.9970738093
15942.033046323
15941.7292117959
15941.4547578374
15942.9970738093
15941.6037953782
15942.9970738093
15941.5322922692
15942.0783874058
15942.9970738093
15941.9908324823
15941.4292419424
15941.7604200607
15942.6643614091
15942.5941034599
15942.9970738093
15941.7774666306
15941.3975690033
15941.2315299602
15941.7514884659
15941.9424248569
15941.7831400897
15942.7338659099
15941.5399719868
15941.1316468597
15941.5861968262
15941.8468179087
15941.9066397011
15940.9151938962
15941.2416115381
15942.9970738093
15941.8306594694
15942.0737821733
15942.0202022973
15941.1864304564
15941.8105656731
15942.9172261035
15942.8655801286
15942.5328133331
15941.1240388355
15941.6997802088
15942.6551299989
15941.9614153098
15942.839548579
15941.9990543664
15942.3766072359
15941.2210998769
15941.0050384591
15941.3920616682
15941.0322284473
15942.9970738093
15942.9970738093
15942.0120442051
15942.650875386
15941.268125486
15942.9970738093
15942.0478738601
15941.8460561076
15941.7777495612
15941.2052655294
15941.3256021838
15942.6548624923
15941.9793283845
15941.9032660612
15942.9815469551
15942.8126186253
15941.1023879206
15942.9970738093
15941.4386281589
15942.9970738093
15941.6058880841
15941.2858405388
15941.468003215
15942.6877062906
15942.1002480817
15942.9970738093
15942.8671744379
15942.8085129751
15941.9214764992
15941.8375116353
15941.3213114881
15940.8140727687
15941.8248551915
15941.4301768587
15942.716060812
15940.957873139
15941.1921998777
15942.0587401082
15942.1532832388
15941.910818304
15941.3080810512
15941.1530593444
15942.9970738093
15942.9970738093
15942.9970738093
15942.9970738093
15941.9085658158
15942.9970738093
15941.8420116398
15942.9970738093
15941.8020742068
15942.9970738093
15941.583040516
15942.9970738093
15941.5527987428
15941.6695776095
15942.7099864515
15941.2125871319
15941.8298058618
15941.6907494161
15941.7341619375
15941.5758712819
15942.9970738093
15942.8405744906
15942.8156848648
15941.4516826357
15941.4218254288
15941.518494494
15941.8328043509
15942.7889213815
15942.5981068731
15942.6955782404
15941.1008710568
15941.8372004336
15942.9119669491
15941.3016076144
15941.6941656171
15942.7692085257
15941.4575886486
15941.9347657233
15942.7091716125
15942.9970738093
15941.6401007071
15941.8663894176
15941.3667956745
15941.4755998398
15942.0171195706
15942.7461927557
15942.9970738093
15941.8463748672
15941.9667980245
15942.7913625326
15942.0482271677
15942.7545921629
15941.6323235266
15941.9172771192
15941.6730734182
15941.1846647924
15941.8928620147
15942.9970738093
15941.7832094213
15941.4936015219
15941.1604002583
15942.9970738093
15942.9970738093
15942.0663840463
15941.7652510187
15942.9390694089
15941.5747895553
15942.6749382299
15942.7712992514
15941.808056997
15941.898226635
15941.975589932
15941.729161252
15941.5867843295
15942.7288872094
15941.9707666209
15942.7050522646
15941.1737898824
15941.8283574405
15942.5562089523
15941.5211037932
15942.7639830686
15941.3594922219
15941.3787982817
15941.133770608
15942.6907586594
15941.9183516998
15941.2167296143
15941.156420077
15941.7935454785
15941.7104618563
15941.9655506011
15942.8212130838
15942.9970738093
15941.7947724335
15941.8827377751
15942.7187199805
15941.8954903822
15942.6501454931
15941.9378986007
15941.4352269197
15941.5614908578
15941.2942094701
15942.315644064
15942.9970738093
15942.9575976574
15941.9011929267
15942.8012908404
15942.9970738093
15942.6194574296
15942.9970738093
15941.5269325501
15942.3952297113
15942.9970738093
15942.6085371814
15942.7512654151
15941.5177868957
15941.4247673125
15941.9705784898
15942.6887204789
15941.3661297384
