# type 2 occupying volumes
15943.3327291724
15942.1748601772
15941.876265608
15942.0867245931
15942.9970737507
15941.9862485432
15941.9663566849
15942.9970738165
15942.9970738192
15942.9970738116
15942.1583184124
15942.9970738112
15942.2585276199
15942.2359224283
15941.8843119564
15941.7058761691
15942.1304238194
15941.6420406036
15942.9970738101
15942.9970738151
15943.0155374434
15942.2099764332
15943.030888382
15941.98267018
15942.997073818
15943.0709026648
15943.145431498
15942.9970738085
15941.8412529678
15941.7021740132
15943.226869924
15941.6019420405
15943.3206596752
15942.0145938926
15942.997073817
15941.8169213235
15943.3578728802
15942.2092881914
15941.6406249695
15942.0044460313
15942.3407115101
15941.7201815109
15941.5072943632
15941.9019523626
15942.9970738175
15941.9769676025
15943.2765284466
15942.9970738149
15942.0652560663
15942.9970738183
15942.9970738107
15942.0947220035
15941.5182783295
15941.7174273495
15943.187068135
15941.936417925
15942.2556583936
15943.1571208312
15942.002664128
15943.3126936468
15942.4102980746
15942.0331593577
15942.0932911249
15942.0902050695
15942.9970738392
15942.1164360396
15943.1194113395
15942.2131075161
15941.690589415
15943.1434535728
15942.1495774462
15942.9970738149
15942.9970735222
15941.8377483751
15942.9970738135
15942.9970738147
15943.2717704879
15942.2779012782
15941.551487767
15941.4870312071
15942.0241613361
15942.9970738149
15942.0294265912
15941.2463384489
15942.0903436132
15942.4319202041
15941.9192246815
15941.9093921482
15942.9970738374
15943.0975246734
15942.997073834
15941.6099498871
15941.5194390008
15943.3443550077
15942.0444196455
15942.9970738164
15941.7709495355
15941.9380432585
15943.2567134753
15943.1308379982
15941.8716026643
15942.0321874615
15943.2534283632
15941.8864027938
15943.2275627608
15942.9970738145
15942.997073817
15942.9970738271
15941.6854462858
15942.9970738151
15942.0998294913
15942.9970738175
15942.2565842225
15942.1594153141
15943.1837837555
15942.271182721
15942.9970738212
15942.0212631124
15941.4246447268
15941.8805708913
15942.9970738172
15942.167541307
15941.7342400554
15942.9970738133
15941.9774911738
15941.373949667
15941.8920151885
15941.8549661505
15941.3472551494
15942.9970738141
15941.4135204169
15942.9970737841
15943.1146793196
15941.6066851338
15942.089938747
15943.2547470174
15941.609485531
15943.2872612995
15941.9579397594
15941.9371292683
15942.9970738154
15942.1683652247
15943.1556552277
15942.0989064083
15941.9532969318
15941.9384687064
15942.9970738185
15943.4711149297
15941.7438422543
15942.9970738191
15942.9970738188
15941.6342078195
15941.9943021159
15942.0159590195
15942.0900516071
15943.2918181067
15942.9970738171
15942.9970738118
15942.2771090794
15941.9639862464
15942.2498546195
15941.7474847874
15943.3558196471
15942.9920555734
15941.8045757961
15943.2654783904
15942.2114053223
15941.8430703428
15942.3854823851
15942.3638668529
15942.2338379796
15942.128969319
15943.1396193151
15941.9939932763
15942.1551607289
15943.1388626061
15943.2002811729
15943.1785390514
15941.9963765488
15942.1800603885
15942.9970738114
15943.2138490314
15941.8930525408
15942.179475595
15943.46627017
15943.3906753529
15942.9970738133
15942.0516661786
15942.3427662949
15941.622960247
15943.106261337
15941.8554308798
15943.0944259796
15942.9970738129
15942.1315573082
15942.116417943
15941.812911128
15942.9970738182
15941.8826905349
15943.2973332388
15941.9458795948
15941.6717840462
15942.1261694377
15942.9970738097
15941.9580059256
15943.018056664
15942.9199843126
15942.0243847419
15942.071673814
15942.3143355721
15943.1804849365
15942.0462258775
15942.9970738155
15942.9970738444
15942.2833634364
15943.1409967847
15943.2982805307
15942.1529170262
15941.7886522616
15942.9970738218
15941.6112066401
15942.9970738115
15941.9425093097
15942.997073809
15941.942097494
15942.0919316049
15942.0393824944
15942.1394882492
15942.9748575547
15941.7896671549
15943.3650596944
15941.9904632238
15941.802532473
15941.5369893571
15942.9970738159
15942.0972316491
15942.9970739146
15942.9922913315
15942.0764769265
15942.9970738174
15941.5900995719
15942.99707382
15942.9970738125
15941.9938016739
15942.0554422834
15943.1965360685
15942.2096121777
15941.9835911039
15942.2042690351
15942.351560824
15941.9681289842
15942.2380179683
15942.0908831036
15943.051065834
15942.9970738108
15943.2610736382
15943.3324602509
15943.2935830986
15942.1748275881
15942.9970738183
15943.0518931834
15942.9970738144
15942.1121610004
15941.7803508524
15943.2790171927
15942.2013053157
15942.9970738182
15943.1790146016
15942.997073816
15942.9970738139
15941.9925223073
15942.9970738158
15942.0159365081
15943.1774761551
15941.4568583387
15943.3637244748
15942.0586074891
15942.3788385919
15942.9970738215
15942.0573031843
15942.1042708663
15941.7157441038
15943.50073082
15941.6855392044
15941.7939274196
15942.2209083304
15941.6661769632
15941.6210842655
15942.9970738183
15941.9743197253
15941.7579082258
15943.3773553092
15941.8720119109
15941.8518936241
15942.9970738176
15941.9755046579
15942.9970738141
15942.997073814
15941.5712288236
15941.8163450233
15943.4898480485
15942.1481112462
15941.6721113735
15943.5154983374
15942.0370150284
15941.6708245047
15942.0780859347
15941.9313418404
15941.9561480321
15942.9970738117
15943.3290265577
15942.0187880852
15942.9970738153
15943.2229429672
15943.246209478
15942.3411378431
15942.0971887865
15942.4932230564
15943.3008250832
15942.0126691957
15943.2227782818
15943.1486924877
15942.2331682971
15942.9970738119
15942.1555859179
15941.8883455798
15941.9277170334
15942.9970738204
15942.9970738075
15943.1119587103
15942.9816791983
15942.9970738164
15942.9970738205
15943.0496204383
15941.6479068375
15941.7017558461
15943.0662333241
15942.9970738122
15941.7097217216
15941.9360263893
15943.2025045439
15942.2478989406
15941.6364739215
15943.1255296644
15941.6502276137
15942.217537402
15941.5468468699
15943.1306337659
15943.0102027759
15942.4265608695
15942.0027037482
15942.2385971667
15941.8974363202
15941.9903349662
15943.2857599337
15941.629349377
15943.2966288409
15942.997073816
15942.0389267968
15942.0079704851
15942.9970738219
15941.9823083316
15941.9210077312
15943.3227505018
15942.2217324602
15941.6870893004
15943.1767976106
15942.0433449812
15941.8714685662
15942.0903023586
15941.9197972652
15941.391193266
15941.4280917589
15942.1162643277
15941.7436849747
15942.9970738165
15942.0070966954
15942.9970738207
15941.4386600734
15941.7424009843
15941.9429227276
15943.2034515174
15941.9276212343
15943.3269895565
15942.1608735492
15943.3062534987
15942.0382757094
15943.3347416578
15942.3506949522
15942.1907605976
15942.9970738114
15942.1218859917
15942.1869492874
15942.9970738141
15942.2458099692
15941.6297950505
15943.4607848813
15942.0241191351
15942.3146451491
15942.9970738158
15941.8572930822
15943.3322288738
15942.026193853
15941.7786315551
15942.3829713506
15941.7015637959
15941.9691901489
15942.0853205875
15943.1370921535
15942.109175502
15941.7249609566
15941.6928824397
15942.0956120979
15943.14063118
15942.9970738126
15943.156767848
15942.0841058795
15942.0306189009
15942.184830968
15942.1859442216
15942.9970738267
15942.9970738166
15941.8811359211
15942.9970738191
15942.9970738188
15941.8765408468
15942.3155072502
15942.9970739025
15942.1183171316
15941.8482206625
15942.1258455964
15943.176527291
15942.9970738129
15942.9917728571
15943.4191343428
15941.8262048235
15941.7824375452
15943.2209635387
15943.1256913369
15942.997073821
15943.3400841264
15941.8536603584
15941.9813002483
15941.780790146
15941.3461263811
15943.0768924362
15943.089401701
15942.2501404267
15942.0005023113
15941.5130399894
15942.0522846418
15942.9970738291
15942.9970738235
15941.8242008103
15941.833896965
15943.3560440772
15941.8361778753
15943.1436170386
15942.075680143
15941.4410566084
15942.1305743801
15941.9601689777
15943.3515425569
15942.1921631272
15942.9970738155
15941.9285635224
15941.9216157976
15943.2956526289
15942.047712839
15942.9970738103
15943.4184801091
15942.1035047669
15942.9970738102
15943.0524905979
15942.997073818
15941.986161729
15942.9970738218
15943.3194196972
15941.6100264246
15941.820056925
15941.9137131004
15943.3083050926
15941.453357432
15942.9970738095
15941.5395470418
15943.2271578364
15941.9959947443
15942.9970738216
15941.7858691602
15943.1281323154
15942.997073816
15943.0581542739
15943.2061198867
15943.1127168152
15941.6682647949
15942.9970738139
15942.0797181052
15941.9210314581
15943.3028749402
15942.0712321933
15942.1298547846
15942.9970738175
15942.99707381
15942.9970738119
15942.9970738176
15943.2189111217
15943.2102729401
15941.6808394171
15942.9970737978
15941.7360427298
15942.9970738178
15942.162632853
15942.9970738296
15942.2011289417
15942.9970738132
15942.9970738118
15943.1101407334
15942.0876894266
15942.2338122061
15942.004235048
15942.0656167019
15943.2232540803
15941.3772001273
15941.441048022
15941.7068137399
15941.8283388084
15942.997073811
15941.5645193303
15942.1890223699
15941.6649215359
15941.4372919899
15941.7267681751
15942.1848424248
15941.9675015439
15941.3937697395
15941.975117902
15941.4167105061
15941.7094248676
15941.9448660409
15942.9970738176
15941.9499061212
15941.9934698255
15942.9970738205
15943.2286543285
15941.8543767142
15942.1440929487
15942.2092640794
15941.7922125878
15942.9970738197
15942.0266814916
15942.2772065133
15942.9970738184
15942.9970738222
15943.1603309603
15943.1524658605
15942.3675500612
15942.9970738127
15942.0721141785
15942.2199881201
15942.2539813577
15941.9564969303
15942.1223776147
15943.2527796343
15941.8443206654
15941.7215612607
15942.3584359295
15942.9970738149
15941.9208617852
15942.0920861295
15942.1728878888
15941.8911060746
15943.0825789842
15942.2957337037
15942.1378500044
15943.2055333576
15942.1836661678
15942.2668229629
15943.2329420512
15941.9631107118
15942.196437855
15943.2165357515
15942.9970738156
15942.0307089815
15941.8376923367
15941.6838448033
15943.2499569412
15942.0760419852
15942.0596127896
15943.1924431945
15943.301564917
15942.9970738144
15941.7985051664
15942.0874603176
15943.2281413361
15943.2549611912
15941.8477631742
15943.1632828816
15942.9970738168
15942.3808727002
15943.0958594556
15942.0866075793
15941.9441979352
15942.006753227
15942.102383701
15942.9970738109
15941.8276928741
15941.782345597
15942.9970738157
15942.9970738195
15943.3096136173
15941.9164113244
15943.2232507216
15941.9880763073
15941.8022640114
15942.9970738181
15941.819069881
15942.0656746602
15941.5775607283
15941.7598817407
15941.9967035882
15941.6568602509
15941.8222862812
15942.9970738147
15943.2533168046
15942.1950892291
15943.3817304648
15941.8294460937
15941.9833134163
15943.3444018478
15941.5612414496
15941.7708326887
15941.6808609417
15943.440982964
15941.9622914405
15942.9970738142
15941.4596489487
15942.0620622961
15942.2888385844
15943.4451602459
15941.6450385619
15941.9349886161
15942.9970738149
15941.8550630301
15941.9569656681
15942.9970738169
15941.7057437439
15942.0085108283
15941.3793758992
15941.6556341805
15942.1148747118
15943.1485542793
15942.369121363
15941.4231219023
15941.853811657
15942.9970738467
15942.1543711597
15942.0080740022
15942.9970738159
15942.9970738142
15942.0839068819
15943.3463651335
15942.9970738197
15942.9970738151
15943.3339347451
15942.1725172614
15941.9119644083
15942.9970738129
15941.7465302906
15942.0874755933
15941.5225190639
15942.9970738255
15941.9463565493
15942.2501925855
15942.1156160261
15943.2778021933
15942.1454994045
15942.3057107585
15943.2063019804
15943.2305875692
15942.1234073516
15942.0099021671
15941.9891154827
15942.1668969956
15942.0629865326
15943.2516120071
15942.2234917797
15941.9532833679
15942.3274633811
15942.9970738216
15942.9970738161
15942.3794863659
15943.1516683707
15943.2924069225
15941.702872404
15943.2339327592
15941.4396385123
15941.8956516309
15942.9970738088
15942.997073814
15941.8735820154
15941.6757219807
15942.2156486564
15942.9970738163
15943.1834974876
15941.6540679931
15942.9970738113
15941.8721464108
15942.1502599913
15941.8063399669
15942.9970738163
15943.2864212307
15941.6433445759
15941.2904763508
15941.9137680616
15942.1360093655
15942.9970738169
15943.1193885231
15942.9970738119
15942.997073818
15942.9970738193
15942.0780653161
15942.0285169449
15941.6756630986
15943.1090740005
15942.9970738185
15941.6506617293
15941.4262947477
15941.9408953014
15942.0165321067
15942.9970738153
15941.8396406757
15943.1823274278
15942.0550240238
15942.1241215379
15942.9970738208
15941.6750376119
15943.3186418306
15941.8475375722
15941.0027735845
15941.7795912976
15942.997073819
15941.7187265947
15941.8906125285
15941.6359838817
15943.2585157842
15942.4555072416
15942.9970738195
15943.3867833777
15942.002639069
15942.2372588209
15942.1120804464
15942.0442160257
15941.701658398
15943.312487324
15943.4188575103
15942.2489311267
15942.9970738132
15942.0875803457
15942.0551959604
15942.1161864286
15943.2025451753
15942.9970738122
15942.1009567644
15942.0363958065
15943.2500178533
15941.7905062231
15943.2531370998
15943.3399164715
15941.9561314993
15942.9970738262
15942.3179698015
15943.1905214281
15943.0721312474
15943.1411294887
15942.398306783
15943.2795498136
15942.0434400658
15942.9970738152
15943.1116537648
15942.3178607017
15942.1361240033
15943.201156624
15943.2049456625
15941.8732328946
15943.0139133939
15942.3252098279
15943.2147476116
15941.9621646578
15943.2523714892
15942.2442179678
15942.1466262455
15943.3352714531
15943.2912209036
15941.9259381176
15943.1509249663
15943.2358182259
15942.2450519355
15942.9970738123
15941.8735361223
15942.9970738218
15942.9970739241
15942.0218394657
15942.1160451414
15941.4286263552
15941.9592291764
15941.7679355186
15943.3853246185
15941.5574977455
15943.2854960908
15942.2199735347
15942.2618205284
15942.069884653
15942.0878899493
15941.7634277699
15941.5732942568
15942.0852398265
15941.434786803
15942.9970738131
15941.9975000994
15941.7399324628
15941.836362869
15941.9986303843
15942.9970738181
15943.0284917359
15943.401292725
15942.0179624539
15941.3927536469
15941.8224729426
15943.420747813
15941.6219604108
15942.0418182146
15942.1434344387
15941.8561303542
15942.0715850843
15941.4196392142
15941.8925567417
15942.9970740076
15943.2160446549
15941.8294076472
15941.7072328931
15941.5041124772
15941.8051784716
15941.9541668721
15941.9190760749
15943.2849494654
15942.2924496129
15942.9970738168
15941.6642105681
15942.2462487961
15942.9970738131
15941.8986732136
15942.997073822
15942.147478805
15941.5388887505
15942.9970737899
15941.7267586087
15943.3858465365
15942.2694237685
15942.9970738115
15941.7683866433
15942.1439748073
15942.9970738153
15941.4442006081
15941.4602013553
15943.2497590171
15943.2327029801
15942.2421175709
15942.0978476072
15942.0975779194
15943.17408839
15942.0976021571
15942.0131009876
15942.0138655114
15942.9970738639
15942.9970738119
15942.3438135182
15941.9941859936
15942.9970738115
15942.9970738085
15941.9051282528
15942.125850641
15943.1956951908
15942.3078264252
15942.2429862263
15943.5133925242
15941.739618106
15941.549298036
15941.3242445733
15941.8421229026
15942.3227873341
15941.3591054604
15941.3341234257
15943.2593995883
15943.2362052504
15942.99707381
15941.6628267508
15941.9216305607
15941.690383024
15942.9970738155
15943.2591660797
15943.1670948951
15942.9970738145
15941.5329678639
15942.997073818
15942.9970738156
15942.9970738161
15941.6454732566
15943.1989623937
15943.1762789972
15941.8052154188
15942.9970738174
15941.3618667079
15942.166750009
15942.1295690242
15942.2376275691
15943.6042374714
15942.1145165926
15941.7187324118
15941.7193446382
15942.9970738146
15942.9970738174
15942.1789607053
15941.8841616657
15941.4127318793
15941.6702204839
15942.1592678998
15942.2100297751
15942.9970738172
15942.0145192853
15941.4862230602
15943.1699309885
15943.3134918469
15942.1045296189
15942.9841400524
15941.4382276233
15941.6021426349
15941.0564680913
15941.9441592167
15941.6823744515
15941.5010358618
15942.1136693901
15942.1701544209
15942.9970738138
15941.2036386825
15942.0283323481
15941.7362290142
15942.1143329435
15942.9970738132
15942.1275019175
15943.1657014347
15941.6313521304
15942.997073815
15941.4025005569
15942.9970738158
15941.7336179461
15943.287634798
15942.9970738147
15941.8533037104
15943.4278548926
15941.7277242745
15941.974996794
15941.4587136769
15942.2161644896
15941.9994121349
15942.9970737954
15942.1254564269
15941.6285695963
15942.9970738103
15943.2742600325
15941.9542741871
15942.0534591335
15943.2664816053
15943.33591368
15942.1714606084
15942.9970738187
15943.1324404277
15942.0138199822
15943.1468047807
15942.9970738162
15942.0476054011
15942.9970738151
15941.2961898415
15942.9970738182
15943.1046782018
15943.3663375588
15941.8668894335
15942.9970736207
15942.1022366182
15942.9970738142
15942.3504968868
15942.9970738122
15942.2141230472
15942.3620852014
15941.5426619054
15941.5386449372
15942.9970738148
15941.6621995866
15942.9970738112
15943.2718978292
15941.353191777
15942.2341555513
15943.2300154251
15941.6112732043
15942.1849890085
15942.0160210768
15943.6095162381
15943.1098704368
15942.0815055575
15942.9970738189
15942.9970738173
15941.5774360566
15941.6610967765
15941.66322406
15941.724836854
15942.022797126
15942.4558563797
15942.99707382
15942.9970738192
15943.4097389452
15942.1955344956
15942.1961051862
15943.1207629069
15942.2957992539
15941.4864865619
15941.6529216575
15941.9850694131
15943.1051727723
15942.1600410955
15942.324740377
15942.0789434531
15942.997073811
15941.9990353536
15942.1092261555
15943.0766342093
15943.3422943074
15942.0533917842
15941.9839507478
15943.2512607116
15941.6201323302
15941.9240929203
15943.0112057451
15942.0476977539
15941.9756814786
15941.5381254245
15942.9970738142
15942.9970738196
15941.6230388973
15941.9088888112
15941.4804548937
15942.0049517319
15942.9970738273
15941.9629878059
15942.9970738215
15942.0108712206
15943.3155321297
15941.7952702308
15942.9970735077
15942.997073823
15942.9970738164
15941.3634020075
15943.1556900241
15943.1701060106
15941.6510764246
15941.7871875028
15941.9298091329
15943.0901766673
15942.9970738195
15942.3546326589
15942.197630246
15942.0293938082
15943.1715261547
15941.8699897461
15942.265787556
15943.2881249312
15943.3399768739
15942.9970739048
15941.8211799271
15941.5417700178
15942.9970738159
15943.1255839613
15942.997073812
15943.2855992378
15941.4639953426
15941.775069852
15943.14236198
15941.7794367093
15941.522407864
15941.7061378711
15941.6421318864
15943.3415507834
15941.2654226617
15941.4855947404
15943.2711796418
15942.9970738205
15941.7268041699
15943.2680852145
15942.0540324045
15942.997073817
15943.3811043869
15941.5341066091
15941.7559364184
15942.2409520474
15942.0191633352
15942.9970738151
15941.8481594437
15941.6141813777
15942.9970738139
15941.7251533675
15943.134441028
15942.0994529097
15942.0366949864
15942.013878715
15941.7560025784
15941.6469578511
15942.9970737746
15942.9970738143
15943.3864607944
15942.3410667577
15941.9786369366
15942.997073813
15941.8427552726
15942.2147839774
15941.6192896933
15941.9396507024
15942.9970738156
15942.0097667988
15943.1428100101
15941.934564407
15941.8938721369
15942.1164471735
15941.6399242052
15942.9970738194
15941.9639816896
15943.2272374076
15942.9970738129
15942.3507375115
15942.0267051293
15942.9970738126
15941.762513904
15942.9970737631
15942.092452593
15942.070499282
15942.9970738162
15942.1630961538
15942.2016463617
15942.9960810016
15943.2542247468
15942.1193438388
15942.0227442522
15943.2082707924
15941.4428697816
15941.9711273866
15943.1657984793
15941.9117338634
15942.9970738148
15941.8198073322
15943.1791956065
15941.9942859328
15942.9970738128
15943.1385217834
15942.2724936283
15942.1141472506
15941.8165932113
15943.2181281145
15941.8882427891
15943.3456744374
15941.7852323642
15942.2982399746
15943.5158268338
15942.2283165875
15941.7271046368
15942.117953946
15942.9970738153
15942.9970738217
15943.4086848576
15942.13590187
15941.8884786582
15941.5023932537
15942.0372459627
15942.1170804007
15942.2667215411
15942.9970738165
15941.7405505103
15941.63143661
15941.8448653611
15941.9973808893
15942.1852800819
15941.385995538
15941.5254093087
15943.1368180878
15942.0919167023
15942.2604534541
15942.2722675502
15941.297383125
15942.1727004602
15942.9970738151
15942.9970738183
15942.9970738098
15941.7157460664
15942.1298302858
15942.9970738181
15942.0933571836
15942.9970738125
15942.0492177108
15942.9970737999
15941.3775762507
15941.4383521211
15941.8845288787
15941.3569030149
15943.5470644928
15943.3247570661
15942.289668383
15942.9970738107
15941.6531148066
15943.1424720325
15942.1795538271
15942.1285158772
15942.0711726247
15941.4011637792
15941.74525164
15942.9970737042
15942.3187179323
15942.2636051583
15942.9970738118
15942.9970738114
15941.410747334
15943.160181781
15941.6354074239
15943.2805357053
15941.8963027207
15941.3414501195
15941.9395075264
15942.9970738192
15942.3494524014
15943.3308124857
15942.997073819
15942.9970738139
15942.1047688077
15942.0640390357
15941.7255874193
15940.890739671
15942.0954256237
15941.8103957134
15942.9970738173
15941.2878425366
15941.5013826418
15942.1026717116
15942.1307134368
15942.1665742104
15941.7273300514
15941.2280827192
15943.2413956238
15943.3586406258
15943.210756014
15943.233981791
15942.2731804289
15943.214394183
15942.0421231506
15943.2513676781
15941.9741166255
15943.4024161026
15941.9104761236
15943.4003798364
15942.0637917201
15941.9954109822
15942.9970738275
15941.6768528383
15941.9393432835
15941.9880863359
15941.8064045854
15941.8307276179
15943.2967402516
15942.9970738161
15942.9970738171
15941.727001905
15941.7506110155
15941.7511669158
15941.748716339
15942.9970738179
15942.9970738184
15942.9970738105
15941.5494200949
15942.0373922542
15942.997073816
15941.4906476274
15942.0870052385
15942.9970738117
15941.8030371283
15942.2165128895
15942.99707376
15943.1565942405
15941.9780391691
15941.9998089626
15941.6372823151
15941.7258955688
15942.2020098488
15942.9970738114
15943.1132929672
15942.1228344904
15942.148177787
15942.9970739022
15942.1871256333
15942.9970738133
15941.9739674909
15942.0595464638
15941.8329619926
15941.4676266597
15942.0097900172
15942.9661963961
15941.9828272057
15941.7849595638
15941.5906931147
15942.9680253491
15943.4328611164
15942.1242885114
15942.202429362
15942.9970738046
15941.8706508666
15942.9970738208
15942.9970739044
15942.0657405831
15941.9931051879
15942.2457312166
15941.9309945702
15941.763915057
15942.9970738131
15942.0561669736
15942.9970738204
15941.629452948
15942.2267311437
15942.9970738155
15941.8241831344
15942.9970738194
15941.5984352618
15941.6965049282
15941.4054875475
15942.9970738175
15942.178601281
15941.5210088722
15941.4258207298
15942.0268605257
15942.1082760521
15942.2034900814
15942.9970738161
15943.2305143145
15942.1773085726
15942.1473534369
15942.9970738197
15942.2104871097
15942.9970738183
15942.2348978457
15941.6350024418
15941.788615625
15941.5533765985
15942.3924531687
15943.2706147229
15942.9970738147
15942.046037072
15942.9970738161
15943.1682406139
15942.997073815
15943.2519134834
15941.800108683
15942.4158576794
15943.3734281572
15942.9970738175
15942.9970738174
15941.6464432878
15941.5278123014
15942.1337842175
15942.9970738994
15941.5759250289
