# type 4 occupying volumes
15966.557980463
15966.9551337478
15966.3255690509
15966.6800069477
15968.1151214938
15967.1065973922
15967.2243847987
15967.9165588707
15968.1253906581
15967.1139959162
15967.835221048
15968.2419703551
15968.3390091764
15967.927154864
15966.7707909698
15967.1139959189
15966.8569030815
15967.9977007114
15968.2681727524
15967.1520318071
15968.0522346208
15967.1139953875
15968.220681093
15967.1139959111
15967.9208283367
15968.1923746542
15968.03102891
15967.9946117055
15966.9875799006
15966.8644839815
15966.4636643831
15968.336003253
15968.4430715955
15967.1139959208
15968.256883985
15966.4891569627
15967.0317646022
15967.1139959167
15967.1139959337
15966.5087696269
15967.1139959144
15968.0854975895
15966.6657381994
15966.4675972577
15968.0006683146
15966.982803413
15968.0180675086
15968.1692417681
15966.7680203914
15966.983372921
15967.113995916
15967.1139959237
15967.8236643136
15966.4853244431
15968.2491104126
15966.7914448891
15967.9942459331
15966.7569790997
15966.8413610143
15967.9710552175
15966.611542575
15966.8127415395
15968.017165889
15966.7580541584
15968.1031626326
15967.1139959173
15968.0311913805
15967.1448668117
15968.1169315635
15967.2510943615
15967.1139959153
15966.3858540041
15966.8704907479
15968.0979957531
15966.4418402069
15966.4289576669
15966.4942220735
15966.9028292053
15966.8240612188
15966.6847303492
15968.194231351
15968.0377708622
15966.7069552734
15966.7863609094
15968.0511953964
15966.8250437671
15968.0261437671
15968.2380032664
15967.1139959167
15968.1322888388
15968.3171386391
15968.3876960977
15967.1139959195
15968.2617105305
15968.2624112152
15966.9241543424
15967.2499582224
15968.1838304341
15968.1860624819
15967.1139959123
15967.9805463272
15967.1139959164
15967.8858411282
15968.1795892397
15966.8209240219
15967.113995915
15968.094049645
15968.2403277955
15968.0629526996
15968.1656769318
15967.0928427492
15968.1318029263
15968.047545855
15968.1302424199
15968.3020392681
15967.113995921
15967.8854082447
15967.1139959142
15966.4998663861
15966.651111179
15967.8764116476
15966.8781646856
15967.8287300276
15968.0315644119
15968.2663712855
15966.6800387125
15967.3585154879
15968.1185605453
15966.4740845275
15968.0080809065
15966.7759626398
15968.2728264861
15966.8457343406
15966.9476984926
15966.8562305772
15968.0962925801
15967.1139959125
15968.0879562229
15967.1139959173
15967.1139959143
15968.1893358975
15966.8056759728
15966.8219949997
15966.5680235924
15967.1139959223
15968.1642632941
15968.3094525981
15968.4479825494
15967.0458416158
15966.4235415344
15967.9799738446
15966.8166946297
15968.3276990299
15967.1139959158
15967.2974276758
15968.3131996629
15966.8964126244
15966.7675243544
15967.1139959217
15968.2859459743
15966.8576459434
15966.70054349
15968.2657960127
15966.846507504
15966.526969824
15967.1139959207
15966.873732672
15966.654002137
15967.6287744612
15967.1139959032
15967.1139959175
15967.1139959169
15968.1127977434
15967.1139959166
15967.1139959175
15967.9577387462
15968.2709710387
15968.1683324756
15968.0123864942
15967.0988159262
15967.0186577526
15966.8197571908
15967.7909848883
15967.1139959156
15967.352595902
15967.8100621557
15968.0944973876
15967.2812271175
15968.2343200379
15967.9739792531
15968.0509706711
15967.1139959181
15967.1139959158
15968.251447944
15967.8343023187
15967.1139959251
15968.3056510093
15967.2545251599
15967.0204632113
15968.0587836299
15968.1638421868
15967.9749285412
15967.1607630768
15968.4157070018
15968.1424594706
15968.0596229606
15968.060718413
15967.0010909067
15968.0647066939
15967.9676139086
15966.8543104744
15966.8972530018
15968.3609652202
15967.1433769079
15968.305150438
15967.0969585301
15968.1158688415
15966.8058883245
15966.4551442861
15968.1219749429
15966.9439140532
15966.9436653957
15966.5010710652
15967.1099006363
15967.9288744443
15966.6230876963
15967.113995921
15967.9230400265
15968.2319440336
15966.7412510067
15968.1882966671
15968.1708739218
15966.6311086345
15966.8699949289
15966.7458620095
15967.1139959156
15967.1139959096
15967.1139959226
15966.9963657912
15967.1139959214
15967.2172875249
15968.0460856471
15968.1400398853
15967.1139959214
15967.1139959166
15968.2736916983
15968.2091091469
15967.9458069974
15968.1735043614
15967.1139959187
15966.9227988969
15966.9583013054
15967.9636228664
15966.9630537672
15968.2078733339
15968.1305530525
15968.0956601176
15967.1139959211
15967.1139959153
15968.1526777299
15968.3576940001
15967.9880906368
15967.1585818191
15968.055023654
15968.1844243247
15966.6596430942
15968.1732415237
15967.287382838
15968.0578302488
15966.9563983731
15968.1446845593
15966.7432476232
15966.6924777999
15966.9120981804
15967.1139959288
15968.3059058392
15967.9368500002
15968.1929815565
15968.45028037
15967.0094897296
15968.3103156286
15967.1263910772
15966.8507994953
15968.1991701714
15966.890203254
15966.780851223
15967.9950368181
15966.3071989655
15967.1139959133
15967.0393710762
15967.2006512457
15966.3521252064
15968.1955907277
15967.9858012565
15968.038392642
15967.1139959207
15967.9823534681
15966.5801205798
15966.3123712429
15968.0787325965
15966.8083710735
15966.9496143652
15966.7746161627
15968.5033244009
15967.1221498286
15966.5608290042
15966.5739099338
15967.1139959151
15968.0597239956
15968.0692043495
15966.4494668634
15967.1139959151
15967.8308879177
15968.1839092196
15968.0177733632
15967.1139959175
15966.8518931979
15967.0887575807
15967.9344069768
15967.9368816052
15968.2254781668
15968.0304825312
15967.1139959199
15966.8640014457
15967.1139959166
15968.0625194922
15968.1561182469
15968.0962847716
15968.2010203998
15968.3016412117
15966.8193923818
15968.076035437
15968.1450809181
15967.1139961354
15967.1139958772
15967.1139959411
15968.3116532685
15966.6581401111
15967.1139959176
15966.8717633992
15967.1139959257
15967.1139959136
15968.3768296215
15968.0554793102
15966.5302274805
15966.8377342136
15966.548813029
15967.1139959178
15968.1718361876
15968.1189784825
15966.6333510633
15967.1139959205
15968.0490303635
15966.9835026189
15967.8565358733
15968.1293712441
15968.3642684753
15967.1143582446
15967.1139959193
15966.9079568863
15966.6862051659
15967.1139959351
15966.7196047902
15967.0835378503
15966.3626004782
15967.1139959234
15968.0290242603
15968.1851572241
15966.9514285236
15968.3228929166
15966.9611192595
15966.9364791692
15967.3999113999
15967.9436079992
15968.0029212882
15967.8026899132
15967.1139959165
15968.0887521644
15968.2150214311
15967.8321064293
15968.1463887224
15966.8759853068
15967.1139959118
15967.1139959122
15967.8301466431
15967.8613625707
15968.2566828865
15967.297683229
15967.1139959193
15968.2463362585
15968.1172447236
15966.865249488
15968.3750920602
15967.1139959124
15967.1139959219
15968.067326583
15968.0990950143
15967.1139959222
15968.4523057432
15968.1327487651
15967.2793466949
15967.1139959119
15966.7751298459
15968.0492682754
15967.1139959185
15967.1139959076
15968.4120391587
15967.1139959222
15967.1022068929
15966.8613326285
15967.1139959178
15967.1139959193
15967.1139963402
15968.0602127139
15968.1863865187
15968.2250873797
15967.113995921
15968.0725815196
15968.1001458907
15967.1139959112
15968.2632402124
15968.041388108
15967.38189623
15968.2806930922
15968.0787906287
15968.3219282978
15967.9539358017
15968.1102203615
15968.3576376037
15966.6961214702
15966.9517730452
15968.2137505637
15966.6551288622
15967.0784994522
15967.1813803111
15968.3686849889
15966.8525977325
15968.2958022385
15967.113995917
15966.8683857433
15966.6268349039
15967.2804849716
15966.7315231199
15966.5361533483
15966.7342837434
15968.3109227172
15967.113995918
15967.1139959205
15966.6038827105
15966.3672322055
15967.9839502617
15966.7345454027
15967.8792464872
15966.7386032693
15966.5968103568
15966.7739212107
15966.8261842957
15966.7391111343
15967.1139959036
15966.6113433945
15966.7055078513
15966.4511636274
15968.3414509465
15967.9859691923
15968.1543214059
15968.0941737241
15967.999913748
15966.7902045825
15966.8430240658
15968.2406142776
15966.3376906735
15966.7325580229
15968.0844478364
15966.5565554729
15966.9733550678
15967.1139959266
15966.5396578941
15967.0897454494
15966.5509494152
15966.6031690171
15966.8914173895
15966.4453569257
15966.6145688182
15967.9913127543
15966.4217863609
15966.4925707178
15967.11399591
15967.1139959706
15967.1848394783
15968.2196203896
15968.2842047299
15967.0182578617
15966.6186907338
15967.9832657131
15967.9295571585
15968.1572203984
15966.9485213171
15967.882384722
15967.1139959181
15966.8684062052
15966.8484506231
15968.0972775179
15967.9843118675
15968.158443231
15967.1139959159
15966.5419681647
15968.1986650958
15968.0542474119
15966.527997817
15967.2052136078
15966.6481137932
15967.1139959205
15966.7248786727
15967.0299532022
15967.8866131828
15966.7002906316
15966.7038002034
15966.3604006477
15967.1139959152
15966.9399552503
15967.1139959109
15966.6339892835
15967.8932957366
15968.0333207616
15968.0943737783
15967.1139959147
15966.6248550155
15968.3173824468
15968.0021047047
15967.1139959181
15968.3777833556
15966.900976054
15967.0339195639
15968.0827439125
15967.0430879751
15968.2379328987
15966.8120865446
15968.0453512512
15966.92738049
15968.403313001
15966.7513164875
15967.7977162266
15967.1139959155
15968.3049976383
15968.1003440741
15968.1096021516
15966.8830029273
15968.1153585293
15966.7681038966
15966.6590473989
15966.6576928746
15966.6403303176
15967.1139959172
15966.8362265503
15967.0876492922
15968.1450163223
15967.1139959251
15968.2464720273
15967.933788819
15967.1139959186
15967.797967988
15966.7516228673
15968.0594452775
15966.7989373927
15967.1139958352
15968.060017638
15968.1379859026
15966.4885261265
15966.4115793948
15966.6749928907
15967.0666572614
15966.9127814039
15967.1139960238
15967.9957675684
15966.5834931931
15967.9864666621
15967.1139959105
15968.0337048453
15967.966087973
15967.1139959131
15967.8823039744
15968.1415295478
15967.1139959197
15968.2034208679
15968.2076777552
15966.9459557722
15966.918397565
15968.3268142651
15968.288552864
15968.4545061241
15967.9876486861
15966.8046241002
15967.1139959129
15967.1139959149
15967.8903241219
15966.5762644081
15967.1139959175
15968.0648336875
15967.9289139064
15967.1139959205
15967.1139959176
15967.1139959133
15968.0838090568
15966.8309229305
15968.0261084863
15966.8135581661
15966.6152297283
15967.395411135
15968.0603684508
15968.0961046208
15967.1139959218
15967.1139959166
15966.8144096758
15967.113995915
15968.4078143322
15967.9570795552
15968.0556322887
15966.9964634726
15968.0434674142
15968.278985155
15967.870892868
15967.1139959194
15967.1139959243
15966.747500699
15966.8729178528
15968.3911426493
15967.1139959183
15967.1139959253
15968.1318486834
15968.3743532595
15966.6662655467
15966.8934354994
15966.5349118703
15967.9067703967
15968.2796294881
15967.3628840368
15966.8351878468
15968.0582605731
15968.0218046117
15968.0645635877
15967.1139959087
15967.1139959219
15966.9223809558
15967.1139959161
15968.2670591894
15968.0617036765
15966.8779993382
15968.3520029678
15966.9025102183
15966.751888712
15967.1139959203
15967.9500521232
15966.9015315753
15966.6898056005
15966.7591288563
15967.1139959173
15966.6703491541
15966.7769746592
15967.1139959194
15968.2901961971
15968.19508254
15968.0470204713
15967.9717272326
15968.327410994
15967.9775454787
15968.0559493739
15967.9264877905
15968.2677472112
15967.1139959152
15966.8870146374
15968.2458162273
15966.5726215542
15966.7416658013
15967.1139959179
15967.1139959144
15966.8943072608
15967.956965967
15967.3243161627
15967.1139959182
15967.9731209846
15966.659709358
15966.8212325326
15967.1139959218
15966.8478952197
15968.3924311367
15968.0472264237
15967.907527823
15967.1303092985
15968.4443045145
15967.9472901296
15967.1139959186
15967.9866183728
15968.076929712
15967.9147617768
15967.9386357788
15967.1139959234
15966.9068143624
15968.1980381699
15967.8874004686
15966.7895612153
15966.7896800581
15968.0470674488
15967.1139959174
15968.0580469883
15967.1139959184
15967.113995919
15967.1139959174
15967.1139959158
15967.1139958899
15967.1139959122
15968.3821619631
15968.0106259557
15968.4133547821
15968.0499220698
15967.1139953428
15967.0416166205
15968.0760550155
15967.8626075022
15966.9977675563
15967.907690482
15967.1139959142
15967.1139959124
15968.1257668985
15968.079591679
15967.1139959168
15967.0840029012
15967.9898910384
15967.1139959173
15967.1298557505
15966.5194481258
15967.9351102877
15967.662012832
15967.1139959216
15967.0374106522
15967.5314599037
15968.1381311508
15967.8420028543
15967.1139959195
15967.1042571191
15966.5055445317
15968.0756567048
15967.1139960835
15966.8992811702
15966.5608145163
15966.742702119
15967.1139959641
15966.9189475191
15966.7825231694
15967.1139959124
15967.0216838719
15968.1764056679
15967.1139959009
15968.1575850477
15967.9893758069
15968.2087520362
15967.1139959123
15966.6283898096
15966.5443628663
15966.8458269521
15966.6313553112
15967.8843223726
15967.9696197616
15966.8961469981
15966.575625925
15966.5969340836
15967.1139959146
15967.1139959136
15967.7887114445
15966.7885160122
15967.1139959205
15966.7796319731
15967.1139959261
15968.1176032817
15968.0847716074
15968.1694600637
15968.0076974235
15966.6127108684
15968.2663348737
15967.9910911356
15967.1139959175
15966.9568135377
15968.0785557542
15967.8408871659
15967.0134972059
15967.8115724611
15966.933140353
15967.1139959221
15967.1531190663
15968.0625098613
15967.1225724963
15967.0765115403
15967.1139959191
15967.8561634034
15967.113995921
15968.11569308
15967.113995913
15966.6518124596
15967.1139959138
15967.1139959209
15967.6387361012
15967.1139959175
15967.1139959161
15967.1139959198
15967.8141631407
15967.1139959174
15967.1139959171
15968.3107766339
15966.4018331965
15966.7765200092
15968.3139250542
15967.1139959233
15966.6534625376
15967.3878162038
15967.1212524377
15967.7453374304
15967.1139959164
15967.9401480059
15967.8087589877
15968.1851631517
15966.6779945433
15966.5956617352
15966.8735741717
15966.9984269179
15967.9511181421
15966.4696870145
15967.9256269469
15966.8342212353
15968.1666430431
15968.2338926325
15968.0127233031
15966.7366971701
15967.1139959203
15966.347657653
15968.2012382136
15968.2173574604
15967.1139959173
15966.7366108743
15967.1139959157
15966.6682227639
15966.7756804864
15967.1139959138
15966.8735812944
15967.1139959175
15966.6423539466
15966.7942640386
15967.3273684405
15966.9499804319
15966.7145534838
15967.1139959109
15967.1452635537
15966.9150742051
15968.1339792284
15966.8612265562
15967.671523729
15968.374268044
15966.7463961659
15967.8415570677
15966.6457564271
15967.0099984994
15967.11399592
15968.0616672859
15967.0832651544
15967.1139959205
15968.3258732466
15968.0134954723
15967.1139959196
15967.1139959192
15967.1139959204
15966.8968231654
15967.1539286022
15967.9622038436
15967.9532246723
15966.9690778937
15968.1780778761
15968.4185844262
15967.1139959192
15967.1139958986
15967.1654135537
15968.2860564018
15967.1139959158
15968.0065146875
15967.9957301727
15967.1139959175
15967.1139959188
15967.9774430497
15966.8529574508
15966.7366645878
15967.9701529381
15967.8715930842
15966.7831239008
15967.1139959163
15966.6038852973
15968.1419468962
15966.6964381629
15966.7797892745
15968.3698559275
15968.2537617587
15966.4630534942
15966.7430883172
15966.4470492761
15966.992669017
15966.6500213235
15967.8660295493
15966.6743128218
15967.1139959201
15967.9810432695
15966.8769684965
15966.6672441804
15966.7243751343
15968.2295903578
15967.9717327893
15966.8391494515
15967.113995918
15966.9122090289
15966.5229233183
15966.6421906588
15966.7323372762
15966.8328457798
15966.7029335616
15966.4201012066
15966.6117778996
15967.7665095172
15967.1139959192
15968.314759991
15966.4269112204
15967.076802372
15967.9669426357
15967.1139959178
15967.9686603313
15968.267091801
15968.3037145037
15968.1656088971
15967.3010985006
15968.1608341129
15968.3946698898
15967.1139959085
15966.4697049746
15966.7628471996
15966.3213808714
15966.4370529405
15966.9315347221
15966.5065457956
15966.6216710351
15968.3205635466
15966.6810427403
15968.1569080765
15967.113995921
15968.0759068333
15967.1139959189
15967.1139959248
15966.2531199693
15966.7217488618
15966.7364224332
15967.1139959173
15966.416970777
15967.2214286807
15967.7883513815
15968.0193892744
15966.9111561518
15967.9730891628
15967.0217714178
15966.4016070035
15968.414287793
15967.9341048375
15967.8481140091
15966.9799437155
15966.7812054591
15967.113995917
15966.77444251
15967.1139959172
15967.1139959193
15968.1361211768
15968.3150686825
15967.2447485343
15968.0130534217
15966.7393861824
15967.1139959209
15968.4292886267
15967.113995917
15967.0531814037
15967.1139959205
15966.7347853053
15967.113995915
15967.1139959176
15968.1421855695
15967.1139959148
15966.7777609708
15967.334713846
15967.1139959182
15967.0272535892
15966.5711627125
15967.1139959109
15967.1139959262
15968.0637998037
15967.9850832327
15968.2508779245
15966.7255199295
15967.1139959142
15967.9842413107
15968.1397963956
15967.1139959176
15967.9904693015
15968.0180798741
15966.738012692
15967.1139959121
15968.2341445733
15967.931157496
15966.8013431999
15967.8163902561
15966.6963050367
15966.6790042017
15968.0003305423
15966.7422438686
15966.7840315772
15967.1139959125
15968.1145885133
15968.0534557733
15968.139243254
15967.1139959204
15967.944498034
15967.1139959173
15966.5479686442
15966.5834031163
15966.7268941076
15966.7279534122
15966.7016042532
15966.7033446759
15966.9398652542
15966.7690366547
15967.1139959142
15966.9593499196
15966.5985338243
15966.8268139428
15968.4352901101
15966.5275090454
15967.1139959187
15966.3428427307
15967.9427132953
15966.6295030735
15967.0188675144
15968.3312768102
15966.5784308726
15966.6063638073
15966.5460946227
15968.0066694415
15968.0057169176
15966.458872834
15966.6738535582
15966.2736864365
15966.410706798
15968.0615936943
15966.7657229068
15966.6382036141
15967.1139959219
15966.6354433744
15966.6991582229
15966.6929904855
15966.6461204523
15967.1139959117
15966.0424864478
15968.2147980074
15967.1139959175
15967.0299745581
15966.7916867689
15966.6740741128
15967.0468054367
15967.1139959433
15967.9375096974
15967.1139959255
15967.9956202147
15967.2777975407
15966.5727305788
15966.6143531185
15968.0379929373
15968.027221472
15967.9839267577
15967.0796238317
15966.9850718367
15968.3519800545
15966.8782065708
15966.5594067404
15966.4656840661
15966.466147791
15968.0666296967
15966.8169366894
15966.7155018517
15966.5494211898
15966.6347727081
15968.0182882695
15966.8495302203
15968.4426350181
15967.1336179138
15968.1477415985
15966.976614727
15966.5524760005
15967.0703015093
15967.1139958993
15967.8733953696
15966.4419835748
15966.4904947818
15967.1139959212
15968.0406767252
15966.4041636686
15968.1506020052
15967.1139959183
15967.1139959188
15967.1139959133
15967.1139959098
15968.1044565571
15966.9206750835
15966.5520085547
15968.0219960904
15967.0472293861
15966.3402623406
15968.0437235173
15968.0238000039
15968.2638514186
15966.7669200335
15966.583287333
15966.556735872
15966.6990263376
15968.1055575812
15968.1657460476
15966.4016148062
15966.9779804408
15967.1807720044
15967.0916050426
15967.1139959212
15967.1139959062
15967.1139959183
15968.1412085245
15968.0020206948
15967.2179426535
15968.0424908319
15967.354452637
15967.2613794016
15968.2957496246
15966.9967065813
15968.5212738303
15968.1534018942
15966.9386356377
15967.1139959154
15966.7567034394
15967.11399592
15967.1139959182
15968.10866787
15968.0705467626
15968.17979854
15967.8904578275
15967.8602943265
15968.1168709416
15967.1139959127
15967.8749189472
15968.0110991236
15968.1171229981
15967.9050216328
15968.0408186647
15967.1526629273
15968.1998146594
15968.3139751953
15967.1961064915
15967.1139959191
15967.1139959232
15967.1139959136
15967.113995921
15968.1192179376
15967.9843342123
15968.2294042419
15967.9902095717
15967.8277084118
15968.0090377983
15967.1139959128
15967.9505916385
15967.9767981805
15966.8315642415
15967.1139959227
15967.8206468689
15967.1139959107
15967.9972466812
15967.1139959147
15967.1139959235
15967.9841081454
15968.0453459495
15967.1139959058
15966.9647397627
15967.1139959114
15967.1593979808
15967.1139959151
15968.0848259123
15968.1401200579
15967.9861838267
15967.113995914
15968.0908885756
15966.556892973
15968.1138702438
15968.0491942748
15967.1985180467
15966.7489509916
15967.1139959161
15968.5443569674
15966.5599821601
15966.3023336907
15968.0259036144
15966.5467451482
15968.1273269791
15966.8406469066
15966.6055873794
15967.2149132725
15967.9204342193
15968.4377793294
15967.8970965699
15967.1139959252
15966.731920927
15966.8578109747
15967.113995914
15968.169963911
15966.386118068
15967.8438340724
15966.640021139
15967.1943499243
15968.1329817316
15967.1139959134
15968.2721254636
15967.1139959164
15968.4046999854
15966.4887628198
15966.3554615029
15966.4926384767
15966.6308957647
15966.5990899844
15966.7411552113
15966.4663405758
15966.733316012
15967.9823782219
15966.613952303
15966.8369548484
15968.2648371943
15967.113995916
15966.7721304582
15966.7083681968
15965.969399698
15967.1139959137
15966.6144946804
15967.113995913
15966.4553301995
15966.9602743893
15966.938113054
15967.1139959175
15966.5528840857
15966.8256551473
15968.0828681661
15966.3436671595
15966.8425094602
15968.0227543512
15967.9633404891
15967.1139959157
15967.9719060603
15968.1257373943
15968.122973419
15967.92694816
15966.7882204276
15967.0379800682
15967.928174461
15966.5802291784
15968.1320959844
15966.6173454835
15968.4840586598
15967.3112641669
15967.0201232288
15968.1404151542
15967.1139959202
15966.5685511598
15967.9740531902
15968.0435511242
15967.0828698347
15967.9172100021
15967.1139959234
15966.9605589123
15966.9596580568
15966.7519232416
15968.3889119096
15966.8399532222
15967.0107319185
15968.1872536379
15966.9781782591
15967.9485053036
15968.350209443
15966.8817001913
15966.6039038748
15968.4645110546
15968.2010895046
15966.9547613223
15968.0978920062
15966.7351879999
15967.8772255806
15967.3297419225
15968.1349689661
15967.1139959189
15966.8671846346
15967.0922867502
15967.0017499225
15967.9953668345
15967.1139959223
15968.0974412934
15967.113995911
15967.1139959089
15967.1139959216
15966.1920574778
15968.0184268262
15967.7979253492
15967.7670402003
15966.6858794034
15967.1139959186
15968.1472190271
15966.5736828293
15966.5216716598
15967.1139959218
15967.1139959102
15967.8310452637
15967.6823647532
15967.1139959175
15967.1139959134
15967.9196014648
15968.1402339349
15966.8583224256
15967.9471607212
15966.9199559628
15968.062440246
15966.9758044827
15968.1676662039
15967.9899260309
15967.9042407307
15967.1399279747
15967.1139958758
15966.5727123327
15966.6773539297
15968.2500736099
15968.0894353602
15966.7365960458
15967.1139959193
15968.1359398858
15968.102925485
15966.9793856562
15967.113995917
15966.8930647184
15967.1139958318
15966.8642863251
15967.1139959078
15967.2920826582
15968.0380129257
15967.1139959198
15966.5490116433
15967.9774729073
15966.9556358659
15967.113995917
15967.3053836275
15967.1139959071
15966.6728271101
15966.5328489301
15968.09005886
15966.5357492383
15968.3718698141
15968.0219044254
15966.5887259014
15968.2239443574
15968.0726703088
15968.1168072955
15966.8409521621
15967.8005755386
15967.1139959158
15968.1509803459
15967.1139959104
