# type 3 occupying volumes
15952.5550799813
15951.4649430395
15951.2804422705
15951.2225073173
15952.7461306819
15951.2124177711
15951.2716568023
15952.4777206417
15951.6808575985
15951.1049793679
15952.7315480403
15952.5328426033
15951.4928515997
15951.4606457627
15951.8341354415
15951.3322738524
15953.3682613593
15951.6808576028
15952.515996376
15951.2192218249
15952.4747375356
15951.680857599
15952.3647041712
15951.224595144
15952.223241731
15952.5058050373
15952.4319906876
15952.509648058
15951.6808575994
15951.6808575952
15951.427348657
15953.0339992625
15953.3947409295
15951.5349159928
15951.9329545113
15951.4930901779
15951.6808575959
15951.578901579
15951.2018700842
15951.6808575975
15951.7313194313
15952.8268086783
15951.6808575891
15951.3830975431
15953.1370942368
15951.6808576006
15953.020708267
15952.9809399721
15951.6808575928
15951.6808575958
15952.5161045237
15951.544636676
15952.9962430517
15951.1024957072
15952.5123447363
15951.6808575946
15951.6808575945
15951.6808575983
15951.6808576001
15952.8941579704
15951.6808575973
15953.439945536
15951.2096421594
15952.9320643623
15952.6246184921
15951.6808575963
15952.377703356
15952.4526115443
15951.6808575899
15952.9258917062
15951.6309185938
15951.2151946975
15951.6808575932
15952.9533930275
15951.6808575969
15951.680857598
15951.2798008433
15952.0789807536
15951.6808575974
15951.3436074638
15952.8249768602
15952.8538195761
15952.8426811419
15951.194395545
15952.6163504945
15952.5236329418
15953.1360384902
15951.5322513682
15952.4429884376
15952.2642758443
15952.3237580067
15953.0018170247
15951.226202411
15953.1551522306
15951.2872035447
15952.6741378915
15951.6808576004
15951.6808575955
15952.8031395125
15952.7748363476
15951.6808575984
15951.6527179185
15952.3817436158
15952.4061504534
15952.6291683176
15951.6808575879
15951.6808575975
15952.8945349719
15952.7167850158
15952.7203233715
15951.6808575944
15952.834224757
15951.7035970303
15951.7436286349
15952.9624087971
15951.7440195319
15953.154589795
15951.6808575994
15951.218042764
15951.6808576033
15952.7001378275
15951.2486907451
15951.7825326277
15953.1383348599
15952.5858391623
15951.756002691
15951.3405185099
15951.6808576017
15951.3203519435
15952.5888541361
15951.1916572851
15952.6676816025
15951.4045541227
15951.3882476191
15951.6508251878
15952.8076928554
15951.6808575983
15951.7758708811
15951.613819202
15953.1104581998
15952.5922653769
15951.6808575975
15951.6808575907
15951.6808575935
15952.808451249
15951.6808575998
15952.8843636432
15953.1056431242
15951.3432438468
15951.6808575996
15952.7591066494
15951.1640738412
15951.6808575937
15953.2433898022
15951.6808575948
15953.3266554854
15952.5469597845
15952.9384825246
15952.4917142662
15951.321643666
15951.6808576005
15951.4418043592
15953.2365528486
15952.633323426
15951.2970941867
15953.1885412544
15951.8620360818
15951.4092224997
15951.6808575942
15951.6808575978
15951.4244314479
15951.643263301
15952.8687196608
15951.2906208755
15951.8071508993
15952.5959787606
15952.4570137322
15952.2839337842
15951.6808575953
15951.6593316891
15952.6759550332
15952.263636819
15951.5375975185
15951.8270578451
15952.7023343776
15953.1384174736
15952.5269483795
15951.679737302
15951.500364953
15951.2662340977
15952.295363096
15951.2886089241
15951.1608161028
15952.4131916587
15951.6355972542
15952.5996866739
15951.2286481398
15951.6808575955
15952.0357248211
15953.0571548169
15952.8486261709
15951.1980136144
15951.6808576081
15953.1656718488
15951.5456837858
15952.3775096938
15952.8621001181
15951.8731018926
15952.6357899562
15951.3548029457
15951.6808575502
15951.6808575939
15951.6808575986
15952.9414257124
15951.6808575946
15951.6777209205
15952.9217999703
15951.6808575968
15951.6808575962
15953.3323805415
15951.6808575987
15951.6808575895
15951.2543373063
15951.6808575973
15951.6808576201
15951.8234512915
15951.4629331394
15953.2814358154
15952.7271828568
15951.3128943543
15952.8415943143
15953.1901232009
15951.1098045694
15951.6808575988
15952.8562893948
15951.599519039
15952.3621052324
15953.0605160631
15951.6808576019
15951.2252197462
15951.7918600504
15952.6585510412
15952.9631083829
15951.2241403426
15951.8784975219
15951.6410903927
15951.7323626876
15952.3861599058
15952.7727545903
15951.5316506655
15951.6808576242
15951.6808576609
15951.9912176409
15951.5689853505
15952.7905048117
15952.8229937194
15952.6593519027
15952.6419570122
15951.7697089518
15952.8396232219
15952.5093316983
15951.9596996483
15951.4604462887
15953.448303322
15952.629316008
15951.7006630006
15951.6892862205
15952.4905636495
15952.7847818737
15952.8307034973
15951.8913277214
15952.613460207
15951.1965006845
15951.6808575967
15951.2871309426
15951.6808575962
15952.9590742764
15951.6808575929
15951.4880278278
15951.3015748623
15951.7107281112
15951.3146682967
15951.6808576018
15952.7510710729
15951.6808575977
15951.6808575908
15951.3410342383
15951.2333819398
15952.8350382442
15951.9660303465
15951.6808575979
15953.3560259944
15951.6808575998
15951.6808576
15952.6243956076
15951.6199585301
15951.6808575974
15953.0112332797
15951.2743563568
15951.3326595006
15951.9068164419
15951.7406396821
15951.3324546447
15953.687042451
15951.851139821
15951.4351270473
15951.4028664731
15952.0656845629
15952.4349341991
15952.5330419733
15951.4348389394
15951.8958305555
15951.9765253601
15952.7768344812
15951.3171736238
15951.7269644656
15952.083436469
15951.9325898847
15951.3884015203
15951.5415786656
15953.0985508583
15952.9679564416
15951.448581335
15952.4917319338
15951.7565439232
15953.1230818404
15951.9478512183
15952.431991267
15952.842403318
15952.8670679327
15951.5862142007
15952.3325728875
15952.4768506145
15952.6957084562
15951.6753304441
15951.2138478717
15951.2169832701
15951.4286533415
15951.1907968851
15952.8777402439
15951.3978683616
15951.5543339848
15951.5427009127
15953.2885142785
15951.6808575933
15951.2649100311
15951.3885439025
15952.6719923932
15952.8086581235
15951.6808575982
15951.6808576025
15952.7881473043
15951.6808575966
15952.0257068662
15952.8426186704
15951.1713165923
15953.2776964205
15953.0201774844
15951.8912022328
15951.6808579618
15952.8897542934
15951.4399719404
15951.6808575925
15951.6808576008
15951.1190852496
15951.22877347
15951.6808576059
15951.8520357412
15951.394708803
15951.7618862738
15951.6808575934
15951.6808576008
15952.7328431016
15951.2976526209
15951.680857601
15952.5433963853
15951.2026320688
15951.0212423326
15951.4529235077
15951.3569016007
15951.6808575915
15953.0549130863
15951.9661920261
15951.4073753455
15951.6808576007
15953.0761091985
15951.3404338759
15951.3939087885
15952.572865149
15951.6674803449
15952.8107332215
15951.1601753683
15951.6311685642
15952.7596599298
15951.6808575944
15951.8451706926
15953.1307639644
15951.6268479791
15952.6583261613
15952.9558889347
15951.2657861599
15951.8625635773
15951.2494302832
15951.6728595514
15951.6808575977
15951.6808575954
15953.2528787163
15951.6808576002
15951.6808575992
15951.1905956377
15951.3096235359
15951.6122854949
15951.8657271599
15953.378751004
15952.6088349592
15952.3861533914
15951.7011250625
15952.4612196441
15952.7012846928
15951.423250437
15952.6947747176
15952.5179775176
15951.6808576001
15953.0766851416
15952.4481617819
15951.5011825706
15952.4609716887
15952.8445836044
15952.8339184096
15951.680857601
15951.6808575238
15953.0132786708
15951.4697150319
15951.4322519313
15951.732622136
15952.7485211571
15951.6808575997
15953.1036824555
15951.6808575942
15951.6808575988
15951.2039815468
15951.194787708
15951.7590682666
15952.6145832846
15951.6808575962
15952.035038846
15951.7386986971
15951.909636906
15951.2756170531
15951.230684202
15951.6808575923
15953.0988551788
15952.9887248286
15951.6808575953
15951.7494393999
15951.3593278973
15951.2046707706
15952.8944094702
15951.6808575996
15951.3078867164
15951.6808575977
15951.2641360906
15951.6808575936
15951.6808575934
15952.9449721613
15951.3969898434
15952.9024551421
15953.4119117822
15951.6808575933
15952.6497146847
15953.276807728
15951.6808575963
15952.9191089018
15951.0666447104
15951.6808575977
15951.8273175843
15951.3636466979
15952.1858663918
15951.53915847
15951.3610503703
15951.6808575913
15952.9000718116
15951.3642194625
15952.504788853
15951.2252547922
15951.6808575956
15951.7016359949
15951.0803307564
15951.5055871994
15952.8327973003
15952.6662307011
15952.8773119146
15951.1559183057
15952.6351438255
15951.2024541493
15951.7221725639
15951.6808575956
15952.4044880989
15952.8177276532
15952.9098601325
15952.8532991066
15952.3782353537
15952.8412377602
15952.7872305877
15952.8681338406
15951.824376898
15951.8542755611
15951.3532840284
15951.5178883564
15951.2193535807
15951.6808575153
15952.8736436592
15952.0299293934
15951.3576620073
15952.8031173725
15952.4211295001
15951.2507589279
15951.7642508864
15951.716257572
15951.6808575991
15953.1156577768
15950.9939176976
15951.1129794889
15951.6808575998
15951.6808575986
15951.6808575981
15951.2488654717
15951.3260029757
15951.6808575934
15951.6808575991
15951.6808575971
15951.6808575976
15951.1804873271
15952.9198726171
15953.27738249
15953.3865294527
15951.2884624879
15953.039618728
15951.6808575979
15952.6603507395
15952.9024863455
15951.5650012374
15952.7366662141
15952.6348318043
15952.2124855337
15952.6516407226
15951.6808576001
15952.6510953352
15952.9186183383
15951.6808575936
15951.8325542066
15951.3992131449
15951.7830608066
15951.6808575945
15952.5410264023
15952.6053614686
15952.5698231187
15951.5942248988
15952.4860731345
15951.62515642
15951.9572825269
15951.6319423438
15952.611534497
15951.082222783
15951.3005713962
15951.6808575982
15952.8197873083
15951.6808575865
15951.6808575927
15951.6808575475
15951.6808575989
15951.6808575939
15951.8274107226
15952.6233208233
15951.9643211851
15952.7051346703
15951.4781316611
15951.6808575934
15952.5519417626
15951.501895784
15953.0014063108
15952.6816375758
15951.4437538909
15951.6808575934
15951.8808597817
15951.2038635918
15951.7512948886
15952.5265157196
15952.3606285046
15953.4912523346
15952.5300787962
15951.1962401288
15951.755475243
15952.4870870261
15951.7279992502
15951.6808575969
15952.7693917154
15951.4699485686
15952.2804895501
15952.1897673404
15951.4774359075
15952.5632380458
15951.637380676
15951.4490487997
15952.4161805479
15951.6808575967
15951.3011075967
15952.8187722498
15952.7121470875
15952.4517843396
15952.0801173885
15952.0693731682
15951.6808575941
15951.1324155644
15952.6206092249
15952.4376157697
15952.042227422
15951.680857594
15951.1997820814
15951.6808575989
15952.4441468251
15951.460457029
15952.4453362259
15951.6808575948
15951.6808575979
15952.9048682469
15951.8129396471
15952.7868065908
15952.6731610294
15951.6808575958
15951.6808575961
15951.2689121718
15951.2831217042
15952.9880917327
15952.9412303111
15951.6808575956
15951.5112865872
15951.6808575956
15952.6618601777
15951.47080754
15952.0080711402
15952.7171203005
15951.3602290913
15951.9282500692
15951.7659876339
15952.5904126723
15951.6808575962
15952.5547706547
15951.0589638258
15952.8651782945
15951.5471479283
15951.6808575952
15951.0820223439
15951.6808575953
15952.667810431
15951.6181512781
15951.8764190755
15951.6808576033
15952.467012553
15951.4788844304
15952.4693703233
15952.4487319492
15952.8344054393
15952.4802962429
15951.7892655868
15951.6808576018
15952.6921811907
15951.6004525016
15951.6808575973
15951.6808575946
15952.3671441358
15951.6808575978
15952.4190222705
15952.635094825
15951.5178838661
15952.470874065
15952.6434538025
15951.6808576053
15952.8210246569
15951.2154462543
15952.6676518921
15951.4993038929
15951.4041993132
15951.7152271109
15953.0877734928
15951.6657086772
15952.5893004261
15951.5765211756
15952.4754546859
15952.6742053091
15952.4548492012
15951.266760341
15953.0440416023
15953.2625184079
15951.3954896473
15951.3224113279
15951.6808575993
15952.3317059096
15952.6048663423
15951.7811170304
15951.1656297978
15951.6808575979
15952.6416502429
15953.0487823689
15951.2968844071
15952.6687549377
15951.6808575937
15951.6211206986
15951.6805428798
15952.5138174773
15952.5525795066
15951.2865606408
15952.0180604615
15952.4861960181
15951.7887960733
15951.5960433867
15952.5956878554
15952.6404724589
15951.6808575987
15952.7264403954
15951.4852651741
15951.7923525317
15952.7113608839
15952.4274700692
15952.5782220478
15951.6808575924
15952.9457661681
15951.6808576015
15952.9304058499
15951.7860617862
15951.3721480466
15953.0980403493
15951.2296015308
15951.8821810694
15952.6894587364
15951.5643329093
15952.7344653978
15952.5417863455
15951.1949949988
15951.6808575902
15952.8719910481
15951.3621550647
15951.6808575925
15951.1959123507
15951.6808576003
15952.670749371
15951.680857598
15953.0787459861
15951.9093807104
15951.7321076958
15951.4468906752
15951.5244085557
15951.4179097581
15951.7188041508
15953.1514649161
15951.7210862848
15951.6808575978
15952.8895989526
15951.1184478168
15951.361418932
15952.7811560843
15952.6729922978
15951.6982247267
15951.6808576009
15952.6189283776
15951.3896282168
15952.8050511612
15952.8995947149
15951.3609508002
15952.8273013528
15951.6808576031
15951.2665940283
15952.4916947248
15952.8293717216
15952.6919774119
15953.1754674657
15951.3650416202
15952.5030451643
15952.2434422036
15952.4564736512
15951.4115950297
15952.7529060764
15952.9405576403
15951.6808575982
15952.3157611926
15951.3791372809
15952.395994358
15951.2966363987
15952.381596921
15951.6808575951
15951.6808576007
15952.6585323325
15952.1674887011
15951.4436451067
15952.464191489
15952.2991061504
15951.7459322042
15952.6233192281
15952.2169327784
15952.199970185
15952.4375248001
15951.427317541
15952.3771365094
15951.6031608404
15952.4292711378
15951.5806667316
15953.0721403979
15951.4369938128
15952.8304223388
15951.9093593136
15951.7431080338
15951.680857602
15951.6808576014
15951.6808575929
15952.6457986946
15952.4375008352
15951.4892171436
15952.4346510218
15952.9465293637
15951.1875560853
15951.6808575929
15951.6808576316
15952.5449748494
15952.749071522
15952.9534906073
15951.729236423
15951.2337511432
15953.0957601382
15953.0797752806
15951.6254700757
15951.6808575932
15952.0281959649
15951.3897200186
15951.5886033187
15952.9233483842
15951.5733918793
15951.680857593
15953.1838362935
15951.6808576007
15951.6808575999
15951.3637248344
15951.2949134386
15952.6430440541
15952.8561939453
15953.0790441632
15951.6633884613
15953.071046869
15951.1178340263
15951.1868740615
15952.5340883947
15951.3722140047
15952.5562160913
15951.3411896224
15951.2760723904
15952.705213014
15951.5423523906
15952.8513075951
15952.9068924472
15951.2548569648
15951.425951983
15951.6910475357
15951.1847801577
15951.2825279728
15951.680857594
15952.7361679191
15952.6917063361
15951.5785643358
15952.4370815873
15951.810664043
15951.4674081318
15951.6808575933
15952.7692540989
15952.6080978056
15952.5910768171
15952.731069256
15951.7413668521
15951.6808575953
15951.3259675742
15952.5146881626
15952.7962275033
15952.2842040537
15952.7043337136
15951.6762172195
15951.7168498228
15952.8051289978
15951.6808575885
15951.2716577031
15951.6808576195
15951.3011329354
15951.6808574912
15951.653738307
15951.3022775606
15951.7709008714
15951.3894299362
15951.3169961856
15953.2397132749
15951.68085759
15951.1555001984
15952.8361898232
15952.9020261293
15951.6323793605
15951.8064235949
15952.7490360636
15953.0682815376
15952.6986279938
15951.6808575993
15951.6808575943
15952.6731444998
15951.6808575964
15951.6808576556
15952.554976722
15951.7238515599
15951.7941953034
15951.7605645693
15951.224864723
15953.5200060607
15952.710728146
15951.1910214291
15951.6808575916
15951.6808575943
15951.69438291
15951.5155064348
15951.680857594
15951.6808575951
15951.1124012964
15951.6808576
15953.0525461802
15951.7820797018
15951.6306012693
15951.6808575917
15952.8101418614
15952.8540429043
15951.7272547658
15952.5815075416
15951.1767676973
15951.6808575994
15951.1132567804
15951.6808576949
15951.6808575941
15951.6808575949
15951.6808575947
15952.9150523209
15951.3610484208
15951.4305161917
15952.1196617218
15953.0747571192
15951.5218038582
15952.8490847226
15951.3933963078
15953.1155155157
15951.3306444551
15951.3969326013
15951.146402325
15952.3993377604
15951.3675373327
15952.6968796857
15952.6947137912
15951.6808575953
15951.8992551138
15951.3137512978
15951.6808575963
15951.367639911
15952.7976511576
15951.9046302583
15952.8724242013
15951.6808575937
15951.192200559
15951.7764540807
15952.5087376257
15951.4059303428
15951.8789784568
15952.9463405142
15953.1432702699
15951.6808575918
15952.829783444
15951.260114369
15951.6808575996
15953.074240223
15951.7865566777
15951.3997999461
15952.6713141508
15951.1970632782
15952.7001325772
15951.8359700398
15953.2208832422
15951.6765175239
15951.6373728638
15951.6808575927
15951.5386489912
15951.6064713171
15951.7456095935
15951.5793413693
15951.9700100956
15951.552022255
15951.2767776987
15952.4691943004
15951.5007809316
15952.9019449401
15952.3688242067
15952.8640816837
15951.7435776853
15952.3044535427
15952.7985511176
15951.9031942206
15951.6808575931
15952.8217255327
15952.7502811795
15952.9683408627
15953.0373945921
15952.4944927209
15951.2339908334
15952.6222721236
15951.1558755182
15951.6808575966
15951.4215483886
15952.4154515576
15953.002970107
15952.7683444182
15951.6843469103
15952.744330371
15951.6808575992
15951.3329042605
15953.0101278883
15951.1983241123
15951.6808575974
15951.3887582708
15952.9682349505
15951.6808576
15951.680857593
15951.8421484217
15951.6808575935
15951.9046786005
15952.5943906343
15952.5944540382
15953.3149840726
15951.5338418137
15951.6808575984
15953.355399209
15951.2338088961
15951.2799416545
15951.6808575974
15951.6808576008
15951.5917696095
15951.3385987774
15952.4344848637
15952.704583855
15951.3424190886
15951.6808576422
15951.2711949171
15951.790785957
15952.9585771882
15951.6808575944
15952.9405577101
15951.5203143073
15953.55096412
15951.3456022607
15952.8411857896
15952.6818174786
15951.8509607438
15951.392536993
15952.6795161433
15953.0728039954
15952.8559579969
15953.1399938524
15951.2519262217
15952.5403837127
15952.7648473532
15951.8712944391
15951.6808575991
15951.7301166385
15951.6808575928
15951.408044549
15951.2489364133
15953.4677574562
15952.96181032
15952.689224426
15951.0972076927
15951.6808575927
15952.494187622
15953.1119681924
15951.46665166
15951.2616947192
15951.393678101
15951.2642033842
15951.2683939659
15953.0301647672
15951.6808575937
15952.9525966012
15951.585094796
15952.7053143771
15951.3267052407
15951.3725814257
15952.4843172033
15952.6659888806
15951.2813502518
15953.0246981017
15951.6293428053
15952.4485752186
15952.6811833009
15951.2932104204
15952.8596469301
15951.7131749527
15952.8221485539
15952.7779004813
15951.6808575976
15951.5736104276
15952.6745138612
15951.5780642238
15952.7344438766
15951.6808575944
15951.8179619094
15953.2831983407
15951.6808575917
15951.1065705869
15952.6028050939
15952.5969916671
15953.8073135682
15951.2401540609
15951.2386791066
15951.6808570401
15951.3090325722
15952.8262967599
15951.1864367117
15951.680857593
15952.9789269687
15951.6808575877
15952.7795585461
15951.7037342914
15951.0418306333
15951.4870266503
15953.2137888626
15953.0482159435
15951.2589875675
15952.6733859481
15951.6808574226
15951.6808575905
15951.4954763016
15951.3744588351
15953.0460621347
15952.5161636361
15951.9153419175
15951.7519882574
15952.7705080289
15951.7165813529
15951.9017242381
15951.6808575903
15952.8423279622
15951.6808575957
15951.6808575987
15952.7257295684
15951.2408181882
15951.6808576022
15951.6808575875
15952.0108580806
15952.73791598
15951.4318769873
15953.1362491154
15951.6808575971
15952.525041713
15953.1807409258
15951.3720569866
15951.6211210246
15951.6808575954
15951.6808575909
15951.6808575962
15953.0403340078
15952.8980396746
15951.6720871512
15952.7508785429
15952.8421996428
15951.4398586689
15951.5041713882
15952.6871711895
15953.0097670821
15951.6808575968
15951.9985759066
15951.6808575958
15951.2358898608
15953.240337646
15951.3643232419
15951.383620637
15952.7008264158
15952.917137187
15951.459679098
15951.8401087702
15951.9124423654
15951.6808575929
15951.4897382371
15951.6808575957
15951.3899058581
15952.626983848
15951.6763396309
15952.9644339187
15950.9869628007
15952.800109968
15953.1965593403
15952.5360979042
15952.7032332431
15951.7890363222
15953.0309560608
15952.5850502755
15951.1255637776
15951.6808575912
15951.6808575941
15953.1200767264
15951.6808575929
15952.9097203614
15952.5025954258
15952.6226258011
15953.0657161167
15952.7507665352
15951.6811697693
15952.5829631326
15951.2678625486
15951.8623114161
15951.6808575946
15952.076329208
15953.0661765345
15951.6808575934
15951.6808575972
15952.804305738
15951.3221736581
15953.4272024882
15951.4739972731
15952.9885466688
15951.1904581585
15952.8653387489
15951.1943331869
15953.2581144998
15951.6808576022
15951.6808575923
15951.680857601
15951.6253939561
15952.4468964869
15952.8024755201
15952.3771450706
15952.9259240397
15951.2893669693
15951.6808576049
15951.6808575939
15951.0787971951
15951.7234845007
15951.6808576017
15952.8241115874
15951.6808575909
15952.0254891462
15951.4445888052
15951.6808575984
15951.161226377
15951.6808575963
15953.1289629175
15953.1666027849
15953.0930632136
15952.2749854085
15952.2645950906
15951.6185552902
15952.7124578143
15951.6792875596
15952.8684572534
15951.680857595
15952.7715634762
15952.9570744036
15952.7896949427
15951.6808575946
15951.7876705729
15952.5673183104
15952.5114522418
15952.5334812264
15951.6808575061
15951.6808575965
15951.2804851009
15953.0989657106
15952.8443028581
15951.3178917042
15951.315607841
15952.6030550725
15952.8701956127
15951.2064638372
15952.9466899725
15951.6808575953
15952.5814979354
15951.4431190971
15951.6808575959
15951.3673517748
15951.2888941031
15951.6554301875
15952.8705299947
15951.4483984391
15951.6182037891
15952.9375661664
15952.6670508678
15951.2870649825
15952.5542475402
15951.3317452483
15951.6808575974
15951.6808575997
15952.8957229499
15951.2628825011
15951.9242160277
15951.6808575944
15952.397099891
15951.8456220962
15952.5850938529
15952.7759867129
15951.4754869913
15951.716855836
15951.5378084803
15952.2174969629
15951.1993387242
15953.219329592
15952.7247527342
15951.2440456406
15951.6808575913
15951.6808575931
15951.6808575968
15951.3346017733
15952.4780616586
15951.6808575919
15952.5579476626
15952.2318001563
15951.5131707341
15951.416745654
15952.559404363
15952.8861195745
15951.3213783113
15952.151937288
15951.2885365768
15952.8603790804
15951.6808575967
15951.680857592
15953.4513451878
15953.2541537758
15951.6808575936
15951.5063588199
15951.6808575964
15951.2390560103
15953.0929124387
15952.8706895961
15951.2706469813
15953.1771697953
15951.7040669064
15952.0181888092
15951.8100332453
15951.2935932112
15951.6808575744
15951.4608932671
15951.6808576013
15951.8657530761
15951.6808576004
15952.4240976609
15951.6778817457
15951.5902262974
15951.4150891911
15951.6808575909
15951.5874688179
15952.6669267787
15951.516575032
15951.2907517788
15951.6808575974
15953.22967736
15951.3651428115
15953.1781229452
15952.7764657032
15951.2783819987
15952.9595053781
15952.5591193638
15952.9330162976
15951.5753631268
15951.2210713182
15951.6798865666
15952.8221336615
15951.2810400453
