# type 2 occupying volumes
15943.3327291664
15942.1748601793
15941.8762656188
15942.0867245907
15942.9970738117
15941.9862485454
15941.9663566848
15942.9970738197
15942.997073815
15942.9970738177
15942.1583184023
15942.9970738139
15942.2585276201
15942.2359224298
15941.8843119686
15941.7058761679
15942.130423773
15941.6420406005
15942.9970738105
15942.9970738155
15943.0155374439
15942.2099764315
15943.0308882239
15941.9826701759
15942.9970738236
15943.0709027846
15943.1454314966
15942.9970738153
15941.8412529632
15941.7021740177
15943.2268699249
15941.6019420368
15943.3206596726
15942.0145938867
15942.9970738209
15941.8169213243
15943.3578728738
15942.2092881957
15941.640624972
15942.0044461434
15942.3407115129
15941.7201815395
15941.5072943613
15941.9019523658
15942.9970738108
15941.9769676058
15943.2765284401
15942.997073825
15942.0652561699
15942.9970737506
15942.9970738126
15942.0947220025
15941.5182797345
15941.717427351
15943.187068137
15941.9364179165
15942.2556584039
15943.1571208358
15942.0026641315
15943.3126936518
15942.4102980762
15942.0331593524
15942.0932911126
15942.0902050802
15942.9970738185
15942.1164360382
15943.1194113342
15942.2131075146
15941.6905894194
15943.1434535826
15942.1495774356
15942.9970738147
15942.997073817
15941.8377483733
15942.9970738241
15942.9970738148
15943.2717704817
15942.2779012769
15941.5514877806
15941.4870312097
15942.0241613454
15942.9970738173
15942.0294265898
15941.2463384474
15942.0903436218
15942.4319201922
15941.9192246744
15941.9093921562
15942.9970738154
15943.0975246751
15942.9970738162
15941.6099498833
15941.5194389985
15943.3443550068
15942.0444196588
15942.9970738202
15941.7709495057
15941.9380432503
15943.2567134714
15943.1308380003
15941.8716026657
15942.0321874576
15943.2534283627
15941.8864027939
15943.2275627661
15942.9970738112
15942.9970738146
15942.9970739787
15941.6854462868
15942.9970738177
15942.0998294849
15942.9970738192
15942.2565842165
15942.1594152796
15943.1837837515
15942.2711827198
15942.9970738123
15942.0212631197
15941.4246447336
15941.8805708799
15942.9970738153
15942.1675413014
15941.7342400742
15942.9970738159
15941.9774911707
15941.3739496673
15941.8920151856
15941.8549659298
15941.3472552472
15942.9970738151
15941.4135204186
15942.9970738101
15943.1146793305
15941.6066851353
15942.0899386917
15943.2547470401
15941.6094855249
15943.2872613058
15941.9579397679
15941.9371292661
15942.997073821
15942.1683652277
15943.1556552226
15942.0989064124
15941.9532969233
15941.9384687024
15942.9970738155
15943.4711150427
15941.7438422578
15942.9970738176
15942.9970738105
15941.6342077806
15941.9943021167
15942.0159590159
15942.0900515987
15943.2918181112
15942.9970738362
15942.9970738191
15942.2771090674
15941.9639862479
15942.2498546285
15941.7474848278
15943.3558196397
15942.9920555839
15941.8045757956
15943.2654783866
15942.2114053181
15941.8430703437
15942.385482396
15942.3638667351
15942.2338379953
15942.1289694657
15943.1396193213
15941.9939932779
15942.155160723
15943.1388626049
15943.2002811754
15943.1785390608
15941.9963765684
15942.1800603863
15942.9970738224
15943.2138490296
15941.8930525406
15942.1794756047
15943.4662701667
15943.390675353
15942.9970738238
15942.0516661726
15942.3427662906
15941.6229602475
15943.1062613404
15941.855430887
15943.0944259774
15942.9970738887
15942.1315571057
15942.116417931
15941.812911127
15942.9970738155
15941.8826904792
15943.2973332387
15941.9458795922
15941.6717840563
15942.1261694344
15942.9970738228
15941.958005918
15943.0180566535
15942.9199843174
15942.0243847409
15942.0716738198
15942.3143355709
15943.1804849342
15942.0462258873
15942.99707381
15942.9970738118
15942.2833636286
15943.1409967875
15943.2982804876
15942.1529170211
15941.7886522714
15942.9970738129
15941.6112066407
15942.9970738187
15941.9425093025
15942.997073813
15941.9420974914
15942.0919315893
15942.0393824981
15942.1394882473
15942.9748575452
15941.7896671557
15943.3650596864
15941.9904632357
15941.802532465
15941.5369893397
15942.99707382
15942.0972316485
15942.9970738182
15942.99229134
15942.0764769251
15942.9970739433
15941.590099569
15942.9970738181
15942.9970738174
15941.9938016739
15942.0554422841
15943.1965360509
15942.2096121894
15941.9835910336
15942.204269032
15942.3515606375
15941.9681289836
15942.2380179697
15942.0908831036
15943.0510658345
15942.997073819
15943.2610736367
15943.3324602387
15943.2935830959
15942.1748275765
15942.9970738174
15943.0518931498
15942.9970738175
15942.1121610004
15941.7803508483
15943.2790171896
15942.201305329
15942.9970738148
15943.1790146054
15942.9970738098
15942.997073809
15941.9925223033
15942.9970738188
15942.0159365095
15943.1774761554
15941.4568583353
15943.3637244789
15942.0586074829
15942.3788385864
15942.9970736503
15942.0573031812
15942.1042708654
15941.7157441013
15943.500730827
15941.6855391797
15941.7939275076
15942.2209083264
15941.6661769632
15941.6210840472
15942.9970738177
15941.974319724
15941.7579082266
15943.3773552521
15941.8720119167
15941.8518936207
15942.9970738108
15941.9755046518
15942.9970738139
15942.9970738167
15941.5712288241
15941.8163450276
15943.4898480468
15942.1481112441
15941.6721113623
15943.5154983323
15942.0370150311
15941.6708245091
15942.0780859268
15941.9313418272
15941.9561480295
15942.9970738195
15943.3290265644
15942.0187880857
15942.9970738211
15943.2229429677
15943.2462094826
15942.3411378423
15942.0971887885
15942.4932230744
15943.3008250816
15942.012669203
15943.2227781182
15943.1486924818
15942.2331681627
15942.9970738111
15942.155585917
15941.8883455758
15941.9277170288
15942.9970738168
15942.9970738122
15943.1119587395
15942.9816792004
15942.9970738185
15942.9970738209
15943.0496204332
15941.6479068373
15941.7017558437
15943.0662333197
15942.9970738175
15941.7097217166
15941.9360263822
15943.2025045422
15942.2478989363
15941.636473926
15943.1255296676
15941.6502276165
15942.2175374069
15941.5468467828
15943.1306337615
15943.0102027747
15942.4265608718
15942.0027037419
15942.2385971648
15941.8974363221
15941.9903349685
15943.2857599366
15941.6293493801
15943.2966288459
15942.997073812
15942.0389264921
15942.0079704803
15942.9970738138
15941.9823083374
15941.9210077366
15943.322750512
15942.2217324636
15941.6870892968
15943.1767977319
15942.0433449864
15941.8714685621
15942.0903023525
15941.9197972665
15941.3911932705
15941.4280917633
15942.1162642057
15941.7436849691
15942.997073833
15942.0070966887
15942.9970739201
15941.438660074
15941.7424009805
15941.9429227367
15943.2034515137
15941.927621241
15943.3269895563
15942.1608735467
15943.3062535014
15942.0382757344
15943.3347416589
15942.350694944
15942.1907605916
15942.9970738122
15942.1218859933
15942.1869492921
15942.9970738138
15942.2458099645
15941.6297950433
15943.4607849019
15942.0241191348
15942.3146451568
15942.9970738133
15941.8572930853
15943.3322288741
15942.0261938595
15941.7786315543
15942.3829713545
15941.7015637885
15941.9691901519
15942.0853205804
15943.1370921537
15942.1091754938
15941.724960952
15941.6928824349
15942.0956120975
15943.1406311824
15942.9970738126
15943.1567678427
15942.0841059032
15942.0306189023
15942.1848309599
15942.185944232
15942.997073814
15942.9970738218
15941.881135921
15942.997073818
15942.9970738177
15941.8765408516
15942.3155072552
15942.9970738139
15942.1183171292
15941.8482206612
15942.125845596
15943.1765272944
15942.9970738144
15942.9917726916
15943.4191343493
15941.8262048254
15941.7824375429
15943.220963597
15943.125691342
15942.9970738144
15943.3400841296
15941.8536603587
15941.9813002474
15941.7807901476
15941.3461263779
15943.0768924372
15943.0894016978
15942.2501403207
15942.0005023104
15941.513039989
15942.0522846466
15942.9970738171
15942.9970738123
15941.8242008084
15941.8338969687
15943.3560441533
15941.8361778754
15943.143617041
15942.0756800697
15941.4410566097
15942.1305743875
15941.960168971
15943.3515425588
15942.192163118
15942.9970738188
15941.9285635219
15941.9216157909
15943.295652628
15942.047712831
15942.9970738143
15943.4184801046
15942.1035047637
15942.9970738278
15943.0524905918
15942.9970738154
15941.9861617354
15942.9970738139
15943.3194196959
15941.6100264233
15941.8200569187
15941.9137131012
15943.3083050882
15941.4533574291
15942.9970738227
15941.5395470475
15943.2271578207
15941.9959947421
15942.9970738133
15941.7858691569
15943.128132408
15942.9970738139
15943.0581542688
15943.2061198839
15943.1127168165
15941.6682647936
15942.997073812
15942.0797183253
15941.9210314562
15943.3028749457
15942.0712321805
15942.1298547842
15942.9970738129
15942.9970738123
15942.997073812
15942.9970738155
15943.2189110731
15943.2102729339
15941.680839431
15942.997073818
15941.7360427325
15942.9970738156
15942.162632854
15942.9970738223
15942.2011292352
15942.997073814
15942.99707383
15943.1101406315
15942.0876894219
15942.2338122154
15942.0042350497
15942.0656166981
15943.2232540848
15941.3772001259
15941.4410480273
15941.7068138729
15941.8283388647
15942.9970738164
15941.5645193187
15942.189022376
15941.6649215339
15941.4372919836
15941.7267681305
15942.1848424171
15941.9675015457
15941.3937697398
15941.975117909
15941.416710508
15941.7094248647
15941.9448660353
15942.9970738147
15941.9499061151
15941.9934698184
15942.9970738975
15943.2286543286
15941.8543767134
15942.1440929539
15942.209264076
15941.7922125661
15942.9970738141
15942.0266814877
15942.2772065147
15942.9970738148
15942.9970738193
15943.1603309597
15943.1524658654
15942.367550054
15942.9970738085
15942.0721141772
15942.219988137
15942.2539813655
15941.9564969244
15942.1223776116
15943.2527796297
15941.8443206639
15941.7215612644
15942.3584359002
15942.997073809
15941.9208617887
15942.0920861227
15942.1728878896
15941.8911060757
15943.082578987
15942.2957336994
15942.1378499273
15943.2055333551
15942.1836661709
15942.2668227395
15943.232942051
15941.9631107148
15942.1964378526
15943.2165357172
15942.9970738198
15942.0307089805
15941.8376923317
15941.683844797
15943.2499569445
15942.0760419868
15942.0596127956
15943.1924431813
15943.3015649127
15942.9970738165
15941.7985050838
15942.0874603171
15943.2281413385
15943.2549611865
15941.8477631784
15943.1632828807
15942.9970738179
15942.3808726992
15943.0958594623
15942.086607572
15941.9441978727
15942.006753236
15942.102383704
15942.9970738055
15941.8276928745
15941.7823456066
15942.9970738063
15942.9970738138
15943.3096134964
15941.9164113264
15943.2232507225
15941.9880763073
15941.8022639703
15942.9970738144
15941.8190698764
15942.0656749411
15941.5775607042
15941.7598817352
15941.9967035834
15941.656860252
15941.8222862787
15942.997073817
15943.2533168062
15942.1950892319
15943.3817304611
15941.8294460966
15941.9833134152
15943.3444018501
15941.5612414438
15941.7708326846
15941.6808609345
15943.4409829634
15941.9622914313
15942.9970738168
15941.4596490364
15942.0620623389
15942.2888385842
15943.4451602524
15941.6450385923
15941.934988604
15942.9970738111
15941.8550630369
15941.9569656676
15942.9970738126
15941.705743736
15942.0085108261
15941.3793758997
15941.6556341777
15942.114874699
15943.1485540781
15942.3691213623
15941.4231219096
15941.8538116625
15942.9970738212
15942.1543711615
15942.0080740017
15942.9970738122
15942.9970738127
15942.0839068774
15943.3463651435
15942.9970738187
15942.9970738123
15943.3339347269
15942.1725172579
15941.9119644128
15942.9970738726
15941.7465302912
15942.0874755749
15941.5225190628
15942.9970738134
15941.9463565845
15942.250192588
15942.1156160288
15943.2778021973
15942.1454994058
15942.3057106174
15943.2063019733
15943.2305875686
15942.1234073743
15942.0099021735
15941.9891154871
15942.1668969957
15942.0629865394
15943.2516120089
15942.2234917745
15941.9532833686
15942.3274633766
15942.9970738178
15942.9970738123
15942.3794863671
15943.1516683672
15943.292406922
15941.7028724566
15943.2339327602
15941.4396385531
15941.8956516363
15942.9970738159
15942.9970738168
15941.8735820191
15941.6757219797
15942.2156486629
15942.9970739002
15943.1834974858
15941.6540679898
15942.9970738179
15941.8721464051
15942.1502600003
15941.8063399669
15942.9970738091
15943.2864212285
15941.6433445792
15941.2904763558
15941.9137680545
15942.1360093257
15942.9970738162
15943.1193885264
15942.9970738159
15942.9970738091
15942.997073814
15942.07806497
15942.0285169502
15941.6756631007
15943.1090740043
15942.9970738193
15941.6506617208
15941.4262947426
15941.9408952948
15942.0165321115
15942.9970738142
15941.839640673
15943.1823274283
15942.0550240258
15942.1241211648
15942.9970738121
15941.6750376165
15943.3186418291
15941.8475375018
15941.0027736107
15941.7795913022
15942.997073821
15941.7187266002
15941.8906125315
15941.6359838834
15943.258515778
15942.4555072422
15942.9970738171
15943.386783389
15942.0026390648
15942.2372588119
15942.1120801089
15942.0442160289
15941.7016583971
15943.3124873349
15943.4188575063
15942.2489311259
15942.9970738103
15942.087580351
15942.0551959665
15942.1161864276
15943.202545168
15942.9970738118
15942.1009567363
15942.0363958069
15943.2500178511
15941.7905062154
15943.2531371058
15943.3399164626
15941.9561314944
15942.9970738132
15942.317969801
15943.1905214324
15943.0721312417
15943.1411294931
15942.398306785
15943.2795498072
15942.0434400637
15942.9970738119
15943.1116537712
15942.3178607211
15942.1361240039
15943.2011566257
15943.204945667
15941.8732328752
15943.0139133163
15942.3252098284
15943.214747621
15941.9621646577
15943.2523714922
15942.2442179731
15942.1466262455
15943.3352714525
15943.2912209081
15941.9259381114
15943.1509249692
15943.2358182284
15942.2450519296
15942.9970738262
15941.8735361216
15942.9970738185
15942.9970738206
15942.0218394653
15942.1160451341
15941.428626357
15941.9592291763
15941.767935829
15943.3853246147
15941.5574978775
15943.2854960885
15942.2199735371
15942.2618209858
15942.0698846519
15942.0878899858
15941.7634277752
15941.5732942515
15942.085239824
15941.4347867646
15942.9970738228
15941.9975000957
15941.7399324711
15941.8363628682
15941.9986303818
15942.9970738146
15943.02849174
15943.4012927252
15942.0179624603
15941.3927536423
15941.8224729149
15943.420747811
15941.6219604158
15942.0418181324
15942.1434344365
15941.8561303467
15942.0715850826
15941.4196392082
15941.8925567416
15942.997073816
15943.2160446509
15941.8294076438
15941.7072328116
15941.5041124435
15941.8051784687
15941.9541668796
15941.9190761031
15943.2849494853
15942.2924495998
15942.9970738246
15941.6642105813
15942.246248803
15942.9970738088
15941.8986732175
15942.9970738199
15942.14747897
15941.538888748
15942.9970738091
15941.726758617
15943.3858465444
15942.2694237657
15942.997073814
15941.7683866505
15942.143974813
15942.9970738231
15941.444200618
15941.4602013574
15943.2497589734
15943.2327029841
15942.242117573
15942.0978476047
15942.0975779207
15943.1740883926
15942.0976021625
15942.0131009862
15942.0138655105
15942.99707382
15942.9970738139
15942.3438135305
15941.9941859955
15942.9970738126
15942.9970738159
15941.9051282562
15942.1258507839
15943.195695196
15942.3078264177
15942.2429862266
15943.513392517
15941.7396180996
15941.5492980456
15941.3242445682
15941.8421229119
15942.3227873124
15941.3591054589
15941.3341234286
15943.2593995877
15943.2362054383
15942.9970738142
15941.662827142
15941.921630561
15941.6903830212
15942.9970738157
15943.2591660267
15943.1670948615
15942.99707381
15941.5329678604
15942.9970738162
15942.997073816
15942.9970738153
15941.6454732542
15943.1989624037
15943.1762789863
15941.8052154137
15942.9970738098
15941.3618667085
15942.1667500009
15942.1295690207
15942.2376275696
15943.6042374641
15942.1145165106
15941.7187324103
15941.7193446769
15942.9970738146
15942.9970738138
15942.1789607081
15941.8841616408
15941.4127318678
15941.670220467
15942.1592679021
15942.2100297795
15942.9970738133
15942.0145192916
15941.486222912
15943.1699309813
15943.3134918543
15942.1045296264
15942.9841400528
15941.4382276249
15941.602142701
15941.0564680955
15941.9441592184
15941.6823744476
15941.5010358644
15942.1136693878
15942.1701544254
15942.9970738212
15941.203638683
15942.0283323498
15941.7362290403
15942.1143329407
15942.9970738107
15942.1275019238
15943.1657014845
15941.6313521322
15942.9970738133
15941.4025005517
15942.9970738166
15941.7336179418
15943.2876347972
15942.9970738168
15941.8533037121
15943.427854886
15941.7277242658
15941.9749968022
15941.458713675
15942.2161644922
15941.9994121359
15942.9970738137
15942.1254564319
15941.6285695971
15942.9970738168
15943.2742599338
15941.9542741818
15942.0534589583
15943.2664816002
15943.3359136852
15942.1714606027
15942.9970738069
15943.1324404323
15942.0138199816
15943.1468047751
15942.9970738164
15942.0476053989
15942.9970738188
15941.2961898323
15942.9970738132
15943.104678201
15943.3663375517
15941.8668894307
15942.9970738149
15942.1022366432
15942.9970738151
15942.3504968875
15942.9970738121
15942.2141230438
15942.3620851966
15941.5426619123
15941.5386447428
15942.9970738149
15941.6621995822
15942.9970738118
15943.2718974991
15941.353191777
15942.2341556042
15943.230015425
15941.6112732095
15942.1849890079
15942.0160210764
15943.6095162402
15943.1098704432
15942.0815055531
15942.9970738184
15942.9970738151
15941.5774360602
15941.6610967812
15941.6632240612
15941.7248368595
15942.0227971268
15942.4558563752
15942.9970738128
15942.9970738141
15943.4097389766
15942.19553448
15942.1961051987
15943.1207628869
15942.2957992578
15941.4864865571
15941.6529216619
15941.9850694226
15943.1051727755
15942.1600410959
15942.3247403797
15942.0789434547
15942.9970738255
15941.9990353605
15942.109226166
15943.0766342142
15943.3422943032
15942.0533917949
15941.9839507508
15943.2512607095
15941.620132114
15941.9240929284
15943.0112057424
15942.0476977546
15941.9756814745
15941.5381254258
15942.9970738385
15942.9970738141
15941.6230388907
15941.9088888182
15941.4804548901
15942.0049517304
15942.9970738139
15941.9629876302
15942.9970737798
15942.0108712142
15943.3155321328
15941.7952702352
15942.997073816
15942.9970738196
15942.9970738131
15941.3634020879
15943.1556900173
15943.1701060188
15941.651076406
15941.7871875424
15941.9298091319
15943.0901766784
15942.9970738123
15942.3546326625
15942.197630241
15942.029393497
15943.1715261547
15941.8699897437
15942.2657875491
15943.2881249358
15943.3399768685
15942.9970737194
15941.8211799361
15941.5417700183
15942.9970738131
15943.1255839576
15942.9970738153
15943.2855992338
15941.4639953438
15941.7750698504
15943.1423621751
15941.7794365718
15941.5224078615
15941.7061378655
15941.6421318852
15943.3415507845
15941.2654225758
15941.4855947396
15943.2711796442
15942.99707374
15941.7268041748
15943.2680852139
15942.0540324
15942.9970740264
15943.3811043887
15941.5341066145
15941.7559364259
15942.2409518794
15942.0191632264
15942.9970738144
15941.8481594231
15941.6141813738
15942.997073818
15941.7251533648
15943.1344410321
15942.0994526793
15942.0366949824
15942.0138787122
15941.7560025795
15941.6469578557
15942.9970737982
15942.9970738186
15943.3864608133
15942.3410669942
15941.9786369388
15942.9970738157
15941.842755273
15942.2147839722
15941.6192896931
15941.9396507074
15942.9970738188
15942.0097668022
15943.1428100077
15941.9345644115
15941.8938721377
15942.1164471657
15941.639924203
15942.9970738132
15941.9639816765
15943.2272374104
15942.997073836
15942.3507375115
15942.0267051274
15942.9970738157
15941.7625139085
15942.9970738108
15942.0924525997
15942.0704992879
15942.9970737527
15942.16309616
15942.201646355
15942.9960810018
15943.2542247506
15942.1193438466
15942.0227443438
15943.2082707913
15941.4428697886
15941.9711273867
15943.1657984712
15941.9117338532
15942.9970738145
15941.8198073301
15943.1791956061
15941.9942859379
15942.9970738156
15943.1385217803
15942.2724936241
15942.1141472509
15941.8165932117
15943.2181281211
15941.8882427881
15943.3456744359
15941.7852323659
15942.2982399752
15943.5158268383
15942.2283165806
15941.7271046333
15942.1179539425
15942.9970738156
15942.9970738152
15943.4086848497
15942.1359018726
15941.888478656
15941.5023932464
15942.0372459504
15942.1170803985
15942.2667215456
15942.9970738171
15941.7405505317
15941.6314366142
15941.8448653516
15941.997380894
15942.1852800933
15941.3859955427
15941.5254093138
15943.136818096
15942.0919166933
15942.2604534488
15942.2722675486
15941.2973831352
15942.1727004658
15942.9970738209
15942.9970738148
15942.9970738135
15941.7157460666
15942.1298303198
15942.9970738169
15942.0933573309
15942.9970738194
15942.0492177028
15942.9970738189
15941.3775762521
15941.438352113
15941.8845288764
15941.3569030163
15943.5470644735
15943.3247570652
15942.2896683802
15942.9970738181
15941.6531148051
15943.142472036
15942.1795538253
15942.1285159018
15942.0711726284
15941.4011637792
15941.7452516575
15942.9970738138
15942.3187179296
15942.2636051486
15942.9970738189
15942.9970738123
15941.4107473304
15943.1601817818
15941.6354074223
15943.2805357113
15941.8963027127
15941.3414501214
15941.9395075317
15942.9970738148
15942.3494524099
15943.3308124867
15942.9970738157
15942.9970738148
15942.1047688929
15942.0640390368
15941.7255874275
15940.8907396601
15942.0954256258
15941.8103957113
15942.9970738229
15941.2878425329
15941.5013825794
15942.1026717122
15942.1307134684
15942.1665742062
15941.7273300463
15941.2280827226
15943.2413956791
15943.3586406315
15943.2107560177
15943.2339817934
15942.2731804342
15943.2143941874
15942.0421231488
15943.2513676994
15941.9741166289
15943.4024161034
15941.910476099
15943.4003798325
15942.063791647
15941.9954109791
15942.9970738151
15941.676852838
15941.9393432775
15941.988086332
15941.8064045796
15941.8307276158
15943.2967402605
15942.997073862
15942.9970738115
15941.7270019057
15941.7506110154
15941.7511669155
15941.7487163501
15942.9970738191
15942.9970738128
15942.9970738307
15941.5494200931
15942.037392257
15942.9970738233
15941.4906476268
15942.0870052289
15942.9970738209
15941.8030371495
15942.2165128953
15942.9970738091
15943.1565942404
15941.9780391713
15941.999808968
15941.6372823125
15941.7258955641
15942.2020098524
15942.9970738187
15943.1132929663
15942.1228344946
15942.1481777947
15942.9970738165
15942.1871256312
15942.9970738157
15941.9739674907
15942.0595464608
15941.8329619926
15941.467626664
15942.0097900164
15942.9661964904
15941.9828271981
15941.7849595669
15941.590693121
15942.9680253459
15943.4328611151
15942.1242885121
15942.2024293606
15942.997073822
15941.8706508664
15942.997073817
15942.997073808
15942.0657405873
15941.9931051879
15942.2457312126
15941.9309945662
15941.7639150563
15942.9970738171
15942.0561669756
15942.9970738435
15941.6294529461
15942.2267311446
15942.9970738063
15941.8241831305
15942.9970738171
15941.5984352592
15941.6965049251
15941.4054875394
15942.9970738167
15942.1786012813
15941.5210088734
15941.4258207172
15942.0268605217
15942.1082760506
15942.2034900772
15942.9970738169
15943.2305143045
15942.1773085649
15942.1473534401
15942.9970738208
15942.2104870765
15942.9970738175
15942.2348979146
15941.6350024431
15941.788615624
15941.5533766037
15942.3924531717
15943.270614724
15942.9970738136
15942.0460370793
15942.9970737907
15943.1682406209
15942.9970738189
15943.2519135254
15941.8001086838
15942.415857519
15943.3734281543
15942.9970738868
15942.9970738185
15941.6464432315
15941.5278123018
15942.1337842158
15942.9970738226
15941.57592502
