# type 3 occupying volumes
15964.6844432916
15966.6878487353
15964.6680679659
15965.1437440586
15964.6506804945
15964.8441341987
15965.7862411033
15966.2799360846
15965.8319583523
15964.7254226126
15966.0576816752
15965.8943949149
15964.8593202074
15966.1158763679
15965.8385703486
15966.2911457278
15965.1437440665
15966.2551250368
15965.1437440505
15964.9314177138
15966.2252513208
15965.4421313032
15965.9466089894
15964.6660839318
15965.595456186
15966.0091607276
15966.0595826541
15966.2151242575
15965.143744063
15965.1437440562
15965.1437440668
15966.7745234122
15966.7622840828
15965.1084736589
15966.2886967796
15964.577590932
15964.9713740044
15965.9579441507
15966.2979259326
15965.4101713503
15964.9972605361
15964.9655160615
15964.6451510919
15966.4809814199
15966.912782583
15965.1437440573
15964.5446315152
15966.4629201681
15965.1437440541
15965.1437440597
15964.8454165065
15966.0202555456
15966.3259855003
15964.7126940687
15966.4414775132
15965.1437440501
15966.4343206512
15965.1437440177
15965.143744056
15965.9683418529
15965.1437440556
15966.2599763393
15966.3090804772
15964.7416887348
15964.9305484926
15964.6570104899
15965.1437440495
15965.143744144
15966.1686426384
15965.1437440567
15966.3492232662
15964.9192336012
15965.1437440576
15966.2440769228
15965.1437440676
15965.1437440586
15966.3234143665
15965.1437440561
15965.1437440601
15964.9694670778
15967.0074612033
15966.3428877394
15965.1437440588
15964.6029563508
15966.8552385241
15964.7362294247
15965.1437440565
15966.1457600521
15965.2293507471
15964.6026297714
15965.1437440583
15966.4695533995
15964.973246012
15966.3566376712
15965.7994376015
15965.1018023452
15965.1437440557
15966.0521695452
15965.1437440482
15965.3862665445
15966.125864025
15964.8778874097
15965.1437440652
15966.1825051373
15966.2636447244
15965.3177342237
15965.1501221131
15965.9006574536
15964.8516238322
15965.143744057
15965.143744066
15966.1362777295
15964.6169577198
15966.5426084431
15966.1674981701
15964.7624068755
15965.9874999794
15965.1108505463
15964.7636835614
15965.143744052
15964.8739137486
15965.1417060733
15965.9941412432
15966.0712500493
15965.8189489526
15964.9210552873
15965.1437440517
15966.2714817242
15964.8159747409
15966.2953975566
15965.9111245236
15966.548902009
15965.1437440502
15965.1437440542
15964.6071066538
15966.4015005839
15964.9460929921
15966.1762460887
15965.200634397
15965.8373551909
15966.3260267014
15965.1437440608
15965.1437440553
15966.5605166531
15966.4604996451
15966.0279354149
15966.3909245644
15965.1437440541
15964.8539519008
15965.143744055
15966.4765320768
15964.6109346324
15966.4457669041
15965.0883998153
15965.143744072
15966.4810398052
15964.6222714418
15965.143744059
15964.9283497674
15965.7719065896
15965.0076463895
15965.1437440565
15966.4787521127
15966.1322185945
15964.5410259714
15964.9541346705
15965.1437440587
15965.9734032591
15965.1488459737
15964.6287764207
15965.1437440578
15965.0909991192
15966.8192792638
15964.785646142
15966.316498795
15965.3311044767
15966.406116618
15965.9271040565
15965.9701251517
15964.8729510762
15966.058963096
15964.7254594899
15966.0293858669
15964.9400280553
15964.5860418625
15965.8747080112
15966.2792384384
15966.0918378159
15966.37816883
15966.2527580226
15966.0323805678
15965.3047136322
15965.0139426227
15964.9035525064
15965.1437440632
15964.9232160975
15965.1437440587
15964.6721070757
15965.1437440574
15966.7052199464
15965.1506915029
15966.2234998419
15965.143744055
15966.7704679048
15966.4228948692
15965.916409476
15964.8958805933
15965.143744062
15965.8116309739
15966.3786182333
15965.1437440605
15965.1437440521
15966.0156472872
15964.6170684774
15965.9243617741
15964.6869035274
15966.4124073122
15965.143744112
15964.6655778792
15966.4400752274
15966.2632440475
15965.1437440565
15964.7205082375
15964.7049381353
15966.4326598902
15964.7278510863
15965.135309576
15966.2850452814
15966.03242463
15964.9817123272
15966.4572058233
15966.3441275942
15964.6541066559
15965.1437441141
15964.595044126
15966.1435660962
15965.7701496798
15966.0423515752
15964.7910878903
15965.2235980741
15965.1437440475
15966.3810996447
15965.1437440488
15966.17847365
15965.4352869092
15964.7214422613
15965.1437440624
15964.8535826082
15966.8638333738
15965.1426736903
15965.1437440468
15965.1437440526
15966.3175766127
15964.6010067467
15965.3321914106
15965.2008103902
15965.0725144497
15965.8915447732
15966.2502384313
15966.2976437626
15966.423120708
15965.1437440608
15964.7298310135
15965.0831362071
15966.3552513351
15964.9775385707
15964.5750614619
15966.125875691
15966.311675023
15964.694578607
15966.2811153423
15964.6541578491
15966.4220601235
15965.1437441436
15966.3460214198
15965.0646714115
15964.9762627017
15966.2067790914
15966.1698979381
15965.1437440607
15964.9502743757
15966.5261632776
15964.872484362
15966.221612282
15965.1437440515
15965.1437440524
15964.8370164346
15964.744311774
15964.6736501621
15966.2182490284
15964.6057041563
15966.5076793282
15965.9199083085
15966.0312510659
15966.1755333977
15964.8708592921
15966.2648038602
15964.7483928782
15966.3767184485
15964.5652165687
15965.1437440591
15964.8474550556
15965.143744055
15966.45639419
15965.1437440559
15964.6117813674
15965.1437440643
15964.9851394025
15965.9795924928
15966.2228439936
15966.9746043909
15964.9794160244
15966.3138239174
15966.1371885449
15966.1543661752
15964.9008998908
15965.1437440529
15965.1437440711
15965.7767901201
15965.0205893589
15966.5730952022
15964.6294875165
15964.8150168788
15966.1162470379
15965.8497686159
15966.3527366915
15965.8525158236
15965.9593092513
15964.9461701912
15965.9243445693
15965.169526476
15964.7898272208
15965.5863149653
15965.6465719968
15965.1732718339
15964.8368628304
15966.2473907752
15964.5884644975
15964.8802474575
15964.6939743915
15966.6108255959
15964.7486129262
15966.1958504252
15966.6586314997
15964.6474613766
15966.0930143414
15965.2130348231
15965.1172305955
15966.0235676092
15964.739744043
15965.1437440559
15965.2652083181
15966.2380604562
15965.1437440489
15965.1437440591
15966.0015271293
15965.8109279994
15965.8582278217
15964.7719539033
15966.3499889248
15966.148614151
15965.0156520114
15964.7820739334
15965.1437440642
15964.7163587656
15965.0414092453
15965.453744513
15964.9912415665
15964.8213531552
15965.9134958727
15965.1437440508
15965.1437440591
15965.1437437972
15965.9565598295
15966.5491280447
15965.0376514693
15965.0293442664
15966.1067661593
15966.192454318
15965.8706449991
15966.1341135189
15964.7204967624
15964.6956453995
15964.972232592
15965.887685766
15965.7701923958
15964.9536693241
15965.9053088995
15964.9512456859
15966.049399424
15966.3245063891
15964.8572892756
15966.4288812185
15965.9869761227
15964.8130989942
15965.8985322387
15964.8356894211
15965.762637399
15966.2139599834
15965.3398997737
15965.1437440592
15965.2629906867
15966.467833193
15965.5555109244
15964.9897364654
15965.1756591414
15966.928932122
15965.1026501922
15965.1437440499
15965.3513782413
15964.8624595201
15964.761391938
15965.0530532997
15966.4398847523
15965.8115781889
15964.8366402767
15966.4124363674
15965.2377091928
15966.6345614092
15964.6668613427
15966.8769319723
15965.015076377
15964.9522300204
15965.8589790704
15965.7341257814
15965.1156430618
15966.2208748876
15966.3594640576
15965.8486474487
15965.1437440557
15965.1437440606
15966.3597058936
15964.8586142344
15966.1519753652
15965.1412659838
15965.143744061
15965.1437440507
15966.4511690428
15965.0208237651
15964.8439635882
15966.4224851863
15965.1437437912
15964.511358176
15965.3221388233
15965.1437440575
15966.2302833372
15965.2139818746
15966.5438928943
15965.067244355
15965.143744057
15966.3509029079
15965.1437440579
15966.2786023219
15965.1437440664
15964.5805968774
15964.7964829413
15966.2099384589
15964.5708829072
15966.4872318578
15965.1437440544
15965.1437440591
15966.2902084913
15965.1183568385
15965.9554222648
15966.1053416377
15965.0993358011
15966.1022624479
15965.1437440551
15965.1437440589
15964.732515406
15964.6302173402
15965.1437440524
15966.8586496846
15965.1437440482
15965.1437440632
15964.7170373384
15964.8016401233
15965.1437440633
15965.0186588522
15964.6707555865
15965.1437440685
15965.1437441467
15964.8251746463
15965.7351668043
15965.143744052
15966.3922345849
15964.8437506237
15966.4952212389
15965.1437440598
15965.1437440521
15965.1437440681
15965.1437440545
15965.1437437839
15966.3969823452
15966.4209365195
15966.8028350119
15965.1437440465
15965.8198857602
15965.2321214903
15965.1437440616
15966.3745609051
15965.2546785431
15965.1437440552
15966.6406653886
15964.8811265552
15964.5579567232
15966.3439054605
15966.5949585545
15964.7600504657
15965.1437440638
15965.1437440553
15966.5482309605
15965.1437440513
15965.1437440539
15966.1689903977
15965.1437440551
15966.3172543485
15964.806579485
15964.629958727
15965.1437440563
15964.9309918052
15965.0597875238
15966.155833582
15964.5681990526
15966.2054450889
15965.0510936395
15964.7915164165
15966.1423731398
15966.2604366867
15964.8559163935
15966.2002775255
15966.4498356229
15965.1437440609
15966.1689876143
15965.1437440618
15966.2307223694
15966.2774338039
15966.0650214959
15965.1437440589
15966.6499582334
15965.1437440633
15964.7252167237
15965.0076533843
15966.0026322077
15965.613658744
15966.136687947
15965.1437440555
15966.3334595706
15966.186465669
15965.1437436815
15964.9886801835
15965.755524526
15964.8949539158
15965.9429240981
15964.6837118074
15964.8737537871
15964.7734254414
15965.7500502268
15965.9519549809
15964.9519387367
15966.1349636528
15964.8863156306
15965.8995149415
15964.9256220225
15964.6282062093
15964.8144167811
15964.8660186951
15965.1437440499
15965.1437440348
15964.9447721439
15965.1437440487
15965.1437440603
15964.8156462676
15965.1437440536
15964.6985316579
15965.8130912499
15965.6802810584
15965.5801989936
15965.894817915
15965.7992628113
15964.6786509661
15966.4692064497
15965.1437440518
15965.9842257401
15965.9530043278
15965.665154791
15965.8470934173
15966.1310276495
15965.1437440537
15966.2775985728
15966.2621398124
15964.7677650845
15966.1666371222
15965.9063003944
15965.8398324978
15965.1401358157
15964.7319519782
15965.7297903022
15965.8450871376
15965.0107073285
15965.8364167801
15965.0529746751
15966.2000400954
15964.6256965393
15964.9866128677
15965.1437440572
15965.5568637873
15965.1437440633
15965.2526453587
15965.9004939757
15965.3538049405
15965.1437440579
15964.7773200726
15965.1437440795
15965.5946781499
15966.3850494215
15965.1437440295
15965.1437440555
15965.1437440611
15966.445378877
15966.1575893131
15965.146339264
15964.7739478667
15964.8715938726
15965.1437440574
15965.1437440634
15965.1437440515
15965.1437440598
15964.5010186598
15966.4512229412
15965.1437440558
15964.7704173426
15965.3491830144
15965.9613555704
15965.1437440574
15964.8675452938
15966.1422176659
15966.2775984762
15966.5116261977
15966.1745943354
15965.0547762271
15965.2109314423
15965.1868540727
15966.0925347245
15966.4865017506
15966.0841835689
15965.1437440574
15966.3621946507
15964.7600951827
15964.6216230099
15965.2358546526
15966.36897996
15964.752881558
15966.3192526603
15964.753474534
15966.7216187502
15965.1437440507
15965.1437440504
15965.0082137985
15966.1834599893
15965.3466979687
15966.5051727278
15965.1437440586
15964.8934174969
15966.1514020128
15966.4710785555
15965.1437440525
15964.8101665427
15965.0333986224
15965.1437440454
15966.1696988863
15964.7396078444
15965.1437440532
15966.5225398124
15964.6140077441
15966.3627847109
15964.6938947116
15965.1437440599
15965.9099712432
15965.9682521196
15966.744784076
15964.7061991306
15965.1341962808
15965.6645315361
15967.0903782748
15965.1576010112
15966.315914272
15965.1182288949
15966.2921153894
15964.851500928
15964.8739114881
15966.0552717601
15966.4111573944
15964.9027072453
15966.4261939858
15965.3416650802
15965.1954412111
15964.9098018249
15966.4354138839
15964.6900605322
15966.3136521811
15964.760961299
15965.1437440515
15966.4271805412
15965.2818703734
15964.648992441
15965.4654747138
15965.0717327858
15965.3792097182
15965.2863637531
15966.0810036595
15965.8418942765
15966.3838679746
15965.0217780969
15965.0876503272
15966.5498559158
15965.9632703311
15966.3735404923
15964.8966225272
15966.2316650193
15965.1439247123
15966.231397138
15966.043661334
15966.1768697067
15966.351787092
15965.1437439922
15964.7755046357
15965.3158072481
15965.1437440667
15964.7491602996
15966.2249967486
15966.6895076108
15965.1437440574
15965.1437440584
15964.6974297332
15966.0204140964
15966.0238718038
15966.0640444919
15965.1437440558
15966.7403721973
15964.727176983
15965.926236739
15965.1437440593
15964.712288346
15965.1437440576
15965.3947065872
15965.1437440537
15965.1437440586
15965.1437440614
15965.143118485
15965.9645481301
15965.147019573
15965.1123588636
15965.2637691704
15966.1380256503
15965.1627828759
15965.1437440602
15966.7999472915
15965.1437440619
15964.7183681178
15966.2443955262
15965.126599074
15966.0472980069
15966.0406865256
15965.1500669163
15965.0264910503
15965.1887300293
15966.0664555206
15964.9727346223
15964.9434894704
15964.7564965749
15965.6438472315
15966.0253027661
15966.5720465183
15965.2285038872
15966.2130326502
15964.6712544483
15964.8213107658
15965.8454845489
15966.306203373
15964.7870691447
15966.087758998
15966.0308747271
15966.0121582316
15964.6885292893
15965.1026010105
15964.9474943681
15964.8373209538
15964.8957353039
15965.1437440501
15965.1437440542
15965.1472624023
15966.0524651135
15965.3150700532
15966.6027082908
15964.9281896638
15964.628850489
15965.1167487467
15965.0093501312
15965.8705867341
15965.8817915734
15965.0305800748
15965.0807551781
15964.8850526834
15966.5820353409
15965.4023067308
15966.5618084229
15964.712001433
15964.7703898178
15966.8979703136
15965.0235972769
15965.1437440479
15965.143744063
15965.1399731522
15965.8121040712
15965.0516979608
15966.0152495514
15966.0854020148
15966.6278567811
15964.8522910804
15965.1437440562
15964.7125009859
15964.7533241263
15966.1811607476
15964.8213836216
15966.1522355499
15964.8618277893
15965.3529390035
15966.6835958225
15966.1865858907
15965.1437440552
15965.3050799972
15965.1437440504
15966.0234830052
15966.0469742962
15964.9911191555
15965.1437440571
15965.0425476357
15965.1437440586
15964.97659034
15965.2726588636
15964.7961490693
15966.2490826281
15966.1089099815
15965.1437440653
15965.2200534811
15965.143744053
15964.7721433079
15964.6554017487
15965.1437441088
15964.7637903293
15966.2054333289
15964.6284420478
15965.8664503318
15966.6027384073
15964.7079831752
15966.2120470023
15965.0236750765
15966.0772326861
15965.1437440551
15966.1378287868
15964.8140029029
15965.1723268344
15966.377698799
15965.2459081619
15965.0141623084
15965.6599590592
15965.0960170706
15965.1437440608
15965.1437440628
15966.558508777
15965.1437440529
15964.9047321543
15966.3344126348
15966.7386524308
15965.8603540412
15965.1143171946
15964.7046347274
15966.2893064023
15965.7066024539
15965.5054142438
15965.6322954586
15965.2480320704
15964.9519762761
15966.3393274909
15965.1437440629
15964.7362734359
15966.2899254412
15966.1105853447
15965.1437440529
15965.1416536446
15964.809509953
15966.4530574541
15964.6435370309
15964.4932760545
15965.1437441327
15966.2476803516
15965.143744059
15965.1437440509
15964.697010625
15965.1437440638
15965.1437440598
15964.877955596
15964.6747016136
15967.0264879595
15966.2586836317
15965.1437440688
15964.7280407829
15965.1437440516
15965.3158384548
15966.379776333
15964.6157902405
15965.6549970409
15965.1437440583
15965.1564959819
15965.3108913747
15965.8654033917
15965.1437440515
15966.4030083638
15965.1437440702
15965.1437440566
15964.7169305731
15964.7825727031
15965.9419839633
15964.6634112774
15965.1437440348
15966.7155074008
15965.466130976
15966.3783301344
15966.1996552712
15964.7823907183
15966.4040007106
15964.9501993193
15966.5113963413
15965.9614340517
15964.9622236034
15964.5757362495
15966.0908455443
15966.6358288572
15965.1437440941
15964.847499602
15964.8992819385
15965.143744048
15966.2344952007
15964.6252176237
15966.6828124804
15964.7655419685
15965.2651089601
15964.7780042004
15966.2761456819
15966.211013432
15965.1437440554
15965.1437440664
15965.0996795842
15965.1270660169
15965.143744059
15966.1402813344
15964.7089471287
15966.4497453309
15964.6947611587
15965.143744063
15964.6079117758
15965.5076356946
15966.3279993221
15965.8989971009
15966.4452826817
15966.0121072246
15964.8924441341
15964.772854563
15966.1806710013
15964.9525675193
15965.6895484357
15966.2523529657
15966.2702464707
15965.8827749003
15964.7132711082
15965.0419874633
15966.13426904
15966.0037634765
15964.7795118787
15965.9849289259
15964.846330599
15964.7445402689
15964.8057312834
15965.19971894
15964.957738478
15964.6720772111
15964.8184544189
15964.8108679801
15964.4325663959
15965.633873541
15964.9395133811
15965.788206501
15966.0380563405
15965.5890644085
15965.7013557913
15964.693341148
15966.0102825334
15966.206930014
15965.0455300973
15964.7353293918
15965.6619067186
15966.0128138865
15966.2930608557
15964.9774678691
15965.8534213089
15966.0299552095
15965.143744054
15966.3548941794
15964.7482573792
15964.7545527078
15965.103457352
15965.158560011
15965.1437440562
15964.8526599399
15966.2011664808
15965.9282634703
15966.2200063094
15964.8826638319
15964.7010964717
15965.085077199
15965.1437440538
15964.9024732244
15965.1437440611
15966.5311732277
15964.6507319003
15965.1437440503
15965.1437440618
15965.1437440474
15966.4815763933
15966.2492545023
15964.7379784083
15966.3615540693
15966.4978628263
15965.1437440589
15964.7911029307
15966.6421046838
15966.8561434791
15964.5472287824
15965.1437439561
15966.268823488
15964.6245973326
15964.7409197715
15965.1437440604
15966.2722005132
15965.1437440618
15964.7348251221
15965.1437440487
15964.6314408017
15965.1437440565
15966.4223423181
15965.1437440561
15965.1437440561
15965.1437440207
15965.1437441083
15965.1437440523
15965.1437440151
15964.7518020561
15965.3206798072
15966.7905224246
15966.4344444037
15965.4025486717
15965.4357931095
15966.5217727003
15964.5828510426
15965.143744053
15965.2819020027
15966.3148983768
15964.7582604602
15966.3789255519
15964.7384459349
15964.5598350932
15966.1795835373
15966.2069058928
15965.274989176
15966.4548943552
15965.143744057
15965.1437440492
15965.2269622653
15965.1437440535
15964.7018556702
15966.7373723431
15964.6825575646
15964.7792048815
15965.2651308534
15965.1437440703
15965.1437440569
15965.1437440641
15966.1918986004
15965.1437440525
15964.8347915771
15965.4220100329
15966.6272578819
15965.1437440479
15964.7293503229
15966.6130251449
15966.7083108282
15966.2602326604
15964.6639846537
15964.6740164404
15966.3051211004
15965.1437440573
15964.6152454483
15964.765083499
15965.3879013628
15966.2975550585
15966.2720434453
15964.6130273511
15966.230133998
15965.3909335975
15964.7796686741
15966.323096098
15965.1437440534
15964.7918349919
15966.4331625835
15964.7079361861
15966.4097169159
15965.143744057
15964.8908642779
15964.7549318865
15964.7478508277
15966.7054552037
15964.7052121355
15964.7753354461
15965.1437440562
15964.9726698963
15965.1437440608
15965.4821423017
15966.2448875479
15966.0299658816
15965.1437440609
15965.1437440575
15966.6143205923
15965.1233797958
15965.3385163663
15964.6246011376
15965.9958825999
15965.1437440532
15964.7268023281
15964.9887527252
15965.2349228021
15964.9017582149
15964.9229002747
15965.052701849
15964.705975208
15966.0925085832
15965.877975138
15965.9816498172
15965.001459648
15966.0650622235
15966.4019617236
15965.2550051269
15965.1714730444
15966.2002027751
15965.0297700206
15965.6335172177
15965.6184397815
15965.0323600099
15965.6854891879
15966.5655909026
15964.7092051202
15964.9247852818
15965.0043910711
15965.2482067966
15965.0683662765
15966.0403242754
15964.9674280553
15966.0570194173
15965.1437440572
15966.0619639302
15965.9996294343
15964.7151666413
15966.1349943391
15966.4605534646
15964.6654088738
15966.1531133419
15965.7958599114
15965.2564270754
15966.0141248639
15966.144894151
15964.73784765
15964.8028715189
15966.3022422699
15965.0577540581
15964.7235207335
15966.2665994458
15965.1437440566
15964.9890706197
15966.724981391
15966.3102044812
15965.1437440522
15965.0458421169
15964.681971131
15965.5388039156
15965.1437440565
15965.1437440643
15965.1437440627
15965.1437440536
15965.1416898427
15964.6924360122
15965.1437440331
15964.5695667102
15966.6877944825
15964.645456369
15964.6848111974
15965.1437440471
15966.8400161903
15965.1437440542
15966.1949728477
15964.8312479554
15966.2716547833
15965.143744058
15966.7886536998
15965.1437440639
15965.1437440582
15966.4735175694
15965.1437440725
15966.5921824981
15965.1437440494
15965.1437440509
15965.143744058
15967.0110794526
15964.5462513514
15965.3873410231
15964.8631686092
15964.6551018128
15965.1437440609
15966.1956926105
15966.3417998645
15966.1908156103
15965.1437440528
15965.1437440629
15966.2590706199
15965.6632376563
15966.1671671447
15964.9292652385
15965.9161071888
15964.8596899181
15966.0003478574
15966.1087143119
15964.5572229311
15965.0738826205
15965.9971778099
15966.4437185657
15965.1437440494
15965.1437440601
15964.5931718444
15964.9389739202
15966.5952799519
15965.1437440623
15966.1942328856
15964.9131384328
15966.5970765345
15965.9948101653
15965.8613112944
15966.153557077
15965.3170872745
15964.8534363217
15964.6589472432
15966.3555958441
15964.8863306137
15965.1437440647
15966.7757540054
15965.1437440592
15965.1437440625
15965.1437440599
15966.3805731024
15965.1437440564
15964.6863792222
15966.4061200766
15965.3237728013
15964.874190711
15964.7055018087
15965.3672696654
15966.0695770588
15966.0920285385
15966.2990815946
15964.8187686061
15965.1437440633
15964.8922786244
15966.6325245485
15964.5910789008
15966.2092473214
15966.3175302984
15965.1437440596
15966.6445943381
15964.7991836888
15965.0517728934
15964.6434154612
15966.5931198813
15964.8413217058
15966.9223997535
15965.1437440542
15966.5779516209
15964.9103159264
15964.7043938591
15964.5022522529
15966.0104316866
15965.1437440594
15966.1784543137
15965.1161779308
15966.2529976318
15965.3317579223
15966.0659268365
15964.8532425397
15966.1457949905
15965.1626617936
15964.7367217734
15966.3241569975
15965.9145503628
15964.9360051399
15965.6905332135
15966.053318403
15965.0237509806
15965.1437440459
15964.7592243975
15965.2891689535
15965.1437468597
15965.0376231765
15965.9702022778
15964.8761090011
15965.1084674666
15966.0385931451
15965.1755357496
15965.203771345
15964.8577864049
15965.1437440542
15966.4370669203
15965.1437440621
15966.5402211838
15966.2204557598
15966.3431272177
15966.0765974085
15965.3842560138
15964.7482779144
15965.2513989282
15966.232602213
15966.0529825897
15964.6890097048
15964.8350722242
15966.0076297528
15965.1437440566
15964.6632900367
15966.0365392681
15964.6480495617
15965.2304880018
15965.1437442143
15965.1535458151
15965.1437440608
15965.8234555138
15965.1816433435
15965.1437440488
15966.3300368338
15965.1437440479
15965.3118173345
15965.1437440645
15965.4032898243
15964.6399275166
15965.1437440571
15965.1437440653
15964.6851634327
15966.3403894893
15966.0959396003
15965.9767701293
15966.2734768849
15966.0811761933
15966.0541165452
15964.763396291
15965.0680823966
15965.0697482851
15966.1278945887
15965.030582634
