# type 4 occupying volumes
15963.844661588
15964.2620038225
15963.6221688087
15964.116634745
15965.336110157
15964.1896942865
15965.3296876921
15965.3612733916
15965.2073715888
15964.3657334557
15965.1312676811
15965.2105647246
15965.5617425631
15964.2715989458
15964.0036760376
15965.6478071165
15965.4422441873
15965.327055371
15965.3055451837
15964.1961436148
15965.4175995189
15964.0686273673
15965.0959045931
15964.3657334598
15965.1753539963
15964.3657334579
15965.1879490721
15965.3961321657
15963.6511862773
15964.3133778831
15963.7912322312
15965.4616244262
15965.6682852147
15964.3657334508
15965.3643992603
15963.811880003
15964.3657334558
15964.3657334509
15964.2265646409
15964.1647923406
15964.365733461
15965.3058716069
15964.3434140635
15963.8784541172
15965.8780107124
15964.0615554354
15965.4934907856
15965.3071290546
15964.0356942449
15964.2690777498
15965.3380582915
15964.3657334122
15965.2146560112
15963.5854043358
15965.351197712
15964.0715467379
15965.3809398954
15964.1411338432
15964.0578695226
15965.292553998
15964.0267220349
15964.0619465849
15965.216004283
15963.8241198969
15965.3797527805
15964.3657334574
15965.4080890986
15964.2353129644
15965.1217938904
15964.3585847196
15964.3657334562
15963.8382285059
15964.1375332082
15965.3686942841
15963.6974266466
15963.7617277087
15963.6499379992
15963.9772609472
15963.9878463178
15963.8805610878
15965.3467049151
15965.2191388203
15964.0808676588
15964.0493040204
15965.3167302371
15963.9511714214
15964.3657334568
15964.1148858357
15964.3657334525
15964.3657334599
15965.2243590169
15965.7032337103
15963.8537872387
15965.6479418467
15963.794871241
15963.8371714701
15964.313583322
15965.2832547657
15965.3641766427
15963.9786267597
15965.2490574585
15964.3657336758
15965.307280887
15965.3969813034
15964.1307748712
15964.3657334536
15964.264624702
15964.3657334615
15965.0150765108
15965.5836803315
15963.7202704653
15965.3558521726
15965.3402089907
15965.4769931649
15965.5857909447
15964.3657334493
15965.3674362903
15964.3657334574
15963.8221348545
15963.9310774193
15965.0328900036
15964.1150507907
15964.3657334548
15965.1304886056
15965.4904993009
15964.0448301756
15963.7985536305
15964.0966564459
15963.6641192827
15965.2059193511
15963.7430503097
15965.2139130323
15964.1305474389
15963.7862473557
15964.0261401859
15964.9955151632
15964.3657334541
15965.3792099374
15964.3657334525
15964.3657334625
15965.0890887594
15963.921578056
15964.0421840869
15963.863802369
15965.4060236806
15965.3451620822
15965.5490483398
15965.6777145579
15964.3567608127
15963.7035096113
15965.229601406
15963.9067958282
15965.2345786736
15964.3657334557
15964.5246420301
15965.5330993633
15964.13378824
15963.9436463669
15964.3657334557
15964.3657334612
15964.6777073359
15963.8632560257
15965.4723307809
15963.9581646393
15963.8182829991
15964.3657334551
15964.1537332493
15963.930743841
15965.0872351244
15963.9591604527
15964.3657334603
15964.3657334613
15965.5028663306
15964.3657334499
15964.365733453
15965.4612345713
15965.6262317033
15965.2088644404
15964.5053781883
15964.2498569095
15965.3985474508
15964.1448927233
15965.1803823339
15964.3657334541
15964.4847854637
15965.4023111689
15965.3521970786
15964.5026618335
15965.4646534597
15965.4266186996
15964.3657334536
15964.3657334537
15964.3657334553
15965.2867539317
15965.1827498796
15964.3657334496
15964.0398042879
15964.2289060817
15964.3088716973
15965.3067921035
15965.3531755175
15965.1571353173
15964.174380498
15965.5230192101
15964.3657334548
15965.4216280146
15965.4918718172
15964.1083121513
15965.5874622306
15965.1616611275
15964.3326730974
15964.1339989431
15964.1854225042
15964.0494460708
15965.5992068855
15964.1075510988
15965.3131008713
15964.0848422416
15963.8920840059
15965.3257904778
15964.1521627998
15963.8107899787
15963.6697134338
15964.1769291591
15963.9049870339
15963.758619354
15964.3657334564
15965.2281626825
15965.4605231588
15963.8619235161
15965.1575138687
15965.3188723752
15963.6980384295
15963.8989442943
15965.4614479754
15964.3657334617
15965.2398950306
15964.3657334485
15964.2507366858
15963.9914914956
15964.4443032055
15965.3249281377
15965.3382934972
15964.3657334604
15964.3657334547
15965.4273467684
15965.4090581182
15965.296952434
15965.2701143646
15964.3657334519
15964.0797401502
15964.2328754489
15965.1934049107
15964.3657334535
15965.5238526437
15965.3970511654
15965.2876188224
15964.3657334557
15964.3657334619
15965.3505658453
15965.4784990163
15965.3542293071
15964.1139989167
15964.2247142583
15965.3883476588
15963.9089291486
15965.2688856762
15964.4877302557
15965.3775849736
15964.3657334602
15965.3647488059
15963.9933080341
15964.3657334545
15964.3240059813
15964.3657334581
15965.5928127063
15965.2751817971
15965.3756964182
15965.6648487056
15963.9711774983
15965.3017514556
15964.4661182086
15964.0294337586
15965.5105921826
15964.0330872709
15964.0514327839
15964.1006177057
15963.7157304926
15964.3657334545
15964.275854299
15964.3301658245
15963.5848306846
15965.5710877074
15965.229757322
15965.2373910877
15965.5755337961
15965.2638421674
15963.8625243568
15963.7922860754
15965.1989296592
15964.2731482189
15965.2326970032
15964.2011923941
15965.7315574658
15964.2498660101
15963.7862948483
15963.7103211116
15964.3657334399
15965.2939061702
15965.687516931
15963.7534236999
15964.3657334614
15965.2314053617
15965.4347210831
15965.1563106114
15964.3657334515
15964.1498694257
15965.6467976494
15964.3657334488
15964.5632291638
15965.4359585768
15963.7044967063
15964.365733462
15965.1330538727
15964.3657334481
15965.3645745591
15965.441945934
15965.4079602406
15965.5474919143
15965.5380772465
15964.050018435
15965.0553161457
15965.7717905792
15964.0352764642
15964.3657334509
15964.6334952505
15965.5006997102
15963.9654962952
15964.3657334574
15963.8342058988
15964.3657334502
15964.36573346
15965.2358600844
15965.3812615887
15965.4713909237
15964.0432109843
15963.7059002
15965.1307735974
15965.5634347985
15965.6266318667
15963.9922034571
15964.3657334499
15964.3067684926
15964.1034543096
15965.370038297
15964.5737901171
15965.3918339197
15964.3657334544
15964.3657334453
15964.1828507989
15964.050271264
15965.6517682755
15964.1600451192
15964.2303739143
15963.6593748551
15963.967340489
15965.2912334784
15965.4333946187
15964.2766688102
15965.5257843478
15964.3324345295
15964.1298133947
15964.3458288669
15963.9131772421
15965.2997102805
15965.4202885026
15964.2008193937
15965.4756021402
15965.3915453617
15965.3059458905
15963.9176508542
15964.0793578175
15964.3657334498
15964.2716898697
15964.1968561327
15965.5775834614
15965.6198907752
15964.1948725255
15965.2200726564
15964.3657334605
15965.3376069935
15964.3657334382
15963.8617556723
15965.4050088361
15965.1298425757
15965.5038942813
15965.4059202151
15964.365733464
15965.1892578862
15965.2612878041
15964.4764088998
15964.3657331753
15964.0246866879
15965.1675424019
15964.3657334564
15964.3657334562
15965.8774693776
15964.3657334591
15964.2956791972
15964.0760548314
15963.8964463903
15964.3657334531
15964.3657334574
15965.2889053745
15965.2240370354
15965.3192034886
15964.3657334456
15965.219996558
15965.252217458
15964.3657334616
15965.5302924189
15965.294606941
15964.4773736885
15965.487855022
15965.5325181551
15964.3657334295
15965.0764404551
15965.3081786618
15965.5559915338
15963.8315411926
15964.185583486
15965.5890416957
15963.9404981907
15963.720390839
15964.3273742011
15964.3657334599
15964.0665587431
15965.4957948862
15964.3756075248
15964.3657334567
15964.3657334577
15964.3657334579
15963.9855919471
15963.7873305931
15964.0206499294
15965.5636364898
15964.3657334558
15964.3657334588
15963.9816132833
15963.5552870167
15963.8523491528
15964.3657334589
15965.281103764
15964.0561016251
15963.7298168626
15963.9936718533
15963.8707439701
15963.9187853907
15964.3657334577
15965.6696235597
15963.9469936343
15963.7173978325
15964.3233453747
15965.173653757
15965.3502567713
15965.1312751693
15965.51342904
15963.8408893515
15963.8532452273
15964.3657334577
15963.5870982941
15963.865296844
15965.2895375897
15963.7320566306
15964.165489049
15964.3657334551
15963.8935979392
15963.7637317954
15963.8637043591
15963.7998342559
15964.1334264935
15963.4892968104
15963.6541989625
15964.5052452602
15963.5836743071
15964.0622452852
15964.3657334509
15964.3657334594
15964.4345653831
15965.5100832464
15963.8093444513
15964.0848147202
15963.716306715
15965.1690079231
15964.903021044
15965.2916484179
15963.9891252437
15965.2696680592
15965.2370685571
15964.0128051013
15964.1317637386
15965.5580458334
15965.1097436883
15965.2451243432
15964.3657334536
15963.645224056
15965.7459988175
15963.5629043739
15963.7359381498
15964.4122726697
15963.6990245012
15963.9179714025
15964.3657335629
15964.3643553485
15965.2359575368
15963.7936551348
15964.3024785691
15963.797355276
15964.3657334447
15964.1431584256
15964.3657334551
15963.7754128591
15964.3657334514
15965.1050525291
15965.2305542372
15964.3657334105
15963.7423964344
15963.698609238
15965.4115402918
15964.365733451
15963.9539612001
15964.0565562626
15964.330261619
15965.2925331271
15964.0890275684
15965.4730649802
15963.8137310967
15965.369140295
15964.0084830923
15965.6006868438
15963.7584878075
15965.104587971
15965.1224898781
15965.2287780034
15965.3598402877
15965.4128038045
15964.1595095263
15963.9267497578
15963.8806292488
15963.9696360692
15963.7877730509
15963.989393655
15964.3657334602
15964.0334560201
15964.3657334618
15965.4386128984
15964.3657334639
15964.9684763237
15965.5003096024
15964.365733451
15964.3657334452
15965.1039280207
15965.4525043102
15963.9489967956
15964.3657334571
15964.3014369922
15965.3492035238
15963.79961624
15963.6477188831
15963.7498821645
15964.2047497147
15964.1468752945
15964.3657334499
15965.2448001004
15964.3657334523
15965.3111345063
15964.3657334503
15964.2830051673
15964.9253008884
15964.3657334542
15965.2804938474
15965.3687553191
15964.3657334539
15964.2900832734
15964.3657334475
15963.8389700563
15964.1786302461
15965.2018346783
15964.3657334513
15965.1660441395
15965.1049433424
15964.0537123918
15964.365733457
15964.36573345
15964.3657334567
15963.7413407991
15964.3657334561
15964.3657334527
15965.0791296726
15964.3657334514
15964.365733452
15965.4576985338
15964.3657334562
15963.919032413
15965.3984827346
15964.2694724396
15964.3657334609
15964.3657334542
15965.0335067287
15965.5074096784
15965.2780551899
15964.2404316759
15964.0355229665
15965.3759686217
15965.6081856207
15965.2569064503
15965.1890760579
15965.3882497705
15964.1573435407
15965.3993899605
15965.530992271
15964.3657334607
15964.3657334523
15964.1043301167
15964.0306812117
15965.5865835061
15964.365733451
15963.9749617265
15965.6286110817
15965.6252315033
15964.1979904153
15964.2304244217
15963.7798550462
15965.2195365527
15965.6593470948
15964.590715692
15964.0780205627
15965.373302227
15965.1899376457
15964.1631397026
15964.3657334551
15964.3657334512
15964.1114123278
15964.3657334569
15964.3657334433
15965.1639329652
15964.0295423462
15965.4296050474
15964.2061789077
15965.3283798852
15964.3657334465
15964.3657332757
15963.9815568196
15965.3592638137
15965.3657392045
15964.3657334592
15964.1417916295
15964.1189094484
15965.2887614992
15965.4606127126
15965.3287396724
15965.3472872808
15965.2857628958
15965.5515688335
15965.3925817724
15964.3657334463
15965.2404568653
15964.3657334563
15964.3657334515
15964.108856166
15965.3685118889
15963.95572773
15965.2668727756
15965.2603894938
15964.365733453
15965.3635426209
15964.9226877533
15964.5922386399
15964.3657334585
15965.4046755692
15963.8320624176
15964.0837890419
15964.365733451
15964.1125351303
15965.7612230299
15965.2466576442
15965.6122577684
15964.396641185
15965.2733278388
15965.1418012351
15964.3657334509
15965.3407329105
15965.3643972632
15965.2785969823
15964.9255255844
15964.3657334558
15964.2485104808
15965.5160289064
15965.1808495805
15965.1943879962
15963.9173446517
15964.3258241664
15964.2664384837
15965.5135242561
15964.3657334455
15963.9193193975
15964.3657334571
15964.3657334504
15964.3657334614
15964.3657334434
15965.3481480687
15964.3657334505
15965.4183537771
15965.0051988783
15964.3657334608
15964.3075827341
15965.3938296842
15965.0933410456
15964.3153481954
15965.3578117102
15964.3657334536
15964.3657334572
15965.1934819413
15965.2350286412
15964.3657334561
15964.4319542539
15965.3549166605
15964.365733693
15964.3526150224
15964.3657334619
15965.3337773351
15964.96903726
15964.3657334468
15965.3067074596
15964.8007717642
15964.3657334484
15965.1294983375
15965.46054608
15964.3853329193
15963.5934257808
15965.439019191
15963.8795454864
15964.2321292353
15963.7884814459
15964.0049652993
15965.3563527402
15964.3016771564
15964.1095686024
15964.365733457
15963.9790697944
15965.1871121305
15964.3657334573
15965.4758122094
15965.2445382608
15965.4461266196
15964.3657334512
15963.6347602091
15963.9182353366
15965.3936632774
15964.1861735637
15965.2392579987
15965.2280725636
15964.1726895027
15964.2317127103
15964.1224017249
15963.7360665545
15964.3657334598
15964.3657334592
15964.0846993513
15965.3181406167
15963.94771765
15964.3657334539
15965.4082911894
15965.2429746805
15965.3737073957
15965.1594595005
15964.0474254909
15965.5615558641
15965.4521551182
15964.3657334545
15964.1582455041
15965.0742171095
15965.3334174466
15964.2652620239
15965.3175958392
15964.3657334523
15965.0997606331
15964.3350098947
15965.0453958729
15964.5196133161
15964.3657334563
15964.3657334578
15965.2617943257
15964.3657334512
15965.3403235994
15964.365733451
15964.3657334514
15964.3657334688
15964.3657334493
15965.2031386941
15965.325886849
15964.3657334907
15964.114416793
15965.3070730745
15964.365733459
15964.3657334543
15965.411956809
15963.780996004
15965.2105102887
15964.3657334562
15964.3657334497
15963.997744294
15964.8186877067
15964.5564847641
15965.3012642651
15965.3997007122
15964.4595771806
15965.1361874364
15965.5938839934
15963.8715391611
15963.8711450078
15964.4358724002
15964.1694111244
15965.4676909692
15963.6038688085
15965.2537484717
15965.6884451401
15965.431369893
15965.5302547634
15965.3942829203
15964.0921418237
15964.3657334501
15963.6382059665
15965.4342898029
15965.3861572123
15964.365733454
15964.1335794544
15965.5378539999
15964.0430724572
15964.0819141213
15964.0738916216
15964.2427563642
15964.3657334574
15963.9475188152
15965.3086323881
15964.052309374
15963.9671475615
15964.1886176426
15964.3657334567
15965.2221307506
15964.0250639806
15965.2948569091
15964.4291767517
15965.1143594621
15965.5230990282
15965.2081148339
15965.1107154944
15965.447022657
15964.3078852938
15964.3657334597
15965.5588825911
15964.0590323315
15964.2534508429
15965.5405217594
15965.1221265388
15965.3932576874
15964.365733449
15965.1186480936
15965.3041434243
15964.2960550616
15964.3355953113
15965.2451832394
15964.1331149396
15965.4816527334
15965.5485498244
15964.8999658114
15964.3657334592
15963.9927891511
15964.3657334496
15964.3657334579
15965.3195243077
15965.0778209393
15963.9280605025
15964.3657334515
15965.3893684828
15963.973020949
15964.0274990379
15963.8576241235
15965.0454932464
15963.8342591836
15964.3657334461
15964.1515468422
15964.3657334574
15963.6248475665
15963.9216577061
15965.5277772176
15965.264445475
15963.4896735822
15963.8365134304
15963.7599385891
15964.3657334561
15963.8291916038
15964.3657334567
15963.8269815197
15964.3657334502
15965.3468286386
15964.0890825963
15965.3593862842
15964.1816360119
15965.4605159624
15965.2023705629
15963.9713589521
15964.3657334526
15964.1146651274
15963.8227706842
15963.87516797
15964.3657334606
15965.4107473791
15963.8731949251
15963.9217505388
15963.9008803116
15965.008570163
15965.3830465047
15964.365733453
15963.7239519916
15964.2785754597
15965.2085911895
15964.3657334557
15964.3657334512
15965.5117332435
15965.680031444
15965.2786672439
15964.3657334469
15965.4258341397
15965.6040743176
15964.365733447
15963.7887567729
15964.247054535
15963.594409284
15963.9739779171
15964.4971716524
15965.4296240906
15964.2168573825
15965.4800621791
15964.3657334582
15965.2361438575
15964.3657334572
15965.3631729349
15964.3657334556
15965.5839042247
15963.8035800954
15964.0207399371
15964.0407231729
15964.3657334558
15963.8202145468
15964.5844840882
15964.9806686648
15965.28238471
15964.3294602951
15965.1879788827
15964.3657334475
15963.8539217096
15965.6318262446
15965.1856916555
15964.9093936964
15964.3287711261
15964.0809492503
15964.3657334511
15965.3855400976
15964.3657334552
15964.3657334622
15965.4203634074
15965.5419978904
15964.5415044987
15965.2780106391
15964.4686762002
15965.2101976685
15965.3853162081
15964.3657334549
15963.9859380571
15964.3657334603
15964.2159556443
15965.4647264946
15964.3657334589
15965.1323212064
15964.3657334544
15964.3657334654
15964.4007524461
15964.3657334551
15965.395401253
15965.3321463935
15964.3657334635
15964.3657336034
15964.0514026129
15964.2716382147
15965.4160879123
15964.0565639882
15965.1361137277
15965.1666280336
15965.4732405754
15964.3657334472
15965.2954419047
15965.2378966036
15964.3657334549
15964.3657334587
15965.3403139295
15965.1700250283
15964.3657334184
15965.2729347887
15965.2934094622
15964.0695097384
15965.2536276082
15963.9595039988
15964.1778298546
15964.3657334523
15964.9487936483
15964.3657334711
15965.5735403134
15964.3657334553
15965.1766326107
15964.3732200639
15963.7269198782
15963.8940981371
15963.9670419641
15964.1205697347
15964.3657334488
15965.7847452467
15964.3423688228
15964.2798332959
15964.3657334605
15964.0212016044
15963.9845524739
15963.676469877
15965.6684268836
15963.9302171451
15964.3657334568
15963.5933229223
15965.8741077439
15963.7624577218
15964.0727320629
15965.4729573962
15964.3560548638
15963.9437680418
15963.7042829138
15965.2625203099
15965.3289687198
15964.365733449
15963.9672144631
15963.4587025504
15963.540607469
15965.4469746486
15964.1296419373
15965.3441222033
15964.3657334559
15963.8735811211
15964.0867738982
15963.8474117553
15964.013806591
15964.3657334566
15963.6563914993
15965.4876413377
15964.3657334526
15964.2291696661
15963.9477280796
15964.0088638875
15965.284149625
15965.4966553777
15965.2445956211
15964.3657334595
15965.2135031478
15964.5365924783
15963.7809303144
15963.8001961357
15965.3966719977
15964.0511995284
15965.2227347115
15964.1206825504
15964.1830370445
15964.3657334562
15964.2990253118
15963.8413162969
15963.7681866566
15963.7709952625
15965.2162726509
15964.0995593914
15964.1887344239
15963.9157215916
15963.8882944285
15965.2551653074
15964.2681442071
15963.7742383699
15964.2384164402
15965.3070435459
15964.3117021575
15963.7885683523
15964.316944962
15964.3657334553
15965.2693178569
15964.1618134607
15963.6665228199
15964.3657334492
15965.2079838326
15963.5915594541
15965.3669732665
15964.0474446438
15964.3657334521
15965.3436545546
15964.3657334362
15965.291737338
15964.1519706658
15963.7646263209
15965.1511200131
15964.3699391852
15963.6249348544
15965.3632903434
15965.1615456729
15965.4759728728
15965.2439881844
15963.8691451108
15963.7573116585
15963.9652131323
15965.7255680191
15963.9705689303
15963.5506298207
15965.3960341503
15964.2399375081
15964.1565713979
15964.3657334551
15964.3657334588
15964.3657334482
15965.3953257758
15965.1524073556
15965.3907495195
15965.254418004
15964.2690733611
15964.3802067086
15965.6588787397
15964.2477913405
15964.2196187961
15963.8550534426
15964.058353531
15964.365733458
15965.0823470176
15964.3657334516
15964.3657334532
15964.3657334544
15965.2305610635
15965.1252955453
15964.2064695308
15965.1746328921
15965.3940763519
15963.9888821964
15965.1989573565
15964.3657334482
15965.3560304898
15964.2858374196
15965.3473399928
15964.6406972933
15965.3175163477
15965.6607977097
15964.4009156135
15964.3657334557
15964.365733449
15964.0577667758
15964.3657334599
15965.7020796885
15965.4619390135
15964.3657334616
15965.6122490318
15965.2587482515
15965.3056850585
15965.2411382625
15965.0898905879
15965.1998225953
15964.1039601955
15964.3657334549
15965.3273542354
15964.365733455
15965.2102462852
15964.3657334571
15964.3657334628
15965.099306448
15965.3905799648
15965.1697273546
15965.3120234877
15964.3657334597
15964.3674183781
15964.3657334508
15965.3958980556
15965.3202306661
15965.4350788047
15964.3657334569
15965.2297235953
15963.7688499729
15965.2130651279
15964.3657334495
15964.0270904109
15963.9990075917
15964.3657334582
15965.9644938089
15963.9414979716
15963.60062298
15965.0590459207
15963.9251880517
15965.3623793173
15964.0310505596
15963.849191175
15964.3780162155
15964.365733452
15965.7690910114
15965.0755872689
15964.0762139602
15963.7665325305
15963.6754728905
15964.3657334547
15965.4648193422
15963.5892601368
15965.1301143297
15963.9842056711
15964.4329637107
15965.568592987
15963.8924583349
15965.2139709901
15964.3657333969
15965.2849581996
15963.8743202035
15963.8466727506
15964.0192428122
15965.6886367781
15964.1680668537
15964.1729245036
15963.7942736027
15964.0277936679
15965.2182239822
15965.6346790662
15964.3657334532
15965.3107529271
15964.3657333953
15964.1717166095
15964.0471358076
15963.3144525796
15964.3657334545
15964.0347787061
15965.0816365923
15963.8115862362
15964.3657334571
15963.9424694858
15965.6588079968
15963.7212985666
15964.2608482514
15965.4485120563
15963.6486261989
15965.699960484
15965.3071878982
15965.0519077652
15964.0984585041
15965.0819477791
15964.3657334474
15965.5715675168
15965.2696179337
15965.3137778618
15964.3785344683
15965.2798780792
15964.0251866552
15965.339222602
15964.1477060657
15965.4444326897
15964.5168336916
15964.1045211255
15965.5385761131
15963.9749951179
15963.7891511451
15965.4082361246
15964.3657334506
15963.9675246745
15965.2541775539
15964.3657335077
15964.1137418495
15964.2081545896
15964.1327429281
15965.6666101096
15964.2527401878
15964.2175832428
15965.3527795974
15965.5175178477
15965.0956392962
15965.4339735375
15964.1518194123
15963.9664465702
15965.7908065523
15965.3509500011
15964.1959900585
15965.4681563427
15964.0687446434
15965.3288175539
15964.3835543914
15965.3342158641
15964.3657334578
15964.3657334556
15964.3803266105
15963.9916357373
15965.1501921297
15965.2733717192
15965.6198342624
15964.3657334609
15964.5879935661
15964.3657334554
15964.2843380398
15965.3157113151
15965.290270546
15965.1710190348
15964.0158678991
15964.3657334522
15965.214022201
15963.8752726675
15963.9181785531
15965.3195863169
15965.4640360381
15965.0304639362
15964.9312487292
15964.3657334539
15964.3657335288
15965.4744320377
15965.365270492
15964.2518522759
15965.1088221154
15965.6361755721
15965.3762502415
15964.4363316641
15965.3879731281
15965.2447192485
15965.2891964059
15964.4633780205
15964.3657334596
15964.3175108021
15963.9676785741
15965.651163247
15965.2026833502
15963.9324675931
15965.3335722069
15964.3657334576
15965.2975733817
15964.3657334567
15963.8442772836
15964.214044485
15964.3657334526
15964.0785702086
15964.3657334494
15964.6169234642
15965.2199769029
15964.3657334507
15963.7741263998
15965.5695622936
15964.3469531827
15964.3657334899
15964.5454495129
15964.3657334594
15963.922492433
15963.9969792428
15965.3438281863
15963.832362283
15965.6299381147
15965.2687123732
15964.0408769442
15965.1957471017
15965.4031437948
15965.1539865445
15964.1090289867
15964.1817987761
15964.3657334501
15965.5597632012
15964.3657334544
