# type 1 occupying volumes
15942.9970738146
15942.0039398041
15941.6134924768
15941.8004512818
15942.6145118943
15942.0730961933
15942.0452602561
15942.7539539375
15942.8134009915
15942.8828134028
15942.154428465
15942.9151986297
15941.9342043159
15942.3204457439
15941.5552359588
15941.3585556143
15941.8483728864
15941.1631294679
15942.7231789865
15942.8403604546
15942.9970738146
15941.9482792546
15942.9970738146
15941.8507923312
15943.0112254044
15942.9970738146
15942.9970738146
15942.7399669442
15941.3638139386
15941.3535063906
15942.9970738146
15941.3831321571
15942.9970738146
15941.9246771781
15942.7067951261
15941.6679474921
15942.9970738146
15941.8158829318
15941.4009423195
15941.7297461299
15942.1144716474
15941.3289475008
15941.2138433552
15941.8352520769
15942.648465361
15941.9347664442
15942.9970738146
15942.7840248031
15941.8616657663
15943.1188780122
15942.8986751684
15941.7963221798
15941.076096478
15941.4545275782
15942.9970738146
15941.5298024202
15941.8266010977
15942.9970738146
15941.8428365441
15942.9970738146
15942.1034160988
15941.8664239485
15941.854664103
15941.963377827
15942.860076665
15941.7068516063
15942.9970738146
15941.937078668
15941.3454317668
15942.9970738146
15942.0295276742
15943.0309037543
15942.8179683161
15941.5553445788
15943.0022780393
15942.8370964064
15942.9970738146
15942.1723984565
15941.2436041879
15941.0003848191
15941.5781000613
15942.622367928
15941.6303765494
15941.0865427262
15941.6974808954
15942.2085318432
15941.5213174037
15941.7123935105
15942.7601384955
15942.9970738146
15942.8692953154
15941.3205332445
15941.2866975827
15942.9970738146
15941.8543711774
15942.8991907167
15941.6119163467
15941.8070691111
15942.9970738146
15942.9970738146
15941.6517624306
15941.8627762247
15942.9970738146
15941.8824539082
15942.9970738146
15942.5644092303
15942.6187739849
15942.6750119909
15941.5111373001
15942.8545188602
15941.9791740869
15942.7842852174
15941.8913988348
15941.9197482345
15942.9970738146
15942.0871212073
15942.6966771631
15941.8433115216
15941.2874667748
15941.4894026076
15942.6240363261
15941.9340155737
15941.487222883
15942.611338063
15941.8313280488
15941.0029588331
15941.825134152
15941.5122959706
15941.0313140506
15942.6501719365
15941.1403509104
15942.7325227739
15942.9970738146
15941.3748964976
15941.9438658539
15942.9970738146
15941.1875659743
15942.9970738146
15941.7311488102
15941.6231163932
15942.5771510296
15941.8856591477
15942.9970738146
15941.8626220507
15941.692233461
15941.6018030468
15942.5768029113
15942.9970738146
15941.4732394675
15942.6983932173
15942.551167737
15941.2917679765
15941.4712363775
15941.6004347007
15941.9240479448
15942.9970738146
15943.1905176656
15942.9164425553
15941.9821448682
15941.8761054397
15942.1371780712
15941.5549143923
15942.9970738146
15942.9970738146
15941.7019531125
15942.9970738146
15941.8484184518
15941.3341682392
15942.0071541912
15942.0993851839
15941.8553336619
15941.7772279054
15942.9970738146
15941.97744015
15942.0648639433
15942.9970738146
15942.9970738146
15942.9970738146
15941.7871741537
15941.9651314261
15942.6280037694
15942.9970738146
15941.595417218
15941.789839701
15942.9970738146
15942.9970738146
15942.7062321242
15941.8962140737
15942.6274504579
15941.5644755958
15942.9970738146
15941.7445998231
15942.9970738146
15942.9333904363
15941.8116025873
15941.8580859447
15941.5583448446
15942.7560398453
15941.657959717
15942.9970738146
15941.6806895763
15941.6402350616
15942.0286416238
15942.7761225821
15941.8694695136
15942.9970738146
15942.9970738146
15941.8321954611
15941.8594758517
15942.0364891755
15942.9970738146
15941.8653570034
15942.8500038737
15942.8028094427
15942.0443828012
15942.9970738146
15942.9970738146
15941.7591820915
15941.5403907398
15942.9381447483
15941.4407988339
15942.9381783116
15941.9829434281
15942.8832823659
15941.7996068056
15941.9262937815
15941.8169531844
15941.6851755599
15942.9970738146
15941.9692670511
15942.9970738146
15941.5587429023
15941.5560251721
15941.4084130776
15942.6899225652
15942.2063491492
15942.8352172405
15942.9970738146
15941.7572468625
15942.8138017985
15941.5383564679
15942.8543190184
15942.8838902384
15941.9258116398
15941.8484001198
15942.9970738146
15941.9536641056
15941.9117804936
15941.8194621989
15941.8825639317
15941.6186051641
15941.9598585828
15941.7544277583
15942.9970738146
15942.8058643162
15942.9970738146
15942.9970738146
15942.9970738146
15941.6942990402
15942.8026361968
15942.9970738146
15942.6009039003
15941.9441707259
15941.4819009516
15942.9970738146
15941.8513939966
15942.8703266472
15942.9970738146
15942.9461260414
15942.5532557626
15941.7854912353
15942.9016448583
15941.7385785521
15942.9970738146
15941.3163159618
15942.9970738146
15941.66559411
15942.3002547576
15942.7147197973
15941.6786710173
15941.7693783875
15941.4727710329
15942.9970738146
15941.4701186475
15941.2872013504
15942.034327983
15941.4760780257
15941.3918387607
15942.7522713765
15941.6970546547
15941.6246573694
15942.9970738146
15941.5766393745
15941.6819149403
15942.7006488528
15941.6604921875
15942.7476435459
15942.7106947295
15941.3733569934
15941.4037266578
15942.9970738146
15941.7578120053
15941.4739711848
15942.9970738146
15941.7628433247
15941.4575002579
15941.709893102
15941.6259384386
15941.6790829987
15942.6976417258
15942.9970738146
15941.8139644533
15942.7633434739
15942.9970738146
15942.9970738146
15942.1632579145
15941.7281612764
15942.4271210792
15942.9970738146
15941.8336557032
15942.9970738146
15942.9970738146
15942.0398554136
15942.8159927514
15941.7853831379
15941.8000552598
15941.726510726
15942.8543182536
15942.780564788
15942.9970738146
15942.9970738146
15942.7726015402
15942.7476341207
15942.9970738146
15941.5100579778
15941.5753899143
15942.9970738146
15943.0114456042
15941.6771543442
15941.7672882643
15942.9970738146
15942.0830632995
15941.5456025729
15942.9970738146
15941.3562312032
15942.0692425687
15941.2588406799
15942.9970738146
15942.9970738146
15942.3832035217
15941.7641259114
15941.8650873033
15941.5150786608
15941.6909138564
15942.9970738146
15941.451967131
15942.9970738146
15942.6827904451
15941.7156795274
15941.8830769226
15942.890032318
15941.7230255558
15941.8179174019
15942.9970738146
15941.9325223878
15941.6425645989
15942.9970738146
15941.7475048929
15941.463345617
15941.7113038611
15941.700417447
15940.9647106052
15940.9882715862
15941.9331246533
15941.5827546354
15942.970262386
15941.9007968639
15942.8886475217
15941.0647762396
15941.3500213631
15941.5427697229
15942.9970738146
15941.734151955
15942.9970738146
15941.9831098879
15942.9970738146
15941.9324665714
15942.9970738146
15942.2940642468
15941.9772516311
15942.9087460609
15941.9167480325
15941.9703043006
15942.7408664818
15941.9993007635
15941.4432448922
15942.9970738146
15941.9033010705
15942.1746487679
15942.5705332496
15941.5680191238
15942.9970738146
15941.9991456212
15941.5817627202
15942.1574770266
15941.3669288079
15941.5904058059
15941.9427894308
15942.9970738146
15941.9599680707
15941.4266991146
15941.3818043408
15941.7980027542
15942.9970738146
15942.8008233916
15942.9970738146
15941.7863606323
15941.7765778594
15941.9275511039
15941.8704016259
15942.9534502972
15942.860631309
15941.638168313
15942.6794375671
15942.7517455827
15941.6925486665
15942.1386633137
15942.8480001474
15941.9140685695
15941.5924371514
15941.9593537237
15942.9970738146
15942.8110404216
15942.9970738146
15942.9970738146
15941.4049285541
15941.461992553
15942.9970738146
15942.9970738146
15942.6962252748
15942.9970738146
15941.7989169717
15941.98530676
15941.460264369
15941.0769323361
15942.9970738146
15942.9970738146
15942.0009040698
15941.8699706308
15941.1902201811
15941.9255688571
15942.7413601824
15942.7183248313
15941.5620398881
15941.7490274714
15942.9970738146
15941.7575051589
15942.9970738146
15942.0464391425
15940.9931940114
15941.9088286565
15941.7342835808
15942.9970738146
15942.1304911792
15942.8870890755
15941.8579458118
15941.8667143265
15942.9970738146
15941.8897400795
15942.6425020406
15942.9970738146
15941.8719919244
15942.778254791
15942.9970738146
15942.6487126148
15941.7697718121
15942.8248470793
15942.9970738146
15941.3017095782
15941.4106039623
15941.8878391966
15942.9970738146
15941.1976945807
15942.7666151191
15941.4671238065
15942.9970738146
15941.8640784758
15942.8389616737
15941.7909787045
15942.9970738146
15942.9457617394
15942.9970738146
15942.9970738146
15942.9970738146
15941.4297383783
15942.5900834007
15941.9343789055
15941.8162749494
15942.9970738146
15941.9760790369
15941.9363233705
15942.7342857
15943.0843088598
15942.7792321336
15942.6391970696
15942.9970738146
15942.9970738146
15941.4406027219
15942.8672335137
15941.2504851274
15942.6799277851
15941.8803398347
15942.8216731892
15941.8860432996
15942.7595810898
15942.6788509001
15942.9970738146
15941.8198528691
15941.9841781753
15941.8135815696
15941.8881281709
15942.9970738146
15941.2978805441
15941.082571328
15941.4904126398
15941.4420486547
15942.7667164995
15941.2124279805
15941.8147177111
15941.2726452784
15941.2017539621
15941.4228203213
15942.185526608
15941.8091279592
15941.106662033
15941.6026700273
15941.0191447874
15941.3689776611
15941.6360190382
15942.8559153694
15941.6383363653
15941.871360253
15942.8236614926
15942.9970738146
15941.7533622196
15941.9508274575
15941.935217139
15941.5452849836
15942.8378976635
15941.6618776165
15942.2285343379
15942.8610973682
15942.7592825163
15942.9970738146
15942.9970738146
15942.3733343243
15942.5591082145
15941.9294998673
15942.1403268524
15942.1156883921
15941.7779086795
15942.0583632739
15942.9970738146
15941.6759884906
15941.5921868514
15942.061011042
15942.6937806589
15941.7831877193
15941.9227601062
15941.9543727498
15941.6935172015
15942.9970738146
15942.003064837
15941.9610563166
15942.9970738146
15941.8825342231
15941.9391348097
15942.9970738146
15941.9974146961
15941.9830166122
15942.9970738146
15942.8718937501
15941.9221716511
15941.7642654813
15941.6513603476
15942.9970738146
15941.9697223983
15941.8559080941
15942.9970738146
15942.9970738146
15942.6879275753
15941.5912879533
15941.9919053893
15942.9970738146
15942.9970738146
15941.6912413154
15942.9970738146
15942.8097725815
15942.1474385164
15942.9970738146
15941.9082562635
15941.6713560964
15941.8944073997
15941.8400922881
15942.7599087012
15941.4125320651
15941.3796751004
15942.564985808
15942.8421382009
15942.9970738146
15941.6814526349
15942.9970738146
15941.8610311023
15941.5495092196
15942.8637184311
15941.5497639405
15941.7206113005
15941.2772459106
15941.5893612764
15941.6843411818
15941.3015803548
15941.4295771905
15942.7238815969
15942.9970738146
15941.8634958782
15942.9970738146
15941.5197648799
15941.5098776515
15942.9970738146
15941.3990543585
15941.4632562112
15941.4897488421
15942.9970738146
15941.5266876527
15942.6264396698
15941.1813525942
15941.8883363259
15941.928458201
15942.9970738146
15941.376389525
15941.6877012003
15942.6572480415
15941.5539959971
15941.701105877
15942.7953413222
15941.2963713545
15942.0037047155
15941.2401160414
15941.5311478044
15941.9057284946
15942.9970738146
15942.1156982535
15941.2392979728
15941.6053638237
15942.982040541
15941.7365110019
15941.684358532
15942.7136404237
15942.795282704
15941.9979478168
15942.9970738146
15942.8130435102
15942.6762840622
15942.9970738146
15941.9267499043
15941.7094144477
15942.8416033714
15941.4298052576
15941.8133263936
15941.3852984909
15942.552729978
15941.477267645
15942.1356702701
15941.9714494456
15942.9970738146
15942.0279342721
15941.9038427385
15942.9970738146
15942.9970738146
15942.0015049572
15941.7613225433
15941.7798745805
15941.8691577291
15941.8707948041
15942.9970738146
15942.0482746585
15941.6945127856
15942.1041327084
15942.8773520127
15942.6493837563
15942.3085404116
15942.9970738146
15942.9970738146
15941.2735822927
15942.9970738146
15941.333685208
15941.7041847622
15942.8285187644
15942.8237783485
15941.4862643319
15941.6865484146
15941.9220089712
15942.7138416176
15942.9970738146
15941.5907812554
15942.6321954359
15941.7241953757
15942.0272741085
15941.6067739239
15942.5333805063
15942.9970738146
15941.3849901308
15940.8932004355
15941.6048942269
15941.979619145
15942.6485891742
15942.9970738146
15942.8437637365
15942.7733230468
15942.8660894558
15941.9208993362
15941.7085779248
15941.4138612851
15942.9970738146
15942.5552543317
15941.5303363137
15941.1375601883
15941.6400918508
15941.8994661459
15942.6320204168
15941.6666365003
15942.9970738146
15942.0009734695
15941.9479645836
15942.7052438911
15941.4237919235
15942.9970738146
15941.6757772771
15940.7506731643
15941.4050136004
15942.7214306464
15941.3884490128
15941.5510663692
15941.4861927954
15942.9970738146
15942.5004160757
15942.8364618567
15942.9970738146
15941.7404200099
15942.0593324906
15941.9374972048
15942.1173484134
15941.1821999909
15942.9970738146
15942.9970738146
15941.9080488598
15942.8695830673
15941.8743122479
15941.879089567
15941.7509936291
15942.9970738146
15942.8084560958
15941.8842435593
15941.607922256
15942.9970738146
15941.4922007088
15942.9970738146
15942.9970738146
15941.6716063253
15942.5772389308
15942.1547967897
15942.9970738146
15942.9970738146
15942.9970738146
15942.1821730212
15942.9970738146
15941.7320367771
15942.5987310818
15942.9970738146
15942.1084477171
15941.8861151851
15942.9970738146
15942.9970738146
15941.718709053
15942.9970738146
15942.0606647749
15942.9970738146
15941.6703709799
15942.9970738146
15941.947766664
15941.9082299851
15942.9970738146
15942.9970738146
15941.7704141503
15942.9970738146
15942.9970738146
15941.9596518569
15942.8144623442
15941.5751958587
15942.6008114776
15942.8658282876
15941.8106650316
15941.7909938843
15940.9759388322
15941.6525131806
15941.4320521692
15942.9970738146
15941.1660626843
15942.9970738146
15942.1300521334
15942.0685267572
15941.8502142493
15941.9133584803
15941.1666822545
15941.2463707217
15941.8877420876
15941.1659863616
15942.6157154262
15941.6788221174
15941.675876413
15941.5776375193
15941.7634471909
15942.693880347
15942.9970738146
15942.9970738146
15941.8633298354
15941.0261003608
15941.6028111883
15942.9970738146
15941.2977735698
15941.7983226098
15941.8831883209
15941.6900212092
15941.7570979838
15941.0211078931
15941.801750339
15942.617510636
15942.9970738146
15941.4781090532
15941.3642796473
15941.3803892386
15941.5503179568
15941.5220934941
15941.7728286826
15942.9970738146
15942.1275016205
15942.7870657574
15941.2130384206
15942.1434946409
15942.6577875305
15941.7809993373
15942.9393092662
15941.9338025229
15941.2852600605
15942.6126755159
15941.6177417358
15942.9970738146
15941.8892931608
15942.7050115558
15941.6791532563
15941.8467768493
15942.6980565118
15941.1569236438
15941.3161916254
15942.9970738146
15942.9970738146
15942.0306751553
15941.8297330284
15941.8196461472
15942.9970738146
15941.8844734954
15941.8748265763
15941.8097976976
15942.6136391647
15942.7972650546
15942.2515288194
15941.8206766885
15942.7733498575
15942.909963746
15941.6351273842
15941.7866058403
15942.9970738146
15941.8499063756
15942.0987594522
15942.9970738146
15941.3893912337
15941.3684421225
15941.0789363907
15941.7657551165
15942.0027048288
15941.1414888722
15941.2079854952
15942.9970738146
15942.9970738146
15942.7128577421
15941.4035474757
15941.7882534319
15941.4883406944
15942.6659211794
15942.9970738146
15942.9970738146
15942.6767530431
15941.3783764659
15942.6993806917
15942.801881252
15942.7064762278
15941.4732169529
15942.9970738146
15942.9970738146
15941.4422827594
15942.7187781716
15941.1629437211
15942.0237073305
15941.6908013751
15941.6997075398
15942.9970738146
15941.6865640503
15941.3894965062
15941.4926913133
15942.8012385188
15942.8760734215
15941.8524216561
15941.588485043
15941.0765499324
15941.1840845133
15941.8209677753
15941.9863155976
15942.8796032822
15941.8643056352
15941.0554023112
15942.9970738146
15942.9970738146
15941.817428671
15942.9970738146
15941.174477172
15941.2062028706
15941.0675198654
15941.5395701757
15941.1443483953
15941.2672050278
15941.9069723096
15941.913472419
15942.6203040295
15940.7631693811
15941.6977695305
15941.4616697332
15941.8939975569
15942.674703906
15941.9143386985
15942.9970738146
15941.4921334103
15942.6665766689
15940.9497498978
15942.9227280639
15941.5711972698
15942.9970738146
15942.6651549527
15941.4938731837
15942.9970738146
15941.6608166186
15941.8729686681
15941.1177694859
15941.5962959382
15941.67685137
15942.6795524905
15941.8941676172
15941.5113343357
15942.6296948763
15942.9970738146
15941.7459078634
15941.8622159309
15942.9970738146
15942.9970738146
15941.8724766251
15942.9567539775
15942.9970738146
15941.8686987143
15942.9970738146
15942.5754399424
15941.8327364018
15942.6115283698
15941.2061111558
15942.6317705867
15942.9970738146
15942.9970738146
15941.8259225357
15942.6066159909
15941.9447638534
15942.8712333227
15942.2180716097
15942.8791615752
15942.0363678048
15941.9882436378
15941.2495733242
15941.2030039064
15942.8316895314
15941.402467066
15942.614647398
15942.9970738146
15941.1678536767
15942.0216054702
15942.9970738146
15941.2125841336
15941.8313203168
15941.5920119271
15942.9970738146
15942.9970738146
15941.7346314772
15942.6046124059
15942.6758342634
15941.4366390074
15941.270209117
15941.3892799196
15941.4407160746
15941.9373291865
15942.3448210777
15942.8936294185
15942.6157520168
15942.9970738146
15941.8689258906
15941.830973007
15942.9970738146
15941.9005002676
15941.0228479745
15941.3461207606
15941.7614017953
15942.9970738146
15942.1827145971
15942.3074273704
15941.7878364485
15942.602331417
15941.9130066978
15941.9757381681
15942.9970738146
15942.9970738146
15941.8031473487
15941.4883758587
15942.9970738146
15941.2517085912
15941.5722881675
15942.9970738146
15941.7965732207
15941.8415197856
15941.2315456391
15942.6394634614
15942.6460735647
15941.3244642909
15941.5315938062
15941.1895776602
15941.6411018693
15942.5937742788
15941.7622901235
15942.7962606029
15941.8965167251
15942.9970738146
15941.4379381608
15942.701138838
15942.7671988115
15942.8662797804
15941.0914219645
15942.9970738146
15942.9970738146
15941.1710368197
15941.3765598677
15941.8790403798
15942.9970738146
15942.8056760848
15942.2915197057
15941.9892960273
15941.8756205432
15942.9970738146
15941.6351603284
15941.9771752313
15942.9970738146
15942.9970738146
15942.5715048635
15941.4143728791
15941.2246623669
15942.8656162409
15942.9970738146
15942.6902294997
15942.9970738146
15941.0989164759
15941.5430996539
15942.9970738146
15941.4811311666
15941.2960191377
15941.3449398742
15941.5199976604
15942.9970738146
15940.7123435919
15941.0524183743
15942.9970738146
15942.7852848828
15941.4023516427
15942.9970738146
15941.9714288957
15942.8013938668
15942.9970738146
15941.2082399021
15941.2579943402
15941.8292223884
15941.5484377175
15942.640868961
15941.3822905639
15941.180294526
15942.7921299326
15941.5868311567
15942.9970738146
15941.7181841152
15941.6587976287
15941.7089629806
15941.600976791
15941.1738790815
15942.7336235004
15942.5764151271
15942.9970738146
15942.4679526345
15941.8713105704
15942.8102661979
15941.7511635608
15941.7572567611
15941.225109982
15941.7348097222
15942.8777429076
15941.9589639651
15942.9970738146
15941.6566522419
15941.9010077931
15941.8397974821
15941.3373975778
15942.8664074374
15941.7227980988
15942.9970738146
15942.7563989968
15942.0766366187
15941.9868312921
15942.7529359838
15941.6509738664
15942.8157562768
15941.8957969557
15941.7390638776
15942.788640346
15941.8514379817
15942.0522505665
15942.9970738146
15942.9970738146
15941.9392159021
15941.7216129697
15942.9970738146
15941.2408619593
15941.6827946336
15942.9970738146
15941.7421548313
15942.9513844634
15941.7765681711
15942.9970738146
15941.6192757323
15942.821506111
15942.9970738146
15942.0330463939
15941.7292118042
15941.4547578418
15942.9970738146
15941.603795386
15942.9970738146
15941.5322922673
15942.0783873985
15942.9970738146
15941.9908324849
15941.4292419406
15941.7604200688
15942.6643614116
15942.5941034845
15942.9970738146
15941.7774666298
15941.3975690007
15941.2315299583
15941.7514884703
15941.9424248497
15941.7831400833
15942.7338659155
15941.5399719875
15941.1316468689
15941.5861968244
15941.8468179081
15941.9066398322
15940.9151938979
15941.2416115432
15942.9970738146
15941.8306594604
15942.0737821845
15942.0202022985
15941.1864304576
15941.8105656951
15942.917226112
15942.8655801329
15942.5328133216
15941.1240388368
15941.6997802096
15942.6551300004
15941.9614153125
15942.8395485063
15941.999054374
15942.376607232
15941.2210998847
15941.0050384504
15941.3920616667
15941.0322284459
15942.9970738146
15942.9970738146
15942.0120442063
15942.6508753834
15941.2681254652
15942.9970738146
15942.0478738632
15941.8460561109
15941.7777495582
15941.2052655653
15941.3256021799
15942.6548624911
15941.9793283833
15941.9032660631
15942.9815469551
15942.8126186221
15941.1023879208
15942.9970738146
15941.4386281616
15942.9970738146
15941.6058880963
15941.2858405361
15941.4680032093
15942.6877062912
15942.1002481963
15942.9970738146
15942.8671744382
15942.8085129725
15941.9214764985
15941.8375116335
15941.3213114921
15940.8140727616
15941.824855194
15941.430176856
15942.7160608081
15940.9578731426
15941.1921998788
15942.0587401079
15942.1532832402
15941.9108182941
15941.3080810512
15941.1530593473
15942.9970738146
15942.9970738146
15942.9970738146
15942.9970738146
15941.9085658126
15942.9970738146
15941.84201164
15942.9970738146
15941.8020742111
15942.9970738146
15941.5830405249
15942.9970738146
15941.5527987431
15941.6695776144
15942.7099861878
15941.2125871334
15941.8298058573
15941.6907494313
15941.7341619412
15941.5758712805
15942.9970738146
15942.8405744896
15942.8156848638
15941.4516826461
15941.4218254291
15941.518494494
15941.8328043556
15942.7889213742
15942.5981069139
15942.6955782397
15941.1008710595
15941.8372004324
15942.911966949
15941.3016075427
15941.6941656168
15942.7692085281
15941.4575886422
15941.9347657175
15942.7091716176
15942.9970738146
15941.6401007077
15941.8663896749
15941.3667956761
15941.4755998426
15942.0171195752
15942.7461927515
15942.9970738146
15941.8463748668
15941.966798026
15942.7913625358
15942.0482271131
15942.7545921609
15941.6323235208
15941.9172771201
15941.6730734116
15941.184664796
15941.8928620173
15942.9970738146
15941.7832094277
15941.4936015252
15941.1604002494
15942.9970738146
15942.9970738146
15942.0663840468
15941.7652510167
15942.9390694054
15941.5747895769
15942.6749382259
15942.7712992624
15941.8080569983
15941.8982266371
15941.9755899295
15941.7291612487
15941.5867843855
15942.7288872001
15941.9707666194
15942.7050522636
15941.1737898735
15941.8283574418
15942.5562089446
15941.5211037968
15942.763983054
15941.3594921816
15941.37879828
15941.1337706139
15942.6907586641
15941.9183517003
15941.2167296141
15941.1564200795
15941.7935454773
15941.7104618318
15941.9655505972
15942.8212130797
15942.9970738146
15941.79477244
15941.8827377734
15942.7187199828
15941.8954903765
15942.6501454909
15941.9378985985
15941.4352269236
15941.56149086
15941.2942094688
15942.3156440643
15942.9970738146
15942.9575976624
15941.9011929241
15942.801290815
15942.9970738146
15942.6194574244
15942.9970738146
15941.5269324249
15942.3952297195
15942.9970738146
15942.6085371986
15942.7512654077
15941.5177868994
15941.4247673146
15941.9705784765
15942.688720479
15941.3661297463
