# type 3 occupying volumes
15944.1969661706
15942.8959037569
15942.6917626852
15943.2237364604
15944.0188996609
15942.734304027
15942.5906064601
15943.8401000742
15943.9012035583
15943.5178086352
15943.0503628133
15943.6425454221
15943.2114886298
15943.0729275381
15942.6580538106
15942.7551675347
15943.2772281887
15942.9970738027
15943.8562324486
15943.9365874536
15943.6497388905
15942.9970738141
15943.6133369382
15942.479805297
15943.4309417905
15943.7430383432
15944.1207243956
15943.9367819774
15942.9970738169
15942.6577014123
15944.4460723531
15942.6345383223
15944.3005395646
15942.8626291909
15943.8106877647
15942.5883885371
15944.5807045734
15943.1226903161
15942.6323373414
15942.9970738199
15943.129533285
15942.6799033165
15942.9970738166
15942.9970738171
15944.0145771002
15942.9227921999
15944.3749869875
15943.8700364263
15942.9970738133
15943.7993608978
15943.8880684673
15942.998724038
15942.6531136503
15942.5979046635
15944.2819696378
15942.9970738142
15942.9970738145
15944.0661504382
15943.1600519387
15944.3522535362
15942.9970738146
15943.1802771673
15943.0060443277
15943.1039630214
15943.7347458928
15943.3329040182
15943.814893985
15942.9266288749
15942.7038893897
15944.5902350537
15942.7947670628
15943.9350434688
15943.983487701
15942.9970738106
15943.8573210378
15943.9908669805
15944.0526931985
15942.9970738091
15942.5643808525
15942.7201418368
15942.9970738186
15943.9491599393
15943.2909908862
15942.4448424575
15943.1436526232
15942.9970738188
15942.997073819
15942.7057538502
15943.8556127102
15943.7760002621
15943.789837009
15942.7031229229
15942.5762064286
15944.3451209873
15942.9366853657
15943.9424340928
15942.9970738376
15942.9970738158
15944.3248259612
15944.2528838121
15942.9970736637
15943.0793669685
15944.1064011806
15942.7929066182
15944.0274604598
15944.0665730673
15944.0883546856
15943.9333872423
15942.536882104
15944.0021521012
15942.9970738106
15943.882703179
15943.0800608045
15942.916595952
15944.2459686097
15943.0835570764
15944.3938919685
15942.9970738182
15942.495189612
15942.9970737383
15944.1916207244
15942.997073819
15942.9970738134
15944.6042504536
15942.9792059981
15942.8046818645
15942.5753013821
15942.9970738189
15942.6254564448
15943.9157283181
15942.5937365155
15943.9520699365
15944.4079213767
15942.5986493329
15942.9894951856
15944.4094090115
15942.7260838441
15944.3914299645
15943.0934545856
15942.9970738177
15944.0410281501
15942.9970738201
15944.4982112752
15942.9970738099
15942.9970738165
15942.9970738123
15944.4569307892
15944.5246768452
15942.535690088
15944.2260338403
15943.7655478715
15942.5832070113
15942.9970738954
15943.4370367547
15942.9970738128
15944.6353822623
15943.6679442376
15943.9908050274
15943.1874617357
15942.8354421321
15942.99707382
15942.6695655471
15944.8482780457
15943.9687579467
15942.5431833652
15944.4081260214
15942.908687484
15942.7797827653
15942.9970738203
15942.997073819
15943.2261933239
15943.1819215627
15944.0536920393
15942.6180232493
15942.8012183663
15944.1145390641
15943.9469581143
15943.691929189
15942.5744907775
15942.8204951143
15944.0601084655
15943.8647519439
15942.6098553716
15943.1887940033
15944.3738650672
15944.8186680992
15944.0070433164
15942.8061188005
15942.9970738169
15942.5383882882
15943.6971658566
15942.6914916741
15943.7845207001
15943.8000921574
15943.0135513263
15942.9970738144
15942.6960062031
15943.7373842717
15943.2289730654
15944.2590014143
15943.1069054878
15942.5147821416
15942.9970738173
15944.170395828
15942.6579227946
15943.8172859445
15943.5747330382
15942.7574818237
15942.9188059844
15942.8228487428
15944.0701601741
15942.9970738217
15943.8081118025
15944.1342179785
15942.9970738161
15943.5463477254
15944.1867546192
15942.9970738174
15942.997073817
15944.1895678963
15942.5130457009
15944.2131989506
15942.9345053874
15943.9372310071
15942.9970738154
15942.8212226233
15942.6365482124
15943.3221914348
15943.7152707411
15942.4882739934
15944.3156059163
15943.5827953059
15942.9970738159
15942.9970738126
15944.009898776
15942.7245447046
15943.6744572952
15943.7528080649
15943.0145923736
15943.9140908483
15942.5275894695
15943.7856877908
15944.0312991508
15942.5873044374
15943.1548634342
15943.8836642229
15943.0800338151
15942.5474280888
15943.3666829774
15943.0904447782
15942.9970738207
15943.1334964183
15943.2358672431
15943.6284858519
15943.9281184626
15944.0378271035
15944.1812421598
15944.3102721555
15943.2166136286
15944.1322279807
15943.6564526676
15944.0327458898
15942.6104774039
15942.7350718987
15944.0984793938
15943.2006819852
15943.6843235431
15943.9118195027
15943.9802086726
15944.0148833651
15942.9722719659
15943.8829864275
15943.2061556403
15944.2219647386
15942.4293773054
15944.4565900827
15942.9970738152
15942.9970738166
15943.7401507299
15942.9970738101
15943.031256279
15942.6112762379
15944.8452227265
15942.6677766729
15942.9970738173
15942.9970738219
15942.5301699282
15942.6122333019
15944.0444376271
15943.2287635615
15942.9970738115
15944.5659626754
15942.9970738219
15942.9970738132
15943.9363960174
15943.0413500594
15944.1247506329
15944.0809865136
15942.6583898993
15942.7246088994
15944.8334074695
15942.9970738149
15942.7114443333
15944.636557582
15942.9551048277
15942.6716375063
15942.9970738132
15943.3513285415
15942.9970738123
15943.9969357996
15944.3784439516
15943.2369050254
15944.1988518505
15944.4657856402
15944.3064933201
15942.9970738259
15943.2569858124
15942.9970738134
15944.3153830817
15942.9332456153
15944.3752471088
15943.9723301745
15942.997073815
15943.9106882251
15942.9970738133
15942.8976085327
15943.0176254575
15943.8133300527
15943.7723032421
15943.948654441
15943.7205453732
15943.8229225066
15943.8154167231
15943.9884873812
15942.5568169394
15942.4807722947
15943.9876178918
15943.5367083662
15942.4509133715
15942.9311400679
15944.1577823698
15942.9970738164
15942.3988506841
15944.1864489816
15942.9970738146
15942.9970738102
15942.6514480902
15943.948763968
15943.7542367462
15942.9970738171
15942.9970738166
15943.1773182133
15942.9970738186
15943.3217120744
15944.4522800678
15942.7494507877
15944.2859002738
15943.9294152944
15942.9967019743
15943.3749268449
15943.5921731966
15942.6038053706
15943.0808245994
15944.1730191827
15943.0602793782
15942.568572511
15944.0522233051
15943.0696419741
15942.9970738133
15943.0739119939
15942.9970738139
15942.9970738147
15942.7982438701
15942.9970738189
15942.9970738164
15943.7896811548
15942.931398942
15943.9453961298
15942.7436386981
15942.7326138289
15942.9970738123
15944.1199935922
15943.1475102856
15944.2058720994
15942.9970738102
15944.69400026
15942.9384625495
15944.2417759175
15942.9970738195
15942.8485137113
15943.7370084336
15943.0138112778
15942.9640301317
15944.0238242898
15942.9970738137
15942.6913808567
15944.3762426937
15942.9528016469
15942.997073809
15944.0225963713
15942.7225511884
15944.4616827661
15942.5702909651
15942.5705900787
15942.9970739374
15942.7976133871
15943.2816457913
15942.9970738223
15944.2981509817
15942.9970738135
15942.7627818891
15942.5675957626
15942.9802545749
15944.0334631019
15944.1418549625
15944.2290805419
15943.1645232752
15942.5879070127
15943.0974533002
15943.0901554864
15943.8083652978
15943.8360236702
15942.9970738103
15943.9304844672
15943.9626224336
15942.6299041406
15942.9970738176
15943.9560034335
15942.9689902021
15942.9970738127
15942.9970738158
15943.9406894818
15943.6578587627
15943.8400243807
15944.6230501567
15942.6545175072
15942.9970738183
15944.2230531404
15944.098069748
15944.1059360702
15944.1777459496
15942.5168621814
15942.8014994903
15942.7203445086
15942.5989692843
15944.0691538243
15943.7843350668
15943.1091713994
15942.9970738157
15942.7517432429
15942.9970738168
15944.2779940701
15943.8885884879
15942.9970738106
15943.1087333654
15944.3751482987
15942.5033837246
15944.4200339543
15942.9970738177
15942.6514023938
15942.9970738176
15942.5138380149
15944.283586578
15942.9970738184
15944.0788952476
15942.6103445043
15942.9970738143
15944.6773988225
15942.9970738165
15944.1104474623
15944.5913588495
15942.9970738167
15943.7730021754
15943.8619077193
15944.449704204
15942.9346709008
15943.9200050073
15944.3678190143
15942.7332405308
15942.7540533568
15942.9970738105
15944.7014536794
15942.6547776507
15944.0970167465
15942.4929876017
15944.0656570123
15942.9505257869
15943.678830889
15942.7518680256
15944.1409920719
15943.8050747067
15943.6729577344
15943.8985887241
15944.0004302195
15942.6474440618
15943.7044833151
15942.9970738132
15942.5676392443
15944.3227519501
15942.5802760351
15942.9294848983
15943.7960520258
15943.7785177285
15943.975463182
15944.0202478363
15943.9783172372
15943.9617312561
15942.5544082389
15944.0312327831
15942.7298089406
15944.1303254177
15943.0103190501
15943.720416126
15942.9970738162
15944.2472678617
15943.9125811967
15944.3012479073
15943.1283101009
15943.0145880377
15942.9970738106
15942.9970738189
15944.3341409149
15942.5908691216
15942.7368057981
15942.9970738161
15942.9970738136
15944.0888565132
15942.7562116673
15942.9970738165
15942.9970736029
15942.5289282039
15942.9970738189
15942.9970738187
15943.2317816027
15942.6432559417
15943.3357832432
15942.5806493169
15942.9970738125
15943.3525870655
15944.0991356217
15942.997073817
15942.9234399269
15943.6791897621
15944.2103257679
15942.4945573126
15943.2103176121
15942.9970738166
15942.6416434542
15944.3772861241
15943.200644879
15942.9970738198
15943.7810810639
15943.6515529549
15944.1235467043
15943.8342081042
15942.9970738126
15943.8784377067
15942.9101006525
15943.057229365
15943.114697688
15943.113445866
15942.8492542528
15944.3258098026
15942.9970738129
15942.5389301434
15942.9970738181
15943.8619835305
15942.9970738119
15942.9970738128
15942.9970738174
15942.9970738167
15943.9558844137
15942.8899858823
15943.1022589322
15944.0077764138
15943.2128752742
15942.9970738125
15944.161267396
15942.5579945939
15942.9648929036
15944.0810204853
15944.0325210368
15942.83892911
15942.9970738161
15942.489119267
15944.3602560983
15942.7954700886
15943.0717064874
15944.0819344986
15944.3783904592
15943.8509370127
15942.6032744678
15942.9101664429
15943.9673778582
15943.9911823
15942.6134079506
15943.9472464216
15943.8292058306
15942.9970738164
15943.6973393741
15942.9566611317
15942.9970738167
15942.8689068073
15942.9955858153
15943.8945701482
15942.9970737821
15942.8019987055
15944.1674557677
15944.065483952
15944.3067358346
15942.7810638981
15944.3712966551
15942.9970738101
15942.5811523585
15943.9709690005
15942.6821785387
15943.3625711088
15942.6491974779
15942.5852359157
15942.9970738176
15942.6513061282
15942.7876997677
15943.8225933262
15944.2698884518
15942.9970737851
15944.5750504505
15942.715815991
15942.9970738156
15944.3633244452
15942.9970738138
15942.9970738164
15942.7011244792
15944.8076640435
15942.9970738166
15944.1450638113
15942.6426529948
15942.9710151713
15942.9970738151
15944.3535373467
15942.591915688
15943.3136112421
15944.2163564206
15942.9970738133
15943.4332640162
15943.918857488
15942.8157316638
15942.9970738157
15942.4468391044
15942.590285394
15943.0127766353
15944.1204414835
15942.9970738132
15942.4351856963
15942.9970738128
15944.0671513178
15943.2844816955
15943.1983978618
15944.0463267301
15943.9636586761
15943.1450753586
15944.228780884
15943.6507538833
15944.2002426474
15944.2082246882
15942.9712892619
15942.9970738123
15944.0614336462
15942.7533595172
15942.9970738183
15942.5702195702
15943.9564484327
15942.9970738686
15942.9970739207
15943.2531919749
15944.6166511154
15943.1128310774
15943.1968370499
15943.8410258587
15944.2228685084
15942.6749128986
15942.6557350061
15942.8203970897
15943.1217679348
15942.9660121513
15944.0229150916
15943.0227754992
15942.6867073386
15942.9593945423
15943.9640794049
15944.1139146294
15942.997073812
15944.207754259
15944.4479808335
15942.9970738125
15944.4949444373
15942.5148080065
15942.9970738174
15944.0633472103
15943.8652954366
15942.9970738172
15942.360236417
15942.9970738172
15943.915812735
15943.9907046815
15942.4569071097
15943.9043484288
15942.9970738132
15942.9289968132
15943.5295635741
15944.0865413112
15944.6746049166
15942.6764016403
15942.7660011478
15942.9970738147
15942.8930985528
15943.7555676913
15943.7457031739
15943.9162398176
15943.6720732687
15943.7813309098
15942.8480116481
15942.9970738146
15942.7200008591
15944.2362404131
15944.1700222311
15942.9970738152
15942.6401744755
15942.9970738142
15942.9031081315
15943.8553585043
15942.5944934044
15944.187717637
15942.9877017365
15942.946275107
15943.8973968757
15942.9970738148
15944.5940844676
15942.9970738199
15942.4615689121
15942.9970738158
15944.2706739862
15942.7139717974
15942.7915345295
15942.601976208
15944.1030848886
15942.9970738202
15943.5984302913
15944.3086280788
15943.0406445253
15942.9970738139
15943.1302990954
15942.9206036678
15942.8317357069
15944.3633852589
15944.4909568767
15943.028956723
15944.0733369119
15942.9970738105
15942.9658228327
15942.9970738207
15944.1776034453
15944.0816769495
15943.1942506219
15942.9970738187
15944.1768550043
15942.6710620204
15944.1016799734
15944.2215482075
15942.8054699263
15943.8958452252
15942.9970738178
15944.0891315369
15943.6443712391
15944.1483218767
15942.9970738079
15944.2858926922
15942.7953393572
15943.8530238011
15943.8436032933
15942.9970738112
15942.7825646362
15943.8135426515
15944.1726889264
15942.9970738284
15943.769035352
15942.9970738106
15943.9780812364
15942.7289802176
15944.4000625447
15942.9970738103
15943.1066472064
15944.2791862182
15944.2270499786
15942.6259972454
15943.9516317992
15944.1093319295
15943.0422050204
15943.9037165965
15942.6650481138
15943.881425859
15943.9138376905
15943.2372926923
15942.9970738051
15942.6689482464
15942.9970738136
15942.628614913
15944.6695473843
15942.7647059652
15944.2318514041
15943.1428404263
15943.1438368677
15942.9970738557
15942.8924161325
15942.9970738166
15942.6540873113
15942.9970738171
15942.4897780062
15944.1111769756
15943.2302142569
15942.4693675967
15942.9970738167
15942.9970738224
15943.7862582615
15943.8919582102
15944.3915605456
15942.8834616792
15942.7256330245
15943.451494832
15944.6883405948
15942.5840065862
15942.9970738148
15943.2848829247
15942.5762132779
15943.0529690852
15942.5493470974
15942.8123661531
15944.009207888
15944.2200675092
15942.9970738119
15942.6613602849
15942.6252899753
15942.7459759408
15942.9970738141
15943.0824699267
15944.2179849734
15942.9674057741
15944.0442632559
15942.6874476336
15942.9970738134
15943.9529970687
15942.7757663402
15943.7687817951
15942.9970738142
15942.7702912511
15944.0777230792
15942.5844098978
15944.6129026652
15943.2160863101
15943.839864857
15942.4896178341
15943.1032858156
15943.9265775609
15942.5509841536
15942.5138252018
15944.1965760865
15944.2038957322
15943.0639800096
15942.9970738134
15943.125187405
15944.0818600781
15943.1835325954
15942.9273390552
15943.0329068564
15943.6922368142
15943.9935184156
15942.997073821
15942.9970738195
15944.0424265036
15944.3563556144
15942.9970738189
15942.9970738182
15944.3329815325
15943.2821446414
15943.0314393166
15944.5514125506
15942.9970741529
15942.6025192842
15942.4708756864
15942.9943698841
15942.9970738148
15942.6849155388
15942.5560647376
15944.3818130415
15944.2042384579
15944.0500325118
15942.5732702503
15942.9970738106
15942.9970738172
15944.0048105531
15944.2669670077
15944.0898043563
15943.9290524875
15942.5020824056
15944.0298516684
15943.9779924144
15943.790552488
15942.5795295484
15944.3472227325
15944.2639398415
15942.9970738144
15944.1777225091
15942.5770303782
15942.8487517033
15943.3982752031
15943.3574314225
15944.7443027518
15942.9970738153
15942.5766508979
15942.6285361278
15943.935985856
15943.5920972796
15943.163613334
15942.9970738177
15942.9970738192
15942.792900754
15943.2948991451
15942.9970738122
15943.8787789893
15943.0256703615
15942.7623140581
15944.251300127
15944.2905429434
15943.045168738
15943.6522477989
15942.6151897092
15942.9970738164
15942.3185670593
15942.9970738156
15942.9970738166
15942.9970738133
15942.9970738153
15942.9341194501
15943.8956020875
15942.5981752346
15943.3258139733
15942.7282866709
15943.0567868133
15944.2086242847
15942.8666862979
15944.0250439474
15942.6799696595
15944.227463866
15942.7218241985
15943.7433623334
15942.5245584892
15944.5838979397
15944.0490445702
15942.9970738147
15944.3810628669
15942.5729652123
15942.9970738107
15942.4789570306
15943.5630110253
15942.9970738181
15944.000324415
15942.9156897292
15942.5668861723
15943.9867425863
15944.245396424
15942.7362955607
15943.1789718179
15944.3432942549
15944.2867068426
15942.9970738231
15943.8437598574
15943.8660015335
15942.997073805
15944.1711247658
15943.875988902
15942.989582569
15944.1769377954
15942.4939866633
15943.9156004759
15944.1034572683
15944.3558176867
15942.6498434819
15944.0199518412
15942.997073818
15943.8567295122
15942.9970738236
15943.7650868592
15942.7610425604
15943.223810809
15942.771989844
15942.8715174154
15943.7202990853
15942.6643722284
15943.9419562994
15944.2534202175
15942.5651581618
15943.0683353926
15944.0477918145
15942.6724373648
15943.3012528692
15942.9970738249
15944.8796507779
15944.237326685
15942.9970738155
15944.1359547025
15944.1574190778
15942.5036700377
15942.8109517221
15942.6212603353
15942.9970738508
15942.8595744251
15942.997073814
15943.7336577037
15944.2549982003
15944.5491574908
15943.1351896119
15942.9970738148
15944.1215734466
15943.225239938
15942.643865828
15942.9970738121
15942.9224367312
15944.1022100772
15942.9970738229
15942.9970738177
15942.9970738246
15943.9773732288
15943.0109565692
15942.8487886972
15943.5677574673
15944.4684205123
15942.983697968
15942.9970738594
15944.45663904
15942.6832017277
15942.9970738193
15944.131560345
15942.9970738167
15942.9970736784
15942.6911416582
15943.7838493082
15943.9011800501
15942.6469881478
15942.9970738203
15942.6909499565
15943.0865491023
15944.2492465503
15942.9970738192
15944.2617657204
15942.8254394016
15944.6995153351
15942.7606527639
15944.2767398015
15944.010261447
15943.6694972496
15942.7445370295
15943.9147228184
15944.097099496
15942.9970738238
15942.9970738129
15942.5718891748
15944.0896350181
15943.9838017304
15942.9970738189
15942.9970738203
15942.9293836565
15943.9604142241
15942.760365244
15942.9970738145
15944.4744886096
15944.6762412076
15943.7742394341
15942.8098375144
15942.7277076579
15943.9613861503
15944.2131771741
15944.0809933385
15944.4096487245
15942.7889761983
15942.5815223509
15943.9203091129
15942.9970738176
15942.7261313061
15942.9970738144
15942.5674331035
15944.3713441319
15942.712814132
15942.5795227186
15944.0185441523
15944.0901030963
15942.7361550781
15944.2414871335
15942.8678476577
15943.741502084
15944.4104881384
15942.7610970732
15942.7589129781
15943.1955747091
15943.4334060246
15944.1437202639
15942.9970738183
15942.7340542674
15944.0318516602
15942.5096959226
15944.2559191711
15942.9970738172
15943.2907339545
15942.997073815
15942.5973000785
15942.8284825696
15944.0755100826
15944.004969227
15944.8844579588
15942.9970738161
15943.1418894711
15943.8329369585
15942.5528323465
15943.203152013
15942.6437446648
15943.0637101542
15943.7975010172
15942.5514909507
15943.933674242
15943.2343376926
15942.5812121151
15942.974780862
15942.9970738162
15943.8686426384
15943.1966822971
15944.1064909816
15943.8837770592
15942.9970738176
15942.7841829511
15943.7548333449
15942.5620387958
15943.6367627153
15942.8184731183
15942.9970738115
15943.7801913366
15943.005433079
15942.7484989491
15943.7241911774
15944.1948031126
15943.0880956862
15942.9970738155
15944.2661288872
15942.5829288122
15942.9970738156
15944.3341235961
15942.9970738143
15943.8658696082
15942.5900051758
15944.3755538545
15942.9970738173
15943.7881125504
15943.8699163849
15942.9970738152
15943.2263233847
15942.997073823
15944.9788630593
15942.9970738127
15944.5344162355
15942.7295861419
15943.1142819126
15944.5327696344
15943.1245700219
15942.6765785971
15942.9970738177
15944.2579878746
15944.0782306878
15944.4285119817
15943.2810433862
15942.9970738232
15942.5757525167
15942.9970738102
15943.0992835049
15943.4076206958
15944.1614780506
15942.602159803
15942.7884908912
15942.7109122993
15942.9987132328
15942.9970738147
15942.7027352978
15942.5646486947
15944.3489761195
15942.9970738141
15943.0113148958
15943.0221365791
15942.2893493951
15943.4356782663
15943.9721394933
15943.8675038522
15944.327276106
15942.8656227481
15943.4287609366
15943.6349328755
15942.9970738157
15943.9733452199
15942.7760995811
15944.3629224454
15942.3292237851
15942.6145214411
15942.9970738192
15942.6446549446
15945.008140197
15944.5241043194
15942.9516826876
15944.0821750444
15942.6757671014
15943.8652229023
15942.978836456
15942.9958787752
15942.9970738214
15942.9970738146
15942.9970738145
15944.0996651552
15943.2088718244
15943.2972739689
15943.8578097248
15943.9835908631
15942.6135166135
15944.0567695188
15942.4368233122
15944.4934857411
15942.9970738123
15942.4951147369
15942.9970738164
15943.8368801522
15942.9970738184
15944.3809637118
15944.0476443137
15944.16239532
15942.8167012003
15942.9970738131
15942.9970738229
15942.3709954466
15943.0784908467
15942.9970738148
15944.1404439564
15942.8346450169
15942.606603718
15942.9361546974
15942.9970736895
15943.324831507
15942.9970738162
15942.3841959105
15944.3263251026
15944.5558132902
15943.8140706793
15943.9364419688
15943.0144867097
15943.8685977119
15943.11425992
15943.9724094215
15942.9970738127
15944.4208902034
15943.3102839257
15944.240501357
15942.997073808
15943.2149899234
15944.0289605536
15942.6939308695
15942.9970738134
15942.9970738155
15942.9970738122
15942.9970738362
15944.4738492917
15943.764298891
15943.9962543471
15942.6787032134
15942.9970738166
15942.9970738158
15942.4865351319
15944.1743204278
15944.1619035739
15944.0910930557
15942.7578613061
15942.9970738127
15944.0657231131
15942.5357722691
15943.1991087315
15944.0426597712
15942.8276805549
15942.9958350106
15943.8995395003
15943.9536241839
15942.7196085863
15942.8981069109
15942.5662240185
15942.7244668826
15942.9970738153
15943.8982559529
15943.9462649991
15942.9970738125
15942.9589287346
15943.9773904049
15942.7281865673
15943.9239823438
15943.2122041516
15942.9280009242
15942.6853953205
15942.6101551685
15943.2934721731
15943.6889581944
15943.2049566339
15942.7091530228
15942.6752892006
15943.755622855
15944.3817292191
15942.9970738103
15943.2394951555
15943.7228495565
15942.9970738138
15943.9622391148
15944.0943625587
15943.0300204632
15943.0012178328
15942.997073815
15943.0103111026
15942.7032145507
15944.0007711865
15942.9051725989
15944.0108108779
15942.9970738184
15942.9970738186
15944.2503161488
15942.6887049059
15943.9538242611
15942.5383621584
15942.9970738126
15942.5303281538
15944.3410322756
15943.0617188685
15942.6451084892
15942.6252451225
15943.3384391495
15943.2274966199
15943.0798531248
15943.9329090996
15944.1783401065
15943.3673714962
15942.9970738171
15944.2223613721
15942.9970738155
15944.0816310981
15942.9970738155
15942.6473201607
15942.6131291133
15942.6299470758
15942.9970738141
15944.1070689731
15943.9528167192
15942.9516158894
15943.8492667768
15944.1445367951
15943.9725824078
15944.3722625427
15942.5520646508
15942.9970738163
15944.3623009265
15944.1453054045
15944.4801214854
15942.4250637559
15942.4484865914
15943.2149353501
15944.1619698313
15942.6093696156
