# type 5 occupying volumes
15953.0408440361
15951.6981819243
15951.6808575975
15951.680857594
15953.050554794
15951.6808575939
15951.6808575963
15952.8677836134
15951.9782348765
15951.5257617818
15952.9542374994
15952.8940980305
15951.7962882774
15951.7178174858
15951.9464849321
15951.6808575981
15953.6016032
15951.8021977536
15952.7273123403
15951.6808575965
15952.963178
15952.1224102241
15952.7877380541
15951.6717957447
15952.5624169773
15953.0316684421
15952.7834107506
15952.746433172
15952.0270121913
15951.9922728362
15951.6808576004
15953.5047380294
15953.7536414603
15952.1088358434
15952.2733380574
15951.6808575955
15952.0746936666
15951.9857212467
15951.6808575961
15952.0016028408
15952.047244699
15953.1002173141
15952.0090364839
15951.6808575978
15953.4053230543
15952.1747988238
15953.3683957431
15953.1429731357
15951.8694412363
15952.2252660918
15952.8927945973
15951.9073139754
15953.1347783683
15951.6808575924
15952.9820383229
15952.1100607988
15952.1113459364
15951.9485596913
15952.2476551818
15953.1767732785
15952.0295902261
15953.7591978222
15951.680857593
15953.4033470498
15952.972026185
15952.360714062
15952.8633147564
15952.8675006055
15951.9388077491
15953.2555775091
15952.1972075067
15951.6808575972
15952.09717742
15953.2033451947
15952.1340710789
15952.005528596
15951.6808576031
15952.2365316285
15952.048302032
15951.6808575951
15953.216680942
15953.1805647899
15953.3226408829
15951.6808575942
15953.1395775617
15952.8789956897
15953.5290937562
15951.9648538148
15952.8382663572
15952.7058188423
15952.7738684445
15953.4443589849
15951.6808575966
15953.2493706335
15951.6808575948
15953.198709906
15952.1543784762
15952.1891177371
15953.1772104872
15953.2398320558
15952.159935839
15952.0698730547
15952.7142819836
15952.9624621791
15952.9383827377
15952.0419427894
15951.9373337789
15953.2379109696
15953.0399414552
15953.2101832233
15952.0671533061
15953.2935213324
15951.9393240704
15952.0357803108
15953.3644175813
15952.0148651632
15953.3893826882
15952.1383743842
15951.6808575944
15951.975224379
15953.1549711064
15951.6808575916
15952.136334628
15953.3799174174
15952.7979452477
15952.1217875359
15951.6808576007
15952.0337801527
15951.6808575945
15952.9671010518
15951.6808575939
15952.9392757455
15951.6808576026
15951.6808575944
15952.039041689
15953.1591081038
15952.0372357977
15952.3752697138
15951.9959832573
15953.6939466555
15952.8616616751
15952.0327760601
15952.117370785
15951.9992307061
15953.1663286741
15952.2748818813
15953.1204397673
15953.3442889889
15951.6808576453
15952.0805858805
15953.0106631212
15951.6808575997
15951.9187301795
15953.3753634565
15951.9995731315
15953.5547284077
15952.9603257998
15953.4425551011
15953.1444781306
15951.8047206226
15952.209789386
15951.6808575932
15953.3378366986
15952.920013972
15951.68085759
15953.4025295212
15952.1226278456
15951.680857598
15951.9613128393
15952.0250690611
15951.9143307892
15951.9226324723
15953.3755428136
15951.8287744473
15952.2002307789
15952.8983475648
15952.8863711788
15952.6122832331
15952.0927521618
15951.8422102323
15953.074825618
15952.6666305909
15951.6808575953
15952.0915450303
15953.0405810556
15953.2954645749
15952.8484340243
15952.0343117065
15951.8291155689
15951.6808574759
15952.6742092143
15951.6808575983
15951.3705676631
15952.5174735799
15951.8743482448
15952.8658019069
15951.6808575914
15952.1933002728
15952.4875619631
15953.6234421932
15953.1181888142
15951.6808576002
15952.0554285475
15953.5745836951
15951.9078905121
15952.5878822684
15953.1217159169
15952.2612041762
15952.9675282523
15951.6808576019
15952.213045898
15952.1447749634
15952.2781974158
15953.1475984585
15952.1403581409
15952.1169318776
15953.2796390714
15952.0313679835
15951.9995513419
15953.7999746948
15952.1035741963
15952.2283143424
15951.6808575935
15951.9182058368
15952.0770091248
15952.061375926
15951.6808575989
15953.4803782064
15953.1511909703
15951.6808575953
15953.1810775097
15953.7390919731
15951.6808576002
15951.9409623077
15953.1422297002
15952.0837982511
15952.6442368379
15953.3917986967
15952.075213966
15951.6808575998
15952.1206200731
15952.9914112926
15953.5388120048
15951.6808575969
15952.2793501855
15952.1753795179
15952.1482837575
15952.8748058326
15953.0265181461
15951.8489699021
15951.9454042484
15952.193472706
15952.2935228403
15952.087165435
15953.0563779417
15953.1060016325
15953.0747171367
15953.1533493249
15952.1585752537
15953.278584576
15952.9872060992
15952.327846612
15951.6808575974
15953.5815772274
15953.1047090215
15951.9737859273
15952.1201337878
15952.919479835
15953.2471997768
15953.2125291524
15952.1818692575
15953.013722311
15951.6808575951
15951.916836743
15951.6808575953
15951.8234666957
15953.2583236128
15952.1123317029
15951.6808575944
15951.680857596
15952.062247659
15951.680857596
15951.9909511664
15953.0529530609
15952.0096159721
15951.9202059394
15951.680857591
15951.6808575966
15953.2234969728
15952.3398953421
15952.0766940076
15953.7572889563
15952.0611514062
15952.1328826655
15952.9395764777
15952.0254269235
15952.0296470117
15953.3251943101
15951.6808575965
15951.6808576028
15952.2632120987
15952.0558646437
15951.6808575904
15953.8741629971
15952.1458583685
15951.6808575938
15951.6808576017
15952.3242203519
15952.6345388014
15952.8582317662
15951.6808575939
15952.2362730073
15952.1723010813
15953.113041744
15951.6808575942
15952.0894312882
15952.3370591342
15952.1737349658
15951.6808576047
15951.8893497999
15953.311551418
15953.3606628458
15951.873573811
15952.7950135847
15952.1608678081
15953.4346611746
15952.140411707
15952.6570193283
15953.163083146
15953.2696377893
15952.0007987711
15952.609543112
15952.8791100358
15953.0565693481
15951.9771435467
15951.6808575886
15951.6808575543
15951.6808575965
15951.680857598
15953.1412543658
15951.9036678652
15952.0780172933
15952.0166721391
15953.8149307954
15952.1682088298
15951.6808575949
15951.680857597
15953.104806843
15953.3048209243
15952.2228588649
15951.9678122239
15952.9796387234
15952.0412332851
15952.3361968316
15953.3130835952
15951.6808575934
15953.4608704877
15953.1667976865
15952.245818776
15951.9222115769
15953.4680278166
15951.6808575964
15952.0780780144
15952.1915137102
15951.6808576012
15951.6808575941
15952.1806422466
15952.1564281611
15951.6808575954
15952.1098918666
15952.0791021255
15951.9923460643
15953.0566578036
15951.6808575985
15951.9926702643
15953.0191791624
15951.6808575927
15951.6808575939
15951.6808576003
15951.6808576
15951.9868804802
15953.3737991286
15952.4479514761
15951.6808581285
15951.8510503388
15953.2708570515
15951.6808576036
15951.6808575971
15952.9016811286
15951.989980728
15953.2357039206
15951.680857598
15952.0991358805
15953.0596205557
15952.2183475725
15952.1544524956
15953.4168247087
15952.0516120851
15953.0422519894
15953.1802100541
15951.6808575935
15952.1154591431
15951.6808577005
15952.1537362518
15952.0113520826
15952.0446656406
15953.4476112615
15952.1982307202
15952.1272725129
15951.6808575947
15951.6808575981
15951.9455186766
15952.0691475561
15953.4893495172
15953.0724732326
15952.7044396553
15952.0312026622
15952.7697107002
15953.0701364678
15951.844945872
15953.0340483787
15952.8789614406
15952.162183579
15953.435236726
15952.7641671411
15951.9358555852
15952.7342148235
15953.2942193846
15953.1565614298
15951.9935996783
15952.0406070752
15953.4469543119
15951.6808576007
15951.6808575925
15952.2325213277
15952.9088945132
15951.9002920612
15953.5544062662
15952.1115749523
15951.9892241409
15951.680857592
15951.6808575931
15952.2369920051
15953.1154812679
15951.8522206388
15952.3850778522
15952.3402058133
15952.063055655
15951.6808575941
15951.6808575967
15952.0180789395
15953.2685546605
15953.1995525705
15951.9526394452
15952.3843263024
15951.6808575945
15951.6808576003
15953.1504074719
15952.1511277985
15951.6808576018
15952.0053380432
15951.6808575987
15952.0054391365
15952.157023073
15953.3362068727
15951.6808575335
15953.3439457885
15953.6533851276
15952.0199841426
15953.0347388949
15953.4314811204
15952.0982546482
15953.1706036523
15951.6808576971
15951.9956169715
15952.1732005331
15951.6808576003
15952.3750180864
15951.6808575937
15951.6808575915
15952.1027144674
15953.4931935364
15951.6808575998
15953.098226305
15951.6808575931
15952.0120397527
15952.1120549334
15951.6808575969
15951.9640537447
15953.2021601339
15953.0604150165
15953.4704282147
15951.6808576018
15953.0062552014
15951.680857375
15952.2826704058
15952.1187971109
15952.8030854686
15953.0771282328
15953.2918096597
15953.339082924
15952.7450801132
15953.1915982372
15953.0263185584
15953.2619450397
15952.1274336823
15952.2462258089
15951.6808576363
15951.6808575946
15951.6808575995
15951.9202809166
15953.2705367253
15952.112488698
15951.6808576037
15953.0824299498
15952.74709563
15951.6808577478
15952.0038551129
15952.120710844
15952.0207408029
15953.27721785
15951.6808575963
15951.6808575994
15951.8689139607
15951.8961058639
15951.8489115863
15951.6808575991
15951.6808575918
15951.7674784153
15951.8091804569
15952.0237299418
15952.0007817791
15951.6808575956
15953.3486395734
15953.5792508463
15953.6795793661
15951.6808575986
15953.3914240277
15952.0007507486
15953.2499786768
15953.2694310351
15951.9817998533
15953.3396082885
15953.0038475499
15952.4990164096
15953.0906707592
15952.411071386
15953.0111665052
15953.3927406789
15952.0776471426
15952.2453820002
15951.6808575946
15952.1422076281
15952.1170240749
15952.7785364993
15952.8943328493
15952.766240719
15951.8405399274
15952.8307127738
15951.9255120591
15952.3800424039
15952.1387183082
15952.9421232185
15951.6808575954
15951.6808576012
15951.8845689435
15953.2038001711
15952.3989011513
15952.0311169274
15952.0763380445
15952.0460563103
15952.2520096031
15952.2841082373
15952.9175460348
15952.1527082142
15953.2143464063
15951.6808575992
15951.9727057213
15952.8494090938
15951.9357452475
15953.3408199766
15953.1550824889
15952.0398591664
15951.9047504332
15952.2018018693
15951.6808575937
15951.9933174072
15952.874534046
15952.9183088173
15953.7591067508
15953.1386094226
15951.6808575176
15952.1341641034
15953.0716286822
15951.9386012952
15952.0736415936
15953.1025418633
15951.7972073543
15952.6061040996
15952.6660788781
15951.9525501997
15953.0069175255
15952.1288863672
15951.680857596
15952.9102930167
15951.9763664753
15951.6808575947
15953.2242421531
15952.9033920709
15952.9507005168
15952.2542580128
15952.7402276226
15951.8916854071
15951.680857599
15952.8540290861
15952.8761064512
15952.5505160745
15952.1029453083
15951.6808575951
15952.1979913436
15952.8044967329
15951.8232961564
15952.8202243066
15952.0935670998
15952.0771751795
15953.3455091704
15952.183337086
15953.1620841669
15953.1019872336
15952.0855693304
15951.9546265242
15951.6808575993
15951.6808575905
15953.3597220555
15953.3501180967
15952.0925631586
15951.9924393081
15952.1090811353
15952.9745477516
15951.6808575969
15952.116188068
15953.0817019592
15951.6808575943
15952.1170467543
15952.08098324
15952.725028732
15952.1223799557
15952.7195818597
15951.6808575928
15953.2060731622
15952.0398996299
15952.0479063987
15951.680857598
15951.9968037544
15953.1053772116
15951.9752839297
15952.2182244936
15952.2236004965
15952.8246319197
15952.0137219747
15952.8612395491
15952.7755175328
15953.2703720098
15952.9431763971
15952.3407870927
15952.0009325427
15953.274651048
15951.8432439251
15951.9553109704
15952.0661236734
15952.6605990368
15951.969949782
15952.6745319004
15952.8457639303
15951.8842839668
15953.0501038581
15953.0993483786
15952.0542454809
15953.1106513366
15951.6808575963
15953.0727415747
15951.9988247911
15951.6808575939
15952.0210365842
15953.3353259081
15951.9916422712
15952.9107988063
15951.8921380943
15952.7859977186
15953.0617609952
15952.9042470377
15951.6808575936
15953.4479647406
15953.6487993319
15951.6808575984
15951.6808576628
15952.2203220441
15952.7966834684
15953.018522466
15952.042002708
15951.6808575725
15951.9730383138
15953.121276496
15953.4006149201
15951.6808575962
15953.0545259743
15951.9962646617
15951.9713415257
15951.9494091586
15952.6656475624
15952.9927270459
15951.6808575934
15952.2234559132
15952.7065622317
15952.1321402476
15951.958453954
15952.8964456816
15952.8815922214
15952.0158546419
15953.0978131654
15951.7511957303
15951.9873227742
15952.9127123141
15952.6750755544
15952.8193500234
15952.1214286435
15953.2593881149
15951.9906691276
15953.3830126697
15952.1538356462
15951.6808576019
15953.4887825126
15951.6808575967
15952.1824963955
15953.1153292356
15952.0321166217
15953.0860876432
15952.8729727845
15951.6808575979
15951.9897711985
15953.116288195
15951.6808575958
15952.0554057348
15951.6808575974
15951.9464423708
15952.85421075
15951.9672012467
15953.3226877317
15952.1242964825
15951.8665055767
15951.6808575938
15951.8865555212
15951.6808575957
15952.1244025497
15953.3999188807
15951.8896845289
15952.0664304651
15953.3109554071
15951.6808575916
15951.6808576025
15953.3054718042
15953.0499180428
15951.9497004664
15951.9533635259
15952.9281597999
15951.6808575937
15953.188782113
15953.3316184666
15951.6808575942
15953.1087156116
15952.1475109371
15951.6808576019
15952.7634134592
15953.193385043
15952.9136500996
15953.48360284
15951.6808575939
15952.9296742354
15952.6918086279
15952.7266554459
15951.6808575986
15953.2119038383
15953.196387764
15952.0652223251
15952.6780785796
15951.7832420935
15952.7837420838
15951.6808575931
15952.5742112423
15952.145910722
15952.0415107375
15952.9549897729
15952.5839202163
15951.7060424199
15952.9305509461
15952.590095989
15952.0191045585
15953.0993223625
15952.7909363911
15952.5474251434
15952.5590606702
15951.7031993519
15952.7230494973
15951.8340425903
15952.6556611944
15951.8582730778
15953.4372442061
15951.6808575993
15953.2805716694
15952.2211876281
15952.1137240415
15952.1694971749
15952.085632575
15952.015735597
15952.9800429508
15952.8232191768
15951.6808575987
15952.7933319964
15953.1798772139
15951.6808575954
15952.1533832591
15951.9553686488
15953.0739192955
15953.2471562796
15953.3876287544
15952.2533552358
15951.6808575946
15953.2570377781
15953.2942141327
15951.9754968789
15952.0471871837
15952.2201601863
15951.6808575954
15951.9282212578
15953.3643132246
15952.1672458773
15952.0528739893
15953.4727041668
15952.0707221502
15952.0640966243
15951.6808574322
15951.6808575946
15952.9863366765
15953.1534118214
15953.304333601
15952.0154708571
15953.304448476
15951.6808575974
15951.6808575977
15952.570723863
15951.6808575984
15952.743987817
15951.680857597
15951.6808575985
15953.1348175084
15952.0357342422
15953.1453936504
15953.4096648016
15951.6808575931
15951.9449880391
15952.1258158075
15951.6808575997
15951.6808575992
15951.8897599193
15953.0604416318
15952.9760775334
15951.9219534018
15952.8409294646
15952.1032093246
15951.8240554396
15952.100221199
15953.3056118672
15952.9498560214
15953.0600214939
15952.9975851151
15952.1008886734
15951.8776777407
15951.6808574506
15952.8902865136
15953.0598460568
15952.6171944079
15953.0601764597
15952.0416213173
15952.0938672508
15953.186621806
15951.9546705577
15951.6808575991
15952.0367627734
15951.6808575961
15951.880565635
15952.0601438925
15951.6808575985
15952.1054651746
15951.6808575998
15951.6808576001
15953.5415870823
15951.9100780613
15951.6808575987
15953.1735736747
15953.3284241861
15951.9348752027
15951.9172630795
15953.220665138
15953.2734315372
15953.2159505138
15952.0750783144
15952.051452558
15953.0215550539
15952.157499364
15952.131590807
15953.0476732514
15952.1671819397
15952.1110759506
15952.1261494654
15951.6808575964
15953.7662219861
15953.0632149621
15951.6808575954
15951.8887524698
15952.0012072657
15952.126057316
15951.8044775158
15952.0965007964
15951.9438561214
15951.6808575972
15951.9821802268
15953.4688940403
15952.315543686
15952.0203067389
15951.8281583456
15953.1766721906
15953.1259145299
15952.0218959321
15952.9570819747
15951.6808575984
15952.0551472933
15951.6808575915
15951.8154672591
15951.9499782968
15951.9343244548
15952.1577002336
15953.2561183763
15951.6808575998
15951.6808575821
15952.3805071706
15953.4096270968
15951.958396022
15953.104262239
15951.6808576028
15953.4662757271
15951.6808576243
15951.680857598
15951.680857597
15952.8405569791
15951.6808575946
15953.2246694493
15953.2414728471
15952.012626378
15952.1723475764
15951.6808575988
15952.0371233755
15951.6808576376
15953.0548597487
15952.2194902847
15953.3376645045
15952.0539523973
15951.6808575919
15952.2643854958
15952.8072043434
15951.6808577511
15952.0245580611
15953.39450953
15953.4080909744
15951.8828144933
15953.143887171
15951.6808576003
15952.0940303862
15953.3375132196
15952.0761615188
15951.6808575969
15953.0303149834
15951.6808576013
15952.9692293528
15952.1545196859
15953.5630122104
15952.0229950334
15952.0146872599
15952.0232990044
15951.8531236442
15951.8369884315
15952.1129331553
15951.9719031687
15952.3139337854
15951.680857602
15951.6808575926
15952.7778443441
15951.6808575992
15953.2022981345
15952.7359877617
15953.164782196
15952.1185020578
15952.663609976
15953.1972536088
15952.1031523913
15952.0065634944
15953.1288256143
15953.1828746388
15953.4227158573
15953.345354688
15952.7754108868
15951.6808575965
15952.8449729928
15951.6808575965
15951.9272707271
15951.9002295884
15952.6533349383
15953.2655890724
15952.9743578771
15952.0013945268
15953.0721251828
15951.9509754927
15951.680857652
15953.1722941782
15951.6808576002
15951.9074809722
15951.8065046366
15953.2429600691
15952.2049884114
15952.1400161004
15952.1882849714
15952.1436178709
15952.1222198105
15952.9251025959
15953.0370715165
15953.7293160406
15951.9767876975
15951.842791295
15953.8092461981
15951.6808569331
15951.6808576008
15952.0029154268
15952.0648803355
15952.1834417925
15951.680857599
15952.7236919766
15953.0207483426
15951.6808576024
15951.9480428417
15951.6808575989
15952.1802627536
15953.2024635837
15952.1098553152
15953.1980730287
15951.8268245196
15953.6781361369
15951.6808575948
15953.2764312874
15953.0925528491
15952.323717061
15951.6808575963
15953.013111118
15953.2256337655
15953.1008038297
15953.533939297
15951.6808575996
15952.9627043271
15953.1043610019
15952.2936639758
15952.0857355811
15952.12119632
15951.9034154163
15951.6808575961
15951.6808575957
15953.7246763591
15953.3407930563
15952.9424987487
15951.680857599
15951.9826587934
15952.9274396361
15953.5262457814
15951.6808575938
15951.6808575971
15951.6808575997
15951.6808575926
15951.6808575982
15953.2037468934
15951.9996687945
15953.3038076586
15951.8408861873
15953.0802259443
15951.6808575948
15951.6808575955
15952.9039471446
15953.0805111734
15951.6808575948
15953.3327861796
15952.0585584017
15952.6985016958
15952.9075229712
15951.6808575981
15953.1770989142
15952.021106046
15953.1220641726
15953.1487676604
15952.0001215688
15951.9725103228
15953.1942634032
15951.8470209101
15953.2346559824
15951.9181115258
15952.0241779752
15953.4635211476
15951.8867087129
15951.6808575934
15953.0760482159
15952.7831171851
15954.0339207531
15951.6808576027
15951.6808575964
15952.0851017486
15951.6808575962
15953.1439770088
15951.6808575968
15952.0959863064
15953.0963897514
15952.109910206
15953.190662907
15952.2463489804
15951.6808576009
15951.9376692458
15953.3904087623
15953.3209326974
15951.6808575976
15953.1106401966
15952.0427058085
15952.1505035092
15951.7295846849
15951.680857596
15953.465201369
15952.9464601946
15952.1629570969
15952.1590986857
15953.1788125274
15952.2702948179
15951.8244433473
15952.1322664243
15953.2571930591
15952.0274405556
15951.9792622624
15953.0104693505
15951.6808575931
15951.9693100532
15952.1160533112
15952.4405627542
15953.3618318041
15951.8332031612
15953.5628375486
15952.0644740459
15952.771484963
15953.5071499532
15951.6808575959
15951.9185786185
15952.2364841311
15952.1332680132
15951.9313391302
15953.7174608787
15953.3007330518
15951.9834621177
15952.8684214311
15953.1523837524
15951.6808575962
15951.680857596
15953.0201051891
15953.3676105118
15952.0586173319
15952.5604668566
15951.8407212137
15951.680857593
15953.4677308391
15951.6808575941
15951.6808575967
15953.157226748
15953.3304169791
15951.6808575997
15952.0456311257
15952.1359599649
15952.2629736889
15951.6808575946
15952.178639548
15951.6808576583
15953.0257899033
15952.1306711349
15953.2603524067
15951.6808575983
15953.1527298605
15953.4609093783
15952.9190170096
15953.015171113
15952.0464704368
15953.5452718671
15952.9220310832
15951.6808575984
15952.1567156767
15952.0860400128
15953.2290115073
15952.316046237
15953.2249293468
15952.9735402963
15952.8796802833
15953.6033478584
15953.2718702899
15951.9292529272
15952.8655394964
15951.6808575958
15952.3032623001
15952.0882219565
15952.4768339231
15953.5301719919
15951.7733089656
15952.1390065084
15953.1006104742
15951.6808575884
15953.4574558501
15951.6808575944
15953.3231893519
15951.6808575989
15953.1842863828
15951.6808575968
15953.4498603045
15951.9024438429
15952.3157551745
15952.068912367
15952.0302226544
15952.5836218079
15953.0986457896
15952.7920149413
15953.3609857015
15951.7199183932
15952.0832662132
15951.9665946265
15951.6808575842
15951.9705909016
15951.9884549267
15953.1634052878
15952.0091792044
15952.3029468232
15951.9712306776
15952.0371949425
15951.6808575944
15952.0142623939
15953.5530162851
15953.4649985538
15953.2891314341
15952.7119474654
15952.5947819587
15951.9278757737
15952.857362465
15951.9446565495
15953.2158058198
15951.9605337769
15953.1756019703
15953.3501059992
15953.0921319678
15952.0920704412
15952.3883829148
15952.9286039152
15952.8548442293
15952.9081890739
15951.8687458486
15951.9744390718
15951.680857651
15953.4058957718
15953.1989081617
15951.6808576015
15951.6808575969
15953.0353217668
15953.2589286293
15951.6808575974
15953.233970943
15952.0760518963
15952.8826846845
15951.6808575985
15951.9105995017
15951.680857592
15951.6808575961
15952.1702946756
15953.1288354411
15951.6808575924
15952.0976659302
15953.3541504278
15952.9576866244
15951.6808576286
15952.8868137504
15951.6808576007
15951.8726902758
15952.163267905
15953.0856073586
15951.6808575939
15952.1895437174
15952.1635300309
15952.6746686713
15952.1919682244
15952.9824729572
15953.2477614426
15951.9325717198
15952.2288337166
15951.8166397379
15952.3772819712
15951.6808575972
15953.6785126519
15953.1434397
15951.6808575925
15951.9499539501
15952.0718143772
15951.9149144528
15951.6808575938
15952.9902473518
15952.0908497484
15952.8464478938
15952.5564474316
15951.9213800029
15951.8643987217
15952.9352363536
15953.1775485274
15951.6808576996
15952.4696643818
15951.680857596
15953.1096250741
15951.9845042947
15952.1547923787
15953.6550057542
15953.5583226848
15952.1803860847
15952.0349944228
15951.9584067713
15951.6808575986
15953.3341195257
15953.1453992338
15951.6808575979
15953.4512500619
15952.2725173762
15952.3481124587
15952.1413501782
15951.6808575966
15951.9177199943
15951.6808575947
15951.9388019616
15952.2805444439
15951.9489561646
15952.7918700569
15952.0654536618
15951.6808575945
15951.6808575986
15952.0092963414
15951.6808578616
15953.1130295026
15952.0383506922
15951.6808575955
15951.9235010598
15953.328946412
15951.6808575971
15953.4712615186
15953.0943637779
15951.6808575996
15953.2275155401
15952.9034936771
15953.0890593931
15952.0490355968
15951.6808575946
15952.0455298417
15953.2482112866
15951.6808574482
