# type 2 occupying volumes
15943.9376947762
15942.7335970174
15942.4166166001
15942.6892601075
15943.7132744056
15942.7352286322
15942.7426870834
15943.7132744138
15943.9138438501
15943.7132744148
15943.6903646237
15943.713274413
15942.9576166308
15942.9394503943
15942.5208629559
15942.3736005629
15942.7289568147
15942.3271236989
15943.7132744135
15943.7132744135
15943.7175556409
15942.9186446497
15943.6472652935
15942.7806602962
15943.7132744117
15943.827565921
15943.8404350893
15943.7132744126
15942.4904758984
15942.4532762532
15944.0417930385
15942.1882182594
15944.1299244233
15942.6799894735
15942.7049473694
15942.1342241381
15943.7132743551
15942.8039473456
15942.2468360951
15942.5349255864
15943.1160776701
15942.3643218419
15942.2912979542
15942.6258560477
15943.7132744929
15942.6016167453
15943.9855855738
15943.7132744175
15942.7899342916
15943.7132744185
15943.7132744097
15942.7265522668
15942.1991653725
15942.4647979551
15943.9193390149
15942.7073939412
15942.8145882012
15942.7301452547
15943.7132744139
15943.7132744122
15942.7706289866
15942.695267342
15942.9168407225
15942.5005275826
15943.7132744149
15942.852044213
15943.8109184076
15942.9895259834
15942.6921639497
15943.8921709287
15942.8393470028
15943.7132744124
15942.6976827124
15942.6354662356
15942.1892941902
15943.9528331543
15944.1186568884
15942.9663586595
15942.3599865109
15942.1995985575
15942.4476416595
15943.7132744157
15942.2546684217
15942.1348968727
15942.7043411264
15943.1808638889
15944.0985197506
15942.7428163325
15943.7132744157
15943.840565436
15943.7132744195
15942.1506544802
15942.3458648168
15944.0092908976
15942.7674721111
15943.7132744236
15942.5914704003
15942.8678539493
15944.2467723552
15942.9072691526
15942.6541739928
15942.740234863
15943.9141389898
15942.6692201792
15944.0216139731
15943.7132744196
15943.7132744134
15943.713274419
15942.8890098349
15943.7132744147
15942.8501337207
15943.7132744132
15943.1847136725
15943.0385255381
15943.9526484265
15943.0777018214
15943.7132744146
15942.6651342911
15942.126953312
15942.7137037236
15943.7132744478
15942.4922856402
15942.7285059231
15943.7132744193
15942.855218265
15942.1704045001
15942.5435711809
15942.639847431
15942.1733975392
15943.7132744175
15942.1367872652
15943.7132744122
15943.7957105756
15942.4443960189
15942.8574788605
15943.8725352745
15942.9289572365
15943.7795023666
15942.8059483237
15943.9739847871
15943.713274413
15943.7132744232
15943.8624967707
15942.8231952762
15942.7857174666
15942.7975669246
15943.7132744141
15944.1392031695
15942.4537633031
15943.7132744237
15943.7132744129
15942.398661057
15942.8771566354
15942.8046746024
15942.9401934941
15944.0825641513
15943.7132744113
15943.7132744122
15942.8809217092
15942.8343202572
15942.9145954166
15942.4524974992
15944.1279144272
15943.9295997898
15942.5533565555
15944.0157853667
15942.907864674
15942.567161042
15942.9790670846
15942.9173794073
15942.8821054481
15942.8156092161
15943.9309923988
15942.7660555583
15942.8918882972
15943.9289749588
15942.5288176668
15943.9476262247
15942.5775967216
15943.0297935914
15943.7132744169
15943.9334071791
15942.6805772158
15942.7748949203
15944.1266846617
15944.0584668838
15943.7132744186
15942.8916888653
15943.068780775
15942.4046093008
15943.9030233414
15942.6246200881
15942.9712466506
15943.7132744128
15942.9005804758
15943.9353146605
15942.3744862981
15943.7132744163
15942.5388347201
15942.5082527437
15942.7418026794
15942.5995588644
15942.8638250844
15943.7132744196
15942.715529344
15943.7132744113
15943.6832896758
15942.7607258499
15942.8075103611
15943.0022218612
15943.8934765792
15942.636744651
15943.7132744188
15943.7132744167
15942.9624346803
15943.913987693
15943.9408465555
15942.6406622375
15942.3778997205
15943.7132744147
15942.2383193812
15943.7132744191
15942.6921662409
15943.7132744109
15942.6822507136
15942.8193284049
15942.7915784788
15942.8135776607
15943.6726733688
15942.6037450103
15944.0419537215
15942.7575897079
15942.4609721005
15942.2961238184
15943.7132744141
15942.7768871027
15943.7132744098
15943.7773366812
15943.7132744132
15943.7132744167
15942.282634027
15943.7132744181
15943.7132744195
15942.6239915696
15942.7949457346
15943.9001525801
15942.8760559938
15942.5455595818
15944.0252782322
15943.7132744169
15942.660053342
15942.8714851649
15942.7674715739
15943.8333194666
15943.713274415
15943.8910833689
15943.9777209396
15944.0050444257
15942.8607268811
15943.7132744187
15943.7869719834
15943.7132744303
15942.6510680352
15942.2589885674
15943.8831832786
15942.9297865125
15942.866420696
15943.9016232607
15943.7641249068
15943.7132744187
15942.8161987744
15943.7132744165
15942.6534300029
15943.9351310523
15941.9876607359
15942.4571863844
15942.8176367702
15943.0972411249
15942.8641919245
15942.6350439662
15942.8337542593
15942.4661982768
15944.1913584662
15942.5112569437
15942.6773110566
15942.7630123274
15942.7754183753
15942.4385916175
15943.713274413
15942.6198660555
15942.6667396185
15944.0383688832
15942.8002339351
15942.5925240496
15943.7132744165
15942.7969404725
15943.7132744174
15943.7132744104
15942.0729300302
15942.4578465746
15944.0326239721
15942.9607645182
15942.6276458164
15944.1273185253
15942.8520212102
15942.7588261326
15942.7174443496
15942.736960842
15944.0222873667
15943.713274412
15944.0687462814
15942.6310032525
15943.7132742742
15943.9776404781
15943.9091695947
15942.8904666033
15942.9067235818
15942.6537003252
15943.9509927871
15942.9533797703
15944.0469217625
15943.9173865185
15943.1265721283
15943.7132744192
15942.8015559992
15942.5986044727
15942.7441896293
15943.713274421
15943.9046097953
15943.8361585305
15942.8397270582
15943.7132744194
15943.713274421
15943.8188416909
15942.5074957416
15942.3831070327
15942.2216781262
15943.0439898884
15942.4928506983
15942.7101082718
15943.9461952709
15942.9490617125
15942.3906758625
15943.8343683119
15942.470658827
15942.4548151785
15942.3621467546
15943.9579789132
15943.8605138138
15943.1588764784
15942.6854019855
15942.7040689055
15942.6025095631
15942.6457587195
15944.0531673047
15942.4262668051
15944.0805793707
15943.7132744209
15942.7087005376
15942.4082589197
15943.7132744163
15942.5783185735
15943.8508515675
15943.9914726684
15942.9811050302
15942.3980259861
15943.9504196862
15942.6946110649
15942.4780334985
15942.7707367244
15942.4526120838
15942.1069537732
15942.2052709857
15942.8344453062
15942.473535774
15943.7132744135
15942.8452894146
15943.713274413
15942.142101492
15942.4502469945
15942.5772373036
15944.0012998046
15942.6535231238
15944.1149775395
15942.915983944
15944.0722936602
15942.7358963531
15944.0178422355
15943.7619189024
15943.1045368603
15943.7132744148
15942.8477838726
15943.0116786046
15943.713274416
15943.0116369729
15942.4740716421
15944.090941155
15942.8554107955
15943.7132744229
15943.7132744899
15942.6274795152
15943.9901924121
15942.7342077998
15942.6794296543
15943.1145414491
15942.4614277754
15942.1432924258
15942.7228405988
15943.9508934405
15942.7764772747
15942.5617235863
15942.9116661748
15942.9472374348
15944.0737019003
15943.7132744221
15943.7335930665
15942.8712411108
15942.9643009399
15942.8745390273
15942.8593020539
15943.7132744163
15943.7132744287
15942.8072642309
15943.7132744154
15943.7132744159
15943.0576872451
15943.0150512309
15943.7132744213
15943.0077997747
15942.6652820206
15942.8433220976
15944.0623179173
15942.8227953475
15943.7920245165
15944.1228394553
15944.1284718069
15942.6617591716
15944.0109133475
15942.837253359
15943.7132743842
15943.9719182394
15942.5262982641
15942.7800571401
15942.3653293275
15943.7132744174
15942.7424749918
15943.7968328242
15942.9625036853
15942.5745955292
15942.2526213215
15942.8922872569
15943.713274416
15943.713274416
15942.4416469284
15942.5050231846
15944.0329140674
15942.7783387939
15943.8490797782
15942.8265075133
15942.178545024
15942.7553159123
15942.60712991
15944.0711759245
15942.9043834882
15943.7132744145
15942.6782319485
15942.7263219865
15944.0566982892
15942.6694963121
15943.7132744194
15944.1612057899
15942.690011228
15943.7132744134
15942.3944561195
15943.7132744131
15942.7198069641
15943.7132744199
15943.9917437371
15942.599974614
15942.5374369246
15942.6209937175
15944.1374659039
15942.0128036645
15943.9758412522
15942.2133998825
15943.7132744172
15942.7337923526
15943.7132744144
15942.5733412332
15943.9320233433
15943.7132744178
15943.8107064906
15943.8874393022
15943.8317674286
15942.4463551872
15943.7132743698
15942.7218839214
15942.7196499028
15944.0199534875
15942.6219478508
15942.8420489963
15943.7132743606
15943.7132744169
15943.7132744114
15943.7132744513
15943.9697921546
15942.8020394805
15942.3018964337
15943.7132744169
15942.5550514178
15943.7132744125
15942.8022415643
15943.7132744194
15942.6957450365
15943.7132744119
15943.7132744136
15941.9786789273
15942.8626350972
15942.9322515391
15942.7334972931
15942.7128362131
15943.8921657855
15942.137445085
15942.1039847625
15942.300486387
15942.5542842866
15942.4502226131
15942.1214454756
15942.622342231
15942.1159333441
15942.1549734669
15942.3532864365
15942.3662337923
15943.7132744126
15942.1044247646
15942.7736730371
15942.1337702066
15942.3010213362
15942.69010535
15943.7132744173
15944.0862888176
15942.7072040457
15943.7132744125
15944.0861724772
15942.4447504497
15942.8711734305
15942.9693815017
15942.836481955
15943.7132744205
15942.5673521666
15942.9080834292
15943.7132744157
15943.7132743687
15943.9431971724
15943.8464084746
15943.1457359675
15943.7132744119
15942.7227339909
15942.89829678
15942.8900749263
15942.7671709125
15942.7866337601
15943.7132744195
15943.7132744148
15942.5440867335
15943.0581317711
15943.7132744179
15942.6516864483
15942.4353986656
15942.6992315611
15942.5535424118
15942.8836135795
15942.7269499836
15943.713274413
15942.7875464454
15943.7132744212
15943.7772035097
15943.8660775607
15943.7132744158
15942.9358165366
15944.1283407741
15943.7132744212
15942.692498396
15942.7672938498
15942.2936203586
15943.789375172
15942.6877140035
15942.6187486393
15943.8597753693
15944.0896821432
15943.7132744145
15942.4570058715
15942.8339774141
15943.7908781481
15943.9505444753
15942.8711901153
15943.7562107268
15942.7319273215
15943.1638508976
15943.7339016524
15942.7161673264
15942.7254672564
15942.6914378131
15942.7284330146
15943.7132744263
15942.2640569428
15942.5391292532
15943.7132744084
15943.7132744202
15943.8774387996
15943.8975560608
15943.9294207747
15942.8152279531
15942.3202251271
15943.713274415
15942.4985197006
15942.8625023955
15942.2583656341
15942.4587676913
15942.7742910557
15942.4885043484
15942.8119199332
15943.7132744083
15944.023247448
15942.9179600669
15944.0741426046
15942.8317729224
15942.6112139253
15943.9049764438
15942.3099026228
15942.2362674982
15942.5449849118
15944.07774285
15942.7445071001
15943.7132744175
15942.5863776706
15942.7590372355
15942.9175115012
15944.0790586782
15942.4233187426
15942.6937938677
15943.7132744161
15942.540805431
15942.6856945152
15943.7132744132
15943.7132744098
15942.673049145
15941.8122133474
15942.3319150422
15942.5568502566
15944.0078646612
15943.0303554136
15942.3957156952
15942.3580952701
15943.7132744164
15942.7970539733
15942.8488415151
15942.6638620494
15943.7132744187
15942.7743883598
15944.0179998334
15943.7132744146
15942.7993826051
15943.713274413
15942.97504082
15942.7402082685
15943.7132744131
15942.5294838709
15942.8007163449
15942.3452050358
15943.7132744148
15942.7175140609
15942.9620555652
15942.7921908996
15942.6540706118
15943.8416801635
15942.9798877682
15942.9806992066
15943.8599075885
15942.4208500736
15942.4036544769
15942.5251118441
15942.48764163
15942.708649782
15944.1881334782
15942.973172662
15942.6159523839
15942.9955447737
15943.7132744132
15943.7132744126
15943.063367509
15942.2348707685
15944.0243278939
15942.3954387249
15944.0143315574
15942.3192965108
15942.5804999061
15943.7132744136
15943.7132744128
15942.6411909993
15942.6193041029
15942.8751686988
15943.9792348635
15943.8938405686
15942.4122297354
15943.7132744138
15942.5035822569
15942.9323921341
15942.8225018913
15943.7132744153
15944.0423467258
15942.4477559044
15942.0834118128
15942.5797052929
15942.8809817069
15943.9008209598
15943.8346229734
15943.7132744185
15943.7132744151
15943.7132744145
15942.8044717574
15942.8332148524
15943.8618984381
15943.8687603211
15943.7132744179
15942.3832722761
15942.0390300723
15943.0260623414
15943.8699089048
15943.7132744205
15942.4747047352
15943.8394104474
15942.768943954
15942.7253206876
15943.713274478
15942.9395572531
15944.0418240314
15942.8666408158
15942.0921922977
15942.591716159
15943.7132744178
15942.6317017604
15942.7464971103
15942.1657202343
15942.766492299
15942.9911863915
15943.7132744127
15944.0005613277
15942.7646704855
15942.8973910932
15942.830260505
15942.875345842
15943.7132744172
15943.9527769754
15944.0188359863
15942.8960400328
15943.7132744175
15943.7132744187
15942.3234941102
15942.5196771758
15944.1195176743
15943.7132744188
15943.0146660756
15942.8615082054
15944.0423478899
15942.7463017107
15943.955193641
15944.003571129
15942.5289739376
15943.7132744184
15943.157352854
15943.8731732477
15943.9175862945
15943.8872558693
15943.1070506224
15944.0782291837
15942.6175971002
15943.7132744181
15943.7583976507
15943.030653277
15942.6731856007
15943.9138697183
15943.9387034101
15942.5992786491
15943.7132744251
15942.9866709274
15943.8294774777
15942.747917516
15943.9480051021
15943.0090828093
15942.6215944947
15943.9415002372
15943.7132744178
15942.8897488412
15943.8292250189
15943.7132744138
15942.6980241411
15943.7132744243
15942.5238907253
15943.7132740609
15943.7132744149
15942.7116515121
15942.8454603148
15942.3845438345
15942.693529475
15942.5313729748
15944.0352500924
15942.3087571685
15944.0149509103
15943.0133124303
15942.9010738185
15942.795625379
15942.8750461657
15942.7299849126
15944.0194631457
15942.9229331122
15942.3928624329
15943.7132744141
15942.6013203176
15942.5561681202
15942.560451166
15942.6817330245
15943.7132744249
15943.8041577498
15944.0583398813
15942.7505763783
15942.064633029
15942.5898745413
15944.0953952348
15942.2851637205
15942.5757599211
15942.6673182333
15942.5557981923
15942.8170043439
15942.1314201547
15942.7010845955
15943.7132744161
15943.9439400926
15942.3941902791
15942.5535312659
15942.3325115011
15942.5934187423
15942.6503605348
15942.2115183241
15944.033589682
15942.9141467258
15943.7132744147
15942.2122127056
15943.0624190776
15943.7132744181
15942.805399886
15943.7132743288
15942.5037976636
15942.3917067757
15943.7132744154
15942.4189700219
15944.1475195011
15943.0029706578
15943.7132744196
15942.5687579947
15942.8720279913
15943.713274415
15942.0911820057
15942.1726793828
15944.0423273902
15943.9346781988
15942.9482867993
15942.859957282
15942.827902212
15943.9716706884
15942.7987229065
15943.8703294849
15942.8145108595
15943.7132740434
15943.7132744154
15942.8381574157
15942.557117968
15942.7187189785
15943.7132744136
15943.7132744138
15943.7132744185
15943.8922548914
15942.9683808192
15942.9205981848
15944.1388311015
15942.5232366228
15942.2373192271
15941.9970898459
15942.5638220005
15942.9286594645
15942.3269603206
15942.0443622086
15944.1177113073
15943.9609922276
15943.7132744157
15942.4432570447
15942.4624003961
15942.4835172288
15943.713274416
15943.9845201009
15942.706257282
15943.7132744214
15943.9940193742
15943.7132744126
15943.7132744124
15943.7132744182
15942.6102362615
15943.7132744159
15942.4940730785
15942.689638786
15943.7132744169
15942.8184898759
15942.8218661224
15942.9652798808
15942.921044653
15944.226783688
15942.8473839406
15942.0191574407
15942.5293175286
15943.7132744048
15943.7132744157
15942.8757361525
15942.7109501214
15942.3025740088
15942.0423727019
15942.760850127
15942.829886891
15943.7132744171
15942.7569276571
15942.2329445615
15943.8650752235
15944.0613754988
15942.8295782767
15943.6819973801
15942.2570560867
15942.4351014958
15941.9915889454
15942.5986570724
15942.3617888908
15942.0862571382
15942.84408996
15942.8771265172
15943.7132744166
15941.8728757848
15942.847094986
15942.3445065845
15942.8486206443
15943.713274417
15942.8497416829
15943.8941816238
15942.2531465595
15942.1733184997
15942.1306672496
15943.7132744204
15942.4196168883
15943.9159288954
15943.7132744102
15942.5961633638
15944.072122149
15942.4292269299
15942.8732394692
15942.3262912864
15942.8386184214
15942.7457113946
15943.7132744126
15943.0112282335
15942.3645388009
15943.7132744211
15943.9388073709
15942.7194630087
15942.709299499
15943.9760166407
15943.9642227311
15943.0556142213
15943.7132744173
15943.757314306
15943.8621700146
15943.8618398383
15943.7132744071
15942.7211693317
15943.7132744124
15942.0643203852
15943.7132744109
15943.8949032979
15944.0685124497
15942.5518842345
15943.7132744178
15942.9965834923
15943.7635635691
15943.2432394417
15943.7132744169
15942.9268112759
15943.0142175029
15942.3819141326
15942.3313785114
15943.7132744212
15942.3789389424
15943.7132744127
15943.8928630585
15943.8921377658
15942.940724284
15943.9222893231
15944.0620248313
15942.9314072265
15942.8688504809
15944.1890015944
15943.8362492963
15942.8504059737
15943.7132744132
15943.7132744186
15942.4013825287
15942.6391478916
15942.3523602416
15942.5305467226
15942.6770544551
15943.0622197678
15943.7132744154
15943.7132744126
15943.9901475503
15942.7914922707
15942.9517691875
15942.3153629384
15943.0574253154
15942.9049823616
15942.5122805206
15942.6784706711
15943.8449854962
15942.7176265788
15942.8843587243
15942.8165370094
15943.713274411
15942.6372490273
15942.928465818
15943.7629314299
15944.0330410073
15942.8394259293
15942.6855787666
15943.9568450729
15942.2704889879
15942.7706347775
15943.7602944251
15942.834326088
15942.6554125532
15942.3327581087
15943.7132744124
15943.713274417
15942.3946734099
15942.5209510968
15942.2130266561
15942.7395845009
15943.7132744114
15942.6481189069
15943.7132744233
15942.7712622891
15944.0949817496
15942.3844324108
15943.7132744151
15943.7132744163
15943.7132744153
15942.0512146037
15943.9026203754
15943.8844709133
15942.5896483418
15942.5128901889
15942.6325995116
15943.7231079589
15943.7132744187
15942.7134941546
15943.001444991
15942.8313263728
15943.8532783883
15942.6442362465
15942.6826751621
15944.0746607676
15944.1721717788
15943.713274418
15942.4626960989
15942.2348583229
15943.7132744176
15943.8539828449
15943.7132744124
15943.9085474979
15942.3179098524
15942.3973205964
15942.5077350964
15942.4977397467
15942.2824929183
15942.4004626489
15942.4100045128
15944.054238027
15942.0446108026
15942.2330464236
15943.9335704726
15943.7132744141
15942.3841498986
15943.9227311579
15942.7735752715
15943.7132744057
15944.132177412
15942.2927969715
15942.4991311485
15942.9328665626
15942.7494314691
15943.7132744143
15942.5658160347
15942.3083586283
15943.7132744172
15942.5125029966
15943.854773005
15942.9601053667
15942.772425226
15942.5756327625
15942.1936759615
15942.2916681657
15943.7132744166
15943.713274416
15944.1529106803
15942.2284610522
15942.198195861
15943.7132744168
15942.6203181656
15942.9456571675
15942.4798555548
15942.6299493744
15943.7132744217
15942.7363140427
15943.8055928789
15942.7133918123
15942.4799084879
15942.8837881316
15942.2755629943
15942.7303144604
15942.6595316248
15944.0603246997
15942.8352373022
15943.0880414481
15942.7732048958
15943.7132744158
15941.9712099057
15943.7132744189
15942.7819164053
15942.8571415556
15943.7132744158
15942.8216716132
15942.9647646739
15943.7694571624
15943.9373066103
15942.7894846059
15942.5622276193
15943.8895165962
15942.0874573975
15942.4282534525
15943.9177629006
15942.5006378522
15943.7132744191
15942.2725940665
15943.9000226752
15942.7533400255
15943.7132744612
15943.840173906
15942.9766084501
15942.865489852
15942.2618971642
15941.9050220936
15942.5608815079
15943.8979422308
15942.5556499642
15943.07060915
15944.2040553023
15942.9515280731
15942.3505815656
15942.786598921
15943.7132744187
15943.7132744183
15944.0955185404
15942.8157680856
15942.5800390777
15942.2421627767
15942.7777283508
15942.8279254842
15943.0575071088
15943.7132744273
15942.4408247856
15942.3891008102
15942.8612518459
15942.7833639665
15942.8991842962
15942.0305431233
15942.1751254847
15943.8414410869
15942.8284951421
15942.9776521768
15943.027091532
15941.8930204504
15942.9312949605
15943.7132744134
15943.7132744173
15943.7132744119
15942.4550019155
15942.8372162655
15943.7132744152
15942.9799621387
15943.7132744123
15942.7819256036
15943.7132743202
15942.1269394271
15942.1274492253
15942.6083837168
15942.2081739535
15944.2047465302
15943.9912884804
15943.0375049014
15943.7132744174
15942.4365817222
15943.8902781475
15942.9447230027
15942.8533394469
15942.724023335
15942.2104158505
15942.5363989888
15943.7132744223
15942.9962854527
15942.9482393859
15942.2648306454
15943.7132744126
15942.0879457628
15943.9560463184
15942.3995678895
15944.0674730329
15942.681911628
15942.695574721
15942.6949546691
15943.7132744177
15942.9287323682
15944.0802313664
15943.7132744137
15943.8636440457
15942.8590539746
15942.8274949293
15942.4880888573
15941.6684467881
15942.8254522235
15942.5923152863
15943.7132744178
15942.1173979924
15942.1609341455
15942.8089081355
15942.8307256349
15942.8597164922
15942.6039824528
15943.7132744172
15944.0979735963
15944.1020401752
15943.7686770192
15943.8116977131
15942.8846427424
15943.7656763955
15942.7871477575
15944.0112423615
15942.8975882266
15943.9245106655
15944.054540129
15943.9453815844
15942.8610076497
15942.6234787584
15943.7132744187
15942.9136607837
15943.7132744174
15942.8181792569
15942.7944737441
15942.7387236194
15943.9914697688
15943.7132744159
15943.713274412
15942.466283431
15942.7438297296
15943.9107619355
15942.4320164931
15943.7132744171
15943.713274414
15943.7132744128
15942.4436417511
15942.7003608065
15943.713274408
15942.1640164262
15942.4748016309
15943.7132744159
15942.251476334
15942.8747462928
15943.7132744188
15943.5427628781
15942.454610453
15942.739756561
15942.2823086644
15942.7274378281
15942.7485578879
15943.9968511877
15943.7320093539
15942.8126560398
15942.7503710729
15943.713274462
15942.8634789329
15943.7132744658
15942.7044853034
15942.682815504
15942.5474956501
15942.217996232
15942.4018346813
15943.6284096667
15942.6697987987
15941.9131386428
15942.2338026022
15943.7017918621
15944.0737895811
15942.88748447
15942.7398257173
15943.7132744187
15942.5943967196
15943.7132744137
15943.7132744152
15942.4146405513
15942.7067068431
15942.6590191071
15942.5798381478
15942.3231279159
15943.7132744296
15942.6892901358
15943.4712628029
15942.0386310982
15942.8537469483
15943.7132744165
15944.0282163322
15943.4712628054
15942.2862163137
15942.2936513417
15942.0574798922
15943.7132744471
15943.8944216251
15941.9781836379
15942.0820661614
15942.0474400048
15942.850115344
15942.8918109074
15943.7132744152
15942.4917682778
15942.9148084056
15942.553499008
15943.7132744213
15942.9348443079
15943.7132744149
15942.7791927762
15942.1081920379
15942.5148243364
15942.1873977721
15943.0245438404
15943.9423129763
15943.7132744233
15942.7563741517
15942.3492039903
15944.1284028323
15942.4548557361
15944.022922594
15942.3924689057
15942.8920364697
15944.1159863989
15943.713274413
15943.7132744185
15942.3869817273
15942.2710203286
15942.7835520978
15943.7132744115
15942.2704760728
