# type 2 occupying volumes
15983.6585280255
15984.3536216667
15984.3536216489
15983.049920311
15983.4621107066
15984.6832551989
15984.3536216542
15982.910877477
15983.5302317125
15984.2430673254
15983.4145768188
15984.4652692098
15984.4803662102
15983.3764111296
15982.9489822357
15983.0064721579
15983.0568334982
15982.9119196439
15983.2184357017
15983.5495053011
15984.6107432289
15983.4029967283
15983.3605861554
15983.4672154638
15984.5123916749
15984.3536216475
15983.4384864751
15983.1328046106
15983.2528161282
15984.3536216598
15984.3536215643
15983.4698176615
15982.9817861026
15982.9458538608
15983.5377490565
15982.7286894557
15984.3351856179
15983.2155032637
15984.3536216538
15984.7353139935
15984.4395108516
15983.14010374
15982.4936647991
15982.8192779811
15982.91092503
15982.768753175
15983.0809161588
15984.3536216476
15982.6175740578
15982.8537829912
15983.5240250545
15982.6995315821
15983.2872055229
15984.3536216498
15984.3536216518
15982.7992234417
15984.5447261622
15983.1355559104
15983.6092032982
15984.6229517272
15983.4604053273
15982.7893277293
15984.584221765
15984.3536216477
15984.5281735134
15983.5050546691
15983.5732313882
15983.5077256703
15983.5080511417
15983.5390436604
15984.353621659
15984.3536216393
15983.0148772154
15983.4909363903
15982.834125493
15983.1903212507
15982.9627096212
15983.0853276244
15982.9103910017
15983.1631100866
15984.3536216527
15983.0081002108
15984.7007620147
15982.7524556606
15983.7262899407
15984.6746543631
15983.6258273803
15983.3767957848
15984.5773435943
15984.6944383378
15983.6760415116
15984.8142792057
15983.0593466728
15983.4536753875
15983.2701847283
15982.8561644263
15984.3536216763
15983.0506758638
15983.7964070998
15984.6244012005
15984.7957889275
15983.4143662196
15983.6419676434
15983.5193132393
15983.1491872091
15983.5925791283
15983.4780821808
15984.353621653
15984.353621647
15984.3536216562
15983.0665409874
15983.466466895
15984.7783730146
15983.4879636234
15983.1692557942
15983.0087325902
15983.0162336253
15983.5038013659
15984.3536216502
15982.9295623897
15983.3372111962
15983.6522801895
15983.4012679721
15984.6467998196
15984.6493542684
15983.4925598248
15983.5239902145
15984.4314303955
15983.1354699254
15984.5886431797
15984.702213319
15983.4478237075
15983.6776257781
15983.6031497139
15984.3536216483
15983.3667321851
15984.3536215091
15983.5084073866
15983.4025205623
15983.3220756294
15983.0648812747
15984.353621659
15983.1752574169
15982.9009538018
15984.3536216556
15983.3200927317
15984.3536216451
15983.0993232554
15983.5840142749
15984.353621652
15984.483676243
15983.674780122
15983.6094879028
15983.6335234053
15982.9928457587
15983.4532255337
15984.3536216462
15982.9595288537
15983.4762734125
15983.5390922592
15983.5580089677
15984.5343235966
15984.3984070169
15984.3536216888
15983.3410535676
15983.6752207663
15984.6906741886
15984.3536216454
15984.3536216578
15984.6438217832
15984.3753657611
15983.3257162138
15984.3536216511
15983.1673193521
15983.6115097633
15983.6413042004
15983.1087165017
15984.4854713009
15984.3536216564
15983.560693423
15984.3632260491
15983.3310317582
15983.6374198986
15984.4275892981
15983.5962097416
15984.6342816947
15983.4763763327
15984.4600947896
15984.3536216493
15984.6025801954
15984.2372248623
15983.6127074189
15983.3747002798
15984.3774152012
15983.5427758408
15984.4144116392
15983.3339781541
15984.3536216512
15984.3536216776
15983.0279655436
15984.419249328
15983.312946282
15984.3536216547
15984.5018532015
15984.3536216595
15983.5013542869
15983.0101291176
15984.3536216489
15983.3093713424
15984.65708493
15983.0352814692
15982.6571678587
15982.963350741
15984.3536216548
15983.1557391894
15984.725914902
15983.1471632537
15984.3536216478
15984.3536216536
15983.2113719571
15984.3536216504
15982.9085261975
15983.4074782812
15984.3536216531
15982.7889110006
15982.7800760266
15983.1158525901
15984.3536216379
15983.4766298172
15982.7935948875
15984.3536216437
15982.9538228371
15983.4147606459
15983.5828947971
15984.5879558902
15984.3461785632
15984.5769506473
15983.5672222434
15984.4706925513
15983.1442744287
15982.8697951444
15983.3845380073
15982.5763110739
15983.6436641189
15984.3536216565
15983.2669078019
15982.7634008999
15983.7157385578
15983.0191903412
15984.3536216514
15982.9214881288
15984.3536216559
15984.4270050879
15984.7320868091
15984.3536216488
15984.3536216465
15984.626120474
15982.5449814998
15984.7094649083
15984.353621335
15982.9067811343
15983.2308532892
15983.1860751154
15982.8714040525
15983.0968847791
15984.3536216417
15984.3536216489
15982.9504384427
15982.7663938661
15983.0580075724
15984.3536216576
15983.4440066415
15984.5110071834
15983.3667194892
15984.3536216474
15983.1255754928
15983.0965458599
15984.3536216473
15982.3962884188
15982.3851601232
15983.5940583189
15983.3068764765
15983.6733800594
15984.4776454495
15984.3536215203
15984.3536216451
15984.3536216524
15983.3221144706
15984.6295324976
15983.1076242948
15984.3536216584
15983.3485421713
15982.7694799113
15984.3536216503
15983.7035934473
15984.3536216511
15984.3536216438
15984.3536216607
15982.9886054154
15984.353621647
15982.8988313535
15983.4217675174
15984.3536216504
15984.3471082837
15983.2720679824
15983.495276857
15982.8737924868
15983.3682323777
15983.5033145423
15984.5495760063
15983.3218731857
15982.900269276
15983.2326948636
15984.3536216505
15983.4276514228
15984.353621655
15983.0732099932
15984.8391039893
15984.3536216491
15983.5798378866
15984.7029669313
15982.5940854798
15984.3536216482
15983.4127753529
15983.3660108772
15984.3910463877
15984.3536216591
15983.0261539482
15983.4562574868
15984.3536216484
15984.3536216557
15983.1749925418
15982.7350830791
15983.0741606512
15983.5194905314
15984.3536216559
15984.5291066099
15984.3536216545
15983.5837548338
15983.4591492322
15983.3913969024
15983.2182647484
15983.1056738457
15982.8795670868
15982.5158005252
15984.816541757
15983.0379104579
15983.0910239988
15984.5148964569
15984.5132838829
15983.0340114169
15983.0691652683
15982.6750890268
15984.3536216455
15983.4388501872
15983.2649023761
15984.8142678681
15983.5479724337
15983.1339924688
15982.3284996728
15983.3389948818
15984.7077870068
15984.353621651
15984.3536216621
15984.3536218771
15984.5613589228
15984.727170235
15984.3536216536
15983.2728509247
15983.1524598458
15982.8025002636
15984.3536216462
15984.3536216547
15983.4830591799
15984.5947176971
15983.4069509694
15984.3536216618
15983.52330991
15983.0680604736
15984.353621653
15984.4734845415
15982.7460621574
15983.4052037554
15983.4716003649
15984.6604292173
15984.353621779
15984.2517533778
15983.3880378415
15984.3536216607
15983.5829588231
15984.2832721428
15983.5042314438
15983.2134326643
15982.8680527817
15983.1579869465
15984.3536216436
15983.4161480124
15984.653559965
15984.5681497721
15983.4030911823
15983.0579444245
15983.5143892165
15984.6585576162
15983.5916711549
15983.5361996876
15984.3536216405
15984.3536216513
15984.3536216394
15982.9302679133
15983.1246673701
15984.5310022168
15983.4931353774
15983.4058887393
15984.415289787
15984.4076854252
15983.1980583637
15984.7788676307
15984.6117911243
15983.1245211958
15982.9831717194
15983.0187896982
15983.3863455377
15984.2766593498
15983.6571941625
15984.3536216515
15983.0388914676
15982.9682768003
15983.4737110262
15983.4529622977
15982.6861854303
15983.014338885
15984.3536216561
15984.3536216452
15984.5940874594
15984.3536216568
15983.2844928375
15983.1453069734
15983.1355061445
15983.4920702439
15983.5198336493
15982.5420423202
15982.5997325349
15983.4414635424
15982.6895279589
15984.3536216443
15982.6809579089
15982.9518024222
15984.353621652
15982.8959784972
15982.9352278506
15982.4896627438
15982.4877275798
15983.093583991
15983.2257867767
15982.8541398123
15983.1013969833
15984.3536216539
15982.8330998962
15983.217418701
15983.0673785968
15982.8547717965
15982.9838517304
15983.1993653023
15982.6855009238
15983.1139814087
15984.353621647
15984.3536216532
15982.6560374195
15983.0458071982
15982.832210609
15983.1160448686
15982.6456460668
15983.0847655258
15984.3536216518
15984.3536216585
15982.6573731517
15982.838853321
15983.0531715027
15982.7343148799
15982.7970512126
15983.0187265771
15982.9179814993
15982.9347501736
15983.1943644811
15982.6490475768
15982.8249457798
15983.4375558936
15982.8129883007
15982.731336516
15982.6522029893
15982.6496917198
15982.6509412219
15982.4952282357
15983.0667827657
15982.8040806083
15982.9176393261
15982.8525366768
15984.526242774
15983.6767407388
15984.3536216495
15982.773264032
15983.0451440487
15983.453328199
15982.7952374078
15982.9805048866
15982.946030149
15982.7881030014
15982.9004851035
15983.0192325558
15982.4765384208
15982.9190136956
15983.193817852
15982.8026207444
15983.042658068
15983.0133139114
15984.353621643
15983.3141078796
15982.9733843208
15983.4971461357
15984.3536216483
15984.3536216565
15984.3536216605
15983.3953914402
15984.3536216523
15984.3536216548
15984.5154214868
15982.5868538326
15984.3536216428
15983.0402459686
15983.0666476122
15982.6005505096
15982.6793909277
15984.5091850782
15983.4134232854
15983.3917545337
15983.4962599171
15982.9493384371
15983.0572468213
15982.9995583753
15983.6082831504
15984.3536216521
15984.3752225933
15984.5315318965
15982.7572820746
15983.0617919826
15983.3394109187
15983.2042359332
15984.3536216454
15984.3536216375
15982.9608578149
15983.6307167592
15984.5973455149
15983.185016759
15983.2223935418
15984.3536216596
15983.202844664
15984.1657485031
15983.2104518664
15983.3359344934
15984.3536216486
15983.3709068596
15984.3536216578
15984.3536216519
15984.3536216552
15984.6567435045
15984.4780222333
15984.5137858593
15983.3810916859
15984.353621737
15983.2441360801
15984.5089364067
15984.4585652251
15984.3538707866
15983.5619524936
15984.6665076147
15983.2634395313
15983.2549895254
15983.1154871401
15983.2095427832
15984.6145696764
15983.1318778564
15984.3536216519
15984.3536216096
15982.9880725776
15984.3536216522
15983.2276637115
15984.3536216691
15982.4743452106
15983.5251218717
15983.6776738432
15983.6041740995
15983.9268728208
15983.0146585942
15984.6373696676
15983.0300496847
15984.3536216488
15983.3651804395
15984.3536216572
15982.6539704181
15984.3536216569
15983.1970935423
15984.5510953749
15984.6135266147
15983.1682831302
15983.1180042386
15983.376476784
15983.8730050287
15983.3258408391
15983.3835982192
15983.0418099761
15984.6223180625
15983.0014552545
15983.1901262602
15984.3536216455
15984.832248834
15982.7323304784
15984.6754102526
15983.7583345804
15983.047619963
15984.3536216589
15983.5160380577
15984.3536216571
15984.610051604
15982.72588847
15984.7787892891
15982.7899932681
15982.9930006197
15982.7041914995
15982.6689292294
15983.2144311269
15983.0479124758
15983.4548240443
15984.3536216496
15983.3820291845
15983.4368065068
15983.3896935014
15983.0128262583
15984.3536216428
15982.4092531917
15984.3536216383
15983.0705360557
15983.1868966164
15984.8522482283
15984.4550745435
15983.541228058
15983.5232167431
15982.4822788074
15983.6356258528
15983.155769669
15984.6403800915
15982.8153705291
15983.0506900922
15984.3536216507
15983.0253245389
15984.5829562615
15984.3536216488
15982.4036566391
15982.5331295041
15983.0830469469
15984.3536216496
15984.6048893511
15983.3200098918
15982.9746053067
15984.353621687
15984.3536216521
15984.3536216541
15984.4470628829
15984.8565926459
15983.694125161
15984.3536216538
15984.5902278652
15982.2494374737
15983.4801623551
15984.353621639
15983.5612426776
15983.528139987
15983.0676295093
15983.3216505547
15984.4654558956
15983.1113358661
15983.5154929251
15983.1283259042
15984.3536216413
15983.3086201608
15983.3572006079
15984.6142809977
15984.3536216592
15983.4154397214
15983.3775506019
15984.353621649
15983.3223319355
15984.3536216527
15984.3397014715
15983.2480855085
15984.3536216496
15984.191386797
15983.3991251074
15984.5380423327
15984.3536216563
15983.2729081287
15984.5673035504
15984.4687300467
15983.4702851929
15983.5772032988
15984.3936757695
15984.3536216515
15983.3995113337
15984.3536216534
15983.4750647025
15983.4885137015
15984.557146493
15983.2385246783
15984.3536213894
15984.4933269991
15984.5280528126
15983.5782833255
15983.5297028571
15984.3536216509
15983.4036075251
15983.0839132819
15983.488663923
15984.4232435421
15984.4972806522
15984.3536216379
15983.3763075994
15984.4563870439
15983.8431619165
15984.5479118383
15983.1019791077
15984.3536216535
15983.5333712626
15983.5227633612
15982.8664394408
15984.611423345
15984.3536216567
15984.5201298679
15983.4394577101
15983.1869967143
15983.5833978259
15982.8851931474
15984.3536216408
15984.3536216508
15983.008784638
15984.3536216499
15984.6452417914
15982.7851960587
15984.3536216569
15983.0708763116
15984.3536216513
15983.1400208622
15984.3536216309
15983.0007413432
15983.4223132089
15984.4138273447
15984.3536218899
15983.5576957703
15982.7268746341
15984.3536216534
15983.3425707338
15984.3536216527
15983.3215117353
15984.3536216496
15983.2558354236
15983.5947322533
15983.6072565967
15983.6573524696
15983.5694650973
15983.2720678116
15983.6125929051
15984.3536216548
15983.0161929834
15984.6224015286
15984.3536216486
15983.5016157575
15984.6161512106
15983.2584746505
15983.2654037947
15983.2163115013
15984.3536216474
15984.5812095693
15984.5803613912
15983.5429398625
15984.4460973083
15983.4978649892
15983.1305811192
15982.8622856491
15984.3536216606
15982.8663577773
15983.6766053607
15983.021581914
15984.353621653
15984.3536216439
15983.6309675078
15983.6352745704
15984.5471367585
15984.6579937143
15984.3536216466
15984.3536216417
15983.0854068592
15983.5189855382
15984.3536216523
15983.4655531154
15983.3572390966
15984.3536216501
15983.5200096784
15984.4972582616
15984.5509321377
15984.496301133
15984.3536216447
15982.8294846084
15982.4921652553
15983.0578104973
15984.5758869089
15984.4730254008
15983.6027013741
15983.4896809795
15984.3581490858
15983.4769298993
15984.6062593298
15983.3847016258
15984.3536216317
15982.9885270496
15983.0521585944
15984.5177386962
15982.9677278449
15984.3536216489
15984.3900201711
15984.5111293562
15983.5346292161
15983.6008076865
15982.9749488486
15983.2183977987
15982.8323903697
15983.2914926828
15983.4608768955
15983.7068267542
15984.353621676
15983.4596393114
15984.353621644
15983.5725515035
15983.4391046376
15983.4744799869
15984.4953048565
15983.4123749468
15984.5262260629
15983.4143401158
15984.3536216462
15984.5811772085
15984.353621653
15984.6555677878
15983.3843670291
15983.1480516585
15984.5092241066
15984.3536216492
15984.5719876666
15983.5604998907
15984.4252660536
15984.3536216289
15983.1666291587
15984.5593599932
15984.3536216514
15983.4825848392
15984.4484578231
15983.2670390406
15984.5698023328
15984.5653988948
15984.4749429091
15983.7560899772
15984.3536216537
15984.5493325617
15983.5832626122
15983.5435893065
15984.6375797393
15983.5842401101
15983.5708510732
15984.4958662414
15984.3149722025
15984.5820165043
15984.456415839
15983.325803109
15984.7293761259
15983.5250036574
15984.630391024
15984.6739930017
15983.6134698598
15984.3536216406
15983.6705130163
15983.5151439782
15984.4832013445
15983.4447582903
15983.4552530265
15984.4747851195
15984.5576896931
15984.3536216592
15983.1445489383
15982.9251390868
15983.3032688986
15984.3536208954
15984.3700936533
15983.5914838235
15984.5108762296
15984.3536216511
15982.9520221634
15984.5872931468
15983.2460578061
15983.583704493
15983.5656132714
15984.5390606411
15984.6476431054
15984.3536216554
15983.0861029466
15983.1598541741
15984.6334215325
15983.3097533464
15982.5317452401
15984.6448261843
15984.3536216579
15983.4981276861
15984.3536216496
15983.350654565
15984.353621648
15982.8923146335
15984.3536216465
15983.4334402775
15982.7923238077
15983.0357606975
15983.1679015163
15984.694426882
15983.1764734359
15982.9945150809
15983.5281554191
15984.4806932949
15984.3848188972
15983.4933949124
15983.3942105132
15983.1441781933
15984.2941231928
15983.5016196779
15983.090790285
15984.829829233
15984.5845932206
15983.1808688535
15983.1210782801
15984.3536216518
15984.445075067
15982.8043040446
15984.3536216548
15984.3536216483
15984.6058443723
15984.6675304156
15983.3781131711
15983.6701718439
15984.353621648
15983.597167373
15983.6628392343
15984.519976641
15983.4360659337
15984.3536216664
15983.4331220905
15984.654025292
15984.4412635823
15983.611737268
15982.9596936553
15983.2246658253
15984.2351648199
15983.4187110968
15984.3536216424
15983.1551539911
15984.4914718756
15984.3536216529
15983.3382068046
15983.6219231953
15983.1624445919
15984.5381317848
15984.3536216528
15983.0627554374
15983.3546348813
15984.338397942
15984.3536216505
15984.475897954
15984.6743123519
15983.1258071353
15984.3536216569
15983.5415185578
15984.3536216693
15983.4231594926
15984.391490455
15983.4884160856
15984.733671447
15983.6084243767
15984.3536216585
15984.6046923153
15983.1668442618
15983.570262334
15984.5929608494
15983.5391983054
15983.5934906119
15983.4689765471
15983.6183737179
15983.7338469007
15983.3621428385
15983.4677098134
15984.3536216483
15984.5237856661
15982.9732464567
15984.4846969801
15984.3536216519
15983.6593516647
15984.3536216495
15983.5692951453
15983.2504426404
15984.7145030057
15983.7027627447
15983.1279431283
15984.6778826069
15984.3536216521
15983.4965453227
15983.1755810788
15984.3948523159
15984.4393732722
15984.3536216527
15983.3214199874
15983.1648411353
15983.1647564243
15982.7864870326
15984.3536216457
15984.3536216481
15984.4771634446
15983.4337266135
15982.4031824516
15984.353621638
15983.2590858559
15983.3706685268
15983.450011462
15982.9326395958
15984.3536216643
15982.9542669006
15983.314440464
15982.9247453342
15984.3536216471
15983.2319292819
15982.3521832003
15983.2417935494
15983.2520881372
15984.3536216839
15982.4943278905
15982.9029683262
15983.1525319261
15982.7653985402
15982.6746127942
15984.3536217505
15984.3536216659
15982.6999252246
15984.3536216556
15982.8522455591
15982.7829741937
15982.4913511995
15984.353621642
15984.7596122316
15984.5876920005
15983.3722957927
15982.7831531693
15982.5670235212
15984.3536216545
15983.3320380206
15983.568063928
15983.6487939027
15982.9228777049
15983.0063772094
15983.299951569
15982.9733850558
15984.3536216604
15982.9139992407
15982.916630549
15982.5435795205
15982.8893141009
15984.744523505
15983.233796312
15982.9596723472
15982.9489566572
15983.0325642096
15982.957925312
15982.7298503311
15982.8771749087
15983.1860481385
15983.6567897256
15982.825457246
15984.5854687932
15982.6375711157
15983.0340257191
15983.1447234772
15984.6676941068
15984.3536216527
15984.3536216445
15984.7420852502
15983.0740637228
15983.4024953738
15982.8089174211
15982.594896104
15982.5898499118
15983.2644785798
15982.6356582899
15984.3536216873
15983.1883722219
15984.3536216499
15983.1124521057
15982.6624677601
15982.6575600755
15984.8898627631
15982.7960506462
15983.067084267
15982.7616655952
15982.9049688828
15983.3750519423
15984.7729409148
15984.3536216465
15984.6276374572
15982.9849056447
15984.7095118256
15984.3536216597
15982.9274080718
15984.3536216566
15983.2163915049
15982.8702054828
15983.2168148065
15983.4198511997
15983.1500575677
15983.5554977537
15983.5990609018
15984.2842355914
15982.9302983951
15983.4084287742
15984.824059753
15984.3536216578
15984.3536216584
15984.3536216523
15983.0102683322
15982.861043686
15982.9074674945
15984.6459557432
15984.3536216503
15984.3536216445
15984.8023438908
15983.4500451806
15983.6588736877
15983.6663036677
15983.4492300844
15984.353621641
15983.2997725559
15982.9734053212
15982.8098187648
15983.5140111797
15983.387482942
15982.4303662856
15984.4782131708
15983.3768576448
15983.5737375653
15984.3536216574
15984.4910928999
15984.5633350784
15983.4638965069
15984.4865580237
15984.353621658
15984.8695490011
15984.72034695
15983.3586310663
15984.3536216551
15983.5878189383
15983.6852189758
15983.2121248263
15983.5102245345
15983.5520250323
15983.6502039176
15982.8320324931
15983.080094331
15983.2069608359
15984.5445568432
15983.4901118058
15983.6985633357
15984.614731941
15983.0576300788
15983.1089179776
15983.2064145067
15983.012172371
15984.4768317922
15983.6639264493
15984.3536216521
15984.7485840319
15982.9025536337
15984.3536216465
15982.93802806
15984.5491413738
15984.4335718566
15982.7493408588
15982.9049255578
15984.3536216572
15983.648676454
15982.5484775522
15984.3536216494
15982.9760579324
15983.3117750165
15984.3536216452
15983.6455589792
15983.5108042029
15982.6948344588
15982.6430268114
15982.5908941778
15982.6279091218
15983.192179789
15982.7067635713
15982.9619869042
15984.353621635
15984.3536216533
15983.0451517833
15984.5967025628
15984.6146920809
15984.6808459714
15984.5979529881
15982.8612413751
15982.715580893
15983.1792054392
15983.1287490166
15982.9655948085
15983.5466950953
15983.0937320389
15983.234697901
15982.7996507048
15983.3509401324
15982.7390543291
15982.7732860948
15984.3536216522
15982.9336913072
15983.074651711
15984.4539759511
15984.3536216478
15984.353621646
15983.0499428162
15984.3536216382
15984.3536216404
15984.4982773311
15983.4941333137
15983.5586166794
15982.951284327
15984.627294837
15983.3826273849
15983.2433948665
15983.2539329994
15984.3536216421
15984.3536217043
15982.9643673101
15983.1631213047
15982.6513228327
15984.3536216569
15983.4974891978
15984.3536216399
15984.4478021482
15984.6148804354
15983.4228222815
15984.5596829499
15984.6820343355
15984.4546680982
15984.4730330612
15983.4193116435
15984.3536216504
15984.4920579316
15983.5183480489
15984.3923876585
15983.0324688362
15984.353621653
15984.3536216597
15983.2237981531
15983.0503059904
15984.6041971194
15983.4636054052
15984.3536216399
15983.1540973267
15983.0549354886
15983.460873602
15984.3536216543
15983.3889307503
15984.3536216496
15983.4488371071
15984.6869010905
15984.4338649023
15984.6788285385
15984.5501198998
15983.4992177192
15983.313476216
15982.7584557765
15983.0861751213
15984.3536216406
15984.353621655
15983.3222175555
15983.1514372379
15983.4982715427
15983.4712166856
15982.799906856
15984.3536216399
15984.7002585894
15983.2938237652
15984.5044421789
15982.9726040352
15982.835148232
15984.7369639511
15983.1107546068
15984.3536216485
15984.3536216554
15983.2524568846
15983.3541682949
15983.0800918248
15983.5536809348
15983.0892078723
15984.485999823
15983.3437332431
15983.0739798287
15983.5807734376
15983.6369701759
15982.9761258588
15984.924007319
15983.2863081847
15983.2174809253
15984.3536216522
15984.5165163317
15984.4931166029
15983.5117516859
15984.4729063414
15984.353621653
15984.3536216652
15984.7474228363
15983.1753918833
15982.4643573239
15982.998930732
15984.3586188988
15983.3485844478
15983.0513868555
15983.1540348378
15983.401085739
15983.4563812464
15984.4054775226
15984.6368460402
15983.0372622692
15982.9106175536
15984.6144593235
15983.317845813
15982.8799574344
15984.3536216489
15984.3536216661
15983.4568404615
15984.3536216463
15984.4282235343
15983.584052018
15982.4509877179
15982.7205411778
15984.3536216435
15984.5937168486
15984.3536216547
15983.4699533392
15982.8855775296
15984.353621661
15982.5952642579
15983.2070029479
15984.3536216482
15982.9297393287
15982.8597985616
15984.5507791573
15984.424640823
15983.6996648622
15983.4514096001
15984.3536216526
15983.3526403607
15983.5002354849
15983.5225740996
