# type 3 occupying volumes
15966.8375575095
15967.11399592
15966.5188486512
15967.1139959128
15968.2456465556
15966.6531287006
15967.1139959166
15968.1113538892
15968.2308346985
15966.7806300663
15967.7579686612
15968.1677041864
15968.305162397
15967.7146096609
15966.4781354747
15967.066931569
15967.113995933
15968.2262520589
15968.4285876496
15966.7324688177
15967.9150472237
15967.167668097
15968.1972369128
15966.6245109934
15967.6546005434
15967.9972387607
15968.0477723315
15967.9908872341
15967.1139959188
15967.1139959106
15966.6323945798
15968.3366726467
15968.8140499412
15967.1082902439
15968.4970038762
15966.6802853451
15966.844332159
15967.0168016
15967.0279403539
15966.7147208603
15967.0932092634
15968.4166876364
15966.971546649
15966.6841934718
15968.507671695
15967.1139959168
15968.1472727993
15968.4657424732
15967.1139959242
15967.1139959181
15966.9569313427
15966.9972335859
15968.3729583808
15966.616134365
15967.9900819783
15967.1139960396
15967.7803101234
15967.1139959139
15967.1139959124
15968.0542157166
15967.1139959228
15967.1139959243
15968.0789416894
15967.113995918
15968.0079067221
15967.0560717316
15968.0329050524
15967.1139959093
15968.129952064
15967.1139958244
15967.0125683307
15966.6995615688
15967.1139959257
15968.4205327492
15967.113995911
15966.8209029395
15966.8354775521
15967.1139959274
15967.1139959168
15966.7811899296
15968.5843715628
15968.10584873
15967.1139959242
15967.1139959146
15968.3453076081
15966.7708264749
15968.0552520252
15968.2851751104
15966.6957778186
15967.9051313231
15968.1204032439
15968.7610956894
15966.9733017731
15968.6052852252
15968.2894831394
15966.6936890198
15967.113995919
15968.2614433221
15968.1668008152
15967.0134161543
15967.8035818322
15966.9060307625
15967.8641009738
15968.0356834486
15966.7285916457
15967.2162646119
15968.1322089355
15968.4349072643
15967.8217891126
15968.3546461372
15967.1139959168
15968.0286888575
15967.9394662342
15968.2977997869
15968.2837254275
15967.1910064661
15967.8789318569
15967.0926034166
15966.5696363062
15967.1139959199
15967.8215704556
15966.6513403792
15967.9274006831
15968.3110182721
15968.1026509136
15966.6226798498
15967.113995912
15968.1807776977
15966.7074853175
15968.3036184583
15966.6242651579
15968.3743991978
15967.1139959217
15967.1139959347
15966.654047725
15968.2022342202
15967.2187736477
15968.0257773798
15967.3607671585
15967.193690784
15968.3292173319
15967.1139959183
15967.1139959147
15967.1139959184
15967.2849311101
15968.3202525213
15968.4353719601
15968.8340989466
15967.1139959234
15967.1139959125
15968.2889523736
15966.7131335383
15968.6894375234
15967.4586483769
15967.1139959117
15968.4160324256
15966.8227412616
15967.1139959161
15966.989587825
15968.2351047232
15966.8663013
15966.8345149871
15968.4881801856
15967.1139959175
15966.5186951622
15966.9908296269
15967.1139959145
15966.7226866598
15968.0249425164
15967.0877417266
15967.0754015423
15967.2474974094
15968.3232041921
15967.0783288913
15967.1560949613
15967.8940627241
15968.4537044856
15968.0992550473
15968.0444336655
15966.7450128459
15967.1139959109
15966.7120768281
15967.9559060737
15966.9615791058
15967.1139959154
15967.9016363253
15968.281288199
15967.1139959127
15968.163226926
15967.8830594785
15968.1575983921
15967.1291983095
15967.1021111518
15968.2404444029
15968.1540140453
15967.2565065068
15968.2976919595
15967.113995913
15967.1139959234
15968.5724079841
15968.1720509735
15967.9211290043
15967.1139959477
15968.7097815028
15967.8395202718
15967.80041785
15967.9544723709
15967.1139959187
15968.095911836
15967.8203235815
15967.1139959233
15967.1139959143
15968.5433353028
15967.113995923
15968.5693095369
15966.7582291947
15968.2174689763
15967.1139959173
15966.7035379269
15968.7094369931
15967.1139959259
15967.1139959225
15967.0373300897
15967.1139959167
15968.393936558
15966.8007411479
15967.1877291027
15968.1387258556
15968.3210929371
15966.6542806057
15968.5073330494
15968.64091901
15966.58406661
15967.1139959185
15966.6355350058
15967.212284363
15966.7599581204
15966.9468960452
15967.1139959117
15967.1322266368
15967.1139959187
15968.2046366662
15968.4689327768
15966.7384757804
15966.8943593494
15968.3259603626
15968.1453768166
15967.7606828928
15968.3187889651
15966.8060710368
15967.1139959115
15967.1139960238
15968.1432619935
15966.8404153882
15968.2764547385
15968.0301108591
15967.7392918549
15967.1327519848
15967.0787869036
15968.2630014932
15968.3538723351
15968.1273996669
15966.6843935233
15968.208499534
15968.235741469
15966.6540954287
15968.3491950431
15967.1139959172
15968.1279376219
15967.1139959137
15968.155696
15966.5122743826
15966.5486579618
15967.1139959183
15966.9587727901
15968.4994987532
15968.2147880989
15968.260857957
15968.5996677693
15967.1139959188
15968.2359018639
15967.1139959156
15967.1139959188
15968.3323401203
15967.1139959124
15967.1139959163
15968.29494268
15966.616607699
15967.3173009495
15967.1139959183
15967.1139959132
15966.7988093062
15968.3495709215
15968.2980107709
15968.2336222002
15966.9720578148
15968.3491830601
15967.1139959088
15966.5272665263
15968.5781696056
15967.1139959103
15966.667024862
15966.7600701638
15968.9071987524
15967.1139959239
15966.7565394427
15966.7237798625
15967.2697982179
15967.9427364036
15968.1876894096
15966.7293420526
15967.0918536318
15968.1138847416
15967.993973597
15968.2406535195
15966.8967305984
15967.1139959222
15967.1139959145
15967.9795676339
15967.821272064
15968.5408188099
15968.247796051
15966.9658015469
15966.6496354858
15967.0080311177
15968.3798850255
15968.1610315762
15968.1269564834
15967.9660934303
15968.3758077994
15966.6462071277
15967.927183722
15967.9370381449
15966.8184658527
15967.2159498755
15966.9191293609
15968.2766020769
15966.6543570398
15967.1795258042
15966.7030384314
15967.2050355767
15967.2480959825
15968.5669849549
15968.3659821467
15966.6658544206
15966.8376817191
15966.6644533675
15967.2597412141
15968.3238057405
15968.1273305507
15967.1139959213
15967.1737985742
15968.2007656238
15967.1139959232
15967.7789468518
15968.0286120319
15968.1500151583
15966.7074076446
15967.1390227317
15967.1139959157
15966.637306425
15966.9146085378
15967.1139959187
15967.11399592
15966.4680439749
15967.2481244403
15967.8899029352
15967.8818197863
15966.5257905031
15968.1627999799
15967.1139959176
15967.1139959191
15967.1139959224
15968.0028934131
15968.0327976212
15967.8978374312
15966.8850197474
15967.8722762747
15968.4336105829
15967.9010481507
15968.1012295917
15966.6347239303
15966.8078169069
15966.6957002072
15967.5724332688
15967.886329471
15967.9419760564
15967.1139959222
15966.9734054385
15967.7303253519
15968.2643984107
15966.7284203102
15968.5792591325
15966.9984969015
15966.9684718491
15967.8617921179
15967.6137186864
15966.9305887798
15968.3702555348
15968.1515179697
15967.1139959111
15967.0716701596
15966.720471489
15967.7296354557
15966.7708585018
15967.4162253924
15968.6612448026
15967.0062000051
15967.1139959578
15966.72188045
15966.9729426297
15966.7217810149
15967.2449112604
15968.1509614181
15967.7442391842
15967.7629501247
15967.0777578621
15967.9193381972
15968.0730241372
15967.0190538238
15968.3909245495
15967.8610326754
15967.1139959172
15968.3858741227
15967.7346553448
15968.2347095013
15967.8730254296
15968.5424348304
15968.6682859451
15967.1139959296
15967.1139959183
15968.3174579895
15966.7769189583
15967.1139959143
15967.113995928
15968.7974483165
15967.113995911
15968.4990662907
15966.8817909614
15966.8663580117
15966.7554054911
15967.1139959164
15966.6141626449
15966.85457563
15967.1139959228
15968.5305565843
15967.1349489691
15967.4392550245
15966.7545372249
15966.749401679
15968.4893496874
15967.1139959216
15968.0969144149
15967.1139959191
15966.6187071671
15966.7466159478
15966.6900146148
15967.1139959182
15967.3042273104
15967.1139959172
15967.1139959155
15966.6075842673
15968.386648368
15967.9022073274
15968.0773830125
15968.0467154118
15968.1789622107
15967.1139959172
15967.1139959155
15968.2684165723
15966.7442245847
15967.113995914
15968.5203187868
15966.9246547199
15967.1139959174
15967.3337148752
15966.6788400908
15967.1139960044
15966.9829132405
15966.6531398007
15967.1139959194
15966.8190081877
15966.8250388773
15968.0022583677
15966.6463495248
15966.5638362446
15966.9108444997
15966.9473831258
15967.1139959187
15968.2921271002
15968.4811464335
15967.1139960149
15966.8151415806
15968.0766927649
15968.1039790997
15968.4307847435
15967.113995915
15967.7020172445
15966.7927836477
15967.1139959226
15967.1139960262
15968.0145346972
15968.2000976588
15968.2391702543
15967.1626401718
15966.7512457637
15968.3525705764
15968.4267044075
15966.6347970262
15967.1139959173
15967.1139959156
15966.99518151
15967.1139959201
15967.1139959237
15968.0137883881
15967.1139959166
15967.1139958999
15966.5592455453
15967.0874672971
15967.1139959145
15967.3240165828
15966.9100287453
15967.9536664483
15968.0637153501
15968.218828206
15966.7844396666
15966.7472359858
15968.4417258382
15968.368725362
15966.9504938533
15968.5704505243
15967.1139959109
15967.113995923
15968.2718457118
15967.113995924
15968.2109649879
15966.6783410893
15968.3751060816
15967.1139959226
15968.6325525653
15967.1139959026
15967.8083135783
15967.0020124379
15968.103682154
15967.863246329
15968.0140346155
15967.1139959139
15968.4106075815
15967.1139959118
15967.1139959228
15966.7569264498
15966.7203143418
15967.2498129345
15967.1139959169
15966.983967939
15967.8614136771
15966.9610713939
15968.1656462683
15967.7886027121
15967.0666235427
15968.2849455594
15966.7209928664
15967.8869285611
15966.630992591
15966.8074676312
15967.7891430412
15968.0801837127
15967.1139958984
15967.1139959178
15966.8711463965
15967.1139959211
15967.1139959177
15966.9676310039
15967.969346251
15966.6819521746
15967.6790204342
15966.9768483161
15967.8773188879
15967.8222758106
15966.9497506922
15967.8468231362
15968.2023407981
15966.7376547513
15967.9877008153
15968.0644012741
15966.6953236607
15966.7055462111
15968.3306414206
15968.2763651249
15968.8395567299
15968.034026521
15966.5571363456
15967.0023677216
15966.980108637
15968.0486644771
15966.4949721327
15966.8712581349
15967.7719514821
15967.9501364751
15966.8776961838
15966.8102006824
15966.8342829386
15967.9555988844
15966.7415842398
15968.0256529081
15967.1139959095
15966.6476832188
15967.1139959167
15967.9523930654
15967.8341551165
15966.9498367873
15966.8600037986
15967.1139959561
15967.0386252166
15968.4362314889
15968.1995764071
15968.4474952918
15967.1139959121
15967.8733393563
15968.1338769841
15967.8089368805
15966.7410833016
15966.9431071641
15967.1139959151
15967.1139959254
15968.4871326865
15967.3445279894
15967.0554792358
15968.0601351015
15968.815864755
15967.1139959157
15966.4463975777
15966.5851275045
15967.9473287188
15968.3042550078
15967.1139959077
15966.6049760987
15968.4091340506
15967.971318521
15967.9818439718
15967.3512835888
15967.1999731008
15966.7049753991
15967.2988272938
15968.5781054646
15968.0749010906
15967.1139959128
15968.4827652658
15966.829502237
15966.7407516906
15967.1870138069
15967.9311762232
15966.6253624885
15966.7809827581
15966.7752681179
15967.0311149616
15966.7982471435
15967.1139959156
15967.0568633827
15968.3661454498
15968.1179281643
15968.2297956384
15968.2821325174
15968.468722565
15968.2987718737
15968.3312231691
15967.918358665
15968.4656380794
15966.8817456958
15967.1139959113
15968.2314514332
15966.7413553672
15966.7493775101
15967.1714143953
15967.0904339292
15967.1139959189
15967.8368914501
15967.1139959153
15967.1077215136
15968.139089993
15966.6859505629
15966.7048770581
15967.1415321886
15967.1139959149
15968.5902526723
15967.9900353083
15967.9307616757
15966.7777123677
15968.6502173301
15967.9044037205
15966.8547050963
15967.6754994245
15968.1476289432
15967.9698381226
15968.2342408642
15966.5194999312
15966.8774610958
15968.3592171047
15968.2773165667
15966.670746098
15966.6883840932
15967.9444976382
15966.9129506639
15968.3055952118
15966.7490415462
15966.8814368268
15967.1400496023
15967.0272994686
15966.9856763138
15967.122985942
15967.8430889387
15967.457929718
15968.4697541729
15968.0459718073
15966.8407733056
15966.6505745675
15967.8166782558
15967.7836404681
15966.6943381118
15968.0159809405
15966.6999968178
15966.8054644079
15968.2596333424
15968.0460707566
15967.1554000171
15967.1139959193
15967.8774467787
15966.8167048426
15967.1139959137
15966.7207501583
15967.7877882225
15967.8226649738
15967.0572736331
15967.1139959091
15967.3741742447
15968.2535400442
15967.815839271
15967.1615315901
15967.1139959676
15966.8213137393
15968.2476481041
15967.1824593796
15967.1139959171
15966.888772081
15967.1139959126
15967.4031726369
15967.1139959136
15967.1139959207
15967.2586092694
15966.8466588328
15968.0999023333
15967.1119498677
15968.0975227082
15967.8707404139
15968.178208523
15967.1044109002
15967.1139959086
15966.8684271611
15967.1139959184
15966.6264393361
15968.1864641328
15967.8944741394
15967.1139959258
15966.8497051515
15966.9002879841
15967.2600152473
15967.1807665655
15968.0902027778
15966.6109194637
15967.313832737
15966.8592262138
15967.2786264254
15968.0488759461
15967.9514511009
15968.0793001502
15968.1449285955
15966.6525323329
15968.4565593625
15967.9494725574
15966.934970447
15966.8078782507
15968.308464194
15968.2265064378
15967.1139959228
15967.840237058
15966.6894341714
15966.926595465
15966.806042866
15968.0400313848
15967.1139959193
15967.1139959184
15966.9888163256
15967.5980516866
15967.0372224325
15968.1015594977
15967.0168535156
15966.6698453656
15967.2637818641
15966.9795524228
15967.7999286355
15966.7677555424
15966.9432684211
15966.7704176033
15967.7024063947
15967.2187799227
15967.2889114704
15968.4707100955
15966.391502837
15966.6092923957
15968.9009702969
15966.9949425923
15967.1139959184
15967.1139959154
15967.1139959142
15967.8006644753
15966.7483815309
15967.8578593116
15967.8230955159
15968.3418750197
15966.7349473375
15967.1139959199
15967.1139959175
15967.1139959218
15968.1481264137
15966.6699440044
15968.2609536578
15966.9343238073
15968.2222837033
15968.3202521321
15968.3369455077
15967.1139959239
15967.441791962
15966.6192332525
15968.4685270111
15968.2747287124
15967.0580191911
15967.1139959197
15967.3013153197
15967.1139959186
15966.6752253579
15967.2547533195
15966.7307308876
15967.1607252891
15966.727994708
15967.1139959209
15966.8564870242
15967.1139959204
15966.7068370596
15967.0245689475
15967.113995919
15966.9200710409
15968.4294142275
15966.7337831854
15967.844529482
15968.62928898
15966.8075930224
15968.2840807165
15966.6630996694
15966.8149524835
15967.0574764141
15968.4157688208
15966.9509141966
15966.9670533372
15968.1834614469
15968.524710441
15966.9270809579
15967.3227706094
15967.027489196
15967.1139959253
15967.1139959183
15968.3654621979
15968.0813073866
15966.7687593803
15968.3179877968
15968.676412914
15967.0309511561
15967.1558767016
15966.7252047888
15968.2383449277
15966.7811506884
15967.6497274394
15967.7091830363
15967.1385104639
15967.0734272254
15968.1971161249
15967.1139959154
15966.6695665359
15968.3144962829
15968.0881112533
15966.9363686811
15966.9231326931
15966.880510359
15968.2437079848
15966.7639641786
15966.6590061683
15968.6492885213
15968.4517391407
15966.8645314975
15967.113995922
15967.0429308787
15967.1139959236
15967.113995915
15968.1280469961
15966.6148185825
15967.5163006104
15968.3181316572
15967.1139959135
15966.6905149162
15967.1139959206
15968.4425589967
15968.1646537411
15966.8169656445
15967.3329571136
15967.1139959211
15966.7823761077
15967.1139959229
15966.6187006677
15967.1139959255
15967.113995921
15967.113995918
15966.810280899
15967.886390716
15967.2750428655
15968.6192701598
15966.7751706936
15967.1139959168
15968.2109148369
15967.2346721638
15967.8146408858
15968.3027082483
15968.5666979023
15968.2575453387
15967.1139959262
15968.2787173311
15968.9409646689
15967.3831705893
15966.5279349374
15967.1139959379
15966.7824038974
15967.1139959234
15967.1139959173
15966.641813
15966.7469912803
15968.5333559463
15966.562736374
15968.3779105482
15966.8661576894
15967.8599529559
15966.9532368865
15967.3676419157
15966.8659308243
15967.1139959177
15966.7365725752
15966.9848863203
15966.7008768096
15967.1139960537
15967.7793908377
15968.0716023197
15967.1139959226
15967.7946938207
15967.1139959093
15966.7302141029
15968.742338804
15968.0458476537
15967.9912895752
15967.1139959124
15966.6703888241
15967.0514531086
15966.687898459
15967.1294945164
15967.343847211
15968.5267027951
15968.5489032997
15967.1139959135
15968.2029403408
15966.855203435
15967.3052804898
15968.7390528626
15966.9889718798
15967.1139959153
15967.2059944296
15966.8044493982
15967.1861712492
15967.1558616773
15968.4185707736
15967.2661201545
15966.4833100263
15967.1139959195
15967.0231170859
15966.8427534731
15966.6433350665
15967.3121315537
15967.0841990977
15968.2686594052
15967.9289138687
15968.1770141082
15966.6951490543
15967.1848014938
15967.9635081718
15968.0774079268
15967.1748693652
15967.8748488262
15968.0930225523
15966.7790598559
15966.967823458
15968.2295064735
15968.2041417443
15966.5493559785
15968.0316789169
15966.7956887467
15966.6707612548
15968.1977311913
15966.5283244107
15967.1139959223
15966.978839411
15968.1852966249
15968.0738986652
15968.4351310368
15966.9818469494
15968.1669999512
15966.8450064029
15966.8579027046
15966.8369471967
15966.7119894145
15967.1139959101
15966.6961158109
15967.1139959178
15967.1139959195
15967.1139959154
15967.3267850907
15967.1139959123
15966.7755744972
15967.1139959203
15968.7694965441
15967.113995914
15967.2457647914
15966.8827758332
15968.4904095557
15966.9245095668
15967.1139959194
15968.5400193452
15966.7981562749
15966.9166200157
15966.7423211243
15968.1688060491
15968.392171366
15966.8317933156
15967.1139959177
15966.6712764215
15966.6132275509
15968.5335588481
15967.1139959129
15967.1139959202
15967.5343507384
15967.1139959166
15967.1139959091
15967.1139962887
15966.7496729505
15967.544624114
15966.7717368387
15968.3837075195
15967.3859454639
15967.1139959175
15966.6688895959
15966.5967816957
15967.1139959168
15967.3547967666
15968.027237102
15967.4380277552
15968.293740911
15967.1139959192
15966.6253411062
15966.8362751425
15968.5022319595
15968.4021173277
15968.3436415533
15967.1139959115
15967.1139959127
15968.3854068657
15967.1139959244
15966.6982730664
15966.526114809
15966.6483923906
15968.6286951366
15966.6792319663
15967.1139959187
15967.1139959157
15967.1139959183
15968.381205786
15967.1139959172
15968.6858036702
15967.1139959159
15968.2555056973
15967.1139959219
15966.7553161133
15967.1139959141
15967.4015134185
15968.1895975045
15966.7616719484
15966.769415883
15967.1278329717
15968.444751756
15966.619718845
15968.4297108662
15967.4218525915
15967.2858032129
15967.2175613778
15967.3225606234
15968.3133347115
15967.1139958946
15966.6759858497
15968.2749437523
15967.113995918
15966.8842810155
15968.411162369
15968.2349378041
15968.7035994123
15967.1139959174
15966.9789076644
15966.6245939022
15966.6134043802
15968.2990194549
15968.1696284593
15966.6523451155
15967.1139959447
15967.1139959094
15967.113995912
15967.1033484637
15966.8978365336
15966.8995653684
15968.5105242594
15968.2712064899
15967.1139959132
15967.9241756211
15967.1139959375
15967.1139959231
15968.0109656281
15967.1139959225
15968.9470963108
15967.9425935117
15967.1139959225
15967.3096558581
15966.6643618946
15967.0818872049
15966.8722035106
15967.6922956046
15968.2489966778
15968.0567509239
15968.0785227591
15967.8444506368
15967.904834518
15967.0658854145
15967.9395274301
15967.9708787288
15968.0456950124
15967.7194358533
15967.687005901
15966.6059246342
15967.8799471104
15968.4750339905
15966.7943137327
15966.8754427879
15967.0066012861
15967.1985754463
15967.0554218072
15968.0437660713
15967.8530289565
15967.98682194
15967.9439555879
15968.2267215271
15967.9602133941
15966.7590580684
15968.1063923596
15968.0321781663
15966.6708922683
15966.9400438594
15967.7938745961
15966.7361273486
15967.9417871483
15966.9182118916
15966.9582366795
15967.8981097233
15968.0355879422
15967.3107687527
15966.7246761497
15967.1567682817
15967.1139959135
15967.1402969173
15968.2831672583
15968.0151764515
15967.8207274354
15966.8070248293
15967.7297041062
15966.6181505165
15968.0006209668
15968.047695213
15967.1139959185
15967.1139959117
15967.3820961505
15969.0398091656
15966.8082243734
15966.7659779439
15968.322374298
15967.1139959471
15968.3744982808
15967.1139959122
15966.6855519146
15967.1139959207
15968.2860141985
15968.8850723481
15968.1826272713
15966.8012393141
15967.1139959102
15966.7065115607
15967.1280627559
15968.1335550767
15966.6657225801
15968.0900760134
15967.1139959221
15967.113995914
15968.5446885037
15966.94313124
15968.5952856907
15966.9759594614
15968.6588476039
15966.6908951603
15966.683585465
15966.7799991694
15967.113995919
15967.1139959213
15967.1139959168
15967.1139959192
15966.8313405382
15968.0903002814
15966.6775559541
15966.9287958005
15968.689735335
15967.1330991118
15967.113995913
15966.8521843023
15966.4896613173
15967.0309130771
15967.1139959181
15967.5290621776
15967.1139959192
15967.1139959169
15966.6576082061
15967.3784565313
15966.8976412167
15967.1139959085
15968.3216891958
15966.853088767
15967.1139959228
15968.0696051913
15968.0696302636
15967.0161295489
15967.7658892152
15968.0365268575
15968.0520639622
15968.0798724493
15966.9945697167
15967.113995913
15967.9384043676
15967.1139959109
15968.3905534723
15966.7694816497
15968.5116342443
15967.113995917
15967.1139959164
15968.5597493287
15967.4649008562
15966.897078028
15968.1706586122
15968.1289394728
15967.1139959116
15968.2993108455
15967.1562111407
15967.1139959138
15967.1139959118
15967.1139959185
15968.7003969869
15966.5949072216
15967.1139959153
15968.2509051323
15967.113995922
15967.8953391766
15968.57724842
15966.808395535
15966.7349540804
15968.9245855725
15968.4497238958
15967.1139959102
15968.2430479331
15966.7395408758
15968.1291840296
15967.113995917
15968.2069236435
15967.2157532557
15967.11399592
15967.1139959275
15966.8992701269
15968.3571502225
15967.2717447149
15968.2395548353
15967.0144795353
15967.0538780517
15967.062965196
15966.5529517068
15968.2175436534
15968.0951476409
15967.7931889144
15966.5043613325
15967.0326185274
15967.9902042415
15967.1139959173
15966.6773490687
15967.1133667989
15967.2675460202
15967.885277915
15967.7485756194
15966.762560925
15966.937869124
15968.0127300067
15968.1680873819
15966.7989040118
15967.6087447695
15967.1139959162
15968.4220966784
15967.1139959227
15968.35226813
15968.4628312264
15967.9880631666
15967.1139959217
15967.1320296078
15966.781774413
15966.8313631314
15968.5569154021
15968.2805811643
15966.740172129
15967.3015435443
15968.028449752
15968.3038854573
15966.6034534024
15967.131296127
15967.1139959175
15967.0091307421
15967.1139959206
15967.1144881403
15967.1139959221
15968.0716112348
15967.1876532976
15967.1085470479
15968.1988947291
15967.1139959167
15967.2001150623
15967.1139959144
15967.0842753833
15966.7047183559
15966.715432554
15968.420555678
15966.6577282023
15968.6501767501
15968.389786075
15966.7494019196
15968.4131790759
15968.0620627672
15968.2374267868
15966.6432107234
15967.7415890664
15966.9912180747
15968.4362962146
15967.295522381
