# type 2 occupying volumes
15943.3327291633
15942.1748601801
15941.8762656059
15942.0867245944
15942.9970738156
15941.9862485378
15941.9663566927
15942.9970738192
15942.9970738173
15942.9970738637
15942.1583184039
15942.9970738205
15942.2585276218
15942.2359224206
15941.8843119839
15941.7058761721
15942.1304237667
15941.642040604
15942.9970738159
15942.9970738121
15943.0155374387
15942.2099764414
15943.0308881796
15941.9826701821
15942.9970738195
15943.070902669
15943.1454314946
15942.997073821
15941.8412529653
15941.702174016
15943.2268699201
15941.6019419208
15943.3206596711
15942.0145938867
15942.9970738194
15941.8169213279
15943.3578728794
15942.209288193
15941.6406248473
15942.0044461482
15942.3407114728
15941.7201815397
15941.5072943594
15941.9019523684
15942.9970738209
15941.976967603
15943.2765284462
15942.9970738125
15942.0652560225
15942.997073832
15942.9970738169
15942.0947219944
15941.5182797339
15941.7174273474
15943.1870681288
15941.9364179205
15942.2556583656
15943.1571208295
15942.0026641245
15943.3126934884
15942.4102980763
15942.0331593601
15942.0932908875
15942.0902050741
15942.9970738201
15942.1164360364
15943.119411333
15942.2131074893
15941.6905894155
15943.1434535755
15942.1495774336
15942.997073819
15942.9970738186
15941.8377483738
15942.9970738128
15942.9970738175
15943.2717705306
15942.2779012757
15941.5514877811
15941.4870312064
15942.0241613397
15942.9970738162
15942.0294265839
15941.2463384456
15942.0903436125
15942.4319202024
15941.9192246787
15941.9093921514
15942.9970738704
15943.0975246728
15942.9970738193
15941.6099498833
15941.5194390033
15943.3443550058
15942.0444196499
15942.9970738187
15941.7709495057
15941.9380432505
15943.2567134918
15943.1308380018
15941.8716026599
15942.0321874601
15943.2534283635
15941.8864027978
15943.2275627674
15942.99707381
15942.9970738664
15942.9970738211
15941.6854462838
15942.9970738091
15942.0998294916
15942.9970738136
15942.2565842152
15942.1594153122
15943.1837837522
15942.2711827242
15942.997073816
15942.0212631105
15941.4246447325
15941.8805708875
15942.9970738179
15942.1675410823
15941.7342400738
15942.9970738162
15941.9774911713
15941.3739496746
15941.8920151848
15941.8549661533
15941.3472551435
15942.9970738193
15941.4135204164
15942.9970738203
15943.1146793216
15941.6066851325
15942.0899387423
15943.2547470462
15941.6094855296
15943.2872613023
15941.957939723
15941.9371292683
15942.9970738103
15942.1683652306
15943.1556552319
15942.0989064066
15941.9532969242
15941.9384687103
15942.997073815
15943.471115044
15941.7438422589
15942.9970738039
15942.997073814
15941.6342077776
15941.9943021062
15942.0159590104
15942.0900516029
15943.2918181038
15942.9970738074
15942.9970738116
15942.2771090782
15941.9639862408
15942.2498546221
15941.7474847905
15943.3558196421
15942.9920555808
15941.8045757971
15943.2654783982
15942.2114053181
15941.8430703453
15942.3854823883
15942.3638668511
15942.2338379809
15942.1289694596
15943.139619328
15941.9939932792
15942.1551607305
15943.1388626054
15943.2002811723
15943.1785390506
15941.9963766767
15942.1800603835
15942.9970738191
15943.213849114
15941.8930525298
15942.1794755984
15943.466270174
15943.3906753403
15942.9970738197
15942.0516661728
15942.3427662931
15941.6229602483
15943.1062613323
15941.8554308783
15943.0944259744
15942.997073815
15942.1315571063
15942.1164179811
15941.8129111258
15942.9970738056
15941.882690533
15943.2973332416
15941.9458795921
15941.6717840508
15942.1261694387
15942.9970738908
15941.9580059231
15943.0180566571
15942.9199843241
15942.024384775
15942.0716738193
15942.3143355716
15943.180484934
15942.0462258764
15942.9970738133
15942.9970738141
15942.2833636173
15943.1409967914
15943.2982804824
15942.1529170279
15941.7886522624
15942.9970738131
15941.6112066467
15942.9970738156
15941.9425093085
15942.9970738146
15941.9420975
15942.0919315888
15942.0393825012
15942.1394882478
15942.9748575557
15941.789667153
15943.3650596898
15941.9904632278
15941.8025324705
15941.536989364
15942.9970738127
15942.0972316455
15942.9970738137
15942.9922913412
15942.0764769302
15942.9970738125
15941.5900995738
15942.9970738248
15942.9970738177
15941.9938016704
15942.0554422814
15943.1965360512
15942.2096121837
15941.9835910903
15942.2042690447
15942.3515605495
15941.9681289924
15942.2380179618
15942.0908831054
15943.0510658349
15942.9970738151
15943.2610736308
15943.332460238
15943.2935831001
15942.1748275853
15942.9970738171
15943.0518931557
15942.9970738078
15942.1121610403
15941.7803508574
15943.279017184
15942.2013053379
15942.9970738112
15943.1790146041
15942.997073816
15942.9970738003
15941.9925223076
15942.9970738195
15942.0159365053
15943.1774761458
15941.4568583319
15943.3637244695
15942.0586074852
15942.3788385912
15942.9970738133
15942.0573031893
15942.1042708638
15941.7157440993
15943.5007308219
15941.6855391745
15941.7939275022
15942.2209083263
15941.6661768852
15941.6210842613
15942.9970738183
15941.9743197236
15941.7579082302
15943.3773552601
15941.8720119137
15941.8518936213
15942.9970738134
15941.9755046564
15942.9970738162
15942.9970738145
15941.5712288155
15941.8163450448
15943.4898480504
15942.1481112455
15941.672111372
15943.5154983391
15942.0370150343
15941.6708245102
15942.078085937
15941.931341822
15941.9561480264
15942.9970739121
15943.3290265539
15942.0187880868
15942.9970738159
15943.2229429628
15943.2462094788
15942.3411378379
15942.0971887886
15942.4932230727
15943.3008250872
15942.0126691973
15943.2227782789
15943.148692484
15942.2331682761
15942.9970738134
15942.1555859164
15941.8883455853
15941.9277170345
15942.997073819
15942.9970738506
15943.1119586736
15942.9816791991
15942.9970738118
15942.9970739495
15943.0496204327
15941.6479068428
15941.7017558511
15943.0662333158
15942.9970738157
15941.7097217259
15941.9360263838
15943.2025045525
15942.2478989324
15941.6364739175
15943.125529664
15941.6502276128
15942.2175374009
15941.546846877
15943.1306337701
15943.0102027791
15942.4265608763
15942.0027037507
15942.2385971665
15941.8974363226
15941.9903349695
15943.2857599341
15941.6293493771
15943.296628851
15942.9970738162
15942.038926801
15942.0079704824
15942.9970738163
15941.9823083367
15941.9210077344
15943.3227505036
15942.2217323302
15941.6870893027
15943.1767977294
15942.0433449875
15941.8714685679
15942.0903023523
15941.9197972571
15941.3911932633
15941.4280917697
15942.116264329
15941.7436849788
15942.9970738161
15942.0070966922
15942.9970738168
15941.4386600756
15941.7424009854
15941.9429227284
15943.203451514
15941.9276212396
15943.3269895598
15942.1608736993
15943.3062534924
15942.0382757392
15943.3347416576
15942.3506949445
15942.1907605926
15942.9970738135
15942.1218859955
15942.1869492865
15942.9970738141
15942.2458099661
15941.6297950422
15943.460784904
15942.0241191381
15942.3146451429
15942.9970738237
15941.8572930628
15943.3322288786
15942.0261938541
15941.7786315569
15942.3829713512
15941.7015637948
15941.9691901415
15942.0853205813
15943.1370922383
15942.1091754944
15941.7249609521
15941.6928824338
15942.0956121009
15943.1406311852
15942.9970738119
15943.1567678077
15942.0841059133
15942.0306189064
15942.1848309607
15942.1859442212
15942.9970738182
15942.9970738164
15941.8811359183
15942.9970738127
15942.9970738171
15941.8765408527
15942.3155072546
15942.9970738132
15942.1183171245
15941.8482206611
15942.1258457103
15943.1765272906
15942.9970738138
15942.9917726867
15943.4191343522
15941.8262048289
15941.7824375346
15943.2209635453
15943.1256913408
15942.9970738158
15943.3400841237
15941.8536603576
15941.9813002508
15941.78079015
15941.3461263814
15943.076892438
15943.0894017012
15942.2501403963
15942.0005023166
15941.5130399857
15942.0522846417
15942.9970738149
15942.9970738126
15941.8242008099
15941.8338969664
15943.3560440608
15941.8361778811
15943.1436170401
15942.0756801437
15941.4410566081
15942.1305743861
15941.9601689748
15943.3515425572
15942.1921631198
15942.9970738205
15941.9285635288
15941.9216157983
15943.2956526317
15942.0477128418
15942.9970738188
15943.4184801038
15942.1035047697
15942.9970738131
15943.0524905942
15942.997073819
15941.9861617285
15942.9970738165
15943.3194196984
15941.6100264265
15941.8200569225
15941.9137130982
15943.3083050939
15941.4533574269
15942.9970738131
15941.5395470485
15943.227157788
15941.9959947445
15942.9970738143
15941.785869155
15943.1281323084
15942.9970738163
15943.0581542754
15943.2061198575
15943.1127168111
15941.6682647864
15942.9970738202
15942.0797183167
15941.9210314548
15943.3028749456
15942.0712321908
15942.1298547864
15942.9970738164
15942.9970738146
15942.997073702
15942.9970738167
15943.2189111264
15943.2102729311
15941.6808394252
15942.9970739112
15941.7360427292
15942.9970738218
15942.1626328555
15942.9970738138
15942.2011292398
15942.9970738858
15942.9970738119
15943.1101407357
15942.087689424
15942.2338122159
15942.0042350429
15942.0656166989
15943.223254083
15941.3772001338
15941.4410480263
15941.7068138736
15941.82833887
15942.9970738104
15941.5645193193
15942.1890223743
15941.6649215411
15941.437291985
15941.726768181
15942.1848424762
15941.9675015433
15941.3937697424
15941.9751179149
15941.4167105127
15941.7094248648
15941.9448660448
15942.9970738189
15941.9499061175
15941.9934698266
15942.9970738163
15943.2286543195
15941.8543767168
15942.1440929399
15942.2092640737
15941.7922125626
15942.9970738507
15942.02668149
15942.2772065115
15942.99707382
15942.9970738076
15943.1603309614
15943.1524658892
15942.3675500603
15942.9970738186
15942.072114186
15942.2199881161
15942.2539813517
15941.956496928
15942.1223776187
15943.2527796277
15941.8443206923
15941.7215612639
15942.3584359378
15942.9970738184
15941.9208617829
15942.0920861249
15942.1728878892
15941.8911060698
15943.0825789931
15942.2957336986
15942.1378499409
15943.2055333473
15942.1836661743
15942.2668229754
15943.2329420667
15941.9631108278
15942.1964378537
15943.2165356828
15942.9970738123
15942.0307085631
15941.8376923341
15941.6838448014
15943.2499569403
15942.0760419875
15942.0596128021
15943.1924431962
15943.3015649097
15942.9970738198
15941.7985051657
15942.0874603165
15943.2281414108
15943.2549611772
15941.8477631751
15943.1632828783
15942.9970738114
15942.3808726939
15943.0958594646
15942.0866075748
15941.9441979263
15942.0067532331
15942.1023837018
15942.9970738196
15941.8276928737
15941.7823455882
15942.997073811
15942.9970738217
15943.3096134929
15941.9164113206
15943.2232507235
15941.9880763106
15941.8022640059
15942.9970738154
15941.8190698758
15942.0656746622
15941.5775607045
15941.7598817319
15941.9967035947
15941.6568602496
15941.8222862761
15942.99707382
15943.2533168147
15942.1950892357
15943.3817304629
15941.8294460973
15941.9833134099
15943.3444018539
15941.5612414419
15941.7708326895
15941.6808609376
15943.4409829656
15941.9622914251
15942.9970733069
15941.4596490811
15942.0620622995
15942.2888385799
15943.4451602548
15941.6450385629
15941.9349886053
15942.9970738142
15941.8550630324
15941.9569656745
15942.9970738128
15941.7057437405
15942.0085108251
15941.3793758964
15941.6556341818
15942.1148747096
15943.1485540757
15942.3691213611
15941.4231219066
15941.8538116581
15942.9970738182
15942.1543711639
15942.0080738837
15942.9970738138
15942.9970738183
15942.0839068748
15943.3463651384
15942.9970738186
15942.9970738102
15943.3339347413
15942.1725172588
15941.9119644125
15942.9970738147
15941.7465302901
15942.0874755713
15941.5225190642
15942.997073817
15941.9463563763
15942.2501925882
15942.1156160298
15943.2778022313
15942.1454994093
15942.3057107737
15943.2063019796
15943.2305875737
15942.1234073612
15942.0099021732
15941.9891154936
15942.166897003
15942.0629865313
15943.2516120054
15942.2234917967
15941.9532833352
15942.3274633644
15942.9970738147
15942.9970738143
15942.3794863658
15943.1516683673
15943.2924069192
15941.7028724124
15943.2339327597
15941.4396385049
15941.8956516332
15942.9970738197
15942.9970738183
15941.8735820196
15941.67572198
15942.2156486545
15942.9970738148
15943.1834974838
15941.6540679829
15942.9970738168
15941.872146386
15942.1502599953
15941.8063399672
15942.9970738156
15943.2864212321
15941.6433445753
15941.2904763519
15941.9137680529
15942.1360093258
15942.9970738076
15943.1193885261
15942.9970738096
15942.9970738145
15942.9970738169
15942.0780649599
15942.0285169497
15941.6756630987
15943.1090740133
15942.9970738169
15941.6506617228
15941.4262947482
15941.9408952913
15942.0165321071
15942.9970738129
15941.8396406762
15943.1823274322
15942.0550240767
15942.1241215297
15942.9970738792
15941.6750376217
15943.3186418261
15941.8475377402
15941.0027735906
15941.7795912967
15942.9970738165
15941.7187266027
15941.8906125289
15941.6359838862
15943.2585157743
15942.4555072379
15942.9970738164
15943.3867833707
15942.0026390734
15942.2372588129
15942.1120801014
15942.0442160219
15941.7016583945
15943.3124873287
15943.4188574979
15942.248931124
15942.9970738186
15942.0875803464
15942.055195927
15942.1161864354
15943.202545177
15942.9970738168
15942.1009567378
15942.0363958127
15943.2500178532
15941.7905062233
15943.2531371012
15943.3399166675
15941.9561315406
15942.9970738164
15942.3179698021
15943.190521434
15943.0721312463
15943.1411294926
15942.3983067786
15943.2795498137
15942.0434400674
15942.9970738177
15943.1116537673
15942.3178607068
15942.1361240039
15943.2011566172
15943.2049456647
15941.8732328877
15943.0139133228
15942.325209828
15943.2147476117
15941.9621646629
15943.2523714677
15942.2442179776
15942.1466262433
15943.3352714469
15943.2912209035
15941.925938123
15943.1509250879
15943.2358182301
15942.2450519305
15942.9970738183
15941.8735361103
15942.9970738169
15942.9970738144
15942.0218394656
15942.1160451404
15941.428626355
15941.9592291739
15941.76793553
15943.3853246094
15941.5574977687
15943.28549621
15942.219973534
15942.2618205316
15942.0698846851
15942.0878899457
15941.7634277757
15941.5732942562
15942.0852398246
15941.4347867614
15942.997073815
15941.9975000999
15941.7399324628
15941.836362871
15941.99863038
15942.9970738115
15943.0284917419
15943.401292725
15942.0179624544
15941.3927536471
15941.8224729121
15943.4207478161
15941.6219604157
15942.0418181305
15942.1434344467
15941.8561299312
15942.0715850754
15941.4196392088
15941.8925567441
15942.997073822
15943.216044653
15941.8294076471
15941.7072328963
15941.5041124725
15941.8051784622
15941.9541668672
15941.9190761019
15943.2849494906
15942.2924495949
15942.9970738145
15941.6642105722
15942.2462487985
15942.9970738121
15941.8986732131
15942.997073818
15942.1474788049
15941.5388887509
15942.997073815
15941.7267586155
15943.3858465417
15942.2694237685
15942.9970739094
15941.7683866493
15942.143974805
15942.9970738115
15941.4442006088
15941.4602013552
15943.249759028
15943.2327029874
15942.2421175744
15942.0978476083
15942.0975779231
15943.1740884011
15942.097602148
15942.0131009912
15942.0138655152
15942.9970734093
15942.9970738137
15942.3438135235
15941.9941859929
15942.9970737854
15942.9970738192
15941.9051282556
15942.1258506391
15943.195695199
15942.3078264319
15942.2429862271
15943.5133925204
15941.739618105
15941.5492980479
15941.3242445676
15941.8421229042
15942.3227873153
15941.3591054623
15941.3341234216
15943.2593995932
15943.2362052425
15942.9970738221
15941.6628271435
15941.921630559
15941.6903830186
15942.9970738173
15943.2591660422
15943.1670948587
15942.9970738123
15941.5329678654
15942.9970738174
15942.9970738225
15942.9970738227
15941.645473249
15943.1989623995
15943.1762789828
15941.8052154458
15942.9970738102
15941.3618667121
15942.1667499988
15942.1295690242
15942.2376275624
15943.6042374652
15942.1145165133
15941.7187324517
15941.7193446403
15942.9970738108
15942.9970738213
15942.1789607016
15941.8841616438
15941.412731886
15941.6702204875
15942.1592678989
15942.210029764
15942.9970738169
15942.0145192927
15941.4862229107
15943.1699310042
15943.3134918568
15942.1045296246
15942.9841400519
15941.4382276276
15941.6021426323
15941.0564680925
15941.9441592197
15941.6823744507
15941.5010358581
15942.1136693844
15942.1701544244
15942.9970738118
15941.2036387331
15942.0283323475
15941.736229043
15942.1143329477
15942.9970738405
15942.1275019164
15943.1657014334
15941.6313521314
15942.9970738108
15941.4025005567
15942.9970738172
15941.7336179464
15943.2876347987
15942.9970738116
15941.8533037123
15943.4278548914
15941.7277242677
15941.9749968007
15941.4587138398
15942.2161644991
15941.9994120762
15942.9970738147
15942.1254564358
15941.6285695944
15942.9970738181
15943.2742600378
15941.9542741815
15942.05345895
15943.2664815971
15943.3359136835
15942.1714606038
15942.9970735302
15943.1324404344
15942.0138199776
15943.1468047832
15942.9970737902
15942.0476053949
15942.9970738156
15941.2961898361
15942.997073814
15943.1046781963
15943.3663375493
15941.8668894362
15942.9970738185
15942.1022366209
15942.9970738171
15942.3504968869
15942.9970738129
15942.214123049
15942.3620851985
15941.5426619038
15941.5386447436
15942.997073813
15941.6621990296
15942.9970738186
15943.2718978262
15941.3531917784
15942.234155549
15943.2300154278
15941.6112732052
15942.1849890022
15942.0160210817
15943.60951624
15943.109870441
15942.081505544
15942.9970738193
15942.9970738161
15941.5774360623
15941.661096782
15941.6632240619
15941.7248368616
15942.0227971229
15942.4558563781
15942.9970738173
15942.9970738306
15943.4097389701
15942.1955344755
15942.1961051977
15943.1207628981
15942.2957992514
15941.4864865557
15941.6529216636
15941.9850694874
15943.1051727814
15942.160041093
15942.3247403804
15942.0789437187
15942.9970738147
15941.9990353608
15942.109226162
15943.0766342049
15943.3422943037
15942.0533917861
15941.9839507558
15943.2512607116
15941.6201323298
15941.9240929225
15943.0112057544
15942.0476977613
15941.9756814761
15941.5381254239
15942.9970738169
15942.9970737345
15941.6230388968
15941.9088888099
15941.4804548956
15942.0049517332
15942.9970738208
15941.9629876369
15942.9970738156
15942.0108712171
15943.3155321316
15941.7952702259
15942.9970738174
15942.9970738212
15942.997073815
15941.3634019976
15943.155690022
15943.1701060124
15941.6510764042
15941.7871876078
15941.9298091111
15943.0901766677
15942.9970738132
15942.3546326569
15942.1976302437
15942.0293938295
15943.1715261536
15941.869989752
15942.2657875596
15943.2881249311
15943.339976868
15942.9970738194
15941.8211799257
15941.541770019
15942.9970738187
15943.1255839494
15942.9970738144
15943.2855992474
15941.4639953417
15941.7750698145
15943.1423619805
15941.7794367656
15941.5224078614
15941.7061378708
15941.6421318887
15943.3415507813
15941.2654226522
15941.4855947368
15943.2711796424
15942.9970738214
15941.7268041725
15943.268085211
15942.0540324023
15942.9970738141
15943.3811043896
15941.5341066126
15941.7559364153
15942.240952047
15942.0191633391
15942.9970738063
15941.8481594503
15941.6141813798
15942.9970738157
15941.7251533742
15943.1344410286
15942.0994526978
15942.0366949865
15942.0138787599
15941.7560025749
15941.6469578564
15942.9970738145
15942.9970738166
15943.3864607905
15942.3410667575
15941.9786369352
15942.9970738167
15941.8427552748
15942.2147839786
15941.6192896932
15941.939650709
15942.9970738145
15942.0097668109
15943.1428100127
15941.9345644107
15941.8938721393
15942.1164471673
15941.6399241954
15942.9970738142
15941.9639816702
15943.227237411
15942.9970738154
15942.3507375125
15942.0267051233
15942.9970738172
15941.7625139082
15942.9970738139
15942.0924525987
15942.0704992883
15942.9970738178
15942.1630961541
15942.2016463634
15942.9960810005
15943.2542247536
15942.1193438461
15942.0227442521
15943.2082707876
15941.4428697834
15941.9711273917
15943.165798473
15941.9117338595
15942.997073818
15941.8198071957
15943.1791956009
15941.994285932
15942.997073822
15943.1385217836
15942.2724936223
15942.1141472585
15941.8165932039
15943.2181281212
15941.8882427927
15943.3456744399
15941.7852323699
15942.2982399777
15943.5158268385
15942.2283165826
15941.7271046376
15942.1179539455
15942.99707382
15942.9970738172
15943.4086848553
15942.1359018721
15941.8884786556
15941.5023932431
15942.037245972
15942.1170804024
15942.2667215378
15942.9970738161
15941.7405505301
15941.6314366091
15941.8448652841
15941.9973808879
15942.185280092
15941.3859955419
15941.5254093119
15943.1368180956
15942.0919167045
15942.2604534487
15942.2722675492
15941.2973831322
15942.1727004596
15942.9970738179
15942.9970738145
15942.9970738164
15941.7157460592
15942.1298302896
15942.9970738118
15942.0933571845
15942.9970738072
15942.0492177036
15942.9970738125
15941.3775762543
15941.4383521231
15941.8845290207
15941.3569030136
15943.5470644996
15943.324757065
15942.2896683816
15942.9970738215
15941.6531148033
15943.1424720353
15942.1795538306
15942.1285158817
15942.071172624
15941.4011637803
15941.7452516463
15942.9970738165
15942.3187179322
15942.2636051523
15942.9970738127
15942.9970738162
15941.4107473268
15943.1601817793
15941.6354074211
15943.2805357146
15941.8963027145
15941.3414501203
15941.9395075269
15942.9970738108
15942.3494524076
15943.3308124909
15942.9970738791
15942.9970738108
15942.1047689767
15942.0640390238
15941.7255874238
15940.8907396661
15942.0954256281
15941.8103957066
15942.9970738091
15941.287842527
15941.5013825691
15942.1026717143
15942.1307134376
15942.1665742119
15941.7273300485
15941.2280827266
15943.2413956217
15943.3586406323
15943.2107560164
15943.2339817903
15942.2731804324
15943.2143942364
15942.0421231428
15943.2513676969
15941.9741166235
15943.4024160985
15941.9104761228
15943.4003798352
15942.0637917241
15941.9954109748
15942.9970738145
15941.6768528412
15941.9393432849
15941.9880862997
15941.8064045859
15941.830727614
15943.2967402704
15942.997073816
15942.9970738162
15941.7270019043
15941.7506110242
15941.7511669159
15941.7487163462
15942.997073819
15942.9970738473
15942.9970738097
15941.5494200997
15942.0373922605
15942.9970738082
15941.4906476264
15942.0870052283
15942.9970740446
15941.8030371228
15942.2165128952
15942.9970738196
15943.1565942389
15941.9780391668
15941.9998089578
15941.6372823716
15941.7258955656
15942.2020098466
15942.9970738201
15943.1132929631
15942.1228344934
15942.1481777907
15942.9970738146
15942.187125635
15942.997073817
15941.973967479
15942.0595464713
15941.8329619954
15941.4676266592
15942.0097900185
15942.9661964029
15941.9828272072
15941.7849595651
15941.5906931163
15942.9680253433
15943.4328611109
15942.124288512
15942.2024293676
15942.997073813
15941.8706508659
15942.9970738642
15942.9970738153
15942.0657405838
15941.993105185
15942.2457312122
15941.9309945589
15941.7639150063
15942.9970738159
15942.0561670565
15942.9970738203
15941.6294529456
15942.2267311424
15942.9970738133
15941.8241831348
15942.9970738168
15941.5984352634
15941.6965049361
15941.4054875512
15942.9970738115
15942.1786012863
15941.5210088731
15941.4258207202
15942.02686052
15942.1082760746
15942.2034900782
15942.9970738153
15943.2305143066
15942.1773085708
15942.1473534616
15942.9970738143
15942.2104870689
15942.9970738121
15942.2348979169
15941.6350024364
15941.7886156287
15941.5533766064
15942.3924531648
15943.2706147267
15942.9970738144
15942.0460370787
15942.9970738106
15943.1682406173
15942.9970737448
15943.25191353
15941.8001086852
15942.4158576361
15943.3734281673
15942.9970738189
15942.9970738211
15941.6464432195
15941.5278123006
15942.133784209
15942.9970738074
15941.5759250242
