# type 4 occupying volumes
15966.2986486979
15967.5763365759
15967.5857203738
15966.5255717301
15966.1706255628
15966.4482990886
15966.5185747994
15967.5760388637
15967.4712808327
15966.5185747862
15967.3173222683
15967.478549446
15967.4537962094
15967.2705589748
15967.3950784269
15966.0418010557
15966.3783248026
15966.2852804668
15966.5346973703
15966.5185747906
15967.5201260162
15967.8042893678
15967.5033188911
15966.5185747881
15966.6889496978
15966.4292501371
15967.3527793192
15967.4827462385
15966.2943626465
15966.3137558976
15966.3406095912
15967.3420815768
15966.1056534604
15967.3979790159
15967.7274200056
15966.1613309104
15966.8303636618
15967.617356344
15967.7272834146
15966.5909539163
15966.5185747926
15966.0442130083
15966.0904353407
15967.9296642705
15967.9202228101
15967.7770398201
15966.097844022
15967.4606280196
15966.414114802
15966.5436810871
15966.518574786
15967.39060055
15967.3143077443
15967.7510431791
15967.7948718097
15966.0003894752
15967.55489735
15966.6418300725
15967.3839066654
15967.5471216597
15967.650964992
15967.4639111614
15967.4238115465
15966.0214044983
15966.5185747935
15966.5185747935
15966.4583207592
15967.5810683456
15965.8038163273
15966.1675297907
15967.6211867056
15966.086737542
15966.4415635995
15967.5165646737
15966.0780398877
15966.4264318315
15966.3404820339
15966.2528633564
15966.518574783
15966.2893083372
15967.606267092
15967.5043523828
15966.1028599819
15965.9520527877
15967.5557021248
15966.120664988
15966.1846073243
15966.5185747935
15966.3626056965
15966.013804355
15967.5195905387
15967.4498993678
15966.16515972
15967.8969126013
15967.5828280373
15966.5185747989
15966.5185747862
15966.5185747862
15966.4357614924
15967.5267703558
15967.7173321721
15966.305617079
15966.4417567629
15966.0533510409
15967.3167518535
15966.5185747906
15967.7045889892
15967.5367126103
15966.5185747751
15966.1223971393
15966.5493849856
15966.5185747776
15966.08717758
15967.7120001311
15967.4301884803
15966.3604001634
15967.5129262525
15966.313820605
15965.9564719811
15966.3233594597
15966.51857481
15966.4721984569
15967.5821133985
15967.4071140309
15967.2425199559
15967.5536228298
15967.6768177173
15966.6141801437
15965.8891153584
15967.5915985196
15967.3612045089
15965.9483735831
15966.2241256568
15965.9973834511
15965.9670856114
15966.5185747879
15966.518574782
15967.9103707786
15966.5185747873
15966.5185747866
15967.5609540527
15966.3854172608
15966.2691806895
15967.3486046263
15967.6985500137
15967.4634924832
15967.705739925
15967.64406005
15966.4888744693
15966.2067006444
15966.3128697363
15966.2132557666
15966.4155094934
15967.3930743654
15966.4303921151
15967.4586627715
15966.2348437483
15966.3649092821
15966.5185747834
15967.4418385845
15966.2949586659
15967.5457310911
15967.7640315251
15967.8534492131
15966.0405602278
15966.5185747827
15966.518574779
15967.6964004624
15967.4979242642
15966.0380161545
15966.2875695392
15966.5185747929
15967.8553404
15966.5184376777
15967.6344147152
15966.5185747928
15967.7499812918
15967.5325657403
15967.3760665674
15967.5535602663
15967.5801091258
15966.0763074934
15967.3548648772
15966.1952947854
15966.0553610863
15967.361809885
15967.3945419036
15967.4209863654
15967.6695348804
15967.4201269786
15967.6439511753
15967.4256014511
15967.565216777
15967.1791710758
15966.0589824937
15966.5185747887
15966.420111972
15966.0723376875
15966.3165091424
15967.670410947
15966.5185747788
15967.6515880095
15966.4423154203
15967.6254424865
15966.5185747861
15966.5185747795
15966.0124818755
15966.1606274307
15966.8873984366
15966.5185747845
15966.3464488068
15966.386338145
15967.4639486588
15966.2144696077
15966.6082529317
15966.1553549183
15967.2726729935
15966.2021207929
15966.1420337381
15967.3624314201
15967.6653394632
15966.7055739054
15965.9465514892
15967.5310403686
15967.5954509056
15966.0320389304
15966.5185747955
15967.2881404879
15967.4096515249
15967.2789288693
15966.5185747883
15967.5080967024
15966.3166239628
15966.304222895
15966.2232132255
15967.484554882
15967.2405401297
15967.3394823911
15966.270976437
15966.5185747875
15966.4046480693
15967.4888696131
15967.5204838841
15966.5185747929
15966.5185750716
15965.9988990125
15966.5185747869
15966.5185747935
15967.3743807935
15966.5185749047
15966.4185991191
15966.5962723846
15967.627008846
15966.5185747882
15967.631276229
15966.5185747831
15966.5185747828
15967.2712635133
15966.1448225543
15967.549456206
15967.6556631457
15965.8464839937
15966.3214729254
15966.5185747852
15966.5575257558
15966.40338405
15967.4171488556
15967.3929938646
15967.3590420471
15967.3542740256
15967.51395427
15966.2635663125
15967.3830744656
15966.4417928506
15967.6208591565
15966.5060769863
15966.518574786
15967.4192607361
15965.9741018659
15965.8077785302
15967.5185347866
15966.0622957782
15965.962452393
15966.5185747901
15966.0525349673
15965.9122826311
15965.8928703001
15965.8922893152
15967.39939664
15966.2009675595
15967.6327462275
15967.4886602396
15967.3892352789
15967.4762819172
15967.7729311462
15966.5185747857
15967.3445320284
15966.0739599023
15967.3828177758
15966.0485821345
15966.2440435968
15966.3364537787
15967.1725543012
15967.5120351116
15966.6232036561
15965.9476940429
15966.3630949588
15966.122934653
15966.5185747916
15967.2656338887
15967.7452251522
15966.5280009261
15967.6795167715
15967.5813083146
15967.3784013141
15966.518574778
15966.2652387594
15966.0141734004
15967.2152247808
15966.518574787
15967.822546989
15966.1061045546
15966.518574786
15967.3996534497
15967.3125811757
15967.6412991907
15966.5185747878
15966.5185747841
15966.5185747818
15966.5185747877
15966.5185747887
15966.5185747859
15967.0059289822
15967.2189454231
15966.5185747796
15966.5185747841
15967.6247424862
15967.402467437
15966.4148599281
15966.3586107138
15967.6266134353
15966.5185747887
15967.3294612558
15967.5720787354
15965.896446749
15967.6759907911
15966.5185747825
15966.5185747794
15967.7228493993
15966.5185747936
15967.5022924409
15966.5185747806
15966.0619984784
15966.3220377948
15966.518574857
15967.5030596364
15967.2817881914
15967.2068824205
15966.5185747738
15967.5298679525
15967.7869289583
15966.5185747897
15966.0326573758
15966.6939748868
15965.6520016581
15966.5185747804
15967.1094295808
15966.5185745949
15967.1046619103
15967.5321066187
15966.663540901
15966.2263213767
15966.7745591753
15967.7422914655
15967.6363465069
15966.518574788
15966.5185747836
15967.6879894425
15966.0109343156
15967.5124994438
15967.7451990666
15966.3987113767
15966.5185747867
15966.5185748482
15967.489771687
15967.206612997
15966.5185748012
15967.6845368839
15967.4020748342
15967.4779539989
15967.4324839201
15966.6182200488
15967.9253357364
15967.4895326091
15966.518574786
15967.4359941758
15966.5185747889
15967.4205994069
15967.6805668287
15966.5185747867
15966.7553936432
15966.518574795
15967.5423398012
15966.5185747912
15966.5185747814
15966.5185747821
15967.4837252362
15966.5185747737
15966.5185747924
15966.5185747931
15966.6653829436
15966.5185747594
15966.5185747821
15967.3236943516
15967.4364614789
15966.5185747778
15967.616028986
15967.2111522704
15967.5162068059
15966.4006187036
15967.3143763299
15966.6741066025
15966.5185747805
15967.275825694
15966.3845276882
15967.5688807668
15967.7039599172
15966.0088317116
15967.4345201755
15966.5286462641
15966.3811754875
15967.3845781534
15966.4675398828
15967.5015291835
15966.5185747354
15966.3474490609
15966.1558235885
15967.5586036727
15966.518574781
15966.2678470546
15967.4242700309
15966.6151091361
15966.0213358688
15966.5185747824
15966.0486459075
15967.4528713077
15966.5185747791
15966.0813831244
15966.5185747866
15966.0571443529
15965.9546879518
15966.0380998932
15967.4026700509
15966.0869425165
15965.4998956131
15966.1811656585
15966.1902881575
15965.9283180271
15967.7636459009
15966.1499356805
15966.3081747214
15967.6076613801
15966.4606995603
15967.3421195153
15967.550263601
15966.5185747881
15967.502595763
15966.0409083917
15966.1931327454
15966.5185747874
15965.5960999563
15965.9259394542
15967.5765749156
15965.9819551349
15966.1857766467
15965.9817929488
15966.5185747909
15966.2407662939
15965.8470863084
15965.8334652712
15965.8631100138
15966.0716632723
15965.8927499584
15966.5185747901
15966.5873970317
15967.610232147
15966.5185747887
15967.6249626235
15966.6601207507
15966.2975668087
15965.8689182794
15966.1501832488
15966.5258083922
15966.5185747852
15967.3893453341
15967.7291847959
15966.0681607692
15967.6246396619
15967.3716189534
15966.4161335561
15966.6928018607
15967.3890421915
15967.4464969811
15966.2444835667
15966.0726467092
15966.091792061
15967.3833944746
15965.9798067887
15966.2577699591
15966.4414672517
15966.2578017857
15967.5630440697
15966.5825533194
15966.5185747855
15966.5185747867
15967.2614041105
15967.480356659
15966.3635980929
15967.8617751326
15967.6943855759
15966.2233851165
15966.3681034351
15967.3558650839
15966.4912540947
15967.5296723751
15966.518574875
15966.2151995581
15967.8096840432
15967.5292498454
15966.5185748006
15967.7986974743
15966.518574786
15966.6266035927
15966.518574792
15966.4440812982
15967.6459716421
15966.2898292674
15966.0690541561
15966.0629818254
15967.8187214192
15966.2061083291
15966.5185747748
15966.5185747829
15967.4163505002
15966.5185747845
15967.179102176
15966.6300987254
15967.5015014775
15967.5581139095
15966.3479647197
15966.518574805
15967.5347835412
15966.3934435299
15967.4713555669
15966.5837846694
15966.5185747791
15966.596201186
15967.3424191994
15966.5185747826
15966.5185747939
15967.2563792536
15966.2372957118
15967.351074209
15966.3218591586
15966.5185747793
15966.5185747862
15967.3795923404
15965.8307572272
15966.1746716781
15966.1800493933
15966.2338470768
15966.4192215793
15966.5185747874
15966.5185747785
15966.0602703129
15966.8813892587
15967.1675659964
15966.5185747826
15966.5185749142
15966.5185747843
15966.5185747903
15967.6285853718
15966.5176585584
15967.5057039119
15967.5643671897
15966.4744220988
15967.6122794357
15967.5465662132
15967.5315622943
15967.2946362672
15966.5185748108
15966.1192141728
15967.5015850005
15967.1746239142
15966.5185747881
15966.5185747807
15966.5185747837
15967.3127439184
15967.366756919
15967.4658273231
15967.5162659206
15966.5850119283
15967.3918846165
15966.5185747882
15966.518574777
15966.0578150519
15965.9821463294
15966.6113803421
15967.6012326473
15967.6012636488
15967.4933258464
15966.5185747848
15967.3858576053
15966.0715963497
15966.2060385849
15966.5814796745
15966.256165528
15966.093950009
15966.2120138004
15967.5970314981
15967.6057391097
15966.518574782
15966.5629539679
15965.5223051554
15966.2126279199
15966.027812624
15966.2394616836
15966.3064162781
15965.834043896
15967.4124677807
15966.1475792678
15965.9768713833
15967.5738935305
15967.4745926652
15966.2410656092
15966.1931004784
15967.5494498048
15967.576750818
15967.8624877919
15967.4657617032
15966.2401147455
15966.5185748262
15967.5379436706
15966.5185747902
15966.1957133464
15967.4743385565
15966.3007769331
15967.7905896594
15966.1761748021
15965.9249331607
15966.5237409403
15967.3845055019
15966.3444457377
15967.4833079902
15965.8370471616
15967.9186100011
15966.1914266997
15966.0467003021
15966.5185747794
15966.5185747862
15966.5185747835
15967.561477648
15967.4277391331
15967.5658192664
15967.4843558239
15967.5548865036
15966.1950160734
15966.0586418881
15967.1200184661
15966.3027578234
15967.5383442782
15965.906115424
15966.8280913814
15967.6258733073
15966.1887138597
15967.7906560531
15966.0902358576
15966.5235824343
15967.523811586
15966.5185747853
15966.5185747647
15966.3402208284
15967.5878439431
15966.6540648484
15967.8721395405
15966.5185747789
15967.5501361015
15966.518574785
15967.6032508459
15967.5674589804
15967.0276201023
15967.5131085985
15967.5476240084
15966.2575602425
15967.7018522939
15966.518574778
15966.5185747864
15967.7186456087
15967.4292860117
15966.2509985065
15966.5185747786
15966.1515755518
15966.57962322
15967.7152084845
15966.5185747865
15966.1930103709
15966.5185747879
15966.5185747931
15966.5185747812
15967.1130605277
15967.3607553299
15967.7499246898
15966.2321976889
15966.5185747733
15966.5185747846
15966.3904444731
15967.3303976821
15967.4088303033
15966.3370426954
15967.3386139026
15966.5185747818
15967.6715505179
15967.4628709039
15967.6842387362
15966.5185747838
15967.4492835413
15966.4350448871
15967.5339357249
15966.6451323285
15965.7937827592
15967.4287787778
15967.6449377031
15966.5185747822
15966.4334676732
15966.6998091456
15967.1455810924
15966.7774687381
15967.2015197246
15966.5185747834
15967.3484806674
15966.3018122331
15967.6771653338
15965.8819938729
15966.0727659476
15966.0743435661
15965.7370673002
15966.4442757224
15966.1823576402
15966.5616798635
15966.5185747843
15967.2751501754
15966.5185747805
15966.5185751277
15966.5185747219
15967.5214358724
15966.5185747966
15966.141682587
15967.6157227921
15966.1345085106
15966.5185747783
15967.5029434231
15966.5185747873
15967.5163149475
15967.4723631553
15967.1485371014
15966.5185747893
15966.5185747744
15967.243552234
15966.5185747968
15966.5185747864
15966.1382437611
15966.0691659442
15967.3660972009
15967.7340707824
15966.1855235072
15967.5300777453
15966.1750665638
15966.2791524811
15967.5560201001
15967.7517652382
15966.4276360439
15967.6372502903
15967.304854368
15967.6369055593
15966.5185747763
15966.5185747868
15967.5658426756
15966.1499606414
15966.4354313212
15966.3633925352
15966.2700244386
15966.5185747804
15967.5364278654
15966.2765753624
15967.7487533139
15966.4806224137
15967.5193583132
15966.2088774169
15966.5185747956
15967.1649243521
15967.2369254605
15966.5185748313
15966.5185747742
15966.5185747957
15967.5461699081
15966.5185747573
15967.7228240038
15966.2408888647
15965.8037818868
15966.2396459156
15965.6930057453
15965.8720991084
15967.3422844345
15966.5185747856
15967.1633180094
15966.5185747819
15967.2445142903
15967.5872773968
15967.6867588801
15966.518574781
15966.0619560507
15966.3256680663
15965.9307874026
15966.4837131178
15966.036210142
15965.8223663974
15966.5185747963
15966.5185747905
15967.2372136522
15967.7886540533
15966.2400042232
15966.518574789
15966.1216092588
15967.2509157983
15966.4065878211
15967.3375012457
15966.5369950267
15965.9865459735
15965.9257582658
15966.7310352342
15966.3099972797
15966.3894749524
15967.6555746144
15967.4047078853
15966.5185754713
15966.518574796
15966.2468401396
15966.1846480508
15966.5185747993
15967.6336564112
15966.5185747875
15967.588155053
15966.2592379205
15967.506972002
15966.1918422828
15966.1477453683
15967.6380545671
15966.5185747805
15966.3090398109
15966.3405633536
15967.3280666173
15966.2168449659
15966.5185747858
15967.7830541652
15966.5185747859
15966.518574789
15966.9192359955
15966.5185747782
15966.5138674133
15966.1865397547
15967.4996718622
15966.4712191913
15966.3454007093
15967.5978807739
15967.5907291824
15967.4228696377
15966.5185747847
15966.1552867287
15967.7546614864
15966.5185747853
15966.605294228
15967.4137384845
15966.5185747869
15966.5185747878
15967.5564931036
15967.4857790751
15966.518574783
15967.3508347463
15967.2160673146
15966.3397930941
15966.518574789
15966.0883773168
15967.4908889194
15965.8647208434
15966.1076003196
15966.5185747859
15967.5386988067
15966.6263438405
15965.8373881233
15965.8325559254
15966.1728637131
15966.2120853053
15967.4042303559
15966.3532251833
15967.5905108273
15967.7674649328
15966.3181421463
15966.2093592514
15966.3341481485
15967.6121036092
15967.2975690969
15966.4452814069
15966.5185747804
15967.1562725705
15966.5185747918
15966.1932323736
15966.5185747817
15966.327058632
15967.5531613194
15966.2325850487
15966.1231643122
15966.5185747841
15966.5185747882
15967.4291241364
15965.859476167
15967.4295720058
15967.7047584256
15966.5185749973
15966.0939589473
15967.4068039799
15966.5185747872
15967.3644870458
15966.5185747877
15967.2396051366
15967.4149538197
15966.518574779
15966.2884555562
15967.5903366336
15967.5917792228
15966.2288981116
15965.8094917831
15965.8174544731
15966.7674486857
15967.4674987293
15966.3215571368
15967.5553657513
15965.959822894
15966.5185747746
15966.2184265382
15967.5819387866
15967.394122196
15966.5185748819
15967.399921395
15966.518574247
15966.518574781
15966.4922351049
15967.2834354596
15966.1157126946
15967.3756356309
15966.3036190125
15966.5532455005
15966.1742258203
15966.5185747902
15967.217623143
15967.264897234
15967.6593472354
15967.3779292281
15966.5185747773
15966.4592693077
15967.7631671289
15966.5185748151
15967.2366620546
15967.7854675856
15967.5646302595
15967.4155795482
15966.7535059857
15966.4015006266
15966.5185747877
15967.7388254947
15967.3822721377
15967.260179718
15966.2212903961
15967.6345364602
15966.518574783
15967.3785425042
15966.5185747923
15967.4167431059
15966.5185747908
15966.5185747914
15966.5185747851
15967.6154424479
15966.3763790364
15967.5198486747
15967.3103509014
15967.3833762512
15967.6102688393
15966.5185747862
15967.355932651
15966.2718382461
15966.5185747826
15966.5185747852
15967.3261654359
15967.5012220699
15967.670844919
15966.5185747844
15967.378173455
15967.3884290662
15966.5806997798
15967.5111120595
15966.2518108732
15966.2239559246
15967.5903002766
15966.5185747806
15966.3874675548
15966.5185747959
15967.3432611449
15967.5501358597
15967.6363740096
15966.5185748817
15966.104755609
15966.5185747967
15966.0589882893
15966.1147997937
15966.3118154295
15967.9739099173
15966.0900433102
15966.1894347651
15966.1674586303
15965.9805297932
15967.6020736409
15967.4031059008
15966.1328264883
15967.4078623747
15966.0727247654
15965.9767293036
15966.5454596567
15965.9379021612
15968.019684062
15966.6721354841
15967.4057959289
15967.4872810947
15966.0206025017
15966.0997690596
15966.2621509014
15967.4298668808
15966.1408280075
15965.7252853882
15966.3102889473
15965.6001458038
15965.9873080486
15967.5989625442
15966.1994558842
15966.1413376208
15965.9267947959
15965.7038151164
15965.9785486817
15965.742601447
15966.3376209593
15967.5314829603
15967.5387722807
15967.8420974646
15966.3720203746
15967.4391114061
15966.4334995956
15966.5185747832
15966.5185747801
15967.3383291639
15966.4436661841
15965.9255744936
15967.3860582393
15966.0460680379
15966.0433630672
15967.5792542764
15967.4636570158
15965.7088964591
15965.8250118641
15966.0675438423
15965.9920953623
15967.5976931858
15967.5845716985
15966.1458285224
15966.0134083205
15966.0905884314
15965.8081723977
15966.5185747785
15967.4906494128
15965.8669410314
15966.2598750366
15967.9144082147
15966.3302476862
15967.7811555016
15966.5185747766
15967.7918553642
15966.2453347057
15965.9437963869
15967.8633069786
15966.1497076711
15966.196239701
15965.9145486342
15967.4285225861
15966.3629641495
15966.3868666674
15966.0863534369
15966.5185747744
15966.5185747819
15967.426040011
15967.4478265404
15965.9963673739
15966.3119385222
15966.2227858424
15966.2227858243
15967.2081991228
15966.9830270383
15966.0551100303
15967.480382256
15967.5079585325
15967.3943525008
15966.1283221447
15965.7279763005
15967.5572826856
15966.1925530118
15967.6980659644
15966.5185747889
15966.0581773784
15966.2420825404
15966.1266814654
15966.4949495874
15966.518574779
15967.5412305185
15966.743374955
15967.4495468228
15965.9862362326
15966.2450982552
15967.3029510903
15966.5185747822
15965.8964818446
15966.5453954176
15966.1061133277
15965.9016531495
15966.5185747891
15966.5185752016
15965.8456807157
15966.1107077154
15966.268017627
15966.5185747931
15966.5185747807
15967.7823934634
15967.3498723763
15966.2456375908
15967.5044841434
15967.3310562473
15967.1988971064
15966.5185752009
15965.9842663257
15966.5185747832
15967.3477391254
15967.3829348518
15966.2662861399
15966.518574785
15967.5337687223
15966.3957225062
15966.5185747648
15967.3727188156
15966.5185747886
15966.5185747896
15967.6949802273
15966.5185747756
15967.6002019891
15967.2991973599
15967.7369921919
15967.530638374
15966.5185747809
15967.2623997196
15967.3969423148
15966.5185747627
15966.0558224678
15967.6699342952
15966.5185748841
15967.6753030854
15967.5775709391
15966.0578234965
15967.4419696733
15967.4261573793
15966.5185747902
15966.3543497281
15967.4378758268
15967.6437688159
15967.7164773284
15967.4374388397
15966.0023063481
15966.5497446539
15966.7183247198
15966.5736542305
15966.5185747796
15966.3283229408
15967.6168377373
15966.5206603454
15966.3063710789
15966.440052498
15965.9460563822
15966.2547417306
15965.9540578993
15966.2189040868
15965.9090719423
15965.9906252239
15966.0949123502
15967.9030368135
15966.0499719482
15967.5035450677
15966.2826841696
15967.6358981998
15966.4882000789
15967.5021271659
15965.9438295259
15966.3462833195
15967.5063166716
15966.2049502269
15967.6468743049
15967.6749911163
15966.2702038213
15966.0605021628
15966.1371273343
15965.5567658529
15967.725579094
15965.9277231656
15965.7753824477
15966.0690412212
15967.5690243336
15967.4749815036
15966.1441074081
15965.8769732224
15965.9850872055
15967.5346103783
15967.2639518419
15965.9863050253
15966.4784404169
15967.6739375849
15966.5185747796
15967.4885214061
15967.1916117321
15965.9508443833
15966.5185747868
15966.3096024904
15967.9463770433
15965.9567711465
15966.4382706863
15966.2986238395
15966.2104797992
15967.6688834395
15966.3317727441
15967.6088407544
15965.5012332021
15967.402985253
15967.2953430373
15967.5772547939
15967.6756115149
15967.5160654375
15966.3309664035
15966.4155684533
15967.7185076516
15966.3866823188
15967.6861349872
15967.7446488984
15966.3209281997
15966.0718581251
15965.9312092049
15967.4263705941
15967.026953341
15966.1618539833
15967.6510097113
15966.2227858455
15967.3609637818
15966.1596172059
15966.2227858408
15967.4903788206
15967.3970289941
15967.6689319318
15967.7385799904
15966.3575706388
15966.0606498102
15967.8608827784
15966.3778667071
15967.4615451616
15967.4635603426
15967.4591043038
15967.7577857651
15966.2073609706
15966.5185747861
15966.1466323741
15966.5185747865
15967.6416506765
15966.2519799531
15967.54900555
15966.5185750539
15967.5901595634
15966.19378197
15966.5185747901
15967.2439711321
15966.2954884898
15967.3923649652
15966.5234196086
15966.1023991314
15967.6209068038
15967.4528603877
15967.546795944
15967.462150957
15966.5185747887
15965.5261940195
15967.4302381814
15967.4241523195
15966.5185747901
15967.1661858829
15967.1557924849
15966.6281699829
15965.993637984
15966.0562219693
15966.5185748073
15966.5185747893
15966.5185747804
15967.6044246022
15966.5185747899
15966.5185747794
15967.5171193387
15966.5185747918
15967.6704563186
15967.5788666317
15966.2604309863
15967.4103186107
15966.2261566866
15966.287344474
15966.394140896
15967.5069558788
15967.3190802782
15965.9822238959
15967.2409193
15966.5185747889
15967.4126286918
15967.6975443177
15967.4697589494
15966.2797684007
15967.5642629837
15966.1889720415
15966.3347570188
15966.5185747825
15965.9288913845
15967.4012629524
15967.4486180339
15966.5185747933
15967.1305740275
15967.2768065689
15966.5185747892
15965.9059696776
15967.5520754966
15965.9383237015
15966.5185747891
15966.3571995412
15966.518574787
15965.9628984521
15966.5450739177
15966.2054641802
15965.9098150801
15967.5960313611
15966.3664531662
15967.5403134927
15967.7665913909
15967.1851335669
15967.5947179535
15966.297692707
15966.5185747933
15966.5185747888
15967.2448847887
15966.5185747857
