# type 4 occupying volumes
15943.9740981331
15942.8608362284
15942.650697292
15942.9970738162
15943.8001133901
15942.9970738177
15942.9360371028
15943.7569444096
15943.7831160572
15943.7513949295
15942.9970738163
15943.7620418916
15942.9970738166
15942.9970738101
15942.5228276722
15942.4714723552
15942.997073912
15942.4902974098
15943.8457992062
15944.1379407684
15943.986942397
15943.0163222531
15943.9195609882
15942.9970738123
15943.8878382997
15943.9596819233
15944.2210204323
15943.826644998
15942.6388036419
15942.4788574519
15944.3824459099
15942.5323401286
15944.1769105311
15942.9970738183
15943.7702841054
15942.6748718559
15944.2407723926
15942.9970738145
15942.5644431362
15942.8264979826
15942.9970738173
15942.4443364057
15942.613579351
15942.9490091956
15943.9085582862
15942.9970738142
15944.2157261102
15943.9528358948
15943.055790339
15944.2115460832
15943.9661273082
15942.9970738125
15942.3583412586
15942.5231292287
15944.0889270975
15942.7382141343
15942.9941567551
15943.9605001002
15942.9970738098
15944.0770126036
15943.0197981734
15942.9970738082
15942.9970738117
15942.9970738196
15943.7731300039
15942.9970738163
15944.0133809765
15942.9970738175
15942.5938526043
15944.1920820942
15942.9970738167
15944.064253987
15943.9697350609
15942.8753544739
15944.0401081607
15944.0264460124
15944.0006725936
15943.262183213
15942.3372885503
15942.2613619065
15942.7963841826
15943.7441948316
15942.9970738188
15942.1435038424
15942.9970738211
15943.168269429
15942.7282512349
15942.6432745031
15943.7753566572
15944.0687157661
15944.028756808
15942.4533109366
15942.5352361738
15944.1639478631
15942.9970738152
15943.9101114365
15942.8763849343
15943.1031781582
15944.1501267529
15943.9507199848
15942.9114051066
15942.9970738143
15944.1019195439
15942.9970738104
15944.0499999385
15943.8342725363
15943.8121415359
15943.6888148468
15942.5409644054
15943.92777311
15943.0546649421
15943.844733963
15942.9970738124
15942.9970738127
15944.0288693641
15942.9970739507
15943.8794824932
15942.899173072
15942.5243677513
15942.8060755561
15943.8999179119
15942.9770211421
15942.7099222082
15943.9979492081
15942.9970738234
15942.358828371
15942.7219657507
15942.7548772513
15942.3416863627
15943.8342917685
15942.4019960289
15943.8134551336
15944.2131558857
15942.5562354058
15942.9970738185
15944.2033128695
15942.3338785173
15944.2448543767
15942.9970738177
15942.7027405767
15943.7208968366
15943.0331453594
15944.350768351
15942.9805216229
15942.8930141324
15942.7746607052
15943.8836815132
15944.2446367879
15942.6007497452
15944.0270405873
15943.6897612868
15942.5449470929
15942.5862569542
15942.997073814
15943.0319149819
15944.313229114
15943.967975749
15944.0007808127
15942.9970738148
15942.9970738201
15943.0346668027
15942.6506209246
15944.4252843566
15943.9477112546
15942.7782101479
15944.1344426723
15942.9970738158
15942.423158602
15942.8270237035
15943.1448111946
15942.9970738111
15942.9970738203
15944.315647279
15942.9970738186
15942.9970738136
15944.0016036968
15943.8406909956
15943.9881007488
15942.6438909126
15942.9970738195
15943.8718214453
15944.0887133108
15942.6010462149
15942.9970738132
15944.1569521061
15944.4147380185
15943.9257900202
15942.9970738154
15943.4468934546
15942.5660149382
15943.8454850619
15942.8091882648
15943.9605159745
15943.9404632012
15942.9970738214
15942.8996930938
15942.6505478777
15943.8205623694
15942.9970738153
15944.1001439062
15942.9970738172
15942.6062045208
15943.0155366421
15943.9458956698
15942.9970738171
15943.8462279387
15943.4696214348
15942.9970738192
15942.9970738147
15942.9970738156
15944.1498598548
15942.9360206252
15943.8924284537
15943.9327687334
15943.1179778822
15943.7713366228
15944.1321718198
15942.8488590297
15942.6647989266
15944.014982479
15942.4121304563
15944.1558968402
15942.9970738112
15943.9697810207
15942.9711438239
15942.9970738147
15942.9970738937
15942.9970738174
15943.7449751903
15942.9008230234
15944.1978877103
15942.9970738212
15942.6641870419
15942.7169611675
15943.8729961229
15942.9970738174
15943.7448316199
15944.0818675693
15942.9970738174
15943.8862761322
15942.7420899847
15943.8464382404
15944.0488407434
15942.9246106048
15942.9970738192
15944.0907443472
15942.9970738198
15942.7446027123
15942.9970738791
15942.9970738218
15942.7173061142
15942.9970735192
15942.9970738123
15944.0605182701
15943.9996830668
15944.0626617625
15944.1659628603
15944.1285484459
15942.9970738138
15943.9763104608
15944.0259062669
15943.7166893023
15942.8674944236
15942.4771258991
15944.0382068421
15942.9970738142
15943.8562923318
15944.0757880431
15944.036284846
15943.7782292871
15942.9970738205
15943.9315623499
15942.9970738205
15944.153451484
15942.4261192393
15944.2630188588
15942.7873900684
15943.3695411125
15943.7416865673
15942.8487396558
15942.9970738198
15942.5510974167
15944.4347803229
15942.5482538381
15942.577440209
15943.0711836236
15942.5722027805
15942.5443712359
15943.8256577114
15942.9970738185
15942.7758515801
15944.3075084392
15942.8855875384
15942.7954223998
15943.7852291465
15942.9970738149
15943.884962472
15943.9582402492
15942.5121210112
15942.5471948771
15944.3659626999
15942.9286708414
15942.5474062721
15944.3794355682
15942.9970738135
15942.5137170015
15942.8116042155
15942.9970738134
15942.8214868855
15943.8592409568
15944.2195958714
15942.9970738111
15943.9252754283
15944.2265123496
15944.1682028229
15943.1606831937
15942.9970738212
15943.3162266075
15944.0873035604
15942.9970738508
15944.2524694328
15944.1217501105
15942.9756405494
15943.8273173249
15942.8291924497
15942.9970738155
15942.9970738216
15943.9411751694
15943.8215548128
15944.062762467
15944.0426578763
15943.8767072334
15943.7482082479
15944.0564747417
15942.54818156
15942.6023213098
15943.9416705493
15943.9073844764
15942.6812734858
15942.9970738132
15944.1432974987
15943.1458466825
15942.5614712484
15944.2515015658
15942.7466054361
15943.0771973736
15942.4568503821
15943.9844845324
15943.9552303029
15943.3313202828
15942.9263460418
15942.9970738242
15942.667820999
15942.9970738121
15944.2448691501
15942.5014613589
15944.0836199791
15943.7890684022
15942.9970738199
15942.9970738221
15943.7617367196
15942.6831448337
15942.997073815
15944.1493719315
15942.9970738164
15942.4557585202
15943.9471805531
15942.9970738187
15942.5459880984
15942.9970738168
15942.8610880364
15942.3501317836
15942.2439781986
15942.8766616741
15942.8204245304
15943.891750781
15942.9970738154
15944.0015607067
15942.3106425943
15942.497273187
15942.6709117915
15944.0756982918
15942.9970738171
15943.9702124149
15942.8946671108
15944.3368031813
15942.9970738137
15944.0535322992
15942.992753417
15942.9970737362
15943.9387634193
15942.9970738214
15942.9970738084
15943.8320082968
15943.0815986857
15942.6307301659
15944.0252470907
15942.9970738181
15943.0314094446
15943.7183470985
15942.6513595972
15944.2555629553
15942.8950659993
15942.5841564577
15943.3335347914
15942.4031566
15942.9970738207
15943.0012806292
15944.2112389685
15943.0792824774
15942.6081994479
15942.4552245099
15942.9970738191
15944.1236288484
15943.8732267368
15944.0273484516
15942.9970738194
15942.6779799813
15942.9970738231
15942.9970738185
15944.0159094907
15943.935822727
15942.8767765337
15943.8521049082
15943.7812407881
15942.7366610679
15942.9847468469
15944.0539137774
15942.9970738091
15942.8939383115
15943.128869679
15944.1107722917
15943.6986664623
15944.1086243798
15944.1404909232
15942.524603512
15942.705990851
15944.1160787267
15944.2121112967
15943.8470874378
15944.0638192029
15942.7706641702
15942.9970738166
15942.6966592944
15942.3271227698
15944.1961233483
15943.9292818782
15942.9970738177
15943.0227201849
15942.4714071863
15943.00286458
15943.985379008
15943.9256510092
15942.8748049786
15942.9970738189
15944.246822656
15942.8032008854
15944.2211119289
15943.1820153915
15942.3821789403
15943.0927599059
15942.7067841729
15944.288107433
15943.2424049121
15944.0917336287
15942.9020245376
15943.0582018724
15944.2904922811
15942.9956517881
15943.8286614735
15944.3217108863
15942.9621790811
15943.879790522
15944.13626344
15944.0323264371
15942.9970738166
15943.8770271507
15944.2786148816
15942.5679378895
15942.6655014668
15942.9483541842
15944.3289996478
15942.312684683
15943.9360909488
15942.5798170052
15944.0837199619
15942.9970738141
15943.9360015658
15942.9970738125
15944.1588750697
15944.038959857
15943.9285611435
15943.9290852501
15944.0986298518
15942.5927192912
15943.8128058243
15943.0571216423
15942.6380300276
15944.1512817176
15943.032951972
15942.9970738139
15943.7102808022
15943.8597958219
15943.9730472907
15943.8736622525
15944.1320897311
15944.1700841756
15942.6395483597
15944.0442801613
15942.545751061
15943.9076702528
15942.9970738142
15943.9582381438
15943.055478096
15944.011379477
15943.7673877377
15944.1375964556
15942.9970738159
15942.997073818
15942.9570720905
15942.9920014451
15944.0702018943
15942.5191027716
15942.4260324682
15942.8323545527
15942.6331889651
15944.0391959042
15942.5392408634
15942.8795115474
15942.5768407626
15942.4174351162
15942.6476563474
15943.2520329645
15942.9970738163
15942.2769744458
15942.9970738155
15942.2478101048
15942.6463018897
15942.9970738187
15943.9818834854
15942.8309664867
15942.9970738339
15943.7643052014
15944.0860492144
15942.6448316203
15942.9970738181
15943.0353900225
15942.6190041653
15944.0567204583
15942.9970738207
15943.2082939668
15943.9270203026
15943.6733041759
15944.1453973542
15943.8803932875
15942.8636252666
15943.5678247828
15942.9970738219
15942.9970738155
15942.9970738128
15942.9970738148
15942.9970738148
15944.1694033459
15942.7600234507
15942.5294030236
15943.1503465114
15943.8237136876
15942.8166487285
15942.9745298254
15943.0517010421
15942.8917994065
15944.0609472176
15942.9970738141
15942.9970738157
15944.1166204368
15942.9970738172
15942.8595395322
15944.1287203269
15942.8090735796
15942.9970738176
15944.0553094094
15943.9934584162
15942.9970738155
15942.8312410396
15942.6148678171
15944.0993604724
15942.9970738165
15942.9970738214
15944.1022156173
15944.1571658672
15943.7521483292
15942.5983881583
15942.9970738128
15944.0128410607
15944.0676196327
15942.6401205119
15944.0975156439
15943.8820396536
15943.2404223555
15944.0192346788
15942.9970738155
15942.8673202424
15942.9970738161
15942.9970738214
15943.8026592893
15942.6543108726
15942.5069890395
15943.880808808
15944.0591738739
15944.2010362973
15942.8639865697
15944.1458872002
15942.8680300791
15942.629668949
15943.8653996124
15942.541517174
15942.9970738102
15942.2995057256
15942.6820327765
15942.9409020323
15942.6365006889
15942.6342281768
15943.8152122606
15944.1531163962
15943.1605388463
15944.3282867144
15942.6176561708
15942.7322158101
15944.1364113105
15942.6294023746
15942.7052244752
15942.5313115002
15944.4168691419
15942.7841375894
15943.8166208323
15942.4581428367
15942.9970738115
15942.9454833092
15944.1991482748
15942.4569349397
15942.9970738182
15943.8943969467
15942.8062798692
15942.9970738166
15943.9319381604
15942.4673342325
15943.0965751124
15942.4045816135
15942.6306915778
15942.9970738152
15944.1819401139
15943.1406296934
15942.3214547656
15942.8097605703
15944.213315558
15942.9970738164
15942.9970738194
15943.8831882648
15943.8403128591
15942.9970738133
15944.0514094258
15943.8706393174
15943.8859962731
15944.2172433
15942.9970738146
15942.8847472888
15944.0363155145
15942.4835466657
15942.8387149909
15942.5022850268
15943.6501869748
15942.732088085
15943.1208494289
15942.9970738156
15944.258177546
15942.997073813
15942.9970737946
15944.0623110004
15944.1129325937
15943.0814332759
15942.7752856277
15942.6107814757
15942.997073814
15942.9970738135
15944.0100031058
15942.9970738109
15942.7229317596
15942.9970738142
15943.9231327401
15943.9457834326
15943.2350314671
15944.1428508024
15944.2310906317
15942.6511079781
15944.2089545129
15942.4607752346
15942.9214394568
15943.9157523345
15943.8470936607
15942.7564375189
15942.7303973975
15942.9557636227
15943.9259198819
15944.0697593539
15942.7410216777
15943.8051670948
15942.9475086736
15942.9970738133
15942.9970738097
15943.7358133532
15944.176501264
15942.5954845672
15942.2421256112
15942.6718338687
15942.9970738176
15943.7309653823
15944.0834702788
15943.9483329567
15943.85775048
15943.8744803657
15942.9970738439
15942.8897869317
15942.5259972436
15943.9923232576
15943.8057164092
15942.7949731384
15942.3036268059
15942.8659681463
15942.9970738158
15943.6340254631
15942.6193236722
15944.2334391958
15942.9970738171
15942.9970738109
15943.8462724316
15942.6878160948
15944.3067088058
15942.8574912936
15942.061682427
15942.6748597759
15943.9199121478
15942.5359907287
15942.6218826058
15942.6373227007
15944.1889956101
15943.2423763773
15943.7970388244
15944.2861874034
15942.9970738141
15942.9338938489
15942.9970738115
15942.9970738022
15942.3865998229
15944.1580220786
15944.1299294106
15942.9970738161
15943.9907334756
15942.9916406942
15942.9970738122
15942.7343223865
15944.1132197879
15943.8919732052
15942.9970738164
15942.7607640863
15944.0983031487
15942.5701525925
15944.0204871704
15944.1031642416
15942.7766853761
15943.8582940698
15943.3258313419
15944.1312075112
15943.991159231
15944.1000855429
15943.191658486
15944.1466863478
15942.6896111796
15943.7612132378
15944.1141724457
15943.0814749956
15942.9106345897
15944.0664098162
15944.0554405146
15942.945515506
15943.8873939033
15943.1088556708
15944.0809964767
15942.764232089
15944.2083878135
15943.0172466899
15942.9970738249
15944.1460867637
15944.0679027291
15942.7286377603
15943.9932826148
15944.032153719
15942.9970738144
15943.9665469971
15942.7224501063
15943.6923966679
15943.9474208388
15942.9970738111
15942.8541696858
15942.3494472197
15942.7569512437
15942.6262701366
15944.3198247701
15942.3759335002
15943.9983366292
15942.9970738155
15942.9970738208
15942.9655028255
15942.9970739188
15942.4969780051
15942.4656520247
15942.9694976573
15942.2455307478
15943.8238618193
15942.9970740049
15942.6948315519
15942.7800853829
15942.9150461402
15943.6809861045
15943.9935819297
15944.1706914782
15942.9970738163
15942.3008493845
15942.9970738202
15944.4197215976
15942.4763551588
15942.8826588946
15942.9970738116
15942.6275802973
15942.9970738159
15942.3277471043
15942.997073818
15943.863317879
15944.0588420167
15942.6945813162
15942.5325699415
15942.6068138377
15942.6682878303
15942.6872994497
15942.9970738186
15944.0965158031
15942.9970738126
15943.8472562044
15942.3517820368
15943.1521586949
15943.6417172199
15942.9970738186
15943.8050120039
15943.0548441996
15942.4457627839
15943.7892150536
15942.6482184911
15944.3682158047
15942.9970737995
15943.8076655942
15942.6642616014
15942.9970738155
15943.8206391278
15942.4169808858
15942.4643437371
15944.0558531623
15944.0404799638
15942.9970738212
15943.0090103255
15942.9970738151
15944.0677253823
15942.997073815
15942.9970737939
15942.9970738168
15943.6156927543
15943.8629087574
15943.2098551713
15943.0156829769
15943.7184652322
15944.1417359457
15942.8745911739
15942.9185753224
15944.1381053255
15942.9970738215
15942.9970738175
15944.2840366824
15942.7518226534
15942.6500926707
15942.3076191071
15942.9970738179
15943.1621894791
15942.3632083033
15942.4949102014
15944.2601977867
15944.1843362145
15943.869802278
15942.6174948544
15942.907470297
15942.6550857016
15943.9241909413
15944.1800214486
15944.1261366173
15943.8618349925
15942.438264942
15943.8206448013
15943.9297053216
15943.7577776169
15942.6158702507
15944.2098086473
15944.3074753568
15942.7673846628
15943.9117812161
15942.3917280097
15942.9970738173
15942.9970738189
15942.9970738192
15944.2514203067
15942.8281885785
15942.5705291036
15942.6319679934
15943.932351473
15943.7974657693
15942.9970738224
15942.6457975237
15942.3561279598
15942.4170966645
15942.9970738149
15943.0416170753
15943.8525228969
15942.9970738165
15942.3021331998
15944.0800375108
15944.0363985463
15942.9970738167
15943.9400088385
15942.4676164298
15942.5866041489
15942.3785264882
15942.8100326638
15942.4754065234
15942.6932321074
15943.0424373014
15942.9970738191
15943.8916029538
15942.1544248625
15942.9970738257
15942.4604451008
15942.9970738212
15943.9472288416
15942.9970738146
15944.0944143421
15942.7793792043
15943.8944946959
15942.2285581771
15943.967481568
15942.5535965339
15944.2101064332
15943.8690954661
15942.7227708985
15944.1822683949
15942.668620176
15943.0440234968
15942.4282185437
15942.9970738178
15942.9112617196
15943.9177456945
15942.9970738158
15942.6053447782
15943.7894125919
15944.1025042492
15942.9117393607
15942.9970738226
15944.2072071562
15944.1931400069
15943.0527115826
15943.9184903199
15943.9994306849
15943.1111515964
15944.1098097568
15943.561894444
15942.9970738069
15943.870261157
15942.3531170216
15943.8642534314
15944.1526297362
15944.1917066253
15942.6385278559
15943.8348859604
15943.0327294799
15943.9154326121
15943.2738609604
15943.9040606227
15942.9970738144
15942.9970738217
15942.5100158396
15942.5384672896
15943.9041739737
15942.4282011626
15943.8373024706
15944.2153608888
15942.4802965461
15942.9970738041
15943.991159096
15942.3932373456
15942.9970737977
15942.7264752669
15944.4708778455
15944.1179074092
15942.8566866932
15943.8629358684
15943.9021085286
15942.6519794239
15942.5164965999
15942.6359457494
15942.7136587432
15942.9970738113
15943.3328845582
15943.8899916971
15943.8623329047
15944.2004868788
15942.9970738161
15942.8713787173
15944.199166335
15942.9970738166
15942.2882209679
15942.7311359751
15942.9970738171
15944.0690334359
15943.1186832057
15943.3236367339
15942.7490808676
15943.7707965669
15942.9970738164
15942.9970738147
15943.8663871137
15944.2485740584
15942.9970738137
15942.766405565
15944.2626856503
15942.4739281485
15942.8295293232
15944.2212325339
15943.0269407377
15943.0083177908
15942.4050195836
15943.7748094041
15943.7903000732
15942.383441866
15942.7361073566
15942.3370592002
15942.9970738166
15943.8836004041
15942.9851145703
15943.9714620005
15942.9970738122
15944.3196039085
15942.5396153562
15943.8962916489
15943.9517936292
15943.9075449564
15942.5978458757
15944.0134446815
15944.0523470922
15942.51400828
15942.6849686158
15942.8192590227
15944.0273214165
15943.8939283319
15943.3128517576
15943.1291450509
15942.9970738176
15944.1758289578
15942.7171435478
15943.1329314782
15944.2460116157
15944.2498958018
15943.5863194319
15942.511240744
15942.4837042801
15943.9514220582
15944.1228892555
15943.9310629586
15944.231015729
15942.3967072129
15942.6123848532
15943.9980369315
15942.7641902837
15942.4942550297
15942.6278699391
15942.5614844815
15944.1873929314
15942.1026864837
15942.3708874901
15944.0241752444
15943.8553616475
15942.5716052471
15944.0907373603
15942.9970738134
15943.8356103601
15944.1554459462
15942.3714738335
15942.4718394655
15942.9970738138
15942.9970738167
15943.873352128
15942.599981843
15942.3689500161
15943.9441222977
15942.6768819626
15944.1891696212
15942.8899161001
15942.9970738201
15942.9257368831
15942.6371590295
15942.4117176473
15943.8926602507
15943.9315429839
15944.4188678591
15943.3743209447
15942.9970738178
15943.8165659702
15942.7235994474
15942.9970738166
15942.451388376
15942.9970738158
15943.9248944065
15942.8410922748
15943.7611264975
15942.9970738164
15942.9970738165
15942.9970738164
15942.6272379671
15943.9544810541
15942.9970738146
15944.0049465233
15943.9442297125
15942.9996186107
15942.9970738139
15943.6590672856
15942.640384115
15943.7012982975
15942.9970738143
15942.959173542
15943.8683060259
15942.997073813
15942.9970738219
15943.9768722328
15944.0542027981
15942.9970738161
15942.9428493709
15944.0667239206
15942.3976192268
15943.0330105002
15944.123469452
15942.8758878725
15944.0977656848
15942.6613934636
15944.2021373507
15942.8361889645
15943.7370025227
15943.9154168205
15943.1015354268
15942.9970738184
15942.6759289074
15944.4342812608
15942.8032275735
15944.3477103809
15942.6781841997
15942.9970738145
15944.199266373
15942.9970738067
15942.6213950298
15942.8638113604
15943.8557600419
15943.8240504712
15944.1365958809
15942.9970738197
15942.6714128423
15942.4338899752
15942.7053292578
15942.9970738128
15942.9970738155
15943.8640107318
15942.5768554699
15942.4090378783
15942.6552935192
15942.9970738193
15942.9633894461
15942.3042662112
15942.3838289087
15944.1556944985
15942.8228606211
15942.9970737005
15942.9970738134
15942.2742613186
15942.9970738199
15943.976465362
15943.8818319771
15943.7942513118
15942.3716593981
15942.9970738196
15943.5543855113
15943.0591595925
15943.8398915063
15942.9970738175
15943.7610917282
15942.2975453542
15942.2892152617
15942.6220259146
15942.3071391073
15944.533119131
15944.2712303427
15942.9970738239
15943.8542806545
15942.4306759543
15943.8064428797
15942.9970738163
15942.9970738047
15943.1886134452
15942.4752724849
15942.6741446719
15943.8225657589
15942.9970738185
15942.9970738127
15943.8987508563
15943.9481122526
15942.3476612126
15944.0794674362
15942.5132928107
15944.1790699543
15942.8495097183
15942.3813959439
15942.748425435
15943.670513018
15942.8477153668
15944.2762836336
15943.9474953464
15943.998579911
15942.9970738144
15943.045534506
15942.7246325723
15942.1296369511
15942.9970738205
15942.7528269958
15943.956659794
15942.3410342284
15942.4450064993
15942.9970738878
15942.9063688265
15942.9970738147
15942.5727668835
15942.2589111109
15944.117022242
15944.2312656839
15943.7907093965
15943.9096789211
15942.9970738198
15943.9061788951
15942.9970738129
15944.0684520623
15942.7381616981
15944.1549284813
15942.997073813
15944.0028940851
15942.7323184744
15942.997073817
15943.8346027149
15942.4720159901
15942.9577623058
15942.8883408604
15942.9132684844
15942.7551803056
15944.2352434399
15943.9053988209
15944.0219511421
15942.5989595485
15942.5561371602
15942.7247353495
15942.8356098165
15944.0296397493
15943.9002899409
15943.8785279772
15942.3844225579
15943.1199352623
15944.0625579548
15942.4962523361
15942.9970738152
15943.9640101677
15942.5981708251
15942.9970738177
15943.880426107
15944.0316631086
15942.5630255625
15942.9970738176
15942.4510831046
15942.605847934
15943.1193953053
15943.7655345006
15943.9284770356
15943.010434074
15942.9970738225
15943.8945934157
15942.9970738172
15943.8067888294
15942.997073814
15942.997073816
15942.9970738132
15942.3469408846
15942.9970738186
15943.7148802235
15942.9970738937
15942.5310890918
15942.3466748974
15943.6638920908
15944.2708648967
15942.8791784068
15942.9970738117
15943.8841218304
15942.7598465349
15943.8221591962
15943.9275457608
15942.9970738144
15942.9970738212
15943.0148868707
15942.9970738165
15942.5571651424
15943.7962104009
15942.9970738161
15943.7198122186
15942.558761208
15942.7992081839
15943.8050013393
15942.4451798253
15943.8520971288
15942.6079486517
15942.5089016627
15942.3232263464
15943.8518509606
15942.997073812
15942.4230595594
15942.3887737698
15942.997073826
15942.9970738162
15942.9970738168
15944.044045247
15944.1543010884
15942.997073814
15942.9809890656
15943.9891935646
15942.9169093354
15943.8543347013
15942.8906928175
15942.580095736
15942.4974236139
15942.5426987388
15943.1805208451
15943.9636828756
15944.1535414914
15942.9970738161
15943.8781553141
15944.1128563353
15943.7480774912
15944.199132124
15942.7173320135
15943.3739415234
15944.1387222522
15943.8039768118
15944.1831197271
15942.6262269492
15942.5867881773
15942.9970738284
15943.933932551
15942.4996270259
