# type 3 occupying volumes
15988.225004498
15989.4680963208
15989.7983894611
15988.0636591547
15988.4894536163
15989.3896069963
15988.105004786
15987.9059279086
15988.2658262033
15988.1993215612
15988.156910912
15989.0655564157
15988.2699477371
15988.2241637002
15989.1564034677
15987.9576863215
15988.3677613274
15988.4567782903
15988.5570879564
15987.984851862
15989.3006465511
15988.5353259345
15988.3832644042
15988.3677613192
15989.5426419115
15987.8861248251
15989.5835080759
15988.3677613289
15988.0805212726
15989.560324795
15988.4606723968
15989.2968855896
15987.9926692205
15989.2625824575
15989.2512932209
15989.679565462
15988.0667989335
15989.0908870997
15988.1473511259
15988.1172502013
15987.904942947
15989.0861324849
15989.5239817346
15988.3677613255
15988.3677614036
15988.0537467167
15988.3677613218
15989.330239392
15989.3869069739
15988.3677612885
15989.2664575689
15988.8615808546
15988.5374233722
15988.3677611698
15988.0713601229
15988.6986374258
15989.215905784
15988.4394269778
15989.1720555039
15988.2304858578
15988.1571180464
15989.1352071207
15988.3392785577
15988.4369734523
15989.1235824637
15988.2022881463
15989.4123571289
15988.373103667
15989.0755885697
15987.893581937
15989.4376684191
15988.3677613331
15987.8892233923
15989.3568454421
15988.3677613267
15988.3677613256
15989.6546520131
15988.3677613307
15988.4834098405
15987.9984102544
15989.6378291724
15988.3677613316
15988.4594807654
15987.8845997221
15988.7275198516
15988.3342498717
15989.0851890962
15987.9428468771
15989.3662964577
15989.4168955954
15987.8390869812
15989.2696185747
15989.258459507
15988.2171492433
15988.3677613299
15987.9061946881
15988.2649139656
15988.3677609729
15988.3896829005
15988.3112879759
15988.3464560193
15989.1354958963
15988.1798852423
15988.2876767733
15989.4553197405
15989.0636564224
15988.355622766
15989.5180409576
15989.4888710793
15989.4214425606
15988.3677613341
15988.055452125
15990.0092765841
15989.0942062434
15988.3677613257
15988.3677613303
15989.3976989955
15988.2459849481
15987.8782266923
15989.4182577987
15988.4476761908
15989.2608217879
15987.759362201
15989.3813527732
15989.1164161552
15989.2939472982
15989.3200933815
15988.3750822865
15988.3677613335
15989.3294253441
15988.0522615901
15989.4318691348
15988.0836089802
15989.6396274473
15989.2206954071
15987.9201856312
15987.8847314025
15989.1859356117
15988.366050918
15989.4683759834
15988.3677613338
15987.7657663583
15988.3677613726
15988.0941843428
15989.9059286617
15989.1391032238
15989.7632468959
15989.429592722
15988.3677613259
15989.4462849183
15987.9424158839
15989.0233022514
15989.1395978476
15989.1937104651
15988.3677613308
15988.5719360581
15988.3677613277
15989.283247603
15988.3677613306
15989.1635243865
15989.197251009
15989.421152839
15989.3531884202
15987.9848096576
15988.3677613296
15987.8427760945
15988.0214420163
15988.0403134783
15988.0529174933
15989.6262852145
15987.9175663398
15988.211650938
15988.3677613301
15989.1691512391
15987.9339275188
15987.917809957
15988.3677613315
15989.1847799331
15988.2078785504
15988.9737780581
15989.5646060681
15989.2908744922
15988.1560403441
15988.3677613275
15989.2482345732
15989.444534888
15989.7162674928
15988.1138705269
15988.4697460181
15988.3677613277
15988.8349693833
15988.3048933151
15988.3252128417
15989.7679225979
15988.0253275501
15987.991159887
15989.4117871026
15989.3514881395
15989.4120934682
15987.9513296842
15989.4992337478
15988.3315626868
15988.0236964254
15988.2061369623
15988.3677613322
15989.5971239816
15988.3677613346
15988.0633474038
15987.9043771251
15989.5899091832
15988.3677613252
15987.888444033
15989.1611013653
15989.5052112249
15987.9034698366
15988.2829146097
15987.9759643967
15989.3788682908
15988.3495019052
15988.3677613301
15988.0239122557
15989.6992373468
15988.3677613293
15989.8582775547
15988.1016666917
15988.0618572019
15989.4292986706
15989.6455877991
15988.002667303
15987.9246913496
15988.2240734605
15989.4841947663
15989.3221818887
15989.3865830057
15989.4672734197
15989.3200137842
15989.3900624948
15989.3496495678
15989.2570616043
15988.0177305663
15988.5907887574
15988.1640359783
15987.9003571655
15988.3677613286
15988.3677613313
15987.9671332929
15988.367761327
15988.3677613055
15988.3677613248
15988.3677613232
15988.3677613294
15988.3677613343
15989.3766194054
15989.8749231964
15989.657059753
15988.3677613423
15988.3677620545
15987.7104840511
15989.4055440567
15988.3029900446
15989.4840631324
15988.3677611865
15988.3677613345
15988.3677612407
15988.3677613344
15988.3677613243
15988.0646957337
15988.232498973
15988.3677613355
15988.3677613288
15989.8563636089
15988.3677613325
15987.8353139233
15988.3677613297
15990.0776062612
15988.3677613344
15988.3677613275
15988.367761326
15988.1421580776
15988.3677613202
15988.5606395088
15987.9313902218
15988.3677613228
15988.3677613295
15988.3677613327
15989.718569321
15988.0761462738
15988.3213381607
15989.4977213325
15988.3677613307
15988.3677613289
15989.590806093
15988.1073889584
15989.7728351707
15988.3677613352
15989.6016970759
15988.3677613252
15988.0591543594
15989.6786289377
15989.5290042186
15987.9734656021
15987.9605464539
15989.2832235708
15989.3542727445
15989.3888108937
15988.343390735
15987.9670192688
15988.3159690139
15988.2132931638
15989.3481647943
15988.0045801932
15989.5978389677
15989.2578944179
15988.9792669224
15987.8989093323
15987.9146873727
15989.3688248705
15989.3229176817
15988.9948002724
15987.9780328025
15989.2615816904
15989.4797978867
15988.3190481
15988.0942649396
15988.2365785417
15989.4537643435
15989.4565280401
15988.0493582438
15989.445035862
15989.0347170706
15989.2863677403
15987.959801177
15988.3677613288
15988.3677613253
15989.5306791006
15989.5862674523
15989.5488827646
15987.9339602767
15989.257711068
15989.330998948
15988.3677613309
15988.4377792873
15989.4031056208
15989.6982893397
15988.1264413657
15987.891552523
15988.2654124725
15989.4345605722
15989.3739685321
15988.1325717389
15989.7209137106
15987.9280978654
15987.8212500448
15989.4677961353
15988.0823128456
15988.3677613331
15988.0743000743
15988.4722923667
15987.7520483304
15988.3677613284
15989.4083134446
15989.3767314346
15988.3677613329
15988.3677613275
15989.7956316434
15989.2409075259
15989.9060890869
15988.3225747273
15989.5807567692
15989.4109693286
15988.3677613304
15989.2198711942
15989.3727224361
15988.3233323332
15988.0687950064
15988.2193303888
15988.9658917859
15988.0814005856
15988.367761322
15989.1972174372
15989.3786070443
15987.9107330065
15989.3278053092
15989.22517899
15988.3031460038
15987.9737441613
15988.1692403996
15989.5985723513
15989.2585884855
15988.2919358248
15988.023995817
15988.3677613351
15988.0349314874
15989.2626815713
15988.3567700028
15988.8791165795
15988.0978785619
15989.9819957663
15987.7782401326
15988.3677613155
15988.0004213414
15987.7340011512
15988.3677613297
15988.1902288865
15989.665487341
15989.787036873
15989.6263588855
15989.2936637584
15987.9714152729
15988.3677613294
15989.5405808705
15988.3782924404
15987.9217116745
15988.4437603302
15989.6662471157
15988.3677613606
15988.3677613374
15988.4200441434
15988.3677613393
15988.3677613323
15988.3677613347
15988.1337298828
15988.3615041892
15989.5225595877
15988.313587007
15988.3677616381
15987.8347648578
15988.3677614058
15988.3677613302
15987.6932502776
15988.3677613326
15990.4223649862
15988.1187880273
15989.6877932579
15989.5048519867
15988.3677613284
15988.367761327
15988.3677613308
15988.3677613867
15989.3687958838
15988.3677613332
15989.5837130855
15989.86498224
15988.2649139615
15988.2649139627
15988.3677613489
15988.3677613285
15989.400768536
15987.923591151
15988.367761322
15987.7121068072
15988.3677613322
15989.873576315
15988.7336730423
15987.8111739211
15989.7566473147
15989.3449595643
15987.7807065699
15988.0179063708
15988.3677613258
15988.3677613372
15988.3677614958
15987.9012914581
15988.367761332
15988.3677613204
15989.7872916806
15989.6891620147
15988.3677613341
15988.1524029602
15988.367761329
15988.3677613284
15988.367761334
15988.3677613701
15987.8884755456
15987.632846203
15988.367761325
15987.9373640789
15988.3677613219
15988.2265311378
15988.3677613239
15988.3677613528
15987.9620790777
15988.3677613333
15988.3617806148
15988.1339191406
15988.3677613308
15988.4989695638
15987.9722352417
15988.3677613247
15988.3677613307
15988.3677613228
15988.3677613277
15988.2339048781
15988.0247748385
15988.3677613359
15988.3677613305
15988.3677613315
15989.4315346307
15989.1773195583
15989.5330838932
15988.4176420928
15988.0411477414
15988.384887247
15989.5897326843
15987.8950214914
15988.3677613231
15988.4552284583
15988.3677613338
15989.4158681767
15988.1161343517
15988.0386213166
15988.3296503395
15988.3677613259
15988.1241948523
15987.81973502
15989.4593758364
15989.6367964449
15988.3677613285
15987.9906683061
15989.464091046
15987.8633355551
15989.3268764221
15989.4221335407
15989.5015235378
15989.7873239717
15988.367761329
15987.8094082919
15988.3677613329
15988.3677614495
15988.3677613189
15988.1628164706
15988.2859552713
15989.5360204678
15987.7586982482
15988.3950248515
15989.4913264601
15988.1575641471
15988.3677613291
15988.3677613344
15989.0682257046
15988.0176688254
15987.9500052021
15988.1412830464
15987.8472149214
15989.1969041571
15989.4961241083
15987.8778610605
15989.7918735439
15989.0795335608
15987.9207807377
15988.4136595666
15989.8456771706
15989.459344908
15988.0714002598
15988.3345098071
15989.4398295935
15988.5063539302
15988.1769610969
15989.4042560485
15989.2503851791
15989.6265189459
15988.3125376999
15988.9417465588
15988.252372918
15988.0777477016
15989.3975931443
15988.5174304436
15989.4813409231
15989.3137109408
15988.061848102
15988.0558240756
15989.3457648038
15988.6248049368
15988.0447691035
15989.3752711742
15988.3852529726
15989.3888327127
15989.5616882144
15988.3337464323
15989.2299722572
15988.1009752842
15989.3544068957
15988.6682040909
15988.0028096628
15988.3127539963
15988.3677613279
15988.3677613328
15988.3677613258
15989.239924867
15988.1535893235
15989.3053001112
15988.357446503
15989.1216492613
15989.1576195147
15987.9153477138
15989.1353884686
15989.8604039001
15988.12535325
15988.1588560072
15988.1069302731
15988.174146962
15989.876011981
15988.0557087438
15989.388457628
15988.3677613262
15988.0668709825
15988.2606330158
15989.4949035869
15989.0139340421
15989.6908276814
15989.2453230677
15988.3677613261
15988.3677613224
15989.6810964534
15988.3677613277
15988.3677614381
15988.280250754
15988.1473961413
15988.3677613282
15988.33779097
15987.9076947248
15988.4922767092
15989.433458612
15988.3677613285
15988.3677613347
15988.3677613242
15989.9101318644
15990.1036965432
15988.3677610339
15988.3677613337
15989.8815863978
15988.3677613328
15987.9090111917
15987.9467591286
15988.3677613256
15989.9072441092
15989.5799773596
15987.990409589
15987.9809981815
15989.7633601916
15988.3677612778
15988.3677613296
15989.3693726901
15989.6997560648
15988.3279200592
15987.9201231435
15988.36776133
15988.367761326
15988.367761496
15989.5851848665
15988.1261857647
15987.846598878
15987.8673810859
15989.5500231189
15989.3742130004
15989.2809869207
15988.3677613324
15989.7544263185
15989.1977857935
15989.7636855725
15989.5510765646
15988.367761332
15989.6633442749
15988.3677613335
15989.6930841329
15988.3361754545
15989.3517970721
15989.3477555853
15988.4690993998
15989.6863554077
15987.7494828468
15988.3677613317
15988.2200567076
15989.5807346331
15989.6346924578
15988.028867213
15987.880112525
15988.3677613251
15988.5349516802
15988.0534422413
15989.3351502649
15987.712250937
15989.3796848887
15989.8095047076
15988.3677613355
15989.5097626236
15988.4199592456
15988.9750920101
15988.3378009008
15988.9431846112
15988.0270061308
15989.2546045611
15989.0910534977
15989.2686764314
15989.4737562111
15988.0699237057
15989.1605775526
15989.2840789804
15989.5771785953
15987.9453349631
15989.4234825348
15988.0724018403
15988.4442527922
15988.274059774
15989.1668710606
15988.1595903089
15988.0086289039
15988.2687900527
15989.2602101892
15988.1268606837
15988.2477764655
15988.003755225
15989.188678321
15989.2778869427
15988.1221437254
15989.1995562933
15989.1207540827
15989.0969002353
15988.1629423408
15988.1803941094
15989.493129706
15988.0374142682
15988.4580086241
15988.2062026476
15988.4522392767
15989.1618819048
15988.0558357219
15989.4796017244
15988.1426883343
15989.1180249465
15988.3646555852
15988.0104747828
15988.2207410925
15989.7440504214
15989.2366201615
15988.2252795475
15989.0783161757
15987.8834126449
15988.1338681773
15988.1414901282
15989.0128426174
15988.2530321574
15988.2155580334
15989.3488298894
15988.0447554995
15988.9811865236
15989.4156755001
15988.2388618461
15989.1079818826
15987.965937197
15989.1822131274
15988.1690613585
15988.3656681819
15988.8225156215
15988.2844236905
15989.057408669
15987.8104213708
15989.5989591831
15989.2331349528
15988.3677613336
15988.1586232943
15989.5734035306
15989.2004360723
15989.245427159
15989.2059358024
15988.3100001402
15987.765053878
15987.8109034469
15987.7540051965
15988.9801449033
15988.2421497966
15989.2183295833
15989.4508247897
15988.2052764469
15987.8592812817
15989.1648613919
15988.166991783
15987.9524625446
15988.0113987823
15989.2471575006
15989.1261528596
15988.0472706954
15989.3447754932
15988.0948337794
15989.3086121729
15988.06269582
15989.178601675
15989.4667544682
15988.0997244321
15988.0154597238
15989.4499572649
15989.9517161036
15988.0701331973
15988.3677613263
15988.0155223747
15989.5697163503
15988.0229927966
15989.2422763119
15988.0014390591
15987.9225711731
15989.163014685
15988.1100555989
15987.8831822752
15989.1853717069
15989.234945199
15989.5620329119
15988.0485629093
15988.3677612541
15988.3677613279
15989.3687808881
15988.3677613335
15988.367761325
15988.3611646727
15987.8985913402
15989.4200575764
15988.1594908499
15988.2227660079
15989.5552856684
15989.4766472855
15988.5535982633
15988.1482237893
15987.9033306589
15989.4473008258
15989.0958450206
15987.8681053772
15988.4992478867
15988.1450572868
15989.3817865003
15989.3082918347
15988.3394739453
15988.3677613315
15988.3677613337
15987.9177777707
15989.5127772564
15988.1237537815
15989.1189659994
15989.2434859847
15988.2970740572
15989.3461014915
15989.1492315002
15987.9545205424
15988.0617642128
15989.1461218131
15989.0478420256
15988.7756869303
15988.3677613299
15988.2820344848
15989.0873267022
15987.8545728685
15987.9901902713
15988.8607275641
15989.0088114597
15988.8544657062
15989.2065197231
15989.1329203771
15988.0541060604
15987.7089772807
15988.172147576
15989.2024870037
15988.4461898294
15989.0186443266
15988.105816173
15989.2496771744
15988.0769244262
15989.3219763206
15988.3676703824
15989.6085829765
15988.0023960786
15989.6304861915
15988.3115763317
15989.1866848989
15989.2049907263
15988.3522872302
15988.0342424894
15988.0537457484
15989.1377767918
15989.3712681555
15988.8346326421
15989.1624474301
15988.2040626341
15989.1538436114
15988.0275160446
15988.5125925049
15989.7762205214
15989.382891988
15989.6337712352
15989.2394365854
15988.1562760641
15988.1231757418
15989.1376093433
15988.1233328014
15989.0814727123
15989.6055362179
15989.4597402793
15988.3060310209
15987.9293941221
15988.0447049279
15989.6837622743
15987.7800792934
15988.3677613274
15989.2613376165
15989.4023261328
15988.3677613266
15989.1505189362
15988.5464183583
15988.3170596659
15988.1839507579
15989.1450510065
15989.0480792463
15989.0790495099
15989.3813044097
15988.2385413921
15989.0156090513
15989.2083367995
15988.3677613259
15989.1287422262
15988.1084534433
15988.8849395017
15989.2528477131
15988.0161743833
15988.1645957915
15988.3117330701
15987.9952672723
15989.5825404599
15988.0446542476
15988.3677613242
15988.3677613339
15989.4339942003
15988.0171730938
15988.2464145798
15989.6656482015
15988.5049482227
15988.1411404222
15988.23806705
15988.1825555084
15989.1039982823
15989.0814244045
15989.3488175538
15988.3677613338
15989.1891193557
15989.0286473876
15988.0029390752
15989.1199339988
15988.3428370123
15988.4643303814
15987.7779151979
15989.4840990623
15989.3088900378
15989.6358238947
15988.2002092435
15989.1136311957
15989.7889862026
15989.4772681715
15988.9643181392
15988.1217797447
15989.7032133678
15988.0483229475
15988.3921432264
15988.0345427383
15989.4361335151
15987.9455226242
15988.289937569
15988.3677613351
15987.9295266535
15989.1045374598
15987.8768379575
15988.3677613328
15988.050015197
15989.728877886
15989.4129861244
15989.0765008759
15988.3677613299
15988.067832737
15989.2476174017
15988.3677613268
15989.6082603136
15988.3115769384
15989.6829146141
15989.3808147248
15987.8360512812
15987.8894086525
15988.3677613272
15987.8950527134
15989.1123416073
15988.2142668046
15989.1457904824
15989.2286128641
15988.3559580855
15989.2959901426
15988.3677613304
15989.3754043136
15989.3618478486
15988.0567550348
15988.0575760146
15989.7003685453
15988.0644488955
15988.2945740074
15988.179241687
15987.8939786504
15988.3347170444
15988.0431976049
15989.4145268434
15989.1388893511
15989.5101306597
15987.8325131446
15988.3664461743
15988.189291676
15988.120967183
15989.3495566762
15988.2974171855
15989.198218613
15989.4124631459
15988.1640023739
15987.8817016871
15989.0986741239
15989.3223783049
15989.0254812323
15987.9851185896
15988.318156416
15988.4231299384
15988.3677613362
15988.1895392118
15988.3677613327
15988.3677613347
15988.3677615492
15987.7028652658
15989.6553284792
15989.5598623267
15988.1030527812
15988.3677613332
15989.757569604
15987.9034245556
15987.9612072899
15988.1678129114
15988.3677613353
15989.7186131147
15988.3677613297
15988.3677613295
15989.711635591
15988.3677613303
15988.3677613314
15987.9475902302
15988.3677613322
15988.3677613369
15988.3677613261
15987.8814372945
15988.3677613155
15988.367761328
15988.3677613305
15988.3677613276
15988.3677613237
15988.3677613293
15988.3677613328
15988.3677613293
15988.3677613231
15988.3677613307
15987.8451006012
15989.7683769958
15987.9142088013
15989.2683258073
15989.5257374984
15989.0486955413
15988.0292376739
15989.3415667132
15989.6757011274
15989.6631651501
15988.0244793748
15988.3677613239
15988.0912834865
15989.4833714083
15989.9974654199
15988.3677613256
15987.6807664766
15988.3677613255
15988.3677613251
15988.3677613264
15989.5076791535
15987.8713189694
15989.3962677386
15988.3677613279
15988.3677613289
15988.3677613341
15987.8820173458
15989.9544443511
15988.367761323
15989.0256749218
15988.1014337118
15988.087018969
15989.1856315812
15989.0207934224
15988.4006103646
15989.2493328027
15988.0651000964
15987.9483138997
15989.3453521636
15988.3677613279
15988.1650105736
15988.6376836866
15988.3677613309
15989.7752897529
15988.3416101242
15987.6627493911
15989.1230521357
15990.0303139531
15987.9852517415
15988.3677613307
15988.3677617779
15989.3804217454
15989.6156171674
15989.4526551206
15988.367761329
15988.3677613277
15987.9216234495
15988.2649138397
15989.0492300997
15988.2304423805
15989.4406965794
15988.3677613272
15989.6020318297
15987.9362113648
15989.3785306462
15989.3540429306
15988.2022534527
15988.3677613511
15989.5363654562
15988.1125664696
15988.3677613356
15987.6486542819
15988.0228405147
15989.0946212441
15988.0258632567
15988.3592168671
15988.3549952492
15988.9375853505
15989.1947092592
15989.6552041787
15989.2466382013
15988.1320135498
15989.5213352499
15989.4410700931
15988.3677613407
15988.3677613272
15989.4298857821
15989.4195460689
15989.0521790271
15989.2187729711
15989.2643545555
15988.0711986612
15989.6733421161
15988.3677613286
15989.6000787527
15988.3677613313
15987.8376428179
15987.6993729048
15987.986817141
15988.3567365252
15988.1413685795
15989.8540961945
15988.9472291808
15987.9679398425
15988.2034480907
15989.3309877217
15988.3677613315
15989.6833982361
15989.3706757721
15987.7699380563
15989.6004760701
15987.965958467
15988.0467173074
15989.7784517188
15989.380711709
15988.9724104227
15989.0869893187
15988.3677613307
15988.3677613352
15989.4329331566
15988.8199945359
15988.1207184691
15988.945908406
15989.2726664083
15988.0099758384
15987.9001108485
15988.9128511837
15988.5346887771
15989.5612995373
15988.916516404
15988.3677613268
15989.5359938493
15988.3677613295
15989.239285745
15989.5372929478
15989.0573644831
15988.9682648829
15988.3677613244
15989.4176808897
15988.284509168
15988.2258360612
15988.3677613278
15989.8255927204
15988.3677613261
15988.3677613254
15988.3677613306
15988.4633189916
15987.9942354594
15988.3677613305
15988.3677613264
15987.9891100826
15988.3677613307
15988.3677613239
15988.0115908388
15987.9111830141
15987.6646280246
15989.8349019855
15988.3677613433
15989.6445274328
15989.4148699066
15988.367761329
15988.3677613329
15988.2859552671
15988.3677613326
15988.3677613405
15989.4518164681
15989.5186981201
15987.8807424955
15988.3600074592
15988.3677613261
15987.764194444
15987.9709637445
15987.7076180144
15988.3677613278
15988.3677613618
15988.3677614567
15988.3959426908
15987.9620391125
15989.6643561581
15989.4268199061
15987.7316730532
15988.3677613078
15989.6163657102
15989.1394308707
15988.3677613323
15988.1902492915
15989.527072189
15989.2138944886
15989.4683385624
15987.9207864031
15988.5454716343
15989.7501390758
15988.1711534342
15988.0479564738
15988.0224162369
15989.5385037864
15988.3677615012
15988.8568509041
15988.2672398839
15989.959157166
15988.3677613632
15988.3677612831
15989.4860419383
15989.5901480809
15989.3890708496
15989.5841078944
15989.1189701273
15988.0775626289
15990.0758692183
15987.9810006156
15988.5309183958
15989.5962806272
15989.4415489432
15987.6914469578
15989.5622945846
15989.3557719472
15989.4111904069
15989.7613039914
15988.3637641938
15987.9831931896
15989.6875035869
15988.3461100113
15988.3677615026
15987.8880465602
15988.0488666568
15988.1282860225
15988.517602073
15989.6397662473
15989.2044190388
15988.4549624594
15988.2823338032
15989.2997726124
15988.3677613233
15988.2240977439
15988.3175487157
15988.3677613319
15988.3677613319
15989.7899090227
15988.2349389567
15989.1753206538
15987.8445967259
15989.4494655867
15988.3677613232
15988.3677612765
15989.1722813499
15987.9118445103
15988.0174685605
15988.1198196793
15989.4553231139
15987.9206973268
15989.4282317432
15987.9881369002
15989.5037371719
15987.8984682236
15988.3677613239
15989.8171233926
15989.5034081145
15989.2214797521
15989.7027398348
15988.0935507955
15987.9853912355
15988.3300320104
15989.286679685
15988.142367163
15988.0363210457
15989.1609920723
15989.1822168713
15989.4265228524
15988.0538861767
15989.2924298503
15988.5137122247
15988.3677613238
15989.6304803199
15988.3677613333
15987.9278097399
15989.3272819459
15988.076905475
15989.4316745662
15988.0545445321
15989.4522033084
15988.364110214
15988.22896834
15989.0341229663
15988.8968834054
15988.0615999038
15988.3677613266
15989.2133512637
15988.1965759644
15988.3677616821
15987.9369972724
15989.52702223
15988.9065063989
15989.0899829539
15989.4298686258
15988.1789166367
15988.3677613272
15987.7997825058
15989.9590234769
15989.0788807762
15987.9653295973
15988.0312273156
15989.2694989613
15988.3677613332
15988.0519276618
15988.3677613277
15989.428847125
15987.9141582988
15988.3677613314
15989.6089976384
15988.1432865484
15989.4523489791
15987.9376855025
15988.4534946357
15988.4629811764
15989.752887852
15987.917838088
