# type 1 occupying volumes
15953.3140221118
15953.6241264214
15952.8971579969
15952.8390990814
15954.4888324948
15953.4945813249
15953.3143479744
15954.6399800333
15953.6304883204
15953.5548541076
15954.7855275829
15954.5491935221
15953.863742877
15953.9570404575
15953.5280582036
15953.7744372999
15954.4523494622
15954.356780616
15954.3604400641
15953.4738651746
15954.7855275829
15953.2791516137
15954.7855275829
15953.7765540057
15954.7742855422
15953.7803214712
15954.7855275829
15954.6772066399
15952.9692471683
15953.4022348858
15952.8506754162
15954.6917697205
15954.7855275829
15953.6637254165
15954.7855275829
15953.2750341195
15953.7897605619
15953.6457252944
15953.0360779176
15953.3769264839
15953.7553064004
15954.6070275309
15953.2703579547
15952.8881645279
15954.2688109492
15953.6051162313
15954.7855275829
15954.3754002755
15953.2494117835
15953.3970896312
15954.7855275829
15953.7414110665
15954.3957441324
15953.1155453836
15954.7855275829
15953.8311467865
15954.4877277394
15953.4104362315
15953.632165134
15954.5583429657
15953.4169597252
15954.7855275829
15953.7014323173
15954.7855275829
15954.52386271
15953.9408190738
15954.7855275829
15954.4271571958
15953.6045318406
15954.5978868233
15953.551143586
15953.0732285723
15953.7662951023
15954.3436243961
15953.1496676399
15952.7110401766
15953.2831337412
15953.6300265909
15953.3147847533
15953.137582147
15954.5379633849
15954.3501910788
15954.5140979216
15952.9256683285
15954.4707155614
15954.7855275829
15954.7855275829
15953.7248645126
15954.7855275829
15953.7994712113
15954.7855275829
15954.7855275829
15953.2188628323
15954.7855275829
15953.3420835706
15953.1169567943
15953.7619576973
15953.6642331581
15954.7855275829
15952.9697150274
15953.8672694282
15953.6978148313
15954.7855275829
15954.5999930724
15954.7855275829
15953.4642469049
15953.1909880896
15954.4604817409
15954.4381184228
15954.7855275829
15953.622160651
15954.6290633224
15953.5536986895
15953.5729466989
15954.7855275829
15953.7703279084
15954.4514733801
15953.4759642844
15952.9859839848
15952.8667758459
15954.4880714738
15953.5836740131
15953.7637610288
15954.4198192729
15954.7855275829
15953.7027642574
15953.1165029172
15953.0789341683
15952.7025804053
15954.5326903225
15952.8181667762
15954.5467586435
15952.8309571708
15952.8012403087
15953.1194047846
15954.5662384836
15953.4798636944
15954.5310188608
15953.5676517253
15954.7855275829
15954.3904470487
15953.4556362711
15953.0977527793
15953.1956302195
15954.4312199057
15953.6898783333
15954.3311125599
15954.7855275829
15953.1040644672
15953.0563589971
15954.4756177665
15952.9946120402
15953.3819180782
15954.4669678943
15953.6556436101
15954.7855275829
15953.3850455367
15954.5660974489
15953.7435345211
15953.5191201461
15953.8880911416
15953.1196813032
15954.7855275829
15954.5201238788
15953.3682583227
15954.7855275829
15953.5298892488
15953.4614204844
15953.8678983122
15953.8311809786
15953.6591731623
15953.5182084756
15954.7855275829
15953.8879998151
15953.6452118173
15954.7855275829
15954.4192640524
15954.7855275829
15953.9640063606
15953.4972845366
15954.5057224656
15953.8172483795
15953.6450828796
15953.6622455913
15954.7855275829
15954.7855275829
15954.5716130153
15953.71685217
15953.4762447017
15953.574394439
15954.7855275829
15953.6212692695
15953.6675236821
15954.8193523851
15953.5175526668
15954.7855275829
15953.1161666941
15953.7300114624
15954.7855275829
15954.3346637444
15954.3044296643
15953.3095688788
15953.3546745528
15954.6262708137
15953.5990165756
15954.3557569849
15954.7855275829
15953.5002821473
15954.7855275829
15953.5855166522
15953.5116420988
15953.3942467711
15953.5189143017
15954.3480124228
15954.7855275829
15953.6503458232
15954.7855275829
15953.2081493729
15953.4145082813
15954.613726895
15953.1809030137
15953.2640364491
15952.913531422
15953.0575905319
15953.0132991477
15953.4731298755
15953.6061786106
15954.7855275829
15954.7855275829
15953.4063790817
15954.7855275829
15954.5442327634
15952.6435095832
15953.0270917467
15954.4303062359
15953.5993806425
15954.5646394516
15954.7855275829
15953.6000533808
15953.1899122145
15953.7728958487
15954.4625873615
15954.3646909057
15953.4345273634
15953.8335734619
15953.8081675456
15953.569059114
15954.7855275829
15954.4993780328
15953.7267976655
15953.3168773895
15953.6468363693
15953.5435023299
15953.8526760676
15954.3240807328
15954.7855275829
15954.7855275829
15954.7765701143
15954.7855275829
15954.7855275829
15954.7855275829
15953.7290454928
15953.5553307928
15954.7855275829
15954.7855275829
15953.593012919
15954.6266631725
15954.48117656
15954.7855275829
15953.4933382396
15953.055893514
15954.6056450679
15954.6884127336
15953.5471380758
15953.7195323642
15953.6260591011
15954.7855275829
15954.570314632
15954.7855275829
15953.160572883
15953.6273480229
15953.0507102459
15953.2424385803
15954.7855275829
15952.8817572995
15953.4556151266
15953.4971091255
15953.0343953745
15954.6110599432
15953.6871317435
15953.6447525634
15954.7855275829
15953.7034212943
15954.7855275829
15954.4874196873
15954.7855275829
15953.5727626748
15954.4351162276
15953.1436913855
15954.7855275829
15953.6444079606
15953.6782493925
15953.6547047226
15954.7855275829
15953.6962352636
15953.1691705598
15953.0684864963
15953.5051618929
15954.515895209
15954.7855275829
15953.2579265448
15953.1483499535
15954.541854698
15954.7855275829
15954.6166078545
15953.9411173745
15953.2347844214
15954.5240047495
15953.5640888132
15953.7550519574
15954.7855275829
15954.4775600701
15953.8863879151
15954.7051817221
15953.5896105191
15954.5025744669
15954.7855275829
15954.6349849955
15954.7855275829
15954.7855275829
15953.692805084
15954.5455775626
15954.7855275829
15953.5128542316
15953.6313445294
15953.8223778076
15953.4169684767
15953.3654887526
15953.8007792006
15954.4550261254
15953.5639517121
15953.5807586251
15953.6281648522
15954.7855275829
15953.296667381
15953.4745005329
15953.0958394629
15954.5253422123
15954.7855275829
15954.2838280789
15953.5017030853
15954.7855275829
15953.2002949316
15952.8734793889
15954.7855275829
15952.9214943438
15954.7855275829
15954.4301732593
15953.4596122334
15952.8426214829
15954.6858228087
15952.9308878161
15953.0206043245
15953.4036401942
15953.2228976468
15952.9055192324
15953.8467127823
15953.4905600207
15953.355479987
15953.4387441047
15953.4699733502
15952.7713670046
15953.1947407707
15953.0528679948
15953.1797411455
15954.6096671176
15953.3301481128
15953.4230035929
15952.5762619356
15952.8093435472
15953.214245907
15953.4858119468
15953.5307148132
15953.2817642692
15953.1092161553
15954.401856724
15953.0447006369
15953.2758547062
15954.5268808581
15953.6920660404
15954.5777212984
15953.5022258622
15953.0621245159
15954.480595423
15953.6366318471
15953.5973718985
15954.7855275829
15953.5606607982
15954.3813514932
15954.392118369
15953.7015595627
15953.4825451965
15953.377113971
15954.4580167336
15954.0670501096
15953.3241766918
15954.6298018625
15953.7162802525
15953.4669194545
15953.1054897368
15953.2660531914
15953.742224605
15953.6735525396
15954.7855275829
15954.7855275829
15954.7855275829
15953.66273472
15954.7855275829
15954.7855275829
15953.7075123719
15954.7855275829
15954.52428326
15953.9030533311
15954.7855275829
15954.4257839727
15953.7167485624
15954.5884792183
15954.5667134302
15954.7855275829
15953.2203736191
15953.1021152134
15954.7855275829
15953.3655366791
15953.0641125246
15953.6914301836
15954.3807510605
15953.3369561921
15954.7855275829
15953.5678411895
15953.7399461286
15953.2586689352
15953.0827249104
15953.8298536096
15954.4005844533
15953.0035538916
15953.5720464164
15953.6728883252
15953.7142522016
15953.0976970978
15953.0354883247
15953.4198279411
15954.3449908455
15954.4661772838
15953.0020357829
15953.5578145341
15953.1690972779
15953.3950711919
15954.7321038762
15953.7997613316
15952.8109001632
15953.3702620805
15953.0953766664
15953.2677040718
15953.6255990954
15954.4890123472
15953.1686551485
15954.7855275829
15954.7855275829
15953.626789821
15954.5007839577
15954.7855275829
15953.4908100663
15954.3686166741
15953.3693561474
15953.417270011
15953.462290431
15952.9218012286
15953.4473578113
15953.0484698645
15953.3653883346
15953.6131412311
15954.3762768705
15952.9569383966
15954.7855275829
15953.3474549517
15953.6744370879
15953.5827921233
15953.7797321643
15953.649646293
15954.4882760319
15954.6184652806
15954.7855275829
15953.2717732963
15954.4748856738
15954.7855275829
15953.5983203515
15953.3169347824
15954.7045484941
15954.7855275829
15954.7855275829
15954.7855275829
15954.5580682126
15954.4617533711
15954.3687533017
15953.6041527155
15953.5676389102
15953.5377170192
15952.7839367915
15953.4103947372
15953.7513517815
15952.9740128548
15954.7855275829
15953.608071913
15953.3966693086
15954.5254833849
15953.274990131
15953.3826329616
15953.2464621906
15953.7253673946
15953.5273316808
15954.7855275829
15952.9249815759
15953.302315441
15953.1187292482
15952.9565131308
15953.4388305061
15952.8289663772
15952.4950889334
15952.6445099892
15953.0086415363
15953.1945807325
15953.0799120955
15953.1210828495
15954.5885482615
15954.7855275829
15954.7855275829
15953.0054486796
15954.3980473282
15953.1364853309
15954.7855275829
15954.3291573223
15954.7192254966
15954.5321740684
15954.7855275829
15954.7855275829
15954.7855275829
15954.0098055184
15954.3775346905
15954.6909938287
15953.2392307384
15953.6620252586
15953.3585534089
15953.7688217797
15953.572187871
15953.8335639561
15954.7855275829
15954.7855275829
15954.7855275829
15954.7855275829
15953.9106153814
15953.4610638592
15954.5066500824
15954.7855275829
15952.9751310323
15953.6736468242
15953.4547937537
15954.6090984181
15953.1228512687
15952.9614908814
15953.042784388
15953.31106139
15953.8353146753
15953.8055662158
15954.5478253634
15953.6406398113
15954.7855275829
15953.7471999147
15953.378424599
15954.6005454609
15953.878000405
15954.4670466234
15954.6275138727
15953.7147024079
15953.5208943715
15953.6765050213
15953.1300771318
15954.7855275829
15954.5746658255
15954.6070594039
15954.4011744381
15954.6230354656
15953.250705533
15953.6400544737
15954.6127008397
15953.6073069951
15953.7002963316
15953.6522230939
15953.7111328942
15954.6416668612
15954.7855275829
15953.7223064938
15954.7855275829
15953.7098583325
15953.2105777305
15954.5864548533
15953.3250684907
15953.1820321651
15954.7855275829
15954.3983060321
15954.7855275829
15954.6153485207
15953.7462861023
15953.144614769
15953.1152070864
15954.5219050944
15954.385429626
15954.7855275829
15953.3969592264
15953.2052311013
15953.7864311074
15954.7855275829
15953.56287689
15954.7855275829
15953.194257342
15953.3859228787
15954.4477220342
15953.6710439844
15953.7171935177
15954.7855275829
15953.3372616217
15953.0635778561
15953.0495963674
15953.2644349943
15954.7855275829
15954.4955440319
15953.5492541842
15953.7265507509
15953.3637857071
15954.7855275829
15953.7712665232
15953.4798385127
15954.5474547316
15953.4413908454
15953.5007228965
15954.7855275829
15954.7855275829
15953.5409858767
15954.7855275829
15953.5461015289
15954.7855275829
15953.5659697055
15953.9516774273
15953.2473081798
15953.1315561858
15954.7855275829
15953.7429180166
15953.6298662692
15953.2201042779
15954.7855275829
15953.8766960491
15954.7855275829
15954.4813002186
15954.5049250599
15954.6130634602
15953.5548682398
15953.9732054579
15954.5603897743
15953.77407309
15954.0195112473
15953.6236721501
15954.6382214989
15954.2809184746
15954.7855275829
15954.7855275829
15953.7006468696
15954.7855275829
15954.7855275829
15954.0170143605
15954.7855275829
15953.6342172992
15954.7855275829
15953.8921960938
15953.7838694305
15953.7182715235
15954.7855275829
15953.6933456436
15954.7855275829
15954.1104749142
15954.7581764109
15954.4635171482
15953.6831900236
15953.619659479
15954.7855275829
15954.7855275829
15953.4691637827
15953.4771439431
15953.5881061887
15954.484444442
15954.4716045604
15953.6648526787
15953.7003043086
15953.7438482849
15953.7040997777
15954.7855275829
15953.7153137105
15954.5379768157
15953.5836509041
15953.605165122
15953.6493326665
15954.3385091548
15954.7855275829
15953.4847620359
15953.5112997578
15954.4591737528
15953.6544874323
15953.7277456995
15954.7855275829
15954.3624879223
15953.6228755502
15954.7010293766
15953.719411487
15953.6097274098
15954.7855275829
15954.7855275829
15954.5918463496
15953.4670286632
15954.4857150484
15953.6819055175
15954.7855275829
15953.8030464097
15954.7855275829
15954.7855275829
15953.6165403261
15953.7746507699
15954.7855275829
15953.6886171934
15954.7855275829
15954.5601421133
15953.2213472205
15953.226926937
15954.5862782064
15953.546221955
15953.7341602711
15952.9616862145
15953.1017676088
15954.7093651285
15953.1978149472
15953.5951620305
15953.5234602386
15953.7549873081
15953.4419756732
15953.9817610198
15953.6499545915
15953.8143021557
15954.7855275829
15953.6565224643
15953.5503343808
15953.6292787179
15953.6358071912
15953.5299333375
15954.7855275829
15954.6389160264
15953.5728461062
15953.9030725816
15954.7855275829
15953.3869840416
15954.7855275829
15954.7855275829
15953.4825637737
15954.5574319823
15954.0207738978
15953.0909624986
15954.7855275829
15954.7855275829
15954.7855275829
15954.7855275829
15953.4214132553
15954.5849363703
15954.7855275829
15954.6531087821
15953.8588142116
15954.7855275829
15954.7855275829
15953.6959518282
15954.5654876854
15953.8431364722
15954.7855275829
15953.6664994326
15954.7855275829
15953.4901676868
15953.8326837747
15953.6133250613
15954.7855275829
15953.7327368505
15954.7855275829
15954.6329829371
15953.584903593
15954.5647599527
15953.7524829054
15954.6433883834
15954.9377105319
15953.8101669272
15954.7855275829
15953.6010366109
15954.7855275829
15953.5444986196
15954.7855275829
15953.5736499889
15954.546444972
15953.663193356
15953.8032258322
15953.6455460006
15954.1016822239
15954.0729578674
15954.7855275829
15954.7855275829
15953.5352269205
15954.5822001699
15954.7855275829
15953.592083264
15953.4097050802
15953.6728280294
15954.5766983166
15954.7855275829
15954.7855275829
15953.7343954977
15953.3865082074
15954.7855275829
15954.7855275829
15953.6315235622
15953.3607486757
15953.6793443741
15953.2159638984
15953.7831713922
15954.7855275829
15953.781146725
15953.344083678
15954.7855275829
15953.0956153913
15954.123224413
15953.1446881182
15953.6627449855
15954.6217780091
15954.7855275829
15954.7855275829
15953.8233921648
15953.4013265676
15953.5885147184
15953.7359128731
15954.4801867872
15953.2087175985
15954.6107463388
15953.4429006652
15954.6101400094
15954.618623463
15954.7855275829
15954.4432909114
15954.7855275829
15953.6103035065
15953.7705042586
15953.5656362786
15953.2724052397
15953.0728678351
15953.3362490807
15954.7855275829
15954.7855275829
15953.3721123022
15954.5736903045
15954.5706042579
15953.8035467628
15954.2071527184
15954.7855275829
15954.5334306506
15954.6656744259
15954.4145242559
15953.7971735733
15953.5695372659
15953.1575688119
15954.6525481821
15954.7855275829
15954.7855275829
15954.7855275829
15953.6500997345
15953.649704011
15954.4956280632
15953.1658941247
15953.0313583618
15953.4010511965
15953.0127338738
15953.7062647557
15953.6127023233
15953.3059205816
15953.5940724757
15953.1671370457
15953.0681535627
15954.7855275829
15954.4144481612
15953.1248605046
15954.3851578827
15954.7855275829
15953.7407479911
15953.5627498951
15953.6361613283
15953.3937412416
15954.4310228943
15953.694037996
15953.0619320713
15954.6192535802
15953.3314336568
15953.6970792936
15954.5924474169
15953.8230006444
15953.7363455782
15953.6187484997
15953.0319682274
15954.7855275829
15954.6074657326
15952.7509871812
15953.1704890906
15953.2284470231
15953.446532624
15953.7758871103
15953.5817763307
15953.2406761534
15952.9671890661
15953.543099004
15954.7855275829
15953.7926344861
15953.7782477648
15954.7855275829
15954.7855275829
15954.7855275829
15953.6025842402
15954.7855275829
15954.7855275829
15953.4703182012
15953.0926118424
15953.2720724466
15953.0781297775
15952.8299038675
15954.0264349239
15954.7855275829
15953.5505846009
15952.9527460368
15953.5522022997
15954.7855275829
15953.8691356026
15954.5095858929
15953.5767293685
15954.7855275829
15953.05051837
15953.2149178683
15953.1419588188
15953.7477478755
15953.1186865514
15954.7855275829
15954.6690534365
15953.7316190214
15953.5991298954
15953.4585759705
15953.4505955116
15952.9198668973
15954.3469360984
15953.4711734609
15954.7855275829
15953.7092244125
15953.5179115289
15953.7430475341
15954.5062360302
15953.2736276423
15953.650849839
15954.7855275829
15954.7855275829
15953.5439097701
15954.4659497225
15953.5976985108
15953.5709453475
15954.7855275829
15953.7870397568
15953.2991868176
15954.3384801665
15953.1589836979
15954.2742509288
15953.6727461154
15954.7855275829
15953.7231690028
15953.597308123
15953.9805576441
15953.9111634963
15954.7855275829
15953.8116667601
15953.8267104031
15953.98315876
15953.6379512921
15953.3725168216
15954.7855275829
15953.4050346249
15954.7855275829
15954.7855275829
15954.7855275829
15954.1271823288
15954.7855275829
15954.7855275829
15953.9059501981
15953.5649346784
15954.7855275829
15954.7855275829
15954.7855275829
15954.7855275829
15954.5810603826
15953.6764793437
15954.4814351735
15952.9611632419
15953.4113910837
15953.7237678729
15954.5978385219
15954.7855275829
15954.4583604132
15953.8589104293
15954.622037666
15953.7256128061
15953.1059671638
15954.7855275829
15953.4307306286
15953.1253112945
15953.7358650617
15954.7855275829
15953.8842677639
15953.3529679843
15953.6096905053
15953.5103057163
15953.7782611455
15953.6217734047
15954.7855275829
15954.4275552812
15953.6991653486
15952.7887556674
15954.7855275829
15952.9514963579
15953.1226217995
15953.4967683696
15953.5847690184
15953.4198071886
15953.1428564811
15954.3901953215
15954.5026162477
15952.9783220759
15953.055315311
15952.8635079913
15952.8745547135
15954.4929910658
15953.3360553233
15954.467058855
15953.6838171821
15954.4766416285
15953.6104743813
15954.5425313988
15953.670580008
15953.5385209349
15952.6665234291
15954.7855275829
15954.5263583843
15953.3158342649
15954.7855275829
15953.5079046406
15954.4934677037
15954.464946489
15953.5492037763
15953.5625055052
15953.7017452441
15953.6375605887
15953.0402366846
15953.2412478478
15954.2036045197
15954.7855275829
15954.3241369745
15953.1933338492
15953.4774110359
15953.7054167723
15954.7855275829
15953.3151421793
15953.0128734259
15952.9958392176
15954.4186481693
15953.4849765945
15953.0471968394
15953.4336692127
15953.2102923281
15954.5354890793
15954.7855275829
15953.1573441821
15953.1346700961
15954.7855275829
15954.406045172
15953.1925350074
15954.7855275829
15953.5441851037
15954.5931846213
15954.7855275829
15953.6274566932
15954.7855275829
15953.7387229828
15954.4775474669
15954.5849777445
15953.2889893334
15953.643234093
15954.7855275829
15953.5929061626
15954.7855275829
15953.412420696
15953.622671421
15954.7855275829
15953.5292676454
15952.6696827756
15954.5378028279
15954.3589830511
15954.7855275829
15953.0829934525
15953.1010638753
15953.5589946613
15953.5442567653
15954.7855275829
15953.3480088364
15953.0463751727
15954.3959944829
15953.8350465325
15954.7855275829
15953.6954758072
15953.9938421646
15953.641280173
15954.4476690494
15954.6425366429
15952.9551857016
15954.7855275829
15953.8436983579
15953.4316035684
15953.6635797361
15952.7130503967
15954.7855275829
15954.7855275829
15953.7813949626
15953.6911294052
15954.7172618545
15953.5521687663
15953.7893666423
15954.1423105471
15954.6261211953
15953.9814421393
15953.360332825
15954.5561592218
15954.7855275829
15953.3529569833
15953.5399895428
15953.525938083
15954.7745254365
15953.5914867564
15954.7855275829
15953.7923219268
15954.7855275829
15954.7855275829
15953.2799307618
15953.7714666945
15952.7278431563
15953.2097698491
15953.3665100461
15954.7855275829
15954.6815843443
15954.0054376374
15954.2252081658
15954.4711454441
15953.1699655809
15953.4379870268
15954.551567464
15954.3611170182
15953.3327155945
15953.5547769606
15954.2802230273
15953.7787077006
15954.7855275829
15953.4763312302
15953.1132509556
15954.7846729697
15954.7855275829
15952.8457689077
15953.443892222
15953.6426221094
15953.510207181
15952.8373756766
15953.3188187559
15953.5646860593
15954.5152090033
15953.7629475367
15954.7855275829
15952.5985593498
15954.5091321568
15954.7855275829
15954.5278958648
15954.497788713
15953.4508494208
15954.7855275829
15954.7855275829
15953.3330106339
15953.7667084657
15953.7514060926
15954.3222759154
15953.4030833948
15953.2260916331
15954.4892887586
15954.2432284826
15954.7855275829
15953.2441662061
15953.650518204
15954.3052049716
15953.1695030848
15953.7510753296
15953.811402248
15953.5387689432
15954.7855275829
15952.8654567294
15953.6032647972
15954.4184660719
15953.508752088
15954.4435307733
15953.6368565969
15954.4261496679
15953.1153710793
15954.7855275829
15953.3170432982
15954.7855275829
15953.3256882466
15953.4316332143
15953.1591208346
15953.9845376414
15954.4177055333
15954.7855275829
15954.6142323575
15954.7855275829
15953.8024504196
15953.9544525661
15952.8566991234
15952.5856730116
15953.5702281031
15953.2066255598
15954.3377178426
15952.8931662339
15953.4444548282
15953.4655190752
15953.2934195354
15953.124368405
15953.1922292234
15954.4378362902
15953.0248561847
15954.7855275829
15954.7855275829
15954.5327084238
15953.5726534034
15954.7855275829
15953.6569624295
15954.7855275829
15953.5680821514
15954.7855275829
15953.5180287522
15954.3493594617
15953.0071188128
15952.8361261962
15954.419568705
15954.5660169194
15954.6234752677
15953.2617816281
15953.8272910723
15952.9315663047
15953.4613519525
15954.7855275829
15953.0899189113
15953.3498830509
15954.5844021785
15953.649149882
15953.0005296413
15954.3319612666
15953.1044517897
15954.4318293359
15952.9826591364
15952.9563450481
15952.8884883314
15952.8975179711
15953.5739384785
15954.2127886278
15953.1484312302
15953.0468945122
15954.7855275829
15954.5914343905
15953.0927979143
15954.5589330402
15953.1939132477
15953.3460297674
15953.7411460915
15954.2609037331
15952.99591243
15953.4852508469
15953.7357657292
15954.5932290143
15953.7362995463
15954.6201297159
15954.7855275829
15953.6917824813
15953.5665326241
15953.7971417018
15953.4792430415
15953.3206960464
15954.5693915124
15954.608990641
15953.0861739061
15953.5593062537
15953.7477194741
15953.0550001011
15952.9734358757
15954.7855275829
15953.4302826333
15954.6097085895
15954.7855275829
15953.7064018619
15953.6838266165
15954.7855275829
15954.7855275829
15952.9149284154
15954.5437818949
15952.7410561824
15954.3650437202
15953.4341856601
15953.7753731117
15954.1833342588
15954.7855275829
15953.8053111676
15953.7625812999
15953.2818369688
15953.1535010541
15954.7855275829
15954.6167065746
15953.5111884123
15954.437333533
15954.1470581539
15953.5027817167
15953.6923017404
15953.3759668043
15953.180612246
15953.6983172166
15953.3383458397
15953.5478149075
15953.9855097638
15954.7855275829
15953.8778053925
15952.8200478836
15954.7855275829
15953.5872095158
15953.3178352316
15954.7855275829
15953.5916141439
15953.1792706481
15953.4189104269
15954.7855275829
15953.1552835331
15954.7855275829
15954.7855275829
15953.539890692
15954.7855275829
15954.4846998213
15954.4385034582
15953.7471274873
15953.3118445959
15953.7577840161
15954.5346547939
15953.0061485703
