# type 2 occupying volumes
15943.3327291678
15942.1748601798
15941.876265336
15942.086724601
15942.9970738139
15941.9862485434
15941.9663566922
15942.9970738161
15942.9970738201
15942.9970738166
15942.1583184106
15942.9970738145
15942.2585276263
15942.2359224193
15941.8843119582
15941.7058761672
15942.1304238161
15941.6420405991
15942.9970738192
15942.9970738133
15943.0155374423
15942.2099764353
15943.0308882116
15941.9826701796
15942.99707382
15943.0709026654
15943.1454314983
15942.9970738172
15941.8412529662
15941.7021740182
15943.2268699187
15941.6019420444
15943.3206600232
15942.0145938989
15942.9970738175
15941.8169213299
15943.3578728914
15942.2092881938
15941.6406249621
15942.0044461503
15942.3407115059
15941.7201815485
15941.5072943656
15941.9019523681
15942.9970738114
15941.9769676028
15943.2765284446
15942.9970738119
15942.0652560737
15942.9970738167
15942.9970738152
15942.0947219999
15941.5182797423
15941.71742735
15943.187068135
15941.936417921
15942.2556583985
15943.157120839
15942.0026641339
15943.3126936445
15942.410298075
15942.0331593573
15942.0932911113
15942.0902050134
15942.9970738086
15942.1164360365
15943.1194112706
15942.2131075072
15941.6905894152
15943.1434535832
15942.1495775779
15942.9970738095
15942.9970738132
15941.8377483704
15942.9970738158
15942.9970738171
15943.2717704857
15942.2779012823
15941.5514877801
15941.4870312006
15942.0241613383
15942.9970738075
15942.0294265904
15941.2463384434
15942.0903436116
15942.4319201174
15941.9192246747
15941.9093921491
15942.9970738276
15943.0975246652
15942.9970738198
15941.6099498881
15941.5194389977
15943.344355005
15942.0444196575
15942.9970738143
15941.7709495005
15941.9380432463
15943.2567134691
15943.130837997
15941.8716026657
15942.0321874599
15943.2534283592
15941.886402798
15943.227562767
15942.9970738149
15942.9970738195
15942.9970738119
15941.6854462849
15942.9970738194
15942.0998294889
15942.9970738167
15942.2565842237
15942.1594153186
15943.183783749
15942.2711827189
15942.9970738199
15942.0212631146
15941.4246447301
15941.8805708847
15942.9970738178
15942.1675413026
15941.7342400726
15942.9970738206
15941.9774911727
15941.3739496727
15941.8920151942
15941.8549661529
15941.3472551369
15942.9970738136
15941.4135204719
15942.9970738175
15943.1146790946
15941.6066851312
15942.0899387465
15943.2547470296
15941.6094854967
15943.2872612936
15941.9579397687
15941.9371292609
15942.9970738068
15942.168365224
15943.1556552255
15942.0989064091
15941.9532968838
15941.9384687044
15942.9970737941
15943.4711150391
15941.7438422621
15942.997073813
15942.997073813
15941.6342077809
15941.9943022313
15942.0159590105
15942.0900516094
15943.2918181129
15942.9970738171
15942.9970738154
15942.2771090665
15941.9639863348
15942.2498546336
15941.7474847816
15943.3558196697
15942.9920555749
15941.8045757923
15943.2654783942
15942.2114053155
15941.8430703414
15942.385482394
15942.3638668544
15942.2338379959
15942.1289694626
15943.1396193168
15941.9939932639
15942.1551607284
15943.1388626035
15943.2002811665
15943.1785390524
15941.996376569
15942.1800603907
15942.9970738078
15943.2138490288
15941.8930525346
15942.1794756017
15943.4662701314
15943.390675352
15942.9970738167
15942.0516661658
15942.3427662895
15941.6229602519
15943.1062613467
15941.8554308897
15943.094425982
15942.9970738141
15942.1315571063
15942.1164179384
15941.8129111214
15942.9970738183
15941.8826905379
15943.2973332408
15941.9458795912
15941.671784055
15942.1261694316
15942.9970738174
15941.9580059255
15943.0180566592
15942.9199843219
15942.0243847361
15942.0716738205
15942.3143355748
15943.1804849355
15942.0462258801
15942.9970738113
15942.9970738159
15942.283363629
15943.1409966798
15943.2982804824
15942.1529170191
15941.7886522663
15942.9970738184
15941.6112066349
15942.9970738145
15941.9425093087
15942.9970738198
15941.9420975003
15942.0919316006
15942.0393824897
15942.1394882537
15942.9748576713
15941.7896671594
15943.3650596965
15941.9904632323
15941.8025324667
15941.5369893569
15942.9970738174
15942.0972316408
15942.9970738144
15942.9922913352
15942.0764769272
15942.9970738841
15941.5900995666
15942.9970738154
15942.9970738137
15941.9938016669
15942.0554422814
15943.1965360528
15942.2096121928
15941.9835911067
15942.2042690391
15942.3515606383
15941.9681289874
15942.2380179611
15942.0908831017
15943.0510658348
15942.9970738162
15943.2610736309
15943.3324602443
15943.2935831
15942.1748275882
15942.9970738177
15943.0518931508
15942.9970738122
15942.1121610014
15941.7803508549
15943.279017185
15942.201305314
15942.9970738209
15943.1790145975
15942.9970738124
15942.9970738245
15941.992522301
15942.9970738245
15942.0159365108
15943.1774761537
15941.456858328
15943.3637244756
15942.0586074873
15942.378838586
15942.9970738182
15942.0573031863
15942.1042708662
15941.7157441065
15943.5007308193
15941.685539234
15941.7939275109
15942.2209083285
15941.6661769638
15941.6210842577
15942.9970738165
15941.9743197186
15941.7579083411
15943.377355266
15941.872011919
15941.8518936194
15942.9970738145
15941.9755046521
15942.997073813
15942.9970738161
15941.5712288174
15941.8163450267
15943.4898480471
15942.1481112495
15941.6721113717
15943.5154983381
15942.0370150321
15941.6708245044
15942.0780859351
15941.9313418274
15941.9561480266
15942.9970738131
15943.3290265639
15942.0187880817
15942.9970738111
15943.2229429696
15943.246209462
15942.3411378413
15942.0971887922
15942.4932230723
15943.300825082
15942.0126692036
15943.2227782788
15943.1486924862
15942.2331683035
15942.9970738093
15942.1555859297
15941.8883455832
15941.9277170343
15942.9970738179
15942.9970738139
15943.1119587021
15942.9816791992
15942.9970738146
15942.9970738146
15943.0496204307
15941.6479068402
15941.7017558411
15943.0662333227
15942.9970738163
15941.7097217172
15941.9360263825
15943.2025045495
15942.2478989339
15941.6364739168
15943.1255296532
15941.650227698
15942.2175374023
15941.546846867
15943.1306337711
15943.0102027757
15942.4265608776
15942.0027037472
15942.2385971619
15941.8974364073
15941.9903349738
15943.2857599344
15941.6293493764
15943.2966288533
15942.9970738121
15942.0389267986
15942.0079704778
15942.9970738105
15941.9823083455
15941.9210077323
15943.3227505793
15942.2217324684
15941.687089305
15943.1767977326
15942.043344988
15941.8714685632
15942.0903023541
15941.9197972642
15941.3911932682
15941.4280917658
15942.1162643283
15941.743684973
15942.997073819
15942.0070966852
15942.9970738185
15941.4386601105
15941.7424009516
15941.9429227295
15943.2034515176
15941.9276212454
15943.3269895609
15942.1608735542
15943.3062534989
15942.0382757444
15943.3347416568
15942.3506949471
15942.1907605921
15942.9970738156
15942.1218859948
15942.1869492911
15942.9970738133
15942.2458099653
15941.629795046
15943.4607849082
15942.0241191792
15942.314645145
15942.9970738205
15941.8572930837
15943.3322288738
15942.0261939
15941.7786315745
15942.3829713488
15941.701563789
15941.9691901449
15942.0853205843
15943.137092159
15942.1091754949
15941.724960964
15941.6928824309
15942.0956121009
15943.1406311829
15942.9970738091
15943.1567678454
15942.084105908
15942.0306189014
15942.1848309658
15942.1859442304
15942.9970738149
15942.997073818
15941.881135922
15942.9970738143
15942.997073813
15941.8765408521
15942.3155072537
15942.9970738122
15942.1183171321
15941.8482206649
15942.1258455983
15943.1765272861
15942.9970738211
15942.9917726857
15943.4191343479
15941.8262048333
15941.7824375401
15943.2209635452
15943.1256913148
15942.997073814
15943.3400841994
15941.8536602271
15941.9813002489
15941.7807901424
15941.3461263737
15943.0768924358
15943.0894017018
15942.250140342
15942.0005023123
15941.5130399955
15942.0522846414
15942.99707381
15942.9970738152
15941.8242008727
15941.8338969741
15943.3560440676
15941.8361778758
15943.1436171472
15942.0756801525
15941.4410564745
15942.1305743847
15941.9601687992
15943.3515423018
15942.1921631228
15942.9970738173
15941.9285635172
15941.9216157978
15943.2956526246
15942.0477128045
15942.9970738143
15943.4184801011
15942.1035047726
15942.9970738202
15943.0524903984
15942.9970738154
15941.9861618546
15942.9970738174
15943.3194196934
15941.6100264281
15941.8200569223
15941.9137131061
15943.3083050925
15941.4533574296
15942.9970738133
15941.5395470431
15943.227157836
15941.9959946712
15942.9970738188
15941.7858691513
15943.128132307
15942.9970737952
15943.0581542707
15943.2061198899
15943.112716814
15941.668264797
15942.9970738155
15942.0797183198
15941.9210314574
15943.3028749483
15942.0712321919
15942.1298547879
15942.9970738193
15942.9970738164
15942.9970738175
15942.9970738132
15943.2189111311
15943.2102729318
15941.6808394216
15942.9970738156
15941.7360427376
15942.9970738178
15942.162632854
15942.9970738126
15942.2011291682
15942.9970738218
15942.9970738192
15943.1101407418
15942.0876894162
15942.2338122101
15942.0042350532
15942.0656167021
15943.223254078
15941.377200133
15941.4410480119
15941.7068138118
15941.8283388901
15942.9970738131
15941.5645193259
15942.1890223682
15941.6649215408
15941.4372919861
15941.7267681804
15942.1848424181
15941.9675015446
15941.3937697386
15941.9751179121
15941.4167105601
15941.7094248599
15941.9448660454
15942.9970738462
15941.9499061163
15941.9934698251
15942.997073815
15943.2286543323
15941.8543767136
15942.1440929393
15942.2092640785
15941.7922125689
15942.9970738203
15942.0266814916
15942.2772065216
15942.9970738188
15942.997073818
15943.1603309597
15943.1524658641
15942.3675500647
15942.9970738175
15942.0721141756
15942.2199881226
15942.2539813608
15941.9564969262
15942.1223776134
15943.2527796377
15941.8443206578
15941.721561261
15942.3584359342
15942.9970738172
15941.9208617847
15942.092086132
15942.1728878875
15941.8911060745
15943.0825789836
15942.2957337011
15942.1378499302
15943.2055333538
15942.1836661648
15942.2668232946
15943.2329420456
15941.9631107118
15942.1964378551
15943.2165357218
15942.9970738139
15942.0307089731
15941.8376923373
15941.6838448024
15943.2499569439
15942.0760419853
15942.0596127947
15943.1924432027
15943.3015647167
15942.9970738211
15941.7985051634
15942.0874603112
15943.2281413373
15943.2549611855
15941.8477631835
15943.1632828837
15942.9970738154
15942.3808726942
15943.0958594612
15942.0866075752
15941.9441979265
15942.0067532298
15942.102383695
15942.9970738127
15941.8276928696
15941.7823455972
15942.997073814
15942.9970738131
15943.3096134942
15941.9164113211
15943.2232507207
15941.9880763149
15941.802263987
15942.9970738178
15941.8190698788
15942.065674663
15941.5775607091
15941.7598817314
15941.9967035884
15941.6568602467
15941.8222862668
15942.9970738141
15943.2533167962
15942.1950892326
15943.3817304644
15941.8294461012
15941.9833136412
15943.3444018995
15941.5612414463
15941.7708326943
15941.6808609406
15943.4409829668
15941.9622914375
15942.9970738117
15941.4596490332
15942.0620623357
15942.2888385825
15943.445160244
15941.6450385608
15941.9349886048
15942.9970738167
15941.8550630295
15941.9569656736
15942.9970738128
15941.7057437358
15942.0085108231
15941.3793758956
15941.6556341782
15942.1148747055
15943.1485540738
15942.3691213577
15941.4231219026
15941.8538116517
15942.9970738134
15942.1543711605
15942.0080740026
15942.9970737524
15942.9970738607
15942.0839068801
15943.3463651318
15942.9970738201
15942.9970738096
15943.3339347391
15942.1725172611
15941.9119644014
15942.9970738948
15941.7465303044
15942.0874755699
15941.5225190611
15942.9970737983
15941.9463565827
15942.2501925865
15942.1156160291
15943.2778022
15942.1454994088
15942.3057107534
15943.2063019794
15943.2305875786
15942.1234073433
15942.0099021676
15941.9891154832
15942.1668970029
15942.0629865738
15943.2516120044
15942.2234917731
15941.9532832852
15942.3274633822
15942.9970738194
15942.9970738153
15942.3794863673
15943.1516683697
15943.2924069236
15941.7028724127
15943.2339327568
15941.4396385035
15941.8956516343
15942.9970738197
15942.9970738142
15941.8735820234
15941.6757219831
15942.2156486626
15942.9970738117
15943.1834974816
15941.6540679866
15942.9970738213
15941.8721464135
15942.1502599992
15941.8063399653
15942.9970738204
15943.2864212252
15941.6433445734
15941.2904763581
15941.913768059
15942.1360093314
15942.9970738136
15943.1193885316
15942.9970739036
15942.9970738222
15942.99707382
15942.0780649698
15942.0285169428
15941.6756631036
15943.1090740051
15942.997073813
15941.6506617225
15941.4262947476
15941.9408952955
15942.0165321108
15942.9970738087
15941.8396406737
15943.182327427
15942.0550240273
15942.1241215365
15942.9970738205
15941.6750376174
15943.318641833
15941.8475375805
15941.002773601
15941.7795912958
15942.9970738156
15941.7187265889
15941.8906127346
15941.6359838923
15943.2585157856
15942.4555072369
15942.9970738171
15943.3867833691
15942.002639073
15942.2372588168
15942.112080107
15942.0442160212
15941.7016583893
15943.3124873345
15943.4188575015
15942.2489311307
15942.9970738153
15942.0875803523
15942.0551959476
15942.1161864284
15943.2025451694
15942.9970738129
15942.1009567365
15942.0363958071
15943.2500178516
15941.7905060052
15943.2531371031
15943.3399164599
15941.9561314933
15942.9970738136
15942.3179697966
15943.1905214229
15943.0721312423
15943.1411294935
15942.3983067875
15943.2795498198
15942.0434400742
15942.9970738196
15943.1116537659
15942.3178607102
15942.1361240004
15943.2011566148
15943.2049456683
15941.8732328905
15943.0139133207
15942.325209824
15943.214747611
15941.9621646583
15943.2523714936
15942.2442179735
15942.1466262508
15943.3352713617
15943.2912209334
15941.9259381128
15943.1509249604
15943.235818223
15942.2450519301
15942.9970737644
15941.8735361174
15942.9970738144
15942.9970738128
15942.0218394604
15942.1160451401
15941.4286263477
15941.9592291789
15941.7679355265
15943.3853245987
15941.5574977469
15943.2854960879
15942.2199735294
15942.261820529
15942.0698847087
15942.0878899042
15941.7634277735
15941.5732942581
15942.0852398235
15941.4347867703
15942.9970738194
15941.9975000961
15941.7399324705
15941.8363628665
15941.9986303842
15942.9970738161
15943.0284917426
15943.4012927317
15942.0179624528
15941.39275365
15941.8224729269
15943.4207478145
15941.6219604091
15942.0418181348
15942.1434347319
15941.8561303539
15942.0715850887
15941.4196392154
15941.8925567394
15942.9970739316
15943.2160446506
15941.8294076458
15941.7072328904
15941.5041124745
15941.8051784747
15941.9541669808
15941.9190761074
15943.2849494862
15942.2924495989
15942.997073818
15941.6642105757
15942.2462488055
15942.9970738155
15941.8986732075
15942.9970738176
15942.1474787958
15941.5388887491
15942.9970738168
15941.7267586099
15943.3858465471
15942.2694234485
15942.997073818
15941.7683866496
15942.1439748112
15942.997073814
15941.4442004737
15941.4602013548
15943.2497590264
15943.2327029878
15942.2421175739
15942.0978476067
15942.0975779271
15943.1740884008
15942.0976021528
15942.0131009944
15942.0138656167
15942.9970738136
15942.9970738135
15942.3438135278
15941.9941859942
15942.9970738167
15942.9970738193
15941.9051282596
15942.1258506324
15943.1956951974
15942.3078265364
15942.2429862256
15943.5133926197
15941.7396180986
15941.5492980375
15941.3242445684
15941.8421229027
15942.3227873038
15941.359105457
15941.3341234255
15943.2593995923
15943.2362052556
15942.9970737908
15941.6628272888
15941.9216305573
15941.6903830234
15942.9970738156
15943.2591660431
15943.1670948559
15942.997073812
15941.532967858
15942.9970738094
15942.9970738207
15942.9970738191
15941.6454732595
15943.1989623955
15943.1762789886
15941.8052154167
15942.9970738169
15941.3618667168
15942.1667499962
15942.1295690271
15942.2376275683
15943.6042374685
15942.1145165546
15941.7187324087
15941.7193446447
15942.9970738145
15942.9970738108
15942.1789607023
15941.8841616407
15941.4127318759
15941.6702204938
15942.1592679051
15942.2100297773
15942.9970738136
15942.0145192869
15941.4862229102
15943.1699310474
15943.3134918569
15942.1045296265
15942.9841400552
15941.4382276316
15941.6021426367
15941.0564680886
15941.9441592191
15941.682374446
15941.501035823
15942.113669415
15942.170154421
15942.9970738163
15941.2036386836
15942.0283323545
15941.7362289045
15942.1143327938
15942.9970738167
15942.1275019227
15943.1657014366
15941.6313521335
15942.9970738195
15941.4025005441
15942.9970738153
15941.7336179517
15943.2876349494
15942.9970738185
15941.8533037186
15943.4278548922
15941.7277242726
15941.974996806
15941.4587136771
15942.2161644922
15941.9994121284
15942.9970738133
15942.1254564354
15941.6285695903
15942.9970737743
15943.2742600344
15941.9542741846
15942.0534589458
15943.2664815797
15943.335913686
15942.1714606065
15942.9970738177
15943.1324404375
15942.0138199807
15943.1468047788
15942.9970738177
15942.0476053963
15942.9970737997
15941.2961898341
15942.9970738155
15943.1046781974
15943.3663375564
15941.8668894321
15942.9970738227
15942.1022366202
15942.9970738148
15942.350496888
15942.9970738155
15942.2141230555
15942.3620851959
15941.5426619178
15941.5386447377
15942.9970738202
15941.6621995843
15942.9970738131
15943.271897829
15941.3531917718
15942.2341555467
15943.2300154256
15941.6112732117
15942.1849890013
15942.0160210833
15943.6095162358
15943.1098704393
15942.0815055591
15942.9970738116
15942.9970738082
15941.5774360575
15941.6610967856
15941.6632240598
15941.7248368502
15942.0227971234
15942.4558563811
15942.9970738132
15942.9970738164
15943.4097389651
15942.195534482
15942.196105194
15943.120762893
15942.295799255
15941.486486562
15941.6529216599
15941.9850694196
15943.1051727757
15942.1600411
15942.3247403844
15942.0789434522
15942.9970738176
15941.999035356
15942.1092261593
15943.0766342073
15943.3422943085
15942.0533917909
15941.9839507451
15943.2512606477
15941.6201323342
15941.9240929208
15943.011205744
15942.0476977641
15941.9756814664
15941.5381254229
15942.9970738173
15942.9970738171
15941.6230388963
15941.9088888107
15941.4804548937
15942.0049517349
15942.9970738142
15941.9629876323
15942.9970738144
15942.0108712166
15943.3155321331
15941.7952702312
15942.9970738177
15942.9970738122
15942.997073815
15941.3634020027
15943.1556900231
15943.1701060748
15941.651076406
15941.7871875393
15941.9298091307
15943.0901766691
15942.9970738128
15942.3546326579
15942.1976302421
15942.0293938151
15943.1715261424
15941.8699897404
15942.2657877292
15943.2881249257
15943.3399768713
15942.9970738194
15941.8211799302
15941.5417699646
15942.9970738202
15943.1255839553
15942.9970738142
15943.2855992361
15941.463995344
15941.7750698609
15943.1423619854
15941.7794367091
15941.5224078617
15941.7061378797
15941.6421318847
15943.3415507828
15941.2654226598
15941.4855947381
15943.2711796379
15942.9970738135
15941.7268041762
15943.2680852138
15942.0540324032
15942.9970738159
15943.3811043803
15941.5341066186
15941.7559364274
15942.2409520578
15942.0191633386
15942.9970738141
15941.8481594576
15941.6141813762
15942.9970738182
15941.7251533466
15943.1344410287
15942.0994526766
15942.0366949851
15942.0138787207
15941.7560025734
15941.6469578607
15942.9970738159
15942.9970738171
15943.3864607905
15942.3410667582
15941.9786369307
15942.99707381
15941.8427552749
15942.2147839793
15941.6192896937
15941.9396505107
15942.997073814
15942.0097668108
15943.1428100124
15941.9345644657
15941.8938721352
15942.116447172
15941.6399242055
15942.9970738123
15941.9639816747
15943.227237417
15942.9970738143
15942.3507375111
15942.0267051286
15942.9970738116
15941.7625139039
15942.9970738116
15942.0924525961
15942.0704992885
15942.9970738198
15942.1630961059
15942.2016463636
15942.9960810038
15943.2542247488
15942.1193438423
15942.0227442495
15943.208270784
15941.4428697942
15941.9711273896
15943.1657984664
15941.9117338542
15942.9970738076
15941.8198073307
15943.1791956056
15941.9942859344
15942.9970738086
15943.138521781
15942.2724936228
15942.1141472468
15941.8165932152
15943.2181281211
15941.8882427906
15943.3456744467
15941.7852323686
15942.2982399746
15943.5158268364
15942.2283165766
15941.727104636
15942.1179539431
15942.9970738172
15942.9970738146
15943.4086848556
15942.1359018784
15941.8884786574
15941.5023932521
15942.0372459617
15942.117080401
15942.2667215475
15942.9970738105
15941.7405505246
15941.6314366056
15941.8448653519
15941.9973808862
15942.1852800943
15941.3859955363
15941.5254093162
15943.1368180917
15942.0919167009
15942.2604534549
15942.2722675486
15941.2973831286
15942.1727004682
15942.9970738581
15942.9970738174
15942.9970738138
15941.7157460596
15942.1298300154
15942.9970738171
15942.0933571807
15942.9970738172
15942.0492177088
15942.9970738203
15941.3775762626
15941.4383521233
15941.8845287235
15941.3569030158
15943.5470644941
15943.3247570719
15942.2896683765
15942.9970738165
15941.6531148001
15943.1424720312
15942.1795538265
15942.1285158802
15942.0711726261
15941.4011637741
15941.7452516504
15942.9970738168
15942.3187179267
15942.2636051941
15942.9970738204
15942.9970738157
15941.4107473257
15943.1601817803
15941.6354075558
15943.2805357068
15941.8963027123
15941.3414501174
15941.9395075234
15942.9970738131
15942.3494524072
15943.3308124901
15942.9970738184
15942.9970738125
15942.1047688957
15942.0640390336
15941.7255874254
15940.8907396679
15942.0954256414
15941.8103957052
15942.9970738168
15941.2878425315
15941.5013825727
15942.1026717163
15942.1307133903
15942.1665742122
15941.7273300536
15941.2280827411
15943.2413957502
15943.3586407414
15943.2107560175
15943.2339817922
15942.2731804348
15943.2143942222
15942.0421231494
15943.2513676973
15941.9741166334
15943.4024160968
15941.9104761285
15943.4003797715
15942.0637917273
15941.9954109782
15942.9970738144
15941.6768528288
15941.9393432808
15941.9880863252
15941.8064045769
15941.8307276123
15943.2967402669
15942.9970738151
15942.9970738104
15941.7270019091
15941.7506110189
15941.7511669158
15941.7487163477
15942.9970739907
15942.9970738147
15942.9970738178
15941.5494203883
15942.0373922511
15942.997073811
15941.490647629
15942.0870052282
15942.9970738174
15941.8030371342
15942.2165128952
15942.9970738136
15943.1565942329
15941.9780391773
15941.9998089596
15941.6372823165
15941.7258955678
15942.2020097599
15942.9970738167
15943.1132929635
15942.1228344956
15942.1481777965
15942.9970737116
15942.1871256384
15942.9970738172
15941.9739674823
15942.0595464671
15941.8329619976
15941.4676266625
15942.0097900178
15942.9661963973
15941.982827127
15941.784959573
15941.5906931216
15942.9680253476
15943.4328611134
15942.1242885151
15942.2024293626
15942.9970738149
15941.8706508617
15942.997073819
15942.9970738153
15942.0657405837
15941.9931051795
15942.2457312134
15941.9309945725
15941.7639150578
15942.9970739069
15942.0561669686
15942.997073817
15941.6294528825
15942.2267311422
15942.997073817
15941.8241831342
15942.9970738114
15941.5984352641
15941.6965049372
15941.4054875485
15942.9970738193
15942.1786012859
15941.5210088716
15941.4258207212
15942.026860517
15942.1082760478
15942.2034900752
15942.997073819
15943.2305142985
15942.1773085736
15942.1473534381
15942.9970738158
15942.2104870699
15942.9970738224
15942.2348979204
15941.6350024408
15941.7886156288
15941.5533765992
15942.3924531613
15943.2706147216
15942.9970738152
15942.046037075
15942.9970738182
15943.1682406228
15942.9970737084
15943.2519135305
15941.8001086777
15942.4158576264
15943.3734281512
15942.9970738109
15942.9970738135
15941.6464432276
15941.5278123044
15942.1337842168
15942.9970738086
15941.575925022
