# vacant volumes
15962.2443140336
15961.6158484869
15962.7900723419
15961.7831978809
15962.6630554503
15962.9937860081
15962.8757436664
15962.8852992997
15963.1333941255
15963.4024512589
15964.2813405514
15964.3164696628
15964.862398145
15964.2059876026
15962.2905195066
15962.5027941194
15961.6359126654
15963.6402114905
15964.0192718109
15963.5932281693
15964.176605862
15963.2598258542
15964.2220610543
15962.9328415761
15963.5961086008
15963.9363033552
15964.0290523114
15963.9358028051
15962.494393081
15962.5866647786
15961.8686017323
15964.0821224069
15963.7743909182
15962.6881772659
15963.3420359641
15961.7576872572
15962.6337964203
15962.998085495
15962.5455622822
15961.9282322083
15962.8031488207
15963.7566268176
15961.9586945802
15962.1179938187
15962.6126118121
15962.65333947
15963.0659004744
15963.8745591542
15962.2479740911
15962.6838786944
15962.823420433
15962.8712109955
15963.3913479247
15962.2472107983
15963.8451352452
15962.3728342109
15962.8492133718
15962.4991617376
15962.5466405312
15963.2973545326
15961.5605651272
15961.3150432602
15963.4578978403
15962.7731314407
15963.9761009151
15962.5055807254
15963.902413384
15962.901355585
15963.1237620121
15962.8193811063
15962.5040923373
15962.6567710109
15962.2351021505
15963.2627139513
15961.9199105107
15962.1386194511
15962.0577223912
15961.8423619015
15961.7191142635
15962.4563403868
15963.8208997521
15963.5175353195
15961.8492219047
15962.2972163613
15963.4865927868
15961.8005438376
15963.471534036
15963.4381117737
15962.8991385166
15963.0865280988
15963.3632422563
15963.1644317286
15962.2674728881
15963.661987148
15963.1850929829
15961.9519457441
15962.6051281164
15963.1930619597
15963.8934648745
15963.0099011296
15964.284918743
15962.8071377243
15964.3043189841
15964.0847328449
15962.3712182347
15962.7936998193
15963.7638913753
15964.1351035277
15963.7395003782
15963.6712788639
15962.9466635388
15963.867483445
15963.7037912987
15963.2326066632
15963.9091774554
15962.0530055981
15963.1240885648
15962.9465395418
15962.5338745193
15962.5833745773
15963.7813800684
15962.7162261455
15963.6744471163
15963.261973578
15963.8458642415
15962.9994999173
15962.7910368772
15963.8417248062
15962.1271006191
15962.0412421676
15962.7740488856
15963.2270586816
15962.7513724668
15962.8356938112
15962.962024178
15964.3607690671
15963.0723960051
15963.1470167829
15963.3855912066
15963.0131527115
15962.8564544389
15963.053599707
15962.6949680359
15962.3179937743
15962.2745568861
15963.8390206927
15963.9358739502
15963.1699495653
15962.2502912784
15962.6910039258
15963.9536402576
15962.3090692011
15963.5048815889
15962.2188823429
15962.562235627
15962.3479941723
15961.896090256
15962.611861201
15962.8077524214
15963.3947851507
15962.4795002623
15962.280930441
15963.2399805972
15962.2010792782
15962.71849997
15962.0486383709
15962.4921645562
15962.5856001343
15962.6991140485
15962.5071358213
15963.1255471127
15962.908503079
15963.9803319503
15962.2110684648
15962.9330055837
15963.1279186319
15963.8892990926
15963.2494599543
15963.3596280774
15962.6634723041
15962.9589919389
15962.3850264893
15962.645721993
15962.5495281778
15962.0435301991
15963.9734555019
15963.4012321476
15962.9117874987
15963.4587334531
15963.06585428
15963.8408953455
15962.58961087
15962.7626727776
15963.4730572927
15963.3753276739
15962.8499678452
15963.8861932776
15962.4873385167
15962.0379868197
15963.7672067018
15964.2872584195
15963.3984599998
15962.9732012515
15963.8445347581
15963.9308563284
15963.4252837323
15963.8002480307
15962.4615953723
15964.1339408873
15963.535592875
15961.9413697621
15962.7449367727
15963.979641814
15962.8648918028
15963.4413121111
15962.8605920932
15963.8705831291
15963.1759072183
15962.4351479615
15964.1227626969
15963.1082775997
15962.8648176841
15962.1382239514
15962.5627384309
15963.102562389
15962.0138872578
15962.29877667
15962.3815355958
15963.7515018063
15962.4528136084
15963.5126644946
15963.2755294237
15962.0227663009
15963.0011761113
15962.3510323235
15962.2109157548
15962.6912653416
15962.3251024684
15962.9351181296
15962.6470907271
15963.1804554452
15963.5994257957
15963.2221273502
15962.9034096615
15962.6778951272
15963.733915829
15964.2996643464
15963.432007062
15962.8742672991
15962.813609771
15962.1359889117
15961.5186832039
15963.2721584593
15963.3447307559
15964.0989584118
15963.2600426155
15963.4519947787
15962.7016966114
15962.2254097391
15963.1494226008
15963.7362782778
15963.9947046586
15962.1150392982
15963.0224080416
15963.6524483204
15962.5098621043
15964.1180734962
15962.5020906708
15963.063249821
15962.0583084394
15964.5152439402
15962.8134040192
15962.107264908
15962.676807561
15963.7196765072
15963.1785709305
15962.8149434772
15962.9596396036
15963.0936285242
15961.94431865
15963.6266081307
15962.4266769492
15962.4741663334
15963.6885970873
15962.1581797675
15961.5596005093
15962.9962565853
15962.3460697488
15962.3051126875
15962.1372025378
15962.6120360301
15961.9891442822
15963.6224067917
15962.9640723114
15963.0803370085
15963.3613993297
15963.5596636372
15961.9347844881
15961.0901793042
15962.7519462309
15962.646115092
15961.6914427175
15962.4850565116
15964.0039938581
15962.1408883766
15962.1409127482
15961.8421634128
15961.7517097675
15964.0305116532
15963.0574468887
15961.1197312533
15962.9552486192
15962.9485698081
15964.479488595
15962.9482779605
15963.0393608601
15961.8000705267
15962.3286919862
15963.7974040766
15964.0711734577
15964.0165061647
15963.5477994033
15962.8538784811
15963.2601913133
15962.9510848752
15963.1649508714
15964.3904441923
15963.4647948403
15963.8011621598
15964.3284104208
15962.8582230764
15963.9196719213
15964.2607537844
15962.9602523419
15962.8564391763
15963.0484656185
15964.0348493794
15962.6252229223
15962.8485846885
15962.9529273797
15962.7887966737
15962.4530875874
15963.8348014611
15963.397844598
15962.4645246926
15962.1564027773
15962.9813562377
15961.7928799059
15963.7374322512
15963.5008308136
15961.468675861
15962.9304524706
15963.0839901945
15962.0265651714
15963.7070201417
15963.8238983216
15963.9120146409
15963.4696672923
15962.4490987939
15962.2365844762
15962.9756153068
15962.3075847065
15961.3936059092
15962.1828448292
15962.8408551017
15961.930843163
15963.929390838
15963.3970092969
15962.9197904605
15963.9378644172
15962.7582933657
15962.848844014
15963.3643240549
15963.4374845192
15963.8734123687
15963.5764107049
15962.9059289634
15963.8483770207
15962.8292184013
15963.2961010641
15964.3809264217
15963.0386376483
15963.1826765124
15963.0937498795
15963.7403793842
15963.9003476982
15963.6898110947
15962.4779233234
15962.655101854
15963.591632343
15963.0860058839
15962.9468679517
15963.2245871879
15962.8120207466
15962.3522130853
15963.9099052541
15963.7576857961
15962.8585072563
15963.7884450454
15963.5723345933
15963.5266723607
15962.9691770484
15961.9977942816
15963.8315590165
15962.9201599666
15962.9158708153
15964.1071471292
15962.4852077842
15962.0978422854
15962.0348365831
15962.8707057826
15963.1422356807
15962.2108418185
15963.5354843881
15963.9089218805
15963.449451788
15962.8849077571
15963.1312025353
15963.3181576702
15962.056285691
15964.0080502587
15963.5285520573
15963.3026555209
15963.0530535506
15963.897669463
15964.1035213865
15963.2457365167
15963.733859608
15963.4686976886
15962.0205652325
15962.5464722473
15962.8344597163
15961.9468444294
15962.0538104128
15962.3773863863
15963.0288624748
15961.8366871525
15964.1121687666
15962.2481217372
15962.1964329321
15962.7940075206
15962.9294193391
15962.3097876919
15961.2939121762
15961.9051920591
15964.1672721864
15963.0062639847
15962.2094172601
15962.2763572064
15961.2604824102
15962.9020959865
15961.5936943978
15961.6798611345
15961.6908369762
15962.0434311334
15962.2360930058
15963.2053731568
15962.5557504161
15962.58622894
15961.3253147058
15961.4051500859
15962.3597363615
15964.4309524939
15963.5397131376
15964.0753843454
15964.5482223096
15963.0133076345
15961.615636252
15962.4186568566
15963.7667016667
15961.4004289346
15962.1763774722
15962.8786915638
15961.7312965371
15961.8448740418
15961.4438416321
15963.0240951172
15962.7841654453
15962.2406261657
15961.8695821889
15961.5811258536
15961.7922208935
15962.1099799935
15963.4646523043
15962.0316444354
15961.6073026419
15963.6889132909
15962.9323738117
15963.4678607239
15963.8968803463
15963.0215505395
15962.2485740291
15962.1244290038
15963.0498515042
15963.3355787086
15963.0597896762
15962.6074100728
15963.9790464783
15962.2076419171
15962.4836972333
15962.7086308817
15963.9905474109
15963.8523713128
15963.4042060523
15962.8054559406
15962.4231552467
15963.653001751
15963.3615384303
15962.9302745344
15962.6233293228
15963.1470329157
15963.6028702189
15962.5130728232
15962.4525063164
15963.5535682524
15962.3730236782
15962.4148600652
15961.6775562561
15962.6989827291
15962.8898670907
15962.7268180866
15961.8713577564
15964.0933855363
15963.9334936283
15963.7351604255
15963.211430019
15962.5808581755
15963.6099573668
15963.18356751
15963.1386039375
15963.1731734118
15962.5231553198
15962.6749974413
15963.8400400892
15962.8975543373
15964.3137304201
15963.148589436
15963.2915172987
15962.3039380869
15964.1156060808
15961.8449663116
15962.975163841
15962.6462738676
15963.9142978867
15964.2313936668
15964.2650782561
15963.4479417352
15963.0966782039
15962.2642161945
15963.3678374606
15962.5303298527
15962.33156636
15963.3437988144
15962.3972816977
15962.7581747208
15964.0173569569
15963.3675316392
15963.3994561716
15963.5433460409
15963.4513539512
15963.2814393787
15962.4175651468
15964.1903148404
15961.9726756619
15963.7663616265
15963.8393723567
15963.3583852295
15962.4098577572
15962.3404651554
15962.5211587118
15962.739559805
15962.5986624838
15962.9243501949
15963.8773337449
15961.7451354264
15963.5816228006
15962.8426730561
15964.6958345912
15963.9525471924
15963.0921634832
15963.7226046319
15963.783608003
15963.3835940667
15963.7224140256
15963.13628369
15963.0690582414
15962.9445130384
15963.8986068594
15963.3378792346
15963.6832015016
15963.3541907043
15962.6514440878
15962.8429057216
15962.9324916342
15964.1126895281
15962.0140908791
15962.890871095
15964.2221132956
15963.7778324087
15963.5823519362
15963.3395643515
15963.071590873
15963.6277550311
15962.9652244514
15963.3007527279
15962.4032235254
15962.5313720248
15963.2953998135
15964.4381816211
15963.9416338615
15962.9811203412
15963.1234035065
15962.1700176459
15961.9779447299
15964.3286097108
15963.516783835
15963.9966415042
15962.3016813048
15964.414123438
15964.4178656167
15963.9189794526
15963.1601236361
15963.2613305855
15962.1628352153
15962.4309527568
15964.0764701287
15962.7311240328
15962.3539106438
15963.540180377
15963.5282628355
15962.4313033101
15963.0723744772
15962.5228695926
15962.8781369149
15963.7232991001
15963.919527603
15962.6829676806
15963.6136247295
15964.6460837189
15963.8202462798
15962.6962500913
15963.3026393537
15962.7242309498
15963.058071169
15963.1287638754
15963.2236340926
15962.1143780515
15963.4266247278
15962.4089817566
15962.2123919078
15962.655896417
15963.6413669459
15962.8796465982
15962.422581081
15962.5447628785
15962.8886363562
15962.3993369721
15962.2105994989
15962.8240684476
15963.4009584326
15963.6113817082
15962.9857860191
15962.8721384063
15963.9885743021
15963.7956315388
15963.4901960433
15962.800463519
15964.1826531398
15962.8295445442
15961.9166837339
15963.7131047959
15962.3674432301
15962.581054309
15962.5560873257
15962.7007892477
15962.3510238377
15963.9021164915
15963.149250274
15962.3596265456
15963.5151768762
15962.0006845636
15962.7913477487
15962.3725836402
15962.6385362885
15963.7595404063
15963.7753546735
15963.963259625
15963.0305967635
15964.4072710049
15964.0989685941
15963.187481906
15964.0905040029
15964.093776021
15963.6320274799
15963.3287478441
15962.7896378017
15962.4092191369
15963.1580674476
15962.7607808155
15963.6228251972
15963.2395619544
15963.4985761423
15963.4383059248
15964.1826059655
15963.2148843178
15962.6607095306
15963.1373285997
15963.3385846643
15963.2254026516
15962.9330565609
15964.056972784
15963.7516356457
15963.1356086881
15963.3741254001
15963.6485440172
15962.7764109286
15964.215348351
15963.4213163964
15962.554735748
15963.2444175351
15962.5421514305
15962.787928097
15963.9712098489
15963.9806077466
15962.1847790436
15961.6188016513
15963.6850153224
15963.0298090222
15962.5943761569
15963.1813042886
15964.051432333
15963.3113339335
15963.0739344608
15961.8497691546
15964.2058152201
15964.2115418457
15963.4875454792
15962.5976326899
15962.4075960684
15962.4757958237
15963.9229735254
15962.452071946
15962.7908100487
15962.4691317312
15962.7123858624
15963.0932700387
15963.3884933648
15962.3225390178
15962.7340748332
15962.4052303946
15963.7931940552
15962.9970699693
15963.8421287546
15964.193644164
15964.12225515
15963.4202918915
15962.5493290165
15963.2937759522
15962.5150540102
15962.7522847387
15963.4132036948
15963.2254874643
15962.793578778
15961.9397434201
15962.0884775816
15962.6677868535
15962.3901251613
15962.9186049658
15962.4446651614
15962.6097911001
15961.4131999246
15961.8841748009
15963.6051250119
15963.9221450508
15963.321766919
15962.9855686788
15962.5195298251
15963.8848987973
15963.1289036369
15962.6788840997
15962.4309074923
15963.88177154
15963.0344874466
15962.2805476473
15963.4729206652
15963.0517530918
15962.0101824626
15962.7790842677
15964.1781823327
15962.8018920682
15962.6571948914
15962.9949703101
15963.0743491668
15962.9011836191
15963.6780550147
15962.3464052539
15962.3203483611
15961.6538044481
15963.088183453
15962.5475484165
15962.4178498661
15962.4974699662
15963.192588645
15963.4562174746
15962.5959589074
15962.2885228981
15963.4138696361
15962.8929156286
15962.7444468466
15963.1719073764
15962.7724589809
15962.7204473355
15962.7854856117
15963.2805546896
15963.5944299152
15962.4946590049
15963.570535635
15963.177440958
15963.220454315
15962.4809553978
15962.6604392067
15962.7265871364
15962.6986975736
15962.9639442823
15962.073741272
15963.0723211231
15961.6367087088
15963.3345532798
15964.2300299986
15963.2806422994
15962.0132943254
15962.7907590549
15962.7343504818
15963.6078572925
15963.1784065179
15962.4218712645
15962.6377040753
15962.0758768479
15962.1417404902
15962.4271456519
15962.6024126215
15961.052786399
15962.3551350601
15961.9883712054
15962.565913311
15962.7541145656
15962.2576772256
15962.102099145
15963.0461121868
15962.8435098319
15961.9027052036
15963.8918227829
15962.1952647312
15963.3955760064
15963.7986195162
15962.7585469756
15963.1637362123
15962.1627818799
15962.6091697673
15962.8501813299
15962.7438202079
15961.797882022
15962.6984379603
15963.7061836062
15963.3428466363
15962.2804577758
15962.1273839752
15962.6523706447
15962.8001322075
15963.479670008
15963.6020672453
15963.9428823981
15962.5510228385
15963.9954055835
15964.3086261355
15962.8318248531
15962.7750232354
15963.0858013211
15963.6066191704
15963.0504662305
15963.9683794841
15964.0065457504
15962.8055710145
15962.6693784311
15963.7903372328
15962.4376300989
15961.440728682
15963.2652652824
15963.4358146577
15962.0449959151
15962.6354225248
15960.9840325028
15963.8585537864
15962.7726533751
15962.4380770844
15964.285802157
15963.1623604085
15962.2137807008
15961.2305045008
15961.5789160163
15962.0812203109
15962.6030506232
15963.1325499666
15962.2301475111
15962.9897266683
15963.8952230949
15961.7486096779
15962.0741065445
15962.0600152552
15963.4126715599
15963.0706801461
15962.4750893779
15961.972920928
15963.2517626085
15962.0509226293
15962.909628003
15962.5984214776
15961.5295106155
15961.9630935951
15961.7794412932
15962.1940494759
15962.2383567785
15962.5990531495
15963.6800777377
15961.8733654644
15962.5188937339
15962.6958748031
15962.4540148031
15964.2990583596
15963.8880892416
15963.4376538272
15962.9574510039
15962.3047903298
15963.9512165965
15963.0703087801
15961.7885241642
15961.901258285
15961.2600962981
15961.9805832057
15961.40663079
15962.602034923
15961.6552700408
15962.1241970932
15963.4197565151
15962.0194444418
15962.5968813461
15962.9294850858
15963.0642027876
15963.3424884181
15962.1690452144
15962.2736568049
15962.3293847815
15962.1225212645
15962.3985256924
15961.850191929
15963.1598467525
15963.8683329443
15963.2794858236
15962.4054306371
15963.5249869809
15962.6780060835
15962.0581183053
15964.3275383619
15964.0522239581
15963.5170698836
15962.330512788
15962.2992718338
15962.9850655478
15962.2228613842
15962.7219743938
15962.7775366509
15963.3993787948
15963.6456886085
15962.2644661505
15963.3958003196
15962.5795306912
15961.8528977781
15964.4915932437
15963.2540596628
15962.7819821891
15962.5132708887
15962.754976031
15963.0072311309
15962.3594883923
15964.5427123504
15962.4883165806
15962.6576561932
15962.8912492744
15962.5572347495
15963.0284897328
15962.6382997006
15963.058424629
15962.8909150142
15963.9157694596
15963.3941717932
15964.0026603642
15962.6095278257
15962.1729551162
15963.1205187506
15963.6250993326
15962.9649965123
15963.6128161116
15963.5090860786
15962.5724410067
15963.0055825045
15964.4142581591
15963.4106735125
15963.0792517491
15963.375942548
15962.7992497538
15962.7529540403
15963.6752358292
15962.5242705554
15962.4272567758
15963.2129438626
15963.3753153037
15963.9561182648
15963.3487567093
15963.2094474948
15963.1927774987
15963.089295424
15962.6099780534
15961.6355006992
15962.1491271473
15962.6935108622
15961.8559977809
15962.1673262011
15962.0440437281
15962.6288153227
15961.8503092538
15962.4196098016
15961.2742880244
15961.968455585
15963.1742468178
15962.364982222
15962.2347534782
15962.4509368601
15963.1791923822
15960.7262874547
15961.952106808
15963.5461180312
15962.2551414056
15960.8539563729
15961.6761845587
15962.8797711506
15962.6715342048
15961.0995501102
15961.0972325196
15961.3717605426
15961.9062120145
15963.348641345
15962.0881372295
15961.7420300768
15962.2742034468
15962.5709108632
15961.592627292
15961.8188359133
15962.2146407225
15961.8563040956
15962.3845264993
15963.6736643955
15962.1125727283
15962.675624064
15962.5397286715
15961.8321371888
15962.5121166356
15962.4638825584
15963.3188489549
15962.5198103969
15962.6550762743
15963.1399599563
15961.9372571379
15962.506396574
15963.3960740444
15963.5891741065
15962.3191338928
15961.918922341
15962.546227987
15963.8721820387
15962.2392617468
15961.352063626
15961.4641436868
15961.3261817353
15962.9893473712
15962.6083154703
15961.2672778918
15962.1785626155
15962.1515674636
15963.4620593846
15962.3537881239
15963.9878779805
15962.7489888054
15963.8603523538
15962.4392370743
15961.3548064849
15962.3976421362
15962.1758504615
15963.6482652147
15962.2884487964
15961.7019399258
15962.56892685
15963.4413146006
15961.7867154496
15962.651475936
15962.6202345286
15961.7318523419
15962.5204915399
15963.083718487
15963.3063539822
15961.6875966956
15962.3161629689
15963.1803586245
15962.3771313644
15961.0372441448
15964.2665288873
15963.3291576614
15964.9159428201
15961.915922774
15961.6157725097
15961.5435409591
15962.1039454785
15964.0277868156
15964.2839287868
15963.0858471011
15962.307063297
15963.2690775103
15961.9864963492
15962.661516818
15962.795429742
15962.5715953502
15964.1800298352
15963.6419250541
15962.9309833116
15964.7275679589
15963.4472359326
15963.3572880626
15963.9197538833
15962.9684989441
15964.4564509265
15963.9460086441
15962.4798899268
15962.2436421576
15963.0167810538
15963.1058011733
15963.8501287453
15964.0566051936
15963.4958186535
15963.9113807537
15964.0702750796
15963.7300347704
15964.0196279403
15962.9580461611
15963.9014092983
15964.332649969
15964.4941805847
15963.2233076833
15964.1341897178
15963.1758617311
15963.7201400552
15963.9319175572
15963.5704169375
15963.1901204936
15962.435313903
15962.7453056698
15963.2793644017
15964.062222299
15963.7130739772
15963.7142155757
15963.0334869777
15964.0490880098
15963.6587500301
15963.2707337778
15964.1567114136
15963.7178724323
15962.736626629
15963.6302534923
15963.6188253189
15963.5916795099
15964.590761184
15962.7026500033
15963.5983509479
15964.0234389152
15963.9598975298
15962.8398904598
15962.9303167572
15962.7905350009
15963.1745999994
15963.1210078352
15963.3248081489
15963.4833151784
15964.5231394959
15963.3310625878
15963.3379692262
15962.170510271
15964.0688322276
15964.0616972484
15963.2335536654
15962.2764621673
15962.7295066289
15964.2307968869
15962.5238014275
15961.2057312556
15963.9016539535
15962.1948709198
15962.8052657224
15961.7891719024
15963.1656603932
15962.8805658595
15962.9101436458
15964.2356023614
15962.6880902607
15962.7951055075
15962.2173867296
15961.746974001
15962.3060036253
15963.6482994869
15961.6809528731
15962.1633189339
15962.6869842609
15962.9008043331
15964.384494019
15962.3530692768
15963.6090007747
15963.1574340039
15963.1485778334
15962.4572232373
15961.5181795717
15962.7060704045
15962.1442848527
15961.3167201655
15962.0987782144
15962.412457324
15962.7254566015
15963.5314015894
15962.10933342
15962.2297263564
15963.6800989322
15963.1775737239
15961.4203294437
15961.5079183326
15962.4916869785
15962.7011311003
15962.4063823598
15962.6586803047
15963.2277932027
15961.6618951925
15962.7101722613
15962.1056383906
15962.0949100039
15961.5918195423
15963.2764715154
15961.9118927472
15962.3764438332
15963.9184945945
15963.5145729126
15962.9569374193
15964.4304229356
15963.5533689589
15964.0738910856
15963.2708802181
15961.8805441983
15962.7142131593
15963.1235559091
15961.4941090776
15963.8256019047
15962.0550141477
15963.8954964928
15962.9431487517
15962.5704158062
15963.5165008242
15962.75058211
15962.1245119564
15963.0710023319
15964.087755702
15962.6986567748
15963.622089997
15962.7889983313
15963.3841796036
15962.2343064895
15962.8011419317
15963.5976850258
15962.8380534077
15962.4213916882
15963.6249292576
15962.8738639104
15962.7745892606
15964.5429852246
15962.4843262929
15962.1204262898
15962.8708828523
15963.5265084033
15962.9140586551
15963.7606832752
15962.4226362517
15962.9424986911
15962.0725552084
15964.5105456007
15962.8981199309
15962.4912069498
15962.1940042198
15963.2855026221
15964.0580320701
15963.1075677489
15962.8266654502
15962.861699101
15962.7858240711
15962.7489541468
15963.654019238
15962.9299032553
15962.9024095818
15962.9908263077
15962.3966395103
15963.4959944382
15963.8763012079
15961.9624056008
15962.15843031
15963.2132519723
15963.2356081965
15963.369349661
15964.1272808556
15963.27802855
15963.0012596551
15964.253276055
15963.6431505362
15962.6139372558
15963.1542495741
15961.8890618492
15962.7299505004
15962.7841772226
15963.4224386845
15962.8710686
15963.9407701231
15963.1633279455
15962.0711486658
15962.3605836982
15962.1055029667
15963.0801963751
15964.0030149427
15962.5977331237
15962.7443212536
15963.4932233663
15963.7596954249
15962.5998419731
15963.3284306446
15962.1884935375
15962.6589075932
15962.116649437
15962.8045774173
15963.5911086192
15963.5788519568
15962.6027017158
15961.751873482
15963.1854729483
15962.9521921546
15962.4610221954
15962.4307203732
15962.7747193894
15961.5722186586
15962.7122958837
15963.4080489417
15961.8873161385
15963.979597369
15963.2981365296
15962.5556647135
15963.7226795105
15962.7824188255
15963.5223043777
15962.661341117
15962.9472271726
15962.3042308882
15963.5328751289
15962.1622008756
