# vacant volumes
15950.2450376173
15950.3913874836
15949.914288225
15950.0215133864
15950.4672439289
15950.274402424
15949.1495902155
15950.2847564436
15950.8490749268
15950.214053017
15951.0268791472
15950.4427173279
15950.4106853222
15950.393926954
15949.4775594343
15950.7455004374
15950.121841977
15950.6642465782
15951.0346343502
15950.7570401098
15951.8924421189
15949.7336791703
15951.5094638931
15950.7094151209
15950.595014302
15950.5892514587
15951.4016547267
15950.4612428688
15949.7579323596
15950.0029302649
15950.1219852557
15951.7744918378
15951.7147968733
15949.9413594538
15951.0753094954
15949.3217776224
15950.3659538057
15950.6400270851
15949.8437740787
15951.3267639967
15950.4492266573
15951.7276795665
15950.0594985647
15949.7292583225
15951.0208293918
15950.232320777
15951.3571248171
15950.0828394042
15948.4708522852
15950.3277522208
15951.3952324886
15949.3710495533
15951.1501888748
15949.5620994467
15951.4639175156
15950.6180980411
15951.1513339108
15949.3341942404
15950.6717676322
15951.2769403784
15950.1020162502
15951.4127122247
15950.6972708925
15951.3544173055
15952.5675810667
15950.2655795371
15952.0837305582
15951.5097233529
15950.6022749108
15951.5995905378
15950.0944441285
15950.2911642993
15950.8978706114
15950.6102652527
15949.4394395397
15949.6293392313
15949.8238649885
15949.7252325221
15950.7124786813
15949.2744596955
15950.9382362389
15950.946409521
15951.2082840372
15950.7769177978
15950.6968197692
15950.3026353501
15951.2163242341
15950.2177274971
15951.7037390218
15951.2378837019
15951.9191916845
15950.7480254527
15949.2018890475
15951.0112145908
15950.268386512
15949.5522008729
15950.6612933988
15950.1631298123
15951.2432185548
15950.4470989083
15950.5456928971
15950.6973670726
15951.6943670257
15951.2797383711
15951.142583536
15949.6570425288
15949.449429122
15951.5626488201
15950.4687612539
15951.512814385
15951.0784847444
15951.0335961111
15950.0933557502
15949.4358137708
15951.4380763509
15949.6342626428
15951.1154027036
15950.2903167618
15949.804127971
15950.2998821719
15950.93133299
15950.1102116755
15950.6171829769
15951.2349018194
15951.888054797
15950.9321414694
15949.675216725
15950.0739925484
15949.3150343478
15950.7003877939
15949.9934825132
15951.3512818587
15950.0544195782
15949.6625966586
15950.0804773654
15951.2412874951
15950.5869929694
15951.2367719121
15950.7186631512
15953.0062257948
15950.4716773022
15950.3000041814
15949.8102460537
15950.5617199597
15951.252089697
15950.5274837347
15950.5438943795
15950.4234511277
15949.9524008202
15950.9012600086
15951.0411312699
15950.717996073
15950.1665703079
15950.9233797027
15949.9017157266
15950.9104406116
15949.7838892575
15951.552252815
15950.4336392338
15950.7680865749
15950.982146833
15949.1798221081
15951.2402630154
15951.0873035514
15950.0949008805
15950.9454287488
15950.2085903807
15950.1138344182
15949.5801480507
15950.3294825792
15950.6477417523
15949.755022885
15951.0999205456
15950.2149615999
15950.8754631598
15951.2007060141
15951.1763262747
15951.1681089568
15951.0179536954
15950.455381139
15951.0471950841
15950.2940508784
15950.219996421
15950.6001980399
15950.4030134904
15951.3019436969
15950.482234224
15950.768103372
15950.459731567
15950.2675446591
15951.5200868784
15950.3015760549
15950.3493478018
15950.787165345
15950.2148535489
15951.1654399758
15949.9182708199
15950.3467159752
15950.9204620916
15951.1802583624
15950.9010704151
15950.2433120408
15950.3231048609
15951.670330443
15950.7180588305
15950.5060835764
15952.0098432975
15950.1751696083
15952.0012250231
15950.4213416983
15949.7423459396
15949.874820046
15950.1872519481
15951.159424428
15951.5566054595
15950.9276963927
15950.9924214174
15949.302771429
15949.8252747344
15951.3710217568
15949.7103970313
15950.0950592007
15949.5526967308
15950.2714723998
15950.0137958875
15949.6855980468
15950.3039479986
15950.9860401616
15951.3738928664
15949.9151733173
15950.5098359653
15951.647502289
15950.0798329942
15949.3238400798
15951.3142254729
15950.9941617741
15951.6141428818
15951.5937212866
15949.8811953241
15949.4295655198
15950.4166775538
15950.8723261447
15951.7677513597
15950.5106536811
15950.7915654676
15950.7631027868
15950.3286505081
15951.3591283565
15950.5677905893
15951.0241068252
15949.9683396789
15950.2620632036
15950.1736353479
15950.7683080409
15950.5645720163
15951.244893831
15951.1820949469
15951.5152893979
15951.5802709645
15950.7283440065
15951.2362421009
15950.7903232007
15949.4317656676
15951.5527927751
15951.0367681806
15950.5424840285
15951.3251615332
15950.1694736009
15951.2370366124
15949.9689533879
15950.6400024282
15951.5491232221
15951.3995641278
15950.2812598316
15950.9086693831
15950.0402138206
15951.3154475865
15951.3283863445
15951.9967129958
15950.0369823643
15950.0506005035
15949.7102813076
15949.9947533461
15951.8461965083
15950.2322440111
15950.5069136133
15950.5348609786
15950.1562672181
15952.1300682424
15950.1543102376
15950.2532327407
15950.8668266956
15949.7180325984
15950.9924557166
15951.2657723533
15951.2825625924
15949.8816224219
15950.8342496131
15949.0979213996
15951.5862333271
15950.0425912188
15949.4990949511
15950.032388125
15952.3036863818
15950.5299606324
15950.0715810456
15949.5889164924
15949.5838379759
15951.4447332455
15951.3487421306
15949.7760267391
15949.4377790883
15951.1798724841
15951.4784376056
15951.8813914091
15951.1700873646
15950.1174160634
15950.7929462923
15950.0929125962
15950.8628768672
15951.7294250067
15950.6770566471
15950.3601375998
15951.7022495611
15950.0262502456
15951.0495079646
15951.8089035849
15951.3431791692
15951.8362364817
15951.7202586084
15950.8298525223
15951.5270549335
15951.6820684881
15951.0286188536
15949.9213336479
15951.103536562
15950.5117690976
15949.7567104797
15950.8366024044
15951.1436120507
15950.5562562275
15950.6054579477
15950.2730045129
15951.4269810204
15949.702371003
15950.0992753644
15949.7200543498
15951.4350659673
15951.7216932027
15951.0109269844
15949.4092781473
15951.3774191711
15949.194889281
15949.3529028742
15950.9027761349
15949.9600713756
15951.4284729711
15950.5637304196
15950.525180758
15950.2211487052
15951.7876522029
15949.1752017212
15950.3182316069
15950.0551007498
15950.1716458095
15949.7062350742
15950.1453130548
15950.4753012295
15949.9739967302
15950.1598621298
15951.1612489311
15948.946248213
15948.8889864881
15949.3715909714
15949.6350128226
15951.6270214987
15950.3710119583
15950.2076230839
15949.6568494698
15949.2277643046
15949.7857127932
15950.7803846436
15950.0223037138
15950.049497801
15950.0612871087
15950.6412293305
15950.2798236091
15949.555207339
15951.6787188306
15950.3638895692
15951.8730123682
15951.0156850935
15949.5797373358
15951.137626468
15950.6299080389
15949.5844441091
15951.0953653858
15950.9273497396
15951.1757934533
15951.1579430092
15950.4444655402
15949.2610767863
15949.9769804844
15950.9323212439
15951.3867918486
15950.4615655244
15951.5226930254
15950.4912978912
15950.0248822691
15949.4836267655
15950.1665062734
15949.8919699555
15949.9776461604
15950.8130215257
15951.6817317605
15951.318696603
15951.2128570559
15950.7367541113
15951.8317896109
15950.8687935982
15951.2889325905
15951.0086950012
15950.7001491789
15950.7927842913
15951.1486404707
15950.466147904
15951.4601858859
15950.9329298978
15951.8650408244
15950.3722286686
15949.1913726734
15951.1403977755
15949.7002725312
15949.5741429042
15950.0145461743
15950.5659819244
15950.5349228275
15950.5634521229
15950.7535368757
15950.4853742627
15950.2379176572
15949.9020120735
15950.4493056526
15950.8829381942
15949.9048242784
15950.2033814534
15950.4412036364
15950.3396583165
15949.3260069766
15949.7071374352
15950.1083627249
15950.8396281679
15950.4662690724
15949.8488217717
15951.1410813868
15950.350718961
15950.4572732143
15951.4272324081
15950.8618571567
15949.4105132454
15950.1794413756
15950.0725467857
15950.2912863112
15950.2089036264
15951.3630175022
15949.9314415255
15951.416978634
15951.5023275582
15951.0153058171
15951.2297284294
15951.1002346735
15950.1289947734
15950.7778620449
15950.2556903747
15949.9066867573
15949.55961421
15950.1203553874
15950.312789964
15950.0407373694
15949.7406839208
15950.3338283396
15950.8028536636
15950.3073077409
15951.4303418656
15950.7321818279
15950.6117075754
15951.0076709328
15950.7517233041
15950.6989984833
15951.3282125351
15951.2345795088
15951.5800290036
15950.0985681428
15950.9870052779
15951.1547766546
15950.6857973804
15949.8389081665
15951.1837056993
15951.7935759522
15951.0204767199
15951.1961762359
15951.1661594692
15951.2377178816
15950.908820313
15949.6580939259
15949.8155805067
15949.7373644366
15948.3978133247
15950.6481168272
15949.9948477408
15949.6530600484
15951.4311990902
15950.2367875931
15950.0769313428
15950.8288009386
15949.2611140513
15949.7595631819
15950.272714345
15950.6318048576
15949.8600180019
15951.6413833696
15949.618912928
15950.2163044095
15949.9356759186
15950.09574816
15949.4655488172
15949.8313624111
15948.9187122274
15949.829747787
15949.1452752996
15949.2692126883
15950.6441575031
15949.4626569144
15950.7757509916
15952.3608993661
15951.9351342444
15948.6584156398
15950.7017515269
15949.8527700569
15951.7072326418
15951.5627626028
15950.6551873719
15951.5001431668
15951.3409786016
15951.4121424543
15951.6633315142
15951.1425246556
15950.9065494872
15952.301764472
15950.7038785982
15950.7254872348
15949.9456639318
15950.7919334082
15950.5306106107
15950.1906934451
15951.2346188019
15951.7388931742
15950.9376275086
15951.0616590847
15950.3043176186
15949.8527812811
15951.422865634
15951.4002585136
15950.2882268314
15950.5622940877
15950.4064892835
15951.5387968732
15950.3755237476
15950.4278423339
15950.572899475
15950.1477993852
15950.7512248722
15950.8551495802
15951.8621017202
15950.5050612482
15951.5123867394
15949.994066733
15950.9582954744
15951.638198715
15950.2524573353
15951.3688928958
15951.2732619624
15950.4902783891
15950.6513906125
15949.9793723012
15950.7676715322
15951.0713251454
15951.51056428
15951.1007254913
15951.3207576871
15951.3105197417
15949.9167939994
15950.0118610129
15951.5748085681
15950.5122991685
15950.1655898107
15950.48186303
15950.9219494534
15951.9319879032
15952.005641032
15950.6677521252
15951.6496651626
15949.538395534
15950.1382985595
15951.5533319562
15950.2213166572
15948.6536681865
15950.841487859
15950.278386751
15951.7935067835
15952.1686187378
15951.1864591332
15949.2541357218
15949.4247980279
15951.5420805236
15951.4376308958
15951.7589603134
15950.1892589899
15949.9983050742
15950.3877807018
15951.8060229294
15950.6449837055
15951.6987302922
15949.4503004854
15949.3280119562
15951.0410811703
15949.576130741
15950.8185670324
15951.9472144053
15950.2514620446
15950.175937708
15949.6094501006
15949.3163499208
15951.2295535937
15950.2622248565
15950.2042233895
15950.4458738812
15950.2844034421
15951.355119027
15950.813047883
15950.8148155725
15950.1362620396
15950.5896504982
15950.0118264216
15951.4011524877
15951.1523351037
15951.0707623538
15951.225206971
15950.1059012764
15951.9119971857
15950.5873738622
15950.4133936732
15950.1335452519
15950.3290689063
15951.654738436
15949.9475224114
15950.5546235683
15950.2429649206
15951.2845024954
15950.1702803059
15951.1255841558
15950.8368415771
15951.1551882095
15950.7748004063
15950.2494027062
15950.2070376806
15951.060329424
15950.3733551066
15950.9088697929
15950.5725485589
15951.2217178624
15950.7238702086
15951.6723236409
15951.7816161616
15950.4968457854
15951.6084421082
15950.5008101486
15950.670318493
15950.8877017664
15949.9376164838
15951.1714066585
15950.1913032991
15950.205043874
15950.2470832198
15951.0415115099
15949.4548529386
15951.5418138022
15950.729798649
15951.4569366097
15950.6544854224
15950.7756458728
15950.5489812589
15951.4361578476
15952.2070061973
15949.6653914888
15949.9657470839
15949.9469571117
15951.1927206492
15950.1778193627
15949.9807925203
15950.5310088677
15950.9165027135
15951.131933461
15951.8801274801
15951.0213007877
15951.0574109581
15950.0349942997
15949.9418983204
15950.6237342768
15951.0714500193
15951.6239929505
15950.3671831252
15950.1528858952
15950.4245155869
15950.3107134376
15950.2910777035
15951.3423097633
15951.0972874971
15949.7232869599
15951.7798452523
15950.5293488806
15950.6285452636
15951.6376525901
15951.5757949033
15951.405973198
15949.9606414115
15950.8787321498
15949.6753432832
15951.4007325791
15951.2127687236
15951.2600311463
15951.5291535601
15950.5243919008
15950.9260561066
15952.2755879357
15950.2352897956
15950.54731427
15951.7011251915
15949.8648645754
15949.2428379325
15951.3209118252
15950.7527229848
15950.4740480847
15949.9526345391
15949.9292848831
15951.1596783313
15949.8958534806
15950.5604396846
15950.4436432495
15950.6867328244
15949.8841499169
15950.2894435426
15950.1438481652
15950.4505812881
15951.0587337566
15950.2803471018
15950.9427534351
15951.0888171012
15951.244077657
15950.4599785102
15951.5991986136
15951.3507020129
15950.1890486025
15950.2369145412
15950.9351199986
15950.3389242681
15951.4638345928
15951.2994082064
15949.8315517311
15950.5291233315
15950.8935661686
15949.9168876636
15951.5781574882
15950.8198507443
15950.8212264971
15951.3038420157
15950.0595822864
15951.2202079676
15951.8799332524
15951.719409089
15950.621176648
15951.804949825
15951.4903152252
15950.2973379548
15951.2221105833
15950.5071413468
15951.0366398735
15950.250297516
15951.1958776198
15950.0395342066
15950.0908389949
15950.2139497678
15951.3916342113
15951.1216339827
15951.3662533029
15951.5495234021
15949.119995855
15951.5045604179
15950.8530677889
15950.3263462325
15951.3740697178
15950.1853921368
15951.3813122211
15950.0960499526
15951.1049946401
15950.1713497845
15951.387209348
15950.4523317137
15951.2534548171
15950.0030602202
15950.5127525195
15950.5081805211
15950.2182053204
15950.8120870711
15951.675201964
15951.791252515
15950.416493431
15950.3697398946
15951.6038081406
15950.2084235803
15949.9810606177
15950.6633690603
15951.9472389162
15951.7493228402
15951.2002505752
15950.7911842276
15950.6478424735
15951.4827709024
15951.4357578027
15949.7493572686
15950.0048757843
15950.2202702528
15950.346223168
15950.3709808416
15951.364422384
15950.3988675563
15950.1913774834
15951.8722123242
15950.3974454831
15950.5039955046
15949.8285241982
15949.2896865975
15950.8836199001
15950.9313163942
15951.6185527275
15950.566218484
15950.2958568521
15950.6401510787
15950.73340897
15951.1425204684
15949.9335157213
15951.151099002
15949.2695012699
15950.9846192885
15951.5466618517
15951.4066629795
15951.3175052354
15951.7833902361
15950.0773438387
15951.1513792805
15950.0032301846
15949.6693085833
15949.8904807086
15950.3039328772
15951.6680543641
15951.0940354449
15949.5973499642
15951.037398057
15950.7996018585
15950.8889515429
15951.0180432907
15951.952050265
15950.9945728825
15951.5872099148
15951.5384327669
15950.615932918
15950.7602263279
15950.1412624867
15951.1167872279
15951.6888760156
15951.7469339886
15951.9085533785
15950.3960001582
15951.2621358648
15951.9150194366
15950.1962568485
15950.1881559166
15950.4738496536
15950.2204053814
15950.3669468899
15950.096150233
15949.9643492185
15950.352386082
15949.3328840863
15948.8108249307
15951.1639267615
15950.67486909
15949.8369024754
15951.3776606302
15950.9705650548
15949.5002745333
15949.5720900107
15950.5126879441
15950.6394260882
15950.4975354641
15951.2272526831
15950.0916646012
15951.3887141416
15949.9108460594
15950.4635421693
15951.2456931421
15950.5042847852
15950.4550112908
15950.2030451203
15949.5381363262
15952.3813722161
15950.7707273792
15949.3651284977
15949.8878140201
15950.4334603028
15950.5628141925
15949.9648209682
15949.7445650118
15949.1537092506
15948.5028413892
15950.0693068041
15950.9812705808
15950.7568656959
15950.5691342491
15950.9756458058
15951.5950612092
15951.6470867987
15949.9488900453
15950.8903017218
15951.5246483808
15950.1652190217
15949.810725989
15949.9686987408
15949.9430783059
15949.7658429804
15950.5770547172
15950.3315156962
15950.4119197903
15949.5348664286
15950.6207226706
15951.4241903759
15949.8463726409
15951.2825861979
15950.3609870956
15951.0567623133
15948.8700884191
15949.7203344482
15950.365134955
15949.7807423006
15949.4653944465
15951.6791726773
15951.7846367323
15950.6265046244
15950.1152288391
15950.1380679239
15949.7324729417
15950.092705176
15951.2578730292
15950.6823856423
15950.9000925238
15950.074822918
15950.2591505968
15950.0619699157
15951.2510499734
15950.2939654994
15950.6875916227
15951.4479847828
15951.8790078389
15950.1180218968
15950.9486009819
15949.7898065886
15949.8494566138
15952.1613009726
15950.5337307176
15949.4102908238
15950.266469774
15950.4661397005
15950.7513633512
15950.2066261994
15951.5535657916
15950.0657394901
15950.4653668208
15949.9821324481
15950.4682343076
15951.7806128383
15950.8398705251
15950.5213760034
15950.7431170322
15950.4544543504
15949.7627381543
15951.0104972421
15949.6445261146
15951.9353092652
15951.2672655728
15951.7453077875
15951.0790643082
15951.2673806721
15951.5603595652
15949.5604137359
15950.4203064258
15951.4454799304
15950.4424350766
15951.5180020206
15951.5791053545
15951.2372244851
15950.7301687422
15951.2646794891
15950.6190513038
15950.1468054515
15950.8715307749
15950.613729954
15951.4457724938
15951.164223612
15950.7061093544
15951.4952347735
15950.2217028433
15950.1717616666
15951.3467809428
15949.9294653051
15949.7656189947
15950.2420673732
15950.9201348966
15950.1036357159
15949.6447554625
15949.5046621501
15949.9756858867
15949.9656007369
15949.7766829722
15951.2859945336
15951.7484713032
15950.0406944961
15949.8305123238
15952.3210398374
15949.387027448
15949.3305908668
15949.9714995623
15949.5230854653
15949.9244831872
15949.1759245839
15950.780136421
15951.297197302
15949.7855875902
15949.9230212726
15949.3365892012
15949.6695014563
15951.1504755245
15950.0399161413
15950.9049145935
15950.8048023674
15951.3157859373
15950.0999223762
15951.7401579344
15949.945238574
15950.3945627388
15949.8090150907
15951.3000587878
15950.2906338023
15949.1510692116
15952.0022026988
15949.3151927735
15951.3212887573
15950.5182473708
15950.1300033096
15950.403833878
15950.2590953113
15950.5688614808
15950.0146486451
15950.0791045857
15950.3790121382
15952.1421697312
15950.0149703259
15949.260031181
15950.5380479777
15950.4866933729
15951.1923100255
15949.3937596273
15949.5402711442
15949.0492020766
15950.811661548
15950.498534866
15949.5728971403
15949.8880391583
15949.6326108118
15951.4415179204
15951.4248422027
15949.5288992652
15949.7214643091
15952.0365297565
15951.4467765345
15949.5081006519
15951.0393991594
15950.6600167409
15950.8078586893
15951.6094200381
15949.8506098585
15951.32291857
15950.5849841391
15950.8686815859
15950.6509085488
15949.8932698779
15950.112242363
15952.0319694618
15951.0963350406
15952.2379973445
15949.756284327
15949.9858217482
15950.7512629031
15949.7389589847
15950.0335899495
15951.6972415119
15950.326694753
15951.8463677323
15949.7962382297
15949.7656442202
15950.1961093504
15950.5843373478
15951.2671487703
15949.8153250323
15949.6701952451
15951.1792626159
15950.5728489072
15950.8605560865
15950.9479558397
15950.6410302514
15949.9261865794
15951.0812751083
15950.8782666304
15949.0145286044
15951.0974587564
15949.8039927387
15950.0631874951
15949.7355400599
15949.8996249979
15951.8959463167
15950.9480911654
15949.6988996524
15950.6241254855
15951.6554690186
15950.7052251174
15950.3015612061
15950.3323020784
15951.0708196583
15950.9822230661
15949.8532508865
15951.0325106657
15951.5371500379
15950.1714226276
15950.9238900043
15950.7934549031
15951.7480666929
15949.0621954079
15951.7390156653
15949.8936182234
15951.2008749356
15951.6776791958
15949.9571281599
15950.3125942698
15948.9909353523
15949.4531210207
15950.0713122744
15951.7872834968
15951.1668267197
15949.5175272322
15950.5618664627
15951.3354570409
15949.5472845118
15948.6441197398
15951.4974177833
15950.6454644445
15949.2617779297
15950.6688690548
15951.3003716267
15950.4976070993
15951.0282165591
15949.8253705584
15949.2445000551
15951.4992451456
15951.6071287576
15949.5151843841
15950.0896297064
15950.3279680687
15949.6074291538
15950.0477434716
15949.6717438935
15949.9196592614
15951.1335178855
15950.6282956019
15951.398198348
15948.5730709922
15951.2955345344
15951.7023977198
15950.781462075
15950.145729874
15950.2559541673
15951.8506320227
15950.556544117
15949.9000146568
15951.3694525451
15950.3074557745
15951.1449232976
15949.8146023663
15949.6465624106
15950.9964461641
15951.2727206425
15952.0953266061
15950.228126597
15950.6890475928
15950.0243565031
15949.9163946525
15950.2044604367
15950.5151079637
15950.4406694446
15951.2356498931
15950.6016289683
15950.2493058745
15950.5379286328
15950.4531388359
15950.7367171836
15950.2284943416
15950.5351471295
15950.4173283598
15950.7493687123
15950.5108001788
15951.6533211524
15949.464531806
15950.0384937945
15949.7040924996
15950.8389117988
15951.215250128
15950.6380177128
15950.4451192969
15951.6988265389
15950.4179167469
15950.2186417647
15949.4204682661
15951.0251543707
15949.6300912361
15950.1705070039
15951.5201893257
15950.8346816987
15950.1719194298
15950.491147019
15949.7307241294
15950.2216591245
15949.6058139828
15951.5735632551
15950.2071660311
15951.6037057018
15951.3339202553
15951.2428526451
15950.5133178312
15951.4788223665
15949.8339969955
15951.5110230537
15950.4498773151
15951.541837965
15950.0013529003
15950.7646103196
15949.9642907102
15950.4780338435
15951.0172008444
15951.0515940785
15951.564604356
15949.4470910346
15951.3350537401
15949.4861608424
15950.0869740268
15951.3477298249
15949.2560365591
15950.4752613399
15951.2506350275
15950.3825133743
15950.589692402
15950.9578153866
15950.2525717561
15950.8020925326
15949.9809249438
15949.494429751
15949.8984913973
15949.9807653216
15950.6834748205
15951.5839594208
15949.5136467643
15950.5041092867
15951.9785974084
15951.0871312686
15950.0142049275
15951.5494515725
15950.0798493058
15949.1501815211
15949.9888863846
15950.6839886543
15949.8568754011
15950.0420650431
15950.4653674491
15951.1816455274
15950.1408314124
15951.7727935898
15951.3087161279
15950.6534580163
15950.3487634302
15950.656491251
15950.5619565048
15949.6811708659
15951.0733067377
15951.6054391879
15948.8364736293
15950.6784678504
15949.8269419012
15949.8929123809
15949.6160481391
15951.3735919737
15950.1011961859
15951.4784233852
15951.632597713
15950.3063622644
15950.4954270824
15951.2699328219
15951.2360519379
15949.7129406462
15950.8522052914
15949.7028934425
15951.057047802
15950.3310346068
15950.5691612782
15951.1969261299
15951.2206152237
15950.4834134033
15950.1790054314
15949.9302140677
15950.3389814827
15951.2153360512
15951.4663675351
15950.532798326
15951.6962124626
15950.257758318
15949.6543132475
15950.5520397583
15949.7178598683
15949.9965926935
15948.994857993
15949.6698344765
15950.4054570569
15950.6114571604
15950.8938712135
15951.0013070239
15949.2902314916
15951.3853084586
15950.0638832254
15950.3524692461
15952.0387232667
15950.8256194489
15949.7733659666
15950.0851373797
15950.782429092
15948.8693149413
15951.0900669389
15950.9584128127
15950.3366600449
15951.5389764823
15951.0744465809
15950.62697917
15950.3775100988
15950.027958999
15949.9021909098
15951.3464011505
15949.4452896492
