# vacant volumes
15962.6369052582
15963.3546789351
15963.8494963547
15962.2868602532
15961.8040881302
15961.9466795152
15962.3220014815
15962.9873031994
15963.3266725785
15962.4545338939
15963.2764222895
15963.2279072397
15963.0467266155
15962.8008648511
15963.110775989
15961.3791262355
15961.7136426195
15961.284691587
15962.2766268094
15961.9328050835
15963.003688386
15963.7370665529
15961.9674345934
15961.3705431652
15962.4827264435
15962.0383731893
15962.8514210437
15962.9064300522
15962.5924019553
15961.6129148832
15961.9048965231
15962.6778430548
15961.8243438615
15963.1547734748
15963.363427093
15961.9798030839
15961.8929085229
15963.1242093188
15962.8954012138
15962.0801894567
15962.239488628
15961.6653826264
15962.2062487132
15963.2689480134
15963.290083905
15963.9023037176
15961.8956701305
15962.5158891437
15961.9804063281
15961.6696078406
15962.083201395
15963.3551793311
15962.6785248337
15963.6386898658
15963.3442836068
15960.7870920722
15962.7375087235
15962.3480974527
15963.3664646989
15962.6690180947
15963.0254025493
15962.4950309106
15962.6308216187
15961.7546454046
15962.0969661073
15961.2734341449
15962.0090297267
15962.860300729
15961.9056603392
15961.0231331284
15963.3422131776
15962.8498299874
15961.707809854
15962.5861690117
15961.4835797557
15962.9126349392
15961.5903277076
15961.5096115521
15961.5053024371
15961.1643155512
15962.9785277619
15962.9289681479
15961.4088097279
15961.5185773926
15963.2474763823
15960.9756165953
15962.0219518024
15961.2816460273
15961.6232748464
15961.943604291
15962.8274158094
15963.0582476722
15961.7239322354
15963.2264131525
15963.1141421741
15961.5643664005
15961.9238508566
15961.2739440178
15962.0944427372
15963.1696482813
15963.2833895848
15961.5609494565
15962.4286669191
15961.1254094308
15962.8952262542
15962.3427435434
15962.88405235
15963.0529820672
15961.9875461779
15961.3266388738
15961.6076207341
15963.1859895357
15961.4897096078
15962.9066193301
15963.0848202356
15961.5679442645
15962.7809398986
15961.5327526053
15961.6931112471
15961.8354708003
15962.7403898705
15962.1946573454
15963.0288693608
15962.6231472665
15962.5651926138
15963.7652132422
15963.3714426814
15962.3431458124
15962.5753143259
15962.8265207388
15962.6563628523
15960.9883340018
15961.1485430547
15961.8776177163
15961.4740891922
15962.3309091012
15961.9217281695
15962.6057336656
15962.0110629736
15962.3174755395
15963.4953841486
15962.6970073116
15962.629370367
15963.1746360434
15963.2921336185
15963.2808552793
15963.6876544189
15962.6487109749
15962.1309642344
15962.1260559092
15961.3249902158
15961.4573167184
15962.3023119756
15963.0838781118
15961.972163526
15962.4576799541
15961.2222855755
15962.2139343084
15962.9539599431
15962.7117402636
15962.1313789466
15963.0324477985
15962.9665661741
15963.1804302085
15961.9252161931
15962.2613591054
15962.0911673297
15963.3074109658
15963.1163844517
15961.0632776273
15962.2837697665
15962.6466825143
15962.7921427693
15962.3455556153
15962.8148877608
15962.6366363651
15963.228087554
15963.0451541215
15962.9117939801
15963.1582508697
15963.2321722298
15961.5896833933
15963.076155019
15962.1896903131
15962.2054412625
15963.6229746607
15962.6937847603
15963.1355121333
15962.8355715461
15963.2458278376
15963.1100905948
15962.9308764774
15962.3504110027
15962.3466291681
15961.5833979045
15961.5075215573
15962.2177763629
15962.3612082397
15961.8381225972
15963.4269344909
15961.6002589193
15964.0204909357
15961.2804029023
15963.669660008
15962.2005443581
15961.4397777433
15962.0790222342
15961.7682616655
15962.525309487
15961.763940271
15961.78474053
15962.2966973263
15963.0850736119
15962.153051022
15961.8327491625
15962.3420267483
15963.1117794468
15962.3279255301
15961.9008007367
15963.0032045174
15963.3991370787
15962.1090668584
15961.6374999808
15963.6211937169
15962.9012299822
15961.9566247366
15962.0326710866
15963.2731339254
15963.0746898509
15962.8602211719
15962.1203368458
15963.0522903152
15961.269151535
15962.1542894372
15961.9558501867
15963.37917882
15963.028172352
15962.9274419282
15962.1357010033
15962.083299828
15962.2768363121
15963.5021776572
15963.0678835115
15962.57554902
15962.3251512732
15962.0193819532
15961.5771872114
15961.706384253
15963.2406267899
15963.0295232915
15962.0959965507
15961.7573240114
15963.0622577261
15962.4212787689
15963.0603001711
15962.4321013362
15962.7771708727
15962.7871492272
15961.8934865025
15963.3028734436
15962.9145039229
15961.2708922168
15962.2515174531
15962.5797206436
15961.7479769019
15962.1038402609
15962.9440956278
15962.7377400878
15962.9191548266
15962.925259487
15963.0821508191
15961.7142752078
15962.5247362975
15961.703554757
15964.48984124
15962.0441887535
15962.5156914903
15962.407735161
15961.6862201133
15961.3632200652
15962.8248460518
15961.5036941382
15961.793267668
15962.8175082623
15961.8346628432
15961.2498476117
15961.4564156371
15961.693175927
15962.4861167072
15961.8234062697
15962.550763135
15963.0317034913
15962.7783085368
15962.8183284943
15963.1738467465
15962.5161879395
15962.7528677944
15961.8008926416
15962.7444138844
15962.147127634
15961.8223458103
15961.8022775031
15962.8885991123
15962.9268128317
15962.5137853322
15961.472541263
15962.1558882622
15962.3456189708
15962.4506765921
15962.8667626679
15962.835647882
15962.257421758
15963.132936378
15963.3708481774
15962.3766319795
15962.0465382992
15961.7831618507
15961.7102104635
15962.9766821453
15962.6824421155
15963.0915902401
15961.8940455339
15962.0840343098
15963.5198166552
15963.0114589365
15963.0817290834
15962.9092685969
15961.8777279568
15962.4572289491
15962.4684927952
15961.8626502836
15962.1226941616
15962.1677414134
15963.0963221887
15961.9028670894
15961.3517370634
15962.8696407396
15962.6351325177
15962.6675164914
15961.5100057876
15962.7445577157
15962.0294393323
15962.8364141139
15962.5066763188
15961.1208501434
15963.2935078848
15962.0807127836
15962.0660931306
15963.3863983348
15962.4587083723
15962.8438582154
15962.0670909272
15961.7453151265
15960.3407051154
15962.41262254
15963.5800906403
15962.9606506642
15963.4595768377
15962.7701605931
15962.9423178048
15963.6146141874
15962.4314791647
15961.1919858971
15962.2402537847
15961.6712940642
15961.5907229103
15963.3445438818
15963.0688660202
15963.0396215108
15963.6116338561
15962.418690798
15962.0868386529
15961.3566913476
15963.7894171902
15963.0288444219
15962.8166344132
15962.4964862709
15963.2966435424
15960.6655347199
15962.9680207618
15963.0873138787
15961.859600175
15962.7018251547
15962.7820087091
15963.2555136431
15963.0344966964
15963.1090857889
15963.1429769905
15963.4942184893
15963.5121658959
15962.7468949747
15963.2803441259
15963.2246629576
15963.555543519
15962.4260854781
15963.2294482336
15962.2492414241
15963.753157063
15963.9970337571
15961.678916303
15962.7777278846
15962.2146243339
15963.0906561232
15962.3879797231
15961.8235285493
15961.6030678312
15963.5202728504
15962.0574570881
15961.5481922172
15961.843376707
15962.171845565
15962.5095404917
15962.191270025
15963.0320345767
15963.2363467332
15962.0863499038
15963.5865320671
15962.6073740034
15963.2677154305
15961.4842552393
15961.6306155501
15962.1479143892
15962.2345026305
15962.1964055509
15962.8886353498
15962.3386360381
15963.3851292451
15962.3264599145
15962.8232568615
15961.7058361862
15962.0231756514
15963.0687169197
15961.6106409217
15963.0717915455
15961.9029804039
15961.6998813153
15961.0729252263
15963.4292026523
15962.412839822
15961.2572701403
15962.2496931701
15962.526298889
15962.0121400242
15961.686080159
15961.2481522756
15963.193001469
15961.2756204735
15960.9282249297
15961.6366896562
15962.5280448495
15960.4057990451
15961.898513477
15962.6424513505
15961.4604662584
15961.26120795
15961.744113651
15961.8426684477
15961.4470883991
15963.9735991821
15961.0959910398
15961.5168257061
15963.1404660169
15961.7290683165
15962.4946425073
15963.3790321436
15961.5427597762
15962.4899397196
15960.857554986
15961.4335871858
15961.3395946118
15960.4606717108
15960.0613005096
15962.2554276703
15960.8636045296
15961.6544388515
15961.3832077395
15962.0308036552
15961.9807085842
15960.8264726291
15960.8219923556
15960.1385642873
15961.2985704035
15960.7741586641
15961.8203956699
15961.7061824798
15963.6919660064
15961.9609142562
15962.984221378
15962.4934649812
15961.3132511741
15962.1470051766
15961.7438616818
15961.5011399194
15961.8668171012
15961.6132758447
15963.8203502784
15962.68060434
15964.6728267099
15963.1225681224
15962.2518481614
15962.1447803342
15963.2163392873
15963.1322920012
15961.3140646535
15962.244151041
15961.1098650223
15963.0112281611
15961.5831849764
15961.3965520381
15961.476289357
15962.8616195035
15963.5240097672
15961.7799251838
15962.5824086881
15962.8491952235
15962.3716532491
15963.2305656332
15961.0147279835
15963.6582304192
15963.8469031686
15961.1165924957
15961.379477858
15962.5301400579
15961.8868554144
15963.4648345374
15962.9268966212
15961.7815062224
15962.5892064604
15963.016667885
15961.5744149415
15962.0211961318
15961.2476347428
15961.0654005415
15960.5106170723
15961.6797828409
15963.6919981496
15961.9137720511
15961.420450071
15960.4403492994
15963.300211473
15961.6033975368
15962.5058357983
15962.1350612039
15963.1842925023
15962.4752433791
15963.769797361
15962.5606273139
15962.3252172591
15963.2177065785
15962.2019020454
15962.5313773484
15963.4749692613
15962.1148437886
15962.7844375003
15961.78720933
15962.313115268
15962.8792394649
15963.4503827427
15962.2543880388
15962.024082235
15962.7748135213
15961.928250106
15963.3750134713
15961.9598545567
15962.8171757396
15962.4271283173
15963.0047322037
15962.0785919714
15962.758289626
15961.5925621487
15962.2795531426
15961.8255203236
15962.3877305684
15962.7754298049
15962.3526832763
15962.9779721808
15963.4502055321
15962.3705761941
15962.2639729684
15962.5593927812
15962.230759787
15963.3447888804
15962.4444974638
15963.133106972
15963.5191242223
15963.0726397867
15963.5124953182
15963.1175750943
15962.182675836
15961.5325249573
15962.0912734874
15962.0269841394
15962.6250227492
15962.2036146789
15963.0644625083
15962.3478737272
15962.4345083148
15963.4840758241
15963.3259601277
15962.7251576626
15963.3971607591
15962.2119581194
15962.9105072789
15962.5151842988
15962.0114425905
15961.485801299
15962.084410611
15961.8588546511
15962.9687191214
15963.2798472593
15963.1435039212
15961.5401438841
15962.419118182
15962.3819412031
15961.6306484886
15961.8299293182
15961.8626952149
15961.1097799254
15961.6608906026
15963.6028805498
15962.5553006417
15962.0676924777
15962.2647209317
15960.8618184438
15961.5777077549
15961.6294345295
15961.641032876
15960.8376921732
15960.9175168811
15962.2847043827
15961.4646777518
15960.6405958511
15962.6797042121
15962.5829377248
15961.5497248963
15962.1944496995
15962.1058863293
15963.271522899
15962.4629186503
15963.6235892611
15960.9396517085
15961.7833895763
15963.0889953736
15962.2188960362
15961.1904921019
15962.4493580121
15962.6817950046
15962.8837540006
15962.1147644496
15961.3844181242
15961.8881219514
15962.5347839209
15962.2981976989
15963.2513674535
15961.306917424
15962.204353114
15961.9052821553
15962.8738927573
15961.715923501
15961.8592638382
15962.1663739805
15962.2825985595
15963.050909919
15963.1924947305
15963.2311043537
15962.2118434442
15961.7036444366
15961.722215522
15962.5438392216
15961.4106497856
15962.949135057
15961.0838415905
15961.9963599385
15962.585488175
15961.2609075629
15963.0243328597
15961.401885532
15962.1709629909
15962.9457853273
15962.3451857584
15961.0767299425
15962.1998000863
15962.6658806364
15961.8498884422
15963.1147042414
15962.4992704795
15962.5215693923
15962.48602279
15963.5560642244
15963.4288620765
15962.720786574
15962.6474276167
15962.8586819293
15962.2560094245
15962.6729888401
15961.7987517435
15961.5372665504
15963.2041906347
15962.7748914998
15961.8800573236
15961.3169094209
15961.5767302949
15961.7787105794
15962.8415139716
15962.1240691657
15961.7613383762
15962.2935683379
15962.2347339162
15962.4398095001
15962.752572131
15963.3497846009
15963.5024726351
15961.519596897
15961.5271580271
15961.7956289509
15962.0729719048
15962.18605929
15961.8393665285
15961.8929094496
15962.75966938
15962.1153003169
15963.1214429436
15962.642681209
15962.4372805644
15961.643580045
15962.8315904015
15961.9595913902
15963.1722257787
15962.3030871555
15961.3181042624
15962.6064722261
15963.0203119796
15961.9233950829
15961.8704579299
15962.1263191782
15963.2063812211
15962.8486424547
15963.1598624689
15963.0387424751
15962.6910830576
15962.5739939354
15963.6495708279
15960.7633460688
15961.6212664396
15962.3682673277
15962.3837574825
15962.7714166165
15961.4989513024
15962.2950951582
15962.2709812923
15963.4169973573
15962.1079063155
15962.619710282
15962.901804142
15963.6248214602
15962.5941200062
15961.7551976919
15963.1982395415
15961.1202229316
15962.5040388348
15962.6347604714
15962.081910743
15962.9880941478
15964.0558446315
15962.5339370561
15962.701562166
15962.956833534
15963.4640367306
15962.8880923793
15962.5698616352
15961.9661646951
15960.8428942176
15962.9141664635
15963.014671514
15961.1969551935
15962.7346184831
15962.4634209256
15961.923185867
15962.8671678664
15963.5115484822
15962.1366191104
15963.9572098823
15962.4065904883
15963.7224748202
15962.3283504698
15962.1401610128
15963.3409796753
15961.6881781782
15961.9812207567
15961.7741611906
15961.8092697693
15962.4580969712
15963.5631128334
15962.1567358862
15963.3262269293
15962.4424281506
15962.613075887
15961.6839754709
15962.6797472234
15962.9145872262
15963.4458377825
15962.4495191757
15961.7240920407
15962.7752841661
15963.0228792048
15961.3168790926
15962.9113365469
15962.1124002789
15961.1819255524
15961.6925562922
15961.918334066
15961.4673461
15963.2505450032
15962.4619071464
15963.0170738214
15961.9816104117
15963.0596005924
15963.2625719287
15963.1489318983
15962.0817216828
15961.1087601224
15961.7115423765
15961.9114024752
15962.7255128334
15961.9742827226
15961.5738059138
15962.3040547819
15962.0687937728
15963.2272614408
15962.8557424428
15962.245948038
15961.4488653705
15962.2404677229
15963.1173284357
15962.903437154
15962.9775007723
15961.9911882041
15961.5747034875
15961.7501880119
15962.516316108
15961.8800540189
15962.8616667987
15963.3812616583
15962.614238256
15961.960105597
15962.3646523815
15962.1340337418
15961.6472702697
15961.3983865979
15962.828075877
15962.0935881037
15962.6111533694
15962.0249693171
15963.0066017984
15962.6578746703
15961.9584466196
15963.5342245086
15961.9524046527
15962.0574076305
15961.7093845773
15961.8912544342
15961.3359415706
15962.4526451094
15962.8383762695
15962.0980823683
15962.464094731
15962.6824904523
15961.7828039547
15962.2894269967
15961.9922196387
15963.3211765048
15961.3719335497
15961.5937744485
15962.8600117444
15963.1699515319
15963.2977376506
15961.8548897444
15962.1124340646
15963.5531010919
15962.6817539815
15962.3965403601
15963.5941739603
15962.5124793874
15961.9065461923
15963.0775887507
15962.7455968789
15961.4531294846
15963.0714700116
15962.3382865442
15962.238148483
15961.4186847685
15961.3712384213
15963.3414391984
15961.7770061653
15961.5422937364
15962.5972589471
15963.4518244371
15962.5095081399
15961.0896346654
15962.0909005186
15961.2989097757
15962.0765820605
15963.0041229256
15962.0139042842
15961.4404036971
15962.6768365597
15961.1204159361
15961.7676547229
15962.5400368941
15963.2827761564
15963.0378358876
15962.2523538211
15961.8522967572
15963.2062993885
15962.4730923204
15962.529756384
15962.3527793746
15962.2003374027
15963.2981318173
15961.9581714918
15960.9457128721
15960.8096651343
15961.9116127842
15963.0708952798
15961.5267131451
15962.8347163506
15962.7563503827
15962.0052844237
15961.7795028564
15962.6800582126
15962.521228968
15962.8133145086
15962.7765264299
15962.5850400501
15963.704814189
15963.0212039287
15962.490315714
15963.0362540511
15962.7282397572
15961.9902781557
15961.7598550014
15961.5421249198
15962.5941708065
15962.9985548749
15961.8565918508
15963.263351405
15961.8846281555
15962.935828627
15962.6741303146
15963.5152238244
15963.3381959439
15962.5987913143
15962.8746941638
15962.352626578
15961.2179491558
15962.5438038484
15963.0817527193
15962.156844628
15963.7378565989
15962.6806587622
15963.1755194279
15962.2083412793
15961.762080537
15963.2177196403
15962.8532736837
15963.009094155
15962.8054890349
15962.3323900131
15961.8241029877
15963.5611371835
15962.3258142117
15963.4372786144
15963.8806394798
15963.4287324275
15963.2484776082
15963.0993209019
15962.4612677541
15962.8646269714
15963.3840631348
15963.208703128
15963.0331741934
15962.1076163965
15963.4652658027
15962.584131728
15963.3743899159
15962.310638501
15963.2702024822
15962.3773228791
15962.0987339546
15962.1113226755
15963.4373819042
15962.8367429049
15963.0322184425
15963.400940046
15963.1760647918
15963.2338882154
15962.9246362283
15962.5588150842
15961.983786697
15961.6687747525
15962.629129545
15963.0025363373
15962.9138652226
15963.3236459408
15962.5723650889
15962.6063635017
15962.9947211953
15962.1858102502
15963.0434182237
15961.8398932442
15961.8208111154
15962.731334357
15962.0645331642
15961.3355556712
15962.6073409575
15962.1986515395
15963.0589340232
15963.5482657814
15962.5932526741
15961.7080064248
15962.0974219622
15961.4310522428
15962.0124599524
15961.7720069189
15963.3279389947
15961.9295060377
15961.6997564625
15961.7262397966
15962.1343450764
15962.5482470338
15961.7168410765
15961.5308539579
15962.5374546232
15961.9039060818
15962.1775849915
15961.3173498387
15961.4667948653
15963.7644440162
15961.9043630161
15962.155834704
15962.2795283189
15961.8965007756
15960.87817023
15961.7446339467
15962.2720426498
15962.2469734008
15961.7132132546
15961.0781953239
15961.2172594394
15961.9112470372
15963.6973342105
15961.9412298809
15961.8243153811
15962.0224167055
15961.3939808638
15960.9870515659
15960.6285648795
15961.6672521347
15963.1064100186
15963.0616722654
15962.9684984746
15961.2648654385
15963.1656918459
15961.8963625008
15962.2665725354
15962.6376133269
15962.9727074456
15961.6994590995
15961.3128330379
15962.6884886772
15961.633285764
15960.7265306875
15962.0149940253
15961.9305186142
15961.0396982173
15961.2972471063
15960.5662392484
15961.6936932974
15963.4004780744
15963.2820537488
15960.8250291432
15960.5192046695
15960.4995789165
15960.7767598556
15961.2190767151
15962.5274894415
15960.813902219
15961.8418349923
15963.0341073861
15961.6285904148
15961.4529504473
15961.8245706458
15963.130842117
15960.9256705187
15960.3202672369
15964.282070722
15961.922213212
15961.6881882421
15961.1541533481
15962.3587142467
15960.9322045571
15961.3549005242
15961.1882017295
15961.5985250414
15962.369472684
15962.2349599289
15962.6710695177
15961.5647346079
15961.5019862269
15960.8399925189
15961.6693675415
15962.5084697714
15961.7708756517
15961.4349083686
15962.6484019106
15963.9374312485
15963.4828627981
15961.3013104952
15961.7088962224
15963.140187553
15961.3549157835
15963.830544909
15961.734745927
15961.9737938133
15961.880798916
15961.4971085338
15961.8210403325
15962.4091827874
15962.8109574546
15962.0471190583
15963.2676038416
15961.6601979438
15962.505190821
15962.6288078588
15962.27800179
15961.611349293
15961.9112737598
15962.1510199587
15962.059552827
15960.963507563
15961.2866837904
15961.8676601444
15962.2343984475
15962.006411682
15962.3838529967
15962.2399446128
15963.3794630313
15963.2552053887
15961.6413153754
15963.1180057135
15962.3936765232
15963.0018793762
15962.5333558975
15961.7536858556
15962.6171492698
15963.1609605928
15963.1990396804
15962.2232859927
15962.1824405789
15963.3369966632
15962.1827025557
15962.5598534245
15961.826009127
15962.4143833056
15962.8078462407
15962.2864905129
15962.709306461
15962.921833507
15962.8055940427
15963.6473464109
15962.9313640686
15962.5180988876
15962.6934214765
15962.8321698427
15962.1513303961
15961.3275569048
15963.1735206588
15961.6954195558
15962.9365736172
15963.433038402
15961.9001298899
15963.4225175748
15962.9694368482
15962.3064279439
15961.7234502876
15963.5744516394
15962.5648086916
15962.8297584077
15962.2906412972
15962.2888938916
15961.4585955806
15963.0336382073
15961.9210512474
15961.8353808963
15961.3856660336
15963.1703592078
15961.6820429428
15960.8549145604
15961.1074216034
15961.6077660739
15962.4796023246
15961.6470106754
15963.2065297004
15962.8940936348
15961.4968169533
15960.7413045726
15962.4055952287
15961.8692782837
15961.2084846103
15962.080714245
15961.9583707548
15961.6074819424
15962.4954696368
15960.9972178719
15962.3250908129
15963.2838670112
15962.2040759226
15962.6926410957
15963.3928857738
15962.40365566
15962.127361977
15961.5510552564
15960.9992597714
15963.7316598853
15961.1368641884
15961.1742098049
15962.82812468
15963.1212748613
15962.3141333839
15961.6422529008
15960.8236506959
15961.5526801474
15963.5374556985
15962.9357532204
15961.233180852
15961.640064316
15963.0342338099
15962.5161301776
15962.6057622468
15962.6828108116
15960.783685091
15962.4320992561
15961.2579388589
15963.2027031986
15962.0448353951
15961.9830479931
15962.1817237426
15962.2428744775
15964.0046957632
15961.5079441439
15961.8922520733
15961.3431919799
15961.8662595358
15963.5891988095
15963.604515027
15963.6462232244
15963.6097925418
15961.5715827989
15961.6610351857
15962.4121955198
15961.5594305979
15961.7369494465
15963.1795018215
15961.221359771
15962.4238314597
15961.4103266254
15962.4775280076
15963.3082713734
15961.4261193839
15963.6705356421
15962.2592756912
15963.0196833996
15961.2008031402
15961.6224249818
15963.4627283867
15962.9066644503
15963.2208231165
15963.1672386289
15962.1519211533
15961.7623502476
15963.0486202117
15962.3219424822
15962.8882869025
15962.9678969279
15963.2672682417
15963.0035754583
15961.9126727903
15962.2511462137
15961.2741968122
15961.1801216198
15962.588101974
15962.2474378682
15963.3876044251
15962.4054719138
15963.2368603976
15961.7575545573
15962.1320858038
15963.1775081135
15961.6074632951
15962.6787706337
15961.9978881621
15961.9378263391
15963.176093566
15963.2617575805
15962.9901033446
15961.992477194
15962.0568511605
15962.8526303345
15962.2840479286
15962.0207791661
15961.340580942
15963.3702683442
15962.0894046424
15962.8146498801
15961.2362277645
15961.842037178
15962.664460473
15962.8733691675
15962.1336195325
15963.4471440573
15962.3145359607
15961.867853513
15963.0965924844
15961.7701470097
15963.9408156866
15963.0602764948
15962.3245251148
15961.8572088943
15962.3208615418
15960.7779987622
15962.3642135927
15963.2368826673
15963.4198580206
15960.6371991935
15963.4485867693
15962.0155846452
15963.2384155327
15963.3682311527
15962.7857289068
15961.6461623493
15962.838737321
15961.4290685308
15962.3980359179
15961.7223930961
15961.8580121042
15962.5879969232
15962.704309461
15961.6924223947
15962.8853932212
15962.5686598151
15961.2778408059
15960.7105990578
15963.0797353926
15961.941702159
15961.0535122794
15962.3011561545
15961.1335457217
15961.0186991069
15962.1778665547
15961.4546782809
15961.2068283747
15963.2712296102
15961.7027116405
15962.1047003129
15962.6277386124
15962.7474159298
15962.5162946184
15961.8196229716
15962.0867449348
15961.6332421903
15962.5865300054
15961.8562488786
