# vacant volumes
15939.6390254113
15938.8488154345
15938.6958259456
15938.542159022
15939.8061746401
15940.1233562487
15939.1034020952
15939.8273952629
15940.3500817231
15939.8744638861
15940.6636466968
15939.9005478108
15939.8253720116
15939.6962966471
15937.8319276735
15937.9471047573
15939.0176918742
15938.4934474013
15939.8674365289
15940.1934957922
15940.8359544029
15939.5921244312
15941.0025123546
15939.5065144942
15940.2914148538
15941.1558793435
15940.3785083668
15939.7051439035
15938.6959602245
15938.5586403021
15939.5033100807
15937.7562914935
15939.7783590915
15939.5304906561
15939.7778519181
15938.6500606156
15940.5762873002
15938.8186296178
15938.4611224842
15938.9965536399
15938.9822073184
15938.4896957215
15938.9665969823
15940.631476431
15939.9691652041
15939.0043192385
15940.8203809229
15940.2194494719
15939.5050359445
15940.2265806075
15940.5277654241
15939.3251200017
15938.3972900637
15938.2932089039
15940.3468574206
15938.6527232859
15938.312480953
15939.8058393155
15938.0444059093
15939.2851420231
15939.3730212007
15938.6656607986
15939.7391004055
15938.7478480887
15940.5640643339
15938.9942020672
15940.4781193269
15939.2328065674
15938.2708159786
15941.2043702672
15938.8046669029
15940.2586098812
15940.2375663595
15938.5900918946
15939.935457478
15940.3786427293
15940.0489783327
15940.2588183307
15939.1358997312
15938.1508684362
15938.6897621507
15939.2753903749
15939.1416378033
15939.0322502793
15938.3198176833
15939.421159989
15940.1037715545
15938.9236426704
15939.5821123617
15941.035727678
15940.0662021151
15937.9500937189
15938.7258487746
15939.9593657722
15938.9895712014
15940.0578891077
15938.3058128186
15939.2166074866
15940.0473924832
15939.9540232749
15938.8876243291
15938.366232981
15940.8721250994
15939.4399565615
15940.1450328644
15939.2314408733
15940.1018280483
15939.3751688974
15938.9045109972
15940.5904548966
15938.7552271794
15939.3786632203
15938.74260535
15938.7020989006
15939.6045056836
15939.2871794589
15939.813997655
15939.0392452026
15938.4723462212
15939.1688283652
15939.7632620086
15939.1630919663
15938.0586645671
15940.3158264518
15938.9232598894
15938.9256645515
15938.5565224044
15938.5792792793
15938.2582444783
15939.4564763532
15938.5176965277
15939.5935995144
15940.5140393038
15938.5117905856
15939.5449042612
15939.8044408927
15938.7462818401
15939.7290804706
15939.2146549496
15940.4741010948
15939.1426192187
15939.8551652782
15939.9437040664
15939.1976813774
15939.1001148331
15938.6862361294
15938.9824774652
15939.8637218651
15939.0331105934
15940.2981825228
15939.3626140584
15938.6967133935
15938.1386212074
15938.1111915314
15939.7909687599
15939.495170055
15940.537765516
15939.9309116244
15938.8831053553
15939.2150808494
15938.7569889048
15939.0357485335
15940.2950292895
15940.1630317219
15939.2345709415
15939.0048405323
15938.7688929082
15938.2592670066
15939.5188697149
15939.3104455963
15938.9090599502
15938.2754035306
15940.0268661089
15939.5089007404
15939.609990513
15940.0715398895
15940.0196936124
15940.3114695816
15939.2037342664
15939.5126805273
15939.6020978124
15940.4172782157
15938.9776064529
15939.304155039
15939.1840695913
15939.2973147785
15939.10523998
15939.2791591983
15939.510103203
15938.6838276047
15940.0785980953
15938.5570130177
15940.7952662025
15939.9432922512
15938.7771261084
15939.4323634833
15938.713008635
15939.4910855541
15939.4245048539
15940.4747872614
15939.0477721084
15939.2455027632
15939.5206600377
15940.2425209948
15939.4593738779
15939.8083302958
15939.5714498519
15938.4509106902
15939.3804271909
15939.5257102445
15940.1494078076
15938.6428883517
15940.0934609958
15939.4184168907
15938.4634538842
15940.289502805
15940.4792641748
15939.1779013031
15939.0448641531
15940.079992418
15938.6632675188
15940.637558571
15939.591828886
15940.5418268236
15939.5681741213
15939.6477132857
15939.056555014
15938.6083164722
15940.0078781859
15939.7209190107
15939.8605803441
15938.2263450148
15938.9890176923
15938.8680041807
15940.948980122
15939.1376692917
15939.6612813867
15940.0517294995
15938.4892728503
15940.2942829982
15939.0962755321
15939.9892549066
15940.4827358078
15939.4479414231
15939.3035684554
15940.4854144193
15939.1900484957
15939.3843031219
15938.7698985121
15938.9924856021
15938.8915167494
15938.9726167779
15938.423426107
15940.560595253
15939.9326066091
15939.8222629607
15939.9778533698
15939.7278931938
15938.5486521602
15939.9861546357
15940.7118017423
15938.9625810301
15938.5235412636
15938.0266059818
15939.4972456787
15938.7212369178
15939.1238298661
15940.3416468471
15939.1908998613
15938.2891792735
15939.1164399366
15940.3253210847
15938.8379138471
15939.4467250319
15938.7406672043
15938.1483667731
15938.4435109422
15939.9310638981
15938.2898733135
15938.18403179
15939.0045448889
15938.5608238566
15940.4380659
15938.5594748765
15938.3812640876
15939.2289019694
15938.5934466928
15937.3945456957
15939.259275485
15937.7324563397
15939.0784795427
15939.489020326
15938.6810753855
15938.4979776689
15939.831294495
15939.0122157259
15939.6977218858
15939.2543080098
15938.2221972835
15938.2336780521
15939.680518536
15938.6624429451
15938.7437396505
15940.5691457084
15938.9772303083
15938.1680577884
15938.750097506
15939.6223168513
15938.8572891862
15939.7911417951
15939.8832007766
15939.253089654
15939.8494156946
15940.0081544757
15940.6088935235
15939.3732311137
15938.4303589239
15938.5485206758
15940.1135072725
15938.8817659466
15939.7332655349
15940.0887755538
15939.3249895841
15939.9388492197
15938.670912196
15938.3967830709
15939.2160100307
15939.8641185594
15939.2689462813
15940.2466758871
15939.2576138214
15939.7968063475
15940.1781204708
15940.5508402634
15938.9558900711
15938.6508828725
15938.5364069931
15940.6378059534
15939.6859381674
15939.1115913304
15940.5901368809
15938.8324781023
15938.6118008172
15939.7019195618
15938.0971821895
15938.8088558442
15938.5272762481
15939.7673577083
15939.2704660724
15939.3789890632
15937.4270959691
15938.472490412
15938.2955790337
15938.4498874091
15939.488981147
15938.6292281182
15939.7343703095
15938.8502768741
15938.2004942142
15938.9108559802
15939.0331328737
15938.6813495679
15938.1667771506
15940.2958901365
15938.4134055286
15938.8714258074
15940.0689477965
15939.0761894438
15938.425901115
15938.8528247865
15938.660634423
15938.1380064108
15937.6033208213
15938.9822047867
15939.378684029
15940.1407844292
15939.6782129292
15940.3915655124
15936.9272708712
15937.1474544652
15937.6109361295
15939.9709573936
15938.6917498613
15939.5881372077
15939.2896565196
15939.2187586372
15939.2404112686
15940.2274190124
15939.525816762
15938.170661949
15939.9665474127
15939.2247195416
15938.5665949785
15940.2127897601
15938.8001455307
15938.688335947
15939.2408310987
15939.0604795378
15939.7656041484
15939.3807417044
15938.4448223766
15940.0583452881
15939.2338175326
15938.706234017
15938.9220412298
15938.1741357336
15938.8047948999
15938.48464023
15940.1154256761
15939.2487936427
15938.1848131261
15937.7427846081
15938.4183282727
15940.423483683
15939.7020289732
15940.36181609
15938.4495663551
15938.6788092428
15939.1576052721
15939.0006493484
15939.7995536266
15939.8575206273
15938.5400651365
15939.761783527
15939.8243397996
15938.8238480777
15939.122769826
15939.1030369569
15938.5871831153
15938.8028235079
15939.2912065062
15940.4418408643
15939.9115191269
15939.4274183062
15939.926550498
15938.4481678696
15938.0147794138
15940.4842908983
15940.5520775095
15940.1022334379
15940.0324843963
15938.9343511998
15938.9916818528
15937.3632951801
15937.5477325017
15940.1717701244
15940.3219286761
15937.7693249867
15938.9614989942
15937.3002751766
15938.5279430487
15939.3469540309
15939.1618531545
15938.438518441
15939.1135135805
15940.0315145649
15939.2421156091
15940.668446657
15939.601386351
15938.1482471287
15939.1842718231
15938.0648453773
15939.7289596529
15938.8843037759
15940.0161631573
15939.5941496722
15938.4924400954
15940.269796253
15939.7255581544
15939.5798885025
15940.3429119293
15938.7203519417
15939.5096220011
15940.0774952027
15939.6778153994
15938.8008376542
15939.1106401968
15939.8225719925
15939.1077174641
15938.7034003337
15938.8977679967
15940.4615726559
15938.8715435576
15940.0746836773
15939.3044884504
15939.2703202398
15939.6677945786
15940.1601213202
15939.4394205726
15939.8315674695
15940.2262850981
15939.8371184394
15939.3473700204
15939.9746656127
15939.0522177253
15940.1026143712
15939.127195253
15938.4115054616
15939.5987387496
15938.9463972784
15939.0903050442
15939.3735899517
15940.2852166736
15939.876916051
15940.3426442707
15939.9874184362
15938.8132399213
15938.1115910973
15940.3555504619
15938.4547298923
15939.4854801692
15939.0177434121
15940.3809300298
15938.4894104511
15939.5392252425
15939.0727014477
15938.224055823
15938.4987378952
15939.1004464459
15938.5069110254
15939.2356169201
15941.1077487568
15938.1284337272
15938.4721434039
15937.8160720535
15938.0511964473
15938.0606969082
15937.5818387837
15938.0210306797
15938.794160052
15937.8778025761
15938.272264874
15939.5903723488
15939.1079755655
15938.4243107224
15938.6668989037
15937.7709787079
15938.1639802423
15939.2387223681
15940.1478614187
15938.5086901071
15939.4532207853
15940.0235328993
15940.4058938971
15939.2803659644
15938.9610826312
15939.2454586929
15938.9529354236
15939.9700672602
15939.3011528097
15938.6710040995
15940.3913231892
15940.3002788964
15939.8983047127
15940.3910988452
15939.5114768645
15939.5307315405
15938.9289258446
15938.4389198857
15938.6721439189
15939.6411272882
15939.5193801619
15940.018832819
15938.7703720205
15938.3418551926
15939.0488153991
15939.7570242186
15939.5161647175
15939.0848978214
15938.4202985781
15939.1236042138
15940.3775907611
15939.363975843
15938.6581233668
15938.2109242844
15939.3788293978
15939.3433358211
15940.0330336887
15938.940822617
15939.3261840952
15939.854521365
15940.2385187245
15939.3866111741
15938.4763347917
15938.3042287113
15940.7909804008
15938.3982911472
15939.8522132545
15939.6589836344
15939.7572498404
15940.0823571849
15938.596845354
15938.424661808
15940.4459848133
15940.4249852621
15938.6071137319
15940.5438632314
15940.3337554492
15939.5172228958
15940.4524479219
15939.0250814049
15939.1633525569
15938.743275851
15939.0496657013
15938.8665497564
15938.8711838908
15938.130808615
15940.0299660283
15939.5444434733
15940.7251154925
15938.9053791591
15940.7847131424
15939.3197038847
15938.879002257
15939.4791543008
15938.808644338
15938.4547235086
15938.4742777316
15938.8413433854
15939.2714673367
15938.5221414469
15938.4799571877
15939.7050779043
15939.9768035632
15939.3306984878
15940.2398472641
15939.3672329084
15938.5876018701
15940.4295827641
15938.6174303015
15939.1992640115
15937.3656654209
15939.9401613076
15938.5968134235
15939.8172052982
15938.0007720191
15939.1899981995
15938.9744266137
15940.0203305502
15938.9837858132
15939.2421984526
15938.3356849137
15939.434669829
15939.1888777997
15939.819464924
15939.8843745784
15939.7989374592
15938.7271343549
15938.3330834993
15939.3237787111
15939.8996498127
15939.3588503127
15938.6452836532
15939.0684947495
15940.7713502147
15938.8182319242
15938.5119391823
15939.7558110808
15940.0324969579
15938.8737597523
15939.6019063278
15939.7684123819
15939.3100923249
15939.8587896074
15938.6146418704
15939.4638205923
15940.3689869063
15938.2376507826
15938.983532209
15938.6563748608
15939.37902012
15938.5325600135
15939.1742291642
15939.2933915613
15940.7331366512
15940.300467291
15938.6809307566
15940.0416297937
15940.1169236083
15938.9071702631
15938.9337959292
15938.7939927547
15939.366708232
15938.9465606392
15940.1588389201
15939.8940183277
15939.7118459515
15939.595002219
15939.5808492663
15940.5977560333
15939.5762427126
15940.353046577
15939.4479848394
15938.7729983991
15939.720979173
15939.0129256638
15937.9958819189
15939.5169556017
15939.8102910581
15938.2189739577
15938.7058837012
15939.5302243575
15940.2198489109
15940.335585597
15939.1215131939
15939.6149363095
15938.9094390759
15939.0197737306
15938.4002500237
15939.4419034278
15941.2497107345
15937.9252350618
15938.0444931528
15938.1317771226
15939.4401689097
15939.8645639737
15940.0262788612
15940.0285406248
15939.962668469
15940.0974225801
15938.4168945755
15938.6451450801
15938.7651584212
15940.1491047972
15939.5953334262
15937.9879707242
15937.9410911695
15937.7803103007
15938.9241008154
15939.7970803846
15938.74045255
15940.7218558875
15939.2536430864
15939.5999493667
15940.2363022726
15937.9010087289
15939.5993253898
15938.8591809135
15938.1802850288
15937.7562294965
15938.2780551784
15937.7829724478
15938.3403541386
15938.1394634481
15939.075279337
15938.6846301921
15940.2798445257
15940.782905591
15939.1479673966
15939.0471877167
15939.0359717408
15939.153935791
15938.0093238576
15939.0475842037
15939.5979700577
15938.218121923
15939.949607362
15940.1315422643
15939.0902130784
15939.1329695705
15940.1111106209
15940.3515199462
15937.3553059324
15938.5406350392
15939.314238908
15938.6888841306
15938.7549756782
15940.1226128712
15939.0699313412
15939.2282088108
15939.3661020259
15939.9402539155
15940.2374452682
15939.9964401116
15938.7826800943
15939.1944454265
15938.7995187339
15939.9123478421
15939.7517582711
15939.2281479747
15938.1366940893
15940.0339297944
15940.2394193523
15938.7996558489
15939.7638993282
15939.5970174465
15939.5904595164
15938.5100565962
15939.9390732934
15938.4355487281
15937.594917762
15940.231124964
15939.8978968247
15938.6123730978
15939.4261676255
15939.7714634687
15938.9505218531
15940.0331489396
15939.1842616993
15939.4875109854
15940.2199396928
15938.8878756556
15938.6517283907
15938.2366905121
15938.7621907162
15938.1116407748
15940.2099237097
15937.9462881248
15939.71395188
15938.8700926127
15938.7795177798
15938.6793390023
15938.3435615022
15938.6246212153
15939.7584840908
15939.4944294123
15938.6676433605
15939.3601389549
15938.4173445081
15939.3758259425
15938.6548546847
15938.7182409112
15940.0358268267
15940.1738132656
15940.7509049805
15939.3970909166
15938.3340438848
15938.2097580245
15939.9550490343
15937.890052238
15938.3361751666
15938.4561657358
15938.9132889192
15938.7661859185
15938.3075723857
15938.6816238907
15939.815714466
15940.2217639487
15938.9803529634
15938.1572052138
15937.9880544858
15938.4096027789
15938.0541296604
15938.8965072271
15939.7864539013
15939.3346549455
15940.7601302387
15938.2274814608
15939.6709573511
15939.8944449285
15939.411723557
15940.8347808561
15938.8868316188
15938.4787280009
15939.4521490393
15939.0219911181
15939.9381608451
15938.4772219777
15939.2879969748
15939.2271407986
15938.4961132927
15939.736381907
15937.74021415
15938.7790605288
15939.8408714222
15939.7059034571
15938.9262298687
15938.7147055474
15939.1687351353
15940.7761300075
15939.3739682594
15940.3745569067
15939.0889507662
15939.9328951613
15940.4543058134
15939.2488610704
15938.9726884603
15940.0549785517
15939.8243873387
15938.4144924187
15938.7370719264
15939.2824698108
15939.2439832067
15939.4465095481
15940.23202073
15938.4461043597
15938.7749815766
15938.2771188087
15938.5925412101
15939.112984358
15938.4977398607
15938.368938884
15939.8505973649
15940.100802469
15939.3568744872
15938.4746416226
15939.0479837136
15939.0217909126
15939.6839146833
15940.6470999584
15939.1282195071
15939.3094183133
15940.7437444905
15939.620397775
15939.8622974488
15939.8135692502
15938.9801097605
15940.1504864496
15938.6027980163
15938.6366039851
15939.3898265267
15937.8002693089
15939.211739777
15938.2644901275
15938.4969358949
15939.8588620909
15938.7579403023
15938.8948287969
15938.2258142709
15939.7764650369
15939.5522506753
15938.5374270039
15938.6557073864
15937.8480806998
15938.4172722714
15938.6485373312
15939.234035845
15939.8833533981
15939.2064642949
15937.6498232708
15939.5280621199
15939.7022352068
15938.6037382107
15940.3181361464
15937.7546794539
15938.3297522712
15938.4329908136
15938.1420198878
15938.1763769338
15938.51155668
15939.3384361418
15939.1549547889
15939.6775676104
15938.6741458085
15938.800090388
15938.1427606006
15937.9461099757
15939.5276019271
15939.0730639822
15939.9745462329
15938.0583439629
15938.8372501655
15937.9708107344
15940.3063854653
15937.7794067058
15940.0421506137
15939.1347630653
15938.3702075583
15939.9813693978
15938.4847341886
15939.6530736019
15938.9507969701
15938.2774534014
15939.4259091386
15940.0893521937
15938.8711697654
15938.2813077632
15939.2750400128
15939.429301239
15939.2764365458
15938.9378692215
15940.2191141299
15939.4075955667
15939.299574977
15939.3273203871
15939.5298217888
15940.0003777602
15940.3124454401
15940.053139418
15938.9451790819
15938.7504777821
15938.730056117
15939.5478067696
15940.3149065981
15940.20027373
15938.7655523393
15939.7089118364
15939.0647288882
15939.5943127116
15939.7653437262
15940.0064324515
15939.6203393524
15938.5845336419
15937.9066841717
15938.0504260148
15939.5771467703
15938.0603566805
15939.7719607553
15939.7279612753
15939.71786551
15939.3318094032
15939.7799983573
15938.210122237
15938.4396738586
15939.1869533713
15939.800565408
15939.9705641528
15938.0769802195
15939.6468988833
15939.674300509
15938.6990478144
15938.6139013089
15939.452739681
15939.0104438413
15939.2333188021
15939.1991113522
15939.1828743216
15939.6853958269
15939.8716545718
15938.6725603882
15938.628041225
15940.0183102708
15938.9583754774
15938.549177735
15938.8315838122
15938.705614125
15940.21113941
15939.2626783809
15939.2918831487
15939.3655250045
15939.9235714799
15938.5199704139
15939.0526060871
15940.3233974041
15939.9578329791
15939.2117019069
15938.1546105027
15939.9651217157
15938.4626142575
15937.8441322904
15940.4568667469
15938.0724822756
15938.9826838115
15937.9377741415
15939.6843037907
15938.9780682756
15938.6742967856
15938.7049147919
15937.805477499
15939.0879381389
15939.3395909172
15939.0815656582
15939.9487494293
15938.921728706
15940.4084288165
15937.840297209
15939.4276924788
15940.3148750892
15940.0332776406
15937.935964408
15940.3773042668
15939.1137064874
15937.2750576908
15938.2595180023
15938.7075267481
15940.2487865203
15938.7671918147
15939.5001364184
15939.6356625157
15939.2395294619
15939.9189452319
15938.4965210767
15938.935650416
15938.2947591968
15939.5392306786
15938.8511275851
15938.1117732938
15938.3345129539
15939.7938341983
15939.6065283327
15938.7823615019
15938.974325868
15936.5501528616
15938.370317088
15939.9325032806
15938.7105583751
15938.7565175531
15938.6040721039
15938.3941270959
15939.9653357613
15937.6261503277
15937.7816142676
15940.0481496746
15940.0113830684
15938.373514143
15940.1658214592
15939.0383771515
15940.0316758409
15938.9573778853
15937.5182400898
15938.1427063856
15938.5854803906
15938.4973544167
15940.131199286
15938.603044435
15938.2838847247
15940.8171384436
15939.7389433794
15939.6739224105
15938.0197093102
15938.7567915807
15938.8456966555
15938.2829172181
15938.118870389
15940.212885953
15939.5898555239
15940.6255704902
15939.6023379822
15939.327836587
15940.1988087636
15939.3817194239
15939.2184761352
15938.7954289054
15938.3814252677
15939.9832921619
15939.8487786299
15939.9302550011
15938.50895566
15938.9790343146
15939.0496093713
15938.4916856796
15939.9773350298
15939.638685835
15940.7811945598
15940.0256275459
15939.3794890827
15938.8167849304
15939.7096657207
15938.9603695168
15939.9013155683
15939.0948683401
15938.2580301789
15939.6308177675
15938.5704430208
15939.6019614141
15939.3737245195
15939.9155695739
15938.5019328718
15938.8117183338
15940.5781629301
15938.4611293771
15938.3802627767
15940.0584880135
15939.1921965608
15939.7819970633
15938.7118833694
15940.1992665096
15938.1156188062
15939.107948612
15940.0637343293
15939.7746428195
15939.2374975198
15938.1054105318
15940.6177215173
15938.1885680198
15940.1200183501
15938.6346584505
15938.8747175013
15940.2057512504
15939.1741843247
15938.2714032431
15937.7590902808
15940.1245655175
15939.1172430424
15938.7119704437
15938.6786346856
15937.4782283537
15937.3392511699
15939.2022379575
15939.9274669344
15937.7835419685
15939.5117714063
15938.7500120144
15937.9932967239
15938.4774942251
15938.8813107439
15939.0025482624
15937.4625023441
15937.3831763996
15939.8990143182
15938.1018670988
15939.6131938334
15938.6855691375
15937.9266637456
15938.9983689802
15940.3593321437
15940.4760075896
15939.5154621441
15937.7180482538
15938.460905384
15939.0183866427
15938.7415518477
15939.9370332142
15939.3678887639
15938.7883997023
15938.5450822702
15937.6125461842
15937.5439357784
15937.6769541682
15940.0843042724
15939.5301364367
15938.2643199034
15938.9411531963
15937.8359494334
15939.8612222699
15939.2798198566
15938.5940476654
15938.7907329907
15938.7815469628
15938.3025221241
15939.1790056322
15938.7844599527
15939.3067086807
15940.8365140257
15939.6578123473
15937.7905632731
15940.0215316951
15938.3117133341
15940.0705056569
15938.6384936119
15938.159486842
15937.6704450978
15940.0534214904
15938.6481518209
15939.8414978345
15939.7822041437
15940.2797883368
15938.6441708072
15938.8855320462
15938.3986405367
15939.125892384
15938.4867615648
15938.7273677974
15939.9053804999
15938.4666886251
15938.5929729916
15939.1874663145
15938.6655088308
15939.4445990979
15937.3453918694
15937.4880119589
15939.8068357687
15939.3796083018
15940.1117932788
15939.7662800738
15939.3763891372
15940.1118061267
15938.5963967053
15940.068582605
15938.14801504
15939.7370568384
15938.2302609707
15939.3068526507
15938.5691716343
15938.8621793029
15939.5315505835
15937.522114822
15939.1675194258
15938.7986166261
15939.0881783809
15938.1977825081
15940.3497385607
15940.0139693658
15939.7358126777
15937.6885431722
15939.2272158604
15938.5357524167
15938.4872248309
15940.2461435072
15939.5550162385
15939.04851453
15938.2445465527
15939.0811514451
15940.4001884958
15938.3674920056
15938.5310719944
15939.609633254
15937.826284091
15938.8310928327
15939.8093141696
15939.8323590878
15939.0857075689
15939.1954562626
15939.2893509635
15938.2819519832
15938.9041995636
15939.3003159454
15939.9399308377
15938.9816056992
15938.7978132024
15939.6378837427
15939.2827411858
15939.9902548106
15938.7025427318
15939.0184278331
15939.1870026013
15939.0796596785
15939.1913782296
15939.4134719821
15938.5957656944
15938.3800401856
15938.2454170991
15939.5436552358
15939.525047415
15939.6433797661
15938.9265201886
15939.5874122214
15938.3890825348
15939.9907866851
15940.5638619027
15938.6429537592
15938.9182553848
15938.7598525781
15938.2607689965
15937.7977322107
15939.460530861
15938.9501482134
15938.9002423043
15938.3850853233
15938.6882827226
15939.3731792601
15938.5164831183
15939.8073969
15939.094841103
15938.4383380277
15939.098748338
15939.6447386389
15939.269695824
15938.5927900936
15938.2766043084
15938.5657817194
15938.5011101253
15938.4118943963
15940.2532522002
15940.2618838953
15938.1685246147
15938.6235383169
15940.3186250121
15939.2158060963
15940.2985708108
15939.1344566871
15938.124022083
15938.8846253293
15938.3643103598
15939.9954776375
15939.9183503008
15940.2379675886
15939.0647319641
15939.3923637193
15939.3260402481
15938.179022155
15940.3648930059
15937.9792140857
15939.7625831145
15939.3558120297
15939.6221324445
15940.7099201589
15938.5254782942
15938.6514608474
15938.8388620469
15939.5870391423
15938.7583195314
