# vacant volumes
15992.8122297002
15991.4846476665
15992.9202704508
15991.4526009544
15993.0845902173
15991.9353809901
15992.547494313
15992.6218425616
15991.9834385034
15992.6704310528
15992.2435472947
15991.8467649196
15991.1272512921
15991.3945512842
15991.5988016459
15992.8154481929
15991.5331036382
15992.4456925409
15992.9578965786
15992.7600645297
15991.7349315278
15990.9885655909
15992.1662623866
15990.4012915681
15992.6949389977
15990.9140370405
15991.8470566075
15991.3890703765
15991.9915859586
15992.0558107863
15992.0637359259
15993.3078189108
15991.7852030778
15991.8024076552
15992.2747248391
15992.2659469106
15993.0108636401
15991.7706028866
15991.5225841107
15991.3918025136
15991.8226048717
15991.3072122624
15991.6745592585
15992.6789164419
15991.2711438115
15991.1227283892
15992.8906881866
15991.3198200189
15991.6435519215
15992.1531008663
15992.9223357545
15992.1754507743
15991.7087793883
15991.4692041605
15992.1724257372
15992.0904252497
15992.801374981
15991.3782710474
15992.8456290581
15993.0746937692
15992.4058900867
15992.019267445
15991.6232032437
15992.7374372713
15992.1327015036
15991.5168330263
15992.6400264051
15992.2892995081
15992.2979572494
15992.7207907701
15992.4289422975
15991.3722466233
15991.1730994491
15992.679946656
15991.9849741921
15991.6364118287
15991.5548034282
15990.6232929581
15991.9755841446
15991.4464988579
15991.4066544656
15991.6966886564
15992.1634460908
15992.7892274352
15992.4426450317
15992.4597118508
15992.3691935512
15992.1101264872
15992.1956016672
15992.1319129767
15992.3631343177
15991.6401906061
15990.3950312441
15991.3950279459
15991.1893058881
15991.1857191072
15991.8781010667
15991.7473226364
15992.2441454914
15991.8563250719
15992.8620548945
15991.3126390742
15992.2091617997
15991.2029805218
15992.304562198
15990.9264744887
15991.3992336422
15992.0441796779
15990.6649385694
15993.1359283839
15991.0819474443
15991.5335902137
15991.6598678768
15992.5375671686
15992.2933386022
15991.4797284123
15991.8017710357
15991.5332304536
15991.1598220571
15991.0755145766
15990.5339591893
15992.7638128095
15991.2752694489
15991.8218310812
15992.8923196202
15991.6510415193
15991.1866971842
15991.0877203223
15991.8668639357
15992.1739099862
15990.9016483059
15991.404586568
15991.9218787939
15992.7297157434
15992.1954403943
15990.9994034886
15992.5971015527
15991.9570088031
15991.2827895588
15991.4779080698
15992.3853715303
15991.6987737516
15992.1837995876
15993.006129636
15991.3625838234
15992.8051946285
15991.1419053521
15991.5373097334
15991.6146440198
15992.1560523861
15992.3937209674
15993.0798334069
15992.3341574278
15992.2106375172
15991.7398607311
15992.2927359206
15991.3940480599
15992.7447125635
15990.7448060602
15991.6879376825
15991.6329282252
15992.1069641165
15991.051936333
15993.0961994499
15992.5978140934
15992.3027289529
15993.7697607805
15992.1728372595
15992.4986413272
15992.4403407205
15992.1044488044
15991.7856142513
15993.2433226292
15993.0486458403
15991.6747412405
15991.8179114787
15992.7840320231
15991.4820591196
15992.0132191048
15993.043144138
15992.4104788799
15991.7819013056
15992.7217039868
15992.0492665417
15991.5698867971
15992.2843178615
15991.5500580287
15993.1753988147
15992.1562883703
15992.9604697037
15992.2690415611
15993.3016096455
15991.2667368816
15991.6552740125
15991.9440994638
15992.5382232065
15992.1142795143
15992.9426992073
15992.3399288173
15992.8226158046
15992.7672397272
15991.4431205235
15990.7891159226
15992.0503092011
15992.6897548499
15992.154518533
15992.741997415
15992.3668436943
15991.8716593652
15992.9641466313
15992.4583342227
15992.1828851166
15992.3434925173
15991.3798058661
15990.3421649111
15991.6496888994
15990.7266254224
15991.7098199288
15991.7494340118
15990.9517611578
15992.1681371966
15991.3835330273
15991.9888399023
15992.0185980144
15992.0310639145
15990.8255546739
15992.0887368018
15992.6810378168
15991.5541226759
15992.0939175751
15991.1584528462
15991.0497767735
15991.3017973858
15992.1188328147
15992.5793265509
15993.1322103858
15992.6130305678
15991.1545652787
15991.883841853
15991.136552281
15991.9403795543
15991.1958087844
15991.087828525
15992.0413630327
15991.4506575194
15991.188236609
15992.0059421513
15991.7901345245
15992.4048926655
15991.6257360279
15992.4045198952
15991.1915894632
15991.9448156702
15992.0604132874
15993.0634165875
15992.4288232378
15992.3923190439
15991.9634011196
15991.4460202032
15991.9203349296
15991.1396868107
15990.8876775566
15991.4510900522
15991.0397612635
15991.8634818527
15992.020783444
15991.1414919226
15991.037683363
15991.5217832199
15990.9779292318
15991.2409166784
15992.5853622202
15992.3016776727
15991.1115592526
15990.9580908678
15990.9769086118
15990.8946086739
15992.0548183614
15990.9216651499
15990.7385643534
15991.098889127
15992.4346262933
15992.0868411113
15992.3744529166
15991.8776604138
15990.4516545922
15991.8916074702
15992.3572733616
15991.3364948057
15992.0353066413
15991.6691623859
15991.0763134681
15990.6878076142
15990.7800547018
15992.2821041296
15991.8464143575
15992.0250166759
15991.4959100642
15990.3250766966
15990.3650864047
15991.5615833874
15991.7432657739
15993.3983643534
15992.6386318944
15992.4496660755
15992.979414964
15992.3398759463
15992.4028459329
15991.5755661934
15993.2528812121
15991.1177713776
15991.1530176397
15991.6369071245
15991.327690179
15992.0464343802
15991.6621255778
15991.7854137694
15990.3151776559
15991.8565955312
15992.1665827194
15990.8746652272
15990.3212146567
15991.5241910741
15992.6767931345
15992.7907038094
15991.8775272005
15993.1243634996
15992.3203015548
15991.2178426848
15991.8941900966
15993.3827581975
15992.8220814754
15991.0303962244
15992.9217952852
15990.853362666
15991.2934126313
15990.6689531507
15991.4394512085
15991.9582243386
15990.7612481223
15992.3930611049
15991.5473822793
15991.6499398608
15991.5260177046
15992.700551325
15991.1644815166
15991.7869681521
15991.8632568956
15991.8310735576
15991.8899934426
15990.7903318962
15990.8718857725
15991.5653020502
15991.3126800436
15990.4096218665
15990.9768474404
15992.5123021766
15991.1659062572
15990.8819718391
15991.1661670802
15991.4084954474
15990.8557931128
15990.5981632318
15991.4102082392
15991.1686330893
15991.3924648429
15992.18782044
15992.8782960193
15991.8153116955
15991.4178426543
15991.045529207
15991.0867997653
15991.719183747
15991.5474050262
15992.7889448225
15990.6964910591
15991.613697237
15991.601469485
15990.9697704649
15992.228318655
15992.3623282409
15991.2621181484
15993.166292606
15992.0054789575
15993.2690879492
15992.1458816904
15991.412937958
15992.8517213588
15991.7453732713
15992.9226245799
15991.3006557257
15990.918964028
15992.6184381964
15992.696610771
15992.9185850189
15993.1402736356
15991.635907426
15992.2815885503
15992.4003484198
15992.4614997301
15991.6369670696
15991.363305309
15990.6154791724
15991.2734821486
15990.7313602862
15990.9431908267
15990.9880487632
15992.7878785604
15992.0543310245
15991.9490410387
15991.9343035467
15992.7329827757
15992.4416661707
15992.7234660099
15993.0442927561
15990.7206784902
15991.2352367055
15991.8501970087
15991.4441044428
15991.6255821581
15990.9892179804
15991.7668111272
15992.7492431736
15992.01851951
15991.6683006514
15992.0211956175
15992.6702022901
15991.2858645641
15990.4005205966
15991.1016826757
15991.9642980916
15992.4788175342
15991.2954637978
15991.8684683576
15992.2054943469
15991.1574178556
15992.0739347789
15992.9229746797
15993.4339895348
15991.8997405549
15990.8893019136
15991.6740785147
15990.6266616718
15989.2925268166
15991.6306973566
15991.4608735455
15992.6208414703
15990.7675660659
15990.6740029244
15990.8353583901
15991.3772422595
15991.5823492992
15990.6566471567
15990.4262195974
15991.1688195374
15991.5443191483
15991.9713423872
15991.189761419
15991.7773025218
15991.435268378
15991.5907759435
15990.5132670245
15991.9509210961
15991.5788243787
15991.9529619995
15992.6183303436
15991.5273972172
15991.6947263581
15990.3428448678
15991.168202376
15990.0521437518
15991.274799867
15990.9602842217
15992.0991875176
15990.5504651421
15990.6568438762
15991.2357877806
15991.0558822528
15990.1929917266
15990.5203402454
15990.7574407882
15990.1512087914
15991.2019268948
15990.8902178169
15991.7195669959
15991.6464683811
15990.3621057449
15990.7725039691
15990.8898316411
15990.5121201056
15990.7151484216
15991.1217916064
15990.0864326853
15991.2663865487
15990.3807632165
15991.007252407
15990.6257426784
15990.7250192785
15990.6881334485
15990.747428736
15991.6245053904
15990.3379198897
15990.5324944015
15989.6693868023
15989.3993097443
15990.4420591094
15990.5969616402
15991.2259658535
15990.1523289608
15989.4257620822
15990.5120933994
15991.2372016523
15992.3080829076
15990.3709135715
15992.4472355816
15990.1667641627
15991.4962287167
15991.0868131471
15990.4294977322
15990.4362939609
15991.878958939
15990.3165372043
15990.4928878958
15989.542419963
15990.8171131061
15990.4780998666
15989.8538484598
15990.0628731439
15990.7044972111
15989.7477659909
15990.22651925
15990.8117162227
15990.5415234142
15990.4570325031
15989.9297297792
15989.8668315356
15990.2121773597
15989.9276357539
15990.8911958538
15990.5317027836
15991.4748665345
15991.8419167149
15991.1277881994
15990.1874797988
15991.4754421582
15990.3195934793
15990.4049521845
15992.299551865
15991.3907252951
15991.9620048457
15992.5040176347
15992.3446935187
15992.7573983832
15992.3341722859
15992.563930603
15991.0545213353
15991.2030591179
15992.0132031542
15990.0191794572
15991.9237039737
15992.5795957302
15992.4399439774
15991.6308611763
15991.7845874888
15991.6334967214
15992.7397955331
15993.0476071163
15991.9746199444
15992.5484956297
15991.6639997458
15991.6235518081
15991.0496708151
15992.8622841712
15991.3483666018
15992.6832122921
15991.8239371767
15991.9228753811
15992.22241308
15991.6332998262
15992.6474570353
15991.5044995263
15991.7110944586
15990.9671599216
15991.9579104581
15992.946736606
15992.6403139232
15991.5851269638
15990.7658900477
15992.6063660793
15991.8892735854
15992.6563778037
15991.0149755851
15991.5610868593
15991.1456393797
15992.0634512601
15991.7514143442
15991.7894459003
15992.2661355918
15991.3178054042
15992.5749021343
15992.5900798333
15991.6902888986
15991.6333708281
15991.215070861
15990.2908838069
15992.3637162254
15992.5320035456
15992.9355395141
15992.3444772794
15992.2667840466
15991.7507938906
15991.1964745436
15992.7020490257
15991.4469135517
15991.1807876876
15990.56658481
15990.8538701992
15991.7248719291
15991.2792756533
15991.6990460663
15990.8920914822
15991.2012098772
15991.2048007773
15992.6997963201
15992.2818249143
15991.0599293453
15990.3893038505
15991.0685170591
15990.8031296184
15989.9148770296
15992.528928485
15992.2247473806
15991.951134117
15992.9170175849
15991.2897118261
15992.968878334
15990.6124040868
15991.2301411161
15990.9023062815
15992.2582426641
15990.7475067186
15990.5293028438
15992.1641531857
15992.867646557
15992.1508161358
15991.7308574571
15990.2670157111
15991.4359052882
15992.4340138762
15990.402165628
15991.831373705
15989.2514004588
15992.411523054
15990.6164007634
15992.3979902784
15989.8770958679
15990.5772157281
15991.0858958896
15992.1960754808
15991.8303987792
15990.7488912257
15991.5229980113
15990.9896423076
15990.8658034221
15991.8509958572
15991.4843247396
15991.8107318687
15991.4769273686
15990.1019613651
15989.9191505031
15989.716272921
15990.2402567572
15991.3907051207
15991.835699568
15991.403698893
15992.3176189131
15990.9136744265
15991.4284491507
15991.0433030493
15993.1259450718
15992.5385527324
15990.6971112897
15990.7485105298
15991.1687974255
15990.2799214413
15991.3609473561
15991.0715578283
15991.7379116176
15992.4534213085
15992.3072970483
15990.745448137
15992.7261946652
15991.4940825377
15991.9491643768
15990.7816448648
15991.5549040577
15991.9113086404
15993.0041902288
15991.397904909
15992.0227914923
15993.1105540723
15991.2565004251
15992.6277352631
15992.4488922864
15992.121619324
15992.1003770072
15992.0802612647
15992.3546815529
15992.2969797822
15992.0038037044
15992.1355443394
15992.8482790793
15991.8672763642
15992.7922837844
15991.8188680268
15992.0300716124
15992.7160315069
15991.4228549671
15991.7300930023
15992.3167148039
15992.1907406914
15991.9328013476
15991.8278271731
15991.7768595821
15991.085255588
15992.2755581252
15992.9077126116
15992.8448954522
15991.4059199766
15991.6585937804
15992.7695409637
15992.4519696907
15992.3160748334
15992.4102658303
15992.7406855876
15992.7692211349
15992.8490460772
15992.2441343385
15992.8361889086
15991.6060051514
15992.5929078151
15992.0623020404
15991.8207459849
15991.2937132596
15992.0209551742
15992.6330264562
15992.6864717647
15991.9170678073
15992.4985445217
15991.1000229844
15991.7363623695
15991.1707686128
15992.9924667108
15992.0135331769
15991.8564281265
15993.0741809882
15992.3834656604
15991.8308230938
15992.4812513324
15991.7998195068
15992.4332198721
15992.6563003431
15991.7031044791
15992.5608579071
15991.7840293209
15992.2023817918
15992.7147717472
15992.2549485338
15991.3814043006
15993.0948262965
15992.5227342905
15992.6007480874
15992.6756786652
15993.0798623841
15992.1323676148
15991.4782293902
15992.2210845698
15993.0508114311
15992.4082965164
15991.5984275394
15991.7094944574
15992.807568296
15992.6430880746
15991.7720556539
15992.3980464025
15991.58517097
15991.6567466574
15991.7235647445
15991.2617772512
15991.6882459053
15991.4839203559
15992.5980069149
15992.4087938349
15992.4129192138
15991.4980471322
15992.796111109
15992.4312696366
15992.362718236
15993.1869914324
15993.1099121554
15993.4244534801
15992.5648796959
15991.4079873455
15993.4623124068
15992.5208787762
15992.8224214634
15992.62648436
15992.0668610695
15992.634393466
15991.0997728013
15992.0364459928
15992.8935706309
15991.9827372836
15993.1892049243
15991.9713218613
15992.0740480771
15991.7722361923
15992.0954104163
15991.4079974343
15991.8037897379
15992.5666822693
15991.039452039
15991.4414564598
15991.8933618128
15991.4103734357
15992.4632967831
15991.8273369935
15992.8403725019
15992.8883222133
15991.8171084232
15993.274595977
15992.2834249958
15992.7224012187
15992.2397784705
15992.3604546794
15992.2820113595
15992.4683529838
15992.5301206201
15992.21029227
15991.1103539784
15993.129463131
15992.4699328391
15991.4316066618
15991.8678236735
15992.9468281917
15992.1264417375
15991.5408190264
15992.3141625099
15992.1135384845
15992.1529569316
15992.2473075568
15991.7415072777
15992.9562549987
15991.9532517251
15991.7849867023
15991.7165286697
15991.721423869
15992.9354147161
15992.3255153763
15991.8494147208
15991.3228565871
15991.8691494417
15992.0648368033
15992.4125124438
15991.8912894313
15991.8284721913
15992.0814285672
15992.8479414301
15991.2174845432
15991.2767937625
15992.8633781932
15991.9520388263
15992.4236032345
15991.6484220563
15992.2912185722
15993.3724831997
15992.9085144413
15992.6367878454
15992.8246477831
15992.678144014
15991.7640490995
15992.409873193
15991.873726482
15992.6842450033
15991.5864465218
15991.4673023217
15992.4910196692
15992.4164687768
15992.6076786469
15993.1009203264
15992.1194863867
15991.5726928893
15992.0207699658
15992.6089133962
15992.8203670539
15990.875545127
15991.0468087807
15992.548483319
15992.2957715549
15990.6876570309
15991.6014926804
15992.7436542735
15991.2071606363
15992.4935736092
15991.6198541364
15991.5070378695
15993.0493993472
15993.2158154373
15991.2435925955
15992.6290607358
15992.6518318681
15991.8561785472
15992.9575155904
15992.7409153178
15992.2847747196
15992.4867675697
15991.7736426893
15993.0738121456
15991.9829593435
15992.7636813324
15992.2116566081
15991.8911862035
15991.466981373
15991.6211466079
15992.0726646824
15992.2910204458
15992.9889258342
15993.207444655
15991.9729188776
15992.1686190637
15991.9288264615
15992.4237493983
15992.7353627737
15991.7204880105
15991.9242168978
15991.5681114864
15992.8524423294
15992.3162310627
15991.0521620745
15992.487058271
15992.8041452813
15993.3790897188
15992.0389207587
15991.8512316574
15992.6890513181
15992.6900067765
15992.5442659851
15992.4655290375
15992.7373114924
15993.2442006138
15991.8767283537
15991.3262155067
15992.8861797916
15993.1835812538
15991.8960975891
15992.4429536903
15992.4325528657
15991.3869747746
15992.4341286193
15993.2711354946
15991.326088185
15992.4499228282
15991.0623138249
15992.5483596664
15992.1886286074
15991.7755228134
15990.8500127018
15992.6340153723
15990.7342811072
15991.6381601248
15992.1227217833
15990.9241094785
15991.3623328682
15991.307553367
15990.988112867
15992.0528625833
15991.69442401
15991.7721330619
15992.1798285605
15992.1667720983
15990.3781197723
15992.5060626876
15990.4864335056
15991.6195118832
15991.6854311076
15992.3776658212
15990.9871474338
15991.1590401848
15991.2934845394
15992.1781802201
15992.0467723051
15991.7666283355
15991.3291834548
15991.8646271259
15991.8211794223
15990.3627409888
15992.3852692225
15991.4342325473
15990.9931777239
15991.0081770436
15993.1975484374
15991.2103482411
15990.7079923809
15991.0087791981
15990.7573682792
15992.2041046326
15990.2845822536
15992.4715124208
15991.0382526829
15992.5954047712
15990.9334737791
15991.0574657811
15992.8201709142
15992.1897999264
15992.9122434871
15992.2358516959
15992.2082705111
15992.1087760148
15991.8981584163
15991.144499524
15991.6063387461
15991.7455745057
15991.7458550296
15990.904174899
15990.7282737532
15991.6095585959
15990.5513721291
15992.0614375285
15991.4673794146
15990.7986784141
15992.1806467721
15992.3575496841
15991.314535156
15991.3797495913
15992.9236327932
15990.7475969097
15990.7242545019
15991.6439610097
15990.7745804428
15990.3481816794
15991.4461247979
15991.1842662565
15990.7826387044
15990.8532296364
15990.7725732541
15991.5933580119
15990.4121470344
15990.7250187458
15990.6845081288
15991.0986809112
15990.6774535126
15990.4337223085
15990.5703787772
15989.5554117504
15989.8880248762
15990.8258193647
15992.4715447047
15991.1929784383
15991.890048991
15991.5922016473
15992.871140815
15993.0851700651
15992.5946187073
15991.4865550002
15992.1060894674
15991.2975797353
15992.9893234412
15991.1778889662
15991.6210324738
15992.592327447
15990.7339672243
15989.6189869239
15992.4376210879
15992.1000742387
15992.6374126371
15990.4020156602
15991.8596909784
15990.6413716221
15992.3794316458
15990.8505044889
15991.0556695582
15990.9044744762
15990.9567913803
15991.3738182498
15989.9062323163
15992.0074543438
15991.6707176742
15991.515389082
15992.16378609
15992.4362477056
15992.1835017775
15992.683058387
15991.2654331554
15993.0600375746
15992.6266697581
15992.1003126153
15992.8881290932
15991.6377742495
15992.2777554495
15991.5116597766
15992.7564559089
15992.4734937313
15992.2757865069
15991.2402572847
15993.1871354008
15992.0632217357
15991.5534677493
15992.0231886513
15992.5760423494
15991.06780604
15991.2108609572
15992.5082457134
15990.7716744338
15992.9208423908
15992.6555158355
15991.8876938888
15992.5718807786
15991.8959795098
15990.8235260512
15991.3322184969
15991.7056197528
15992.2676230964
15991.7889746993
15991.8280226355
15992.7997124289
15992.488057155
15992.5783696008
15991.2780837697
15992.0106950466
15992.9826709202
15991.2211552784
15991.8474183286
15991.4169671992
15993.4893890889
15992.3255800196
15993.064015541
15992.725869018
15991.1533576591
15991.0744845288
15992.5252096323
15992.3267260492
15991.8399984826
15991.373100368
15990.1045942113
15991.6216067939
15992.5400299071
15992.1637787385
15992.8508509294
15990.8311688689
15991.1738494769
15990.8592049703
15991.2744601199
15991.6707798631
15992.1280972562
15992.7331324759
15992.1402430312
15991.7014757089
15992.7213906419
15992.4693764998
15993.0230654772
15992.2747838478
15993.147840179
15990.1459480233
15991.2505937856
15993.2686046559
15992.8273130573
15992.4153592895
15993.2185840816
15991.9618095653
15990.2059278427
15991.2331551843
15991.2986849723
15991.2381329993
15991.8997039484
15990.5031109505
15992.4130906639
15990.1276135676
15992.9095376864
15992.6375713573
15992.0716170401
15992.6835626741
15991.4758345918
15991.759802252
15991.5343817683
15989.7566951294
15990.9773000304
15989.1631293744
15990.0150619414
15991.6985290608
15990.8477700778
15990.7848412078
15990.2104160152
15990.8437000544
15990.7633556474
15992.8728147324
15991.4347556485
15992.3089913274
15992.3481350613
15989.5807089737
15990.613890627
15990.6841786669
15989.8368488662
15990.7007430591
15990.7655120934
15989.9370644154
15990.041874655
15988.4449428811
15990.2517109887
15990.2371746692
15990.1857470279
15990.9691810155
15992.6235795587
15989.4184553698
15990.6857412036
15990.412507074
15989.6255469836
15991.0566218313
15990.4589096317
15989.4022832847
15990.4119763049
15990.3308487989
15991.1482672144
15991.4144610793
15990.7245539688
15990.8751720279
15990.6384888491
15989.5070831063
15990.9808942011
15990.1015291314
15989.2727342748
15990.6544500181
15989.9522551354
15991.5515999397
15990.5629465246
15990.3066940583
15990.8450946814
15989.8978020465
15991.4036119677
15989.9242089944
15990.7810471801
15990.860648689
15990.447714284
15990.4976103787
15991.0602343621
15991.2282098155
15991.0915557874
15990.9134256728
15991.1890144351
15991.7195208239
15990.3123362807
15990.4787308648
15990.1685784497
15991.2304346546
15991.7514968473
15991.0090016855
15991.9152218138
15991.3076717623
15992.5133713667
15992.4427855741
15990.176483408
15991.1002965938
15991.5721930019
15991.0246574493
15990.4398004123
15992.2977435811
15991.0177108495
15990.478178718
15993.4853516764
15990.753917612
15990.7045629828
15990.6888884931
15990.9596571919
15990.6390283294
15991.1735283677
15991.2086090899
15992.5935435588
15991.5130442399
15992.5945958882
15991.8629237034
15993.1198154934
15991.6769281798
15990.9663089093
15990.9382212743
15991.438881092
15991.5391304767
15993.1496405352
15991.8611169047
15992.110073127
15990.5908834284
15992.2078541842
15991.4301790531
15992.845399511
15992.2494982253
15992.2148902797
15991.8449797484
15992.3985840275
15991.6807514828
15991.3544848854
15992.3215035004
15990.8970140439
15991.6754349415
15992.2496844349
15991.054234841
15991.1306551223
15993.1220703406
15991.8379607334
15992.0562845136
15992.0726334592
15992.7827824198
15990.8730765635
15992.4776947159
15992.4293123076
15993.2414247333
15991.9200433888
15992.2817864012
15993.0552114277
15991.3134669021
15991.0950444427
15990.6090177439
15992.7650954158
15992.4084792549
15990.9735589925
15991.8548426943
15991.9348723241
15992.7046054697
15992.7821242753
15992.7303963797
15992.9806267684
15991.8849903041
15993.0991947504
15990.3628599365
15991.3997036582
15992.8381637134
15991.631677642
15992.5643232065
15991.9283001668
15991.4526963804
15993.2189028908
15993.6235710342
15993.3381111767
15992.8079017153
15990.6995540531
15993.4838552155
15992.4075304969
15990.4719516103
15991.4685012061
15993.3083495945
15992.08183006
15991.5734167219
15991.2350810634
15992.1979754176
15989.7737396015
15990.3406102637
15992.3705746722
15991.6501177834
15991.0067325218
15990.342043716
15991.8757570288
15991.264390474
15990.7247966878
15990.5004428335
15991.889774579
15990.4205081066
15990.3888703232
15992.2795525934
15992.4709428933
15991.1665702461
15990.8598934484
15991.6910609979
15992.7320457863
15991.5903739686
15991.1141119432
