# vacant volumes
15939.0246424905
15938.3828006804
15938.3956574898
15938.1619466699
15939.3811558974
15939.6843886859
15938.6962617781
15939.5465907873
15940.0059139051
15939.668306994
15939.4396802085
15939.486612925
15939.4940211625
15939.4978438485
15937.2506909229
15937.4235319293
15938.6103927654
15938.1413495932
15939.477230557
15939.7627867448
15940.4459303097
15939.1832962446
15940.6477920883
15939.0927399843
15939.8833658343
15940.773957755
15939.982494597
15939.3360453518
15938.3434566989
15938.1238047686
15939.3231152327
15937.4008102679
15939.266213531
15939.1871441757
15939.3303379806
15938.2234497435
15940.3532331201
15938.5783423718
15938.2252918559
15938.7001991917
15939.1573448489
15938.1214502765
15938.5786336793
15940.2476353102
15939.736705066
15938.6579317527
15940.5424674228
15939.9477029559
15939.1870104666
15939.7926976789
15940.1059442076
15939.0279819627
15938.0082673288
15937.9749953077
15939.9626989594
15938.3041178055
15938.0013565645
15939.406001212
15937.9841895451
15938.9370860877
15939.1773561949
15938.3511473514
15939.1999558736
15938.9102914424
15940.1583071724
15938.6411680108
15940.1283993913
15938.8729867055
15938.260186069
15941.0383271805
15938.44162611
15940.0921509844
15939.725912719
15938.3077280491
15939.6507309034
15939.8742095475
15939.611988443
15939.8903888879
15938.8272407444
15937.564365402
15938.3969055299
15939.3050823311
15938.5762225388
15938.8238533274
15938.1134471577
15938.9902496264
15938.1897822522
15938.4136672904
15939.3464113806
15940.4298215554
15939.5980624719
15937.2127704364
15938.2415307323
15939.6793192596
15938.915133063
15939.7797795451
15938.1188258597
15938.7181068134
15940.0501689758
15939.4537722714
15938.4948052228
15938.0571239954
15940.3623006449
15938.9962788022
15939.4412606766
15938.6329502897
15939.648418731
15938.7773181402
15938.5390162332
15940.0220519137
15938.4348812684
15939.0317364085
15938.073865672
15938.3338386873
15939.3046957389
15938.276499221
15939.5863274394
15938.1933524787
15938.0624664473
15938.0199049933
15939.0754833896
15938.5736389126
15937.7025537579
15939.6827991653
15938.5173430062
15938.0087207233
15938.1252297306
15938.2431450654
15937.5391992787
15938.9513115008
15937.9978309441
15939.2231804876
15940.0909191713
15938.111745725
15938.7094528512
15939.5581196503
15938.0276549262
15939.4295538515
15938.792337879
15938.5701834701
15938.274455754
15938.5161285645
15939.6333629124
15938.3334660925
15938.7643442801
15938.2097199392
15938.6854883726
15939.191801364
15938.6139938161
15940.0611440665
15938.8054696192
15937.5670727068
15937.6349021853
15937.3799153773
15938.5586873485
15938.7220388979
15940.096441704
15939.4207754372
15938.3832767106
15938.6210215594
15938.5436904563
15937.9300498332
15939.8008876769
15939.5941683664
15938.8832027185
15938.6941561876
15937.6939482121
15938.281607985
15939.0605192958
15938.7646607377
15938.648220889
15937.6488136208
15939.4467536262
15939.0682608022
15939.1524214595
15939.7177112044
15939.5632112326
15939.8759276434
15938.7507222083
15939.0743214007
15939.2189041456
15940.0837914405
15938.345628975
15938.7310990778
15938.7302625414
15939.0643802765
15938.6605701368
15938.6658028329
15939.1747937701
15938.2246569223
15939.8209537342
15938.2935248545
15940.4521213788
15939.6105578714
15938.4363558124
15939.1382480648
15938.2738158607
15939.1996132996
15939.0200271755
15939.7313936274
15938.7272757571
15938.7998072318
15939.091637117
15939.9200539396
15939.0093469311
15939.523695418
15939.474782649
15938.1565463666
15938.9967065354
15938.8390642848
15939.1823276289
15938.3464729052
15939.8031916191
15938.9650987483
15938.2379725381
15939.8855245726
15940.1914247097
15938.9927352308
15938.8052183248
15939.7647064863
15938.2749094246
15940.3579027489
15939.1966379691
15940.1931265348
15939.2760447671
15939.3135271921
15938.6460147797
15938.2313573787
15939.662535777
15939.3064212518
15939.571976794
15937.9864587668
15938.4848765861
15938.5143152219
15940.5447592859
15938.7680651821
15939.2273279
15939.6965769103
15938.2000538142
15939.9044565907
15938.9674412876
15940.1257768382
15940.2190981577
15939.1211008101
15939.0204377684
15940.3361399184
15938.8049210104
15939.0047832723
15938.6530834749
15938.717526202
15938.5832291422
15938.6918042873
15938.2877179016
15940.5496835855
15939.4546474742
15939.5053446026
15939.5742156904
15939.4101880979
15938.3508505898
15939.3230345947
15940.2094640165
15938.5554351618
15938.6062025415
15938.2956288116
15939.1429580578
15938.6697345718
15939.5919311174
15940.3966761989
15939.3924477626
15937.9270842247
15938.8482894693
15939.7711392952
15938.4303171956
15939.3145817615
15938.4565977595
15939.4420920399
15937.8602763045
15939.618179416
15938.8343426102
15938.1351620273
15938.8445066715
15938.1806893179
15940.1025255745
15938.1460605675
15938.1266328029
15939.2514297358
15938.2429813569
15937.2845757953
15938.7850697075
15937.5528373608
15938.96577719
15939.0502329067
15938.4893142559
15938.2517566204
15939.5401640384
15938.6208474974
15939.6674618607
15938.9988621796
15937.7068729597
15937.680669111
15939.6451340269
15938.1851805643
15938.3333036198
15940.0079418492
15938.3088287913
15938.1345913144
15938.2078710361
15939.2859889759
15938.435548484
15939.5763595126
15939.1205321659
15938.7441265605
15939.2526979116
15939.741704736
15940.110487885
15939.1672149132
15937.9678308171
15938.7556444867
15939.758643528
15938.6889976003
15939.1771532026
15939.1316833421
15938.8849043992
15940.17513851
15938.1539746433
15938.4063851499
15938.4845957602
15939.4092071063
15939.0730108014
15939.7942879555
15939.8666595749
15939.6815196962
15940.1313905221
15940.3530573606
15938.5059365681
15938.2667102877
15939.61047661
15940.2412866183
15939.4300917151
15939.1374844242
15939.6565408117
15938.8973525425
15938.2546987376
15939.2698505865
15937.455586496
15938.5237930222
15938.22713419
15939.2600609933
15938.7720857254
15939.0617751218
15937.0499048525
15938.0425194216
15937.7953124991
15938.1197312374
15939.1870313133
15938.253517809
15939.4349057624
15938.2970319952
15938.1294170629
15938.6558466331
15938.7151175453
15938.3465732114
15937.701118456
15939.9401526527
15938.1273964127
15938.5664506284
15939.7995201449
15938.5641825351
15937.9679851835
15938.2590109253
15938.3705192922
15937.7234502255
15937.4605156673
15938.5452455347
15938.9820268899
15939.7184833816
15939.3052451629
15940.0397206469
15937.1551954688
15936.8508570811
15937.2712306377
15939.591988932
15938.2473517993
15939.2696855305
15938.8703758944
15938.8752023992
15938.8580649395
15939.8372283726
15939.1788008632
15937.8245184154
15939.6205835192
15938.8505275658
15938.2504955929
15939.781365793
15938.3377325112
15938.2877025985
15938.7965812511
15938.6946775349
15939.3540487947
15939.0626943594
15938.5168456376
15939.6944616023
15939.0128073491
15938.3445824256
15938.695604754
15937.8648671982
15938.4615811855
15938.0992591033
15939.7494836622
15938.8280732263
15937.7978588912
15937.3833494219
15938.1709822596
15940.0517672587
15939.3172672873
15940.0173532909
15938.2254206506
15938.3006148266
15938.7560221208
15938.6055996055
15939.4392088144
15939.4740353606
15938.1755775634
15939.3974627202
15939.3951408234
15938.512856456
15938.7242419096
15939.0944547455
15938.3835450054
15938.5263673035
15938.904973733
15940.0750061434
15939.5798214156
15939.0298075014
15939.5435979561
15938.0383427905
15937.6928054728
15940.0940600816
15940.1814698808
15939.7093748601
15939.6963343325
15938.5938107748
15939.2477661586
15937.724352163
15937.5718320872
15939.9370353987
15939.950444906
15937.6160708996
15938.5407289259
15937.0060766793
15938.2236216388
15939.0034173458
15938.7991246176
15938.0563838048
15938.7220356671
15939.8394380653
15938.8649272285
15940.5811483807
15939.3729161299
15937.9475630789
15938.8487952276
15937.6441664684
15939.3428921645
15938.4748403553
15939.761423652
15939.2479091578
15938.2351878068
15939.7455011719
15939.2598729166
15939.1099671901
15939.9051449199
15938.3916700609
15939.033787677
15939.4149749055
15939.2869671125
15938.4095324141
15938.7895368247
15939.4763278698
15938.6633807308
15938.0430134314
15938.4823689903
15940.0512110833
15938.4972281598
15939.709301973
15938.8655365301
15939.1315626753
15939.3704409718
15939.7276589964
15939.0877261576
15939.6213091056
15940.0415215134
15939.8984548469
15939.0130387565
15939.6155707272
15938.6205271947
15939.2438434239
15938.7789466849
15938.5617063754
15939.563385697
15938.6004754818
15938.6162785273
15939.0733430714
15939.9226573464
15939.6780157972
15940.04445319
15940.0877781354
15940.0448926583
15937.7696665387
15939.9221822504
15937.9265800114
15939.1272197311
15938.8909810651
15940.1056358933
15939.0274433513
15939.5784581462
15938.9251542561
15939.6693908889
15938.7063296306
15938.7364882604
15938.2847488454
15938.7541704253
15940.7280814342
15937.9278561803
15938.1766130283
15938.0650262422
15938.1381615214
15939.2199017876
15938.0368651472
15938.6076315151
15938.659092873
15937.3704611203
15938.7833030961
15939.2509566248
15938.8090530532
15938.1072353253
15938.3163677267
15937.5594738169
15937.7622795181
15939.025470515
15939.679136839
15938.1917077326
15939.0000577975
15939.6174046945
15939.9365397346
15938.661562121
15938.6303088758
15938.8166537927
15938.4950502356
15939.7389105355
15939.1239638722
15938.2260572226
15940.0883837731
15939.94227038
15939.4069439972
15939.9618515168
15939.1003791366
15939.0925119642
15938.9072271485
15938.1073991789
15938.5731319745
15939.3247734259
15939.4065008091
15939.7896580564
15938.3737611936
15937.899739922
15938.3793617699
15939.418263024
15938.9607743975
15939.0158043963
15938.8300986472
15938.7017815615
15939.7320767708
15939.1565330341
15938.8944154438
15939.1942478055
15937.9839915982
15938.7658418813
15939.5330409392
15938.4831598404
15938.7280131262
15939.6236083199
15939.9129783328
15939.0230944814
15938.0036599322
15937.9915413275
15940.3593232444
15938.0117089678
15939.5070337851
15939.2679666269
15939.3999888216
15939.5432198397
15938.1717694532
15938.132941829
15939.6176772359
15940.0719905178
15938.168971919
15939.8905118684
15939.9771585179
15939.209892753
15940.1382302789
15938.904750049
15938.8680892899
15938.3870993216
15938.6607634472
15938.4729489898
15938.3706609935
15937.6420764291
15939.5881623296
15939.3699295691
15940.2322840479
15938.5647373795
15940.3844312367
15938.9282312017
15938.5663027957
15939.0570566875
15938.419207818
15938.022180569
15937.9106076537
15938.3365166328
15938.8026717222
15938.1537211979
15937.8219589628
15939.3112157685
15939.630122618
15939.0142047232
15940.0489497095
15938.5955514891
15938.1725030532
15939.9963361182
15938.3131934572
15938.7137274474
15937.1076093109
15939.5726610423
15938.3261509525
15939.2263678759
15937.3914770178
15938.6060336796
15938.6429195043
15939.5643381077
15938.506223637
15938.68955833
15937.8789407646
15939.0236529349
15938.7794369855
15939.1612007614
15938.176461385
15939.3119989018
15938.6336475498
15937.9068473288
15938.9333170478
15939.2365878858
15938.4126423348
15938.1677659501
15938.7003035714
15940.5066303567
15938.3688548097
15937.6542732686
15939.5525187251
15939.5590119032
15938.4030793402
15938.7252675763
15939.2845861881
15938.8596053167
15939.3574882877
15938.2052183493
15938.9179425501
15940.0201287981
15937.5677643152
15938.490907277
15938.0288451078
15939.1296716105
15938.2137023197
15938.7068990348
15938.9203582079
15940.4914149612
15938.94443472
15938.2133941928
15939.6229439198
15939.7206374594
15938.4657740436
15938.4923396429
15938.4057290498
15938.8826825856
15938.5031192055
15939.713677584
15939.4728230831
15939.3983183835
15939.4628416804
15939.4166107786
15940.2498736339
15939.1619676468
15940.1546862846
15939.0912040932
15938.3636152496
15939.3114636483
15938.6450392473
15937.5762065778
15939.106260327
15939.4682897913
15937.8232910524
15938.3394535221
15939.1377338677
15939.838379313
15939.8655015095
15938.8254833821
15939.3308691591
15938.4853550799
15938.5594413633
15938.0693856633
15939.1336362977
15940.0291225604
15936.7929837286
15937.5674280879
15937.7045033022
15939.1392383982
15938.9983502725
15939.4758552089
15939.6660062981
15939.8759304476
15939.4960036997
15938.1647198663
15938.2230174226
15938.4074770161
15939.7824895561
15939.2469891716
15937.5761006473
15937.379032579
15937.3815002353
15938.4910665172
15939.2817848374
15938.4885645542
15940.3542067949
15938.5713356825
15939.1469278723
15939.8930476169
15937.4713312152
15939.2745913021
15938.5475628787
15937.7413332487
15937.4131787258
15937.9711533166
15937.3903614657
15938.3349654495
15937.567082407
15939.8370318248
15938.9026635522
15939.7621524998
15940.147798576
15938.7430145529
15938.7079734906
15938.6308607631
15938.8009225997
15937.627115534
15938.6483787573
15939.245447047
15937.8848368584
15939.5791563395
15938.9348886266
15938.5196042485
15938.4582690167
15939.7657662572
15939.9493511796
15937.6407117333
15938.1790041007
15939.0445574571
15938.1980662912
15938.4005357322
15939.7778140358
15938.624273156
15938.9254336025
15938.3475097285
15939.4136371703
15939.6699926621
15939.7191403029
15938.3814099493
15938.8141874448
15938.4270917916
15939.3430421169
15939.8153936471
15938.7755748521
15937.6477168268
15939.677812567
15939.7903921766
15938.4420290765
15939.1046289147
15939.0525796035
15938.6857488992
15938.1851811891
15939.5539360858
15938.1092932021
15937.1572358456
15939.3766900858
15939.6479606164
15938.2117165685
15939.0154566028
15939.3271812018
15938.3963743408
15939.5316642174
15938.5596069224
15939.0786726143
15939.6169264041
15938.0742846914
15938.2244991277
15938.0213684928
15938.3635226441
15937.7118387483
15939.6921211561
15937.6297856499
15939.2561978759
15938.4989455838
15938.7995179512
15938.3016767387
15938.2130457184
15938.2772370601
15937.6041346911
15938.9695581788
15938.2921803257
15939.2664497388
15937.9530667077
15938.6832512649
15938.0156138883
15938.0548812763
15939.6839863116
15939.9442829025
15940.1663884235
15938.6602579322
15937.8400103043
15938.1283408222
15939.5433852081
15937.6300366765
15938.2824226626
15938.3350311957
15938.4746689399
15938.1214653788
15937.7641164885
15938.0344265542
15939.2788475799
15939.3577242735
15938.7132153239
15937.8220047397
15937.6235847061
15938.4084136368
15937.5393966137
15938.3644959328
15939.3407588266
15939.1562781668
15939.9109355402
15937.7685677893
15938.8013471358
15939.4152101008
15938.8085227217
15940.4974564332
15938.3153601272
15938.0450824964
15939.1215917636
15938.734047302
15939.9745266673
15938.1509376438
15939.1168854032
15938.8358404921
15938.1666965101
15939.1276379633
15937.2622339276
15938.3586121715
15939.289083552
15939.196682614
15938.0661913787
15937.5658294224
15938.7775220284
15940.4200161652
15939.2184638374
15938.9001733771
15938.4870316474
15939.7777059894
15939.7772873139
15938.8492192766
15938.4518047251
15939.8271933586
15939.2285796495
15937.3876457288
15937.5691905925
15938.9710391668
15938.9786683721
15939.1098446002
15939.8974207372
15938.1103297933
15938.2596792313
15938.1108330548
15938.3464861724
15938.8194486854
15938.1478740383
15938.0869911229
15939.1909948635
15939.4639173123
15938.9821120036
15937.9399371103
15938.8318770916
15938.6453884429
15939.5436489925
15940.0968622335
15939.8166777224
15938.1800644092
15938.7688519809
15939.4396383742
15939.2000826322
15939.9360970748
15938.7451037787
15940.4753103742
15939.6940427756
15937.8955338972
15938.9317070436
15937.3031643952
15938.7060244001
15937.9462078408
15938.4220111657
15939.3020027979
15938.370782616
15938.6063841381
15938.5493620155
15939.1814973915
15939.5614787982
15937.9891946755
15938.3729483718
15937.3432567288
15938.0418105198
15938.347969932
15939.1545966344
15939.6147925288
15938.6897500275
15937.0436934932
15939.5194884918
15939.3371915386
15938.3109436276
15939.8590704055
15937.3594742706
15937.938693126
15938.3448965822
15938.2958733947
15937.7794880492
15938.2836084264
15939.0745024026
15938.6423604078
15939.4556305561
15938.2749149622
15938.5214199833
15937.7339225685
15937.4016763782
15939.0441952832
15938.6509550558
15939.527416545
15937.6548571131
15939.4538286163
15937.6573735239
15939.7950441363
15937.794389863
15939.5221156207
15938.6399417279
15938.0754504338
15939.6982571483
15937.9762802572
15938.6736066162
15938.3557552959
15937.9377395
15938.8661376485
15939.3400655301
15938.7023446695
15937.9505100621
15939.1215434503
15939.2109302942
15938.9020560436
15938.3599272221
15939.8532296714
15938.9411504507
15938.7404235332
15939.5107747918
15938.8458812311
15938.6095914426
15940.0714930133
15939.5330427436
15938.041327083
15938.3274083417
15938.3513247069
15939.0618095566
15939.7428810043
15939.7004122438
15938.3624078354
15939.1966211984
15938.5772015139
15939.4595465564
15939.3605846679
15939.6097324311
15939.2708249815
15938.2843561748
15937.4540809696
15938.1008942873
15939.1531686555
15937.78231765
15939.3954428749
15939.46473001
15937.7001396843
15938.9352750128
15939.4166503746
15937.6042694543
15938.0755631677
15938.841234298
15939.8515769744
15939.647497467
15938.4299024434
15939.3845013224
15939.257163542
15937.8383755756
15938.1672919447
15938.9376872619
15938.5904101458
15938.5228969841
15938.9587920153
15938.9888939794
15939.0234695188
15939.5968243217
15938.8428678656
15937.9849544079
15939.7470600689
15938.5318208273
15938.1018921
15938.4021262096
15938.264075808
15939.8693440646
15938.872542683
15939.3444120918
15939.0561397338
15939.6432019989
15938.2614063765
15938.5116156325
15940.0737876404
15939.4305292983
15938.5850797213
15937.8178885059
15939.4497257055
15938.0783775436
15937.4869640376
15940.1643073651
15937.7357954184
15938.6265098815
15937.6383012507
15939.3034114466
15938.587135035
15938.2674435859
15938.3744477286
15937.4984661425
15938.755134651
15938.9925803519
15938.8555239348
15939.5621804971
15938.5901540862
15939.9766212008
15937.4695229589
15939.1146138367
15939.9393765141
15939.7833175663
15937.5815120558
15940.1601951827
15938.6974162303
15937.5034607156
15937.7742143344
15938.395468812
15939.8419938376
15938.3637980563
15939.1459572439
15939.2650364186
15938.8686066996
15939.6448400891
15938.1252061349
15938.5639193196
15937.9569556822
15939.2091473209
15938.5715799525
15937.6053868471
15937.8865768279
15939.4430620902
15939.2307576087
15938.4082782356
15938.6355068235
15936.1950281339
15937.9752720502
15939.6033574835
15938.4168011172
15938.63405923
15938.3034382437
15937.9385576655
15939.5644246123
15937.5812071997
15937.3857628785
15939.6930318573
15939.6245196024
15937.9513522361
15939.7849917554
15938.7018908535
15939.6110210096
15938.6294719825
15937.2670352062
15937.8206003256
15938.2703521711
15938.1265252663
15939.8051065031
15938.1190210116
15937.8807227186
15940.4885185477
15939.3650010547
15939.320006353
15937.6383175667
15938.4077679356
15938.4915758944
15937.8523467705
15937.8940079895
15939.8174804378
15939.2371537105
15940.3522329951
15939.2271015855
15939.0484241818
15939.8700848096
15939.0193752427
15938.8461244459
15938.5523161301
15938.005896096
15939.6221621911
15939.5105447133
15939.5734392344
15938.0244676172
15938.8596999732
15938.6553570155
15938.2472509763
15939.2953462298
15939.2457654301
15940.2949970286
15939.636831749
15938.9452703251
15938.4406805687
15939.3501306937
15938.5948179624
15939.5006818238
15938.7050982591
15938.1448668666
15939.2278436815
15938.1732265264
15939.4078702532
15939.0448382093
15939.7351277906
15938.4222281575
15938.4992815601
15940.1931473177
15938.0989819563
15938.0832218443
15939.7709536128
15938.8312396593
15939.365580587
15938.4205662831
15939.817088963
15937.6957186808
15939.028994101
15939.78226117
15939.4477645153
15938.892222841
15937.7230986979
15940.2525750675
15937.7746530073
15939.7737897558
15938.2838177649
15938.3857494931
15939.8576012034
15938.8482090967
15938.0102940937
15937.4484557787
15939.6551662849
15938.8128167138
15938.4327531837
15938.3149193833
15937.1370466604
15937.1048372712
15938.8040351966
15939.5795257399
15937.5577211801
15939.1631189271
15938.4206492893
15937.718212709
15938.0724489019
15938.5068074015
15938.6480143987
15937.1350814814
15936.9470756772
15939.4922756373
15937.6865436166
15939.2837583933
15938.461267723
15937.5689334719
15938.7726154407
15939.9858952594
15940.0951797157
15939.2386821868
15937.3517761752
15938.0141032737
15938.6639809704
15938.3334953319
15939.683537571
15939.1231856926
15938.3436947649
15938.2091717829
15937.2941911563
15937.2222010899
15937.3549968469
15939.7477989115
15939.1213320307
15937.9372323169
15938.5130480586
15937.5259381744
15939.4991110142
15938.9081496649
15938.245973618
15938.4740570491
15938.4890847675
15938.0034856174
15938.8945081022
15938.5699361016
15939.0050080723
15940.415443865
15939.2455389979
15937.6895601452
15939.7824525466
15937.9660989826
15939.7363931474
15938.2170071461
15937.8149071597
15937.3004367642
15939.7838602855
15938.3910749027
15939.5346272109
15939.4551924845
15939.8797049796
15938.3561100324
15938.6260875347
15938.0408270912
15938.6950073357
15938.1190986413
15938.4089241022
15939.6509027535
15938.1403535764
15938.1255714663
15938.735315222
15938.2871613481
15939.1097665037
15936.9786584025
15937.1484636121
15939.5120061077
15938.9990565936
15939.7716236813
15939.7622201079
15939.1798668753
15939.7711040847
15938.2734844411
15939.9707007749
15937.8353216976
15939.3811151303
15937.8928629941
15938.9645621569
15938.2029620344
15938.416082823
15939.1108647617
15937.1684525389
15938.7860228902
15938.3892004086
15938.7098605163
15937.814426062
15940.0349055882
15939.6881831561
15939.3766889596
15938.3392637905
15938.9481827088
15938.1719183308
15938.9135736119
15939.9656110335
15939.3741874542
15938.8854106015
15937.8360858504
15938.727519591
15940.112022198
15937.9761149677
15938.1099666726
15939.2365271398
15937.4662153128
15938.3186388749
15939.4581390712
15939.495393846
15938.7194551393
15938.8453215667
15938.9509492985
15937.8304032397
15938.539519531
15939.01771797
15939.5974362093
15938.6377457321
15938.422557812
15939.2721841713
15938.9354551111
15939.5836725872
15938.334961153
15938.7366278558
15938.8146703103
15938.6481079826
15938.8643746534
15939.0800410333
15938.2044631689
15937.9826043286
15937.8573034251
15939.1782183992
15939.1388090614
15939.381062676
15938.4153789264
15939.3018865214
15938.0796861643
15939.5573962127
15940.1550513428
15938.2628450228
15938.5217546844
15938.3669344801
15937.9910920038
15937.3541567916
15939.0218127903
15938.5573678221
15938.4441319996
15938.2945140003
15938.6731685131
15939.0085533872
15938.1738811708
15939.4686406539
15938.7822711503
15938.1214988429
15938.7420670307
15939.2902238682
15938.9539340603
15938.2229588547
15938.0465143757
15938.9350461538
15938.5240161341
15938.1523768333
15939.9079284221
15940.1064323842
15937.9903805721
15938.6687186908
15939.9216307427
15938.9399625743
15939.9841525838
15938.8040291327
15938.0631349068
15938.6893761519
15938.5569825056
15939.6477176638
15939.6416753963
15939.7276382658
15938.6159211079
15939.0849092044
15938.8298305156
15938.8045379827
15939.8444920674
15937.8555966475
15939.5973857746
15939.1192737783
15939.3632308956
15940.3835239759
15938.2179703268
15938.2940628135
15938.3389809582
15939.5151471351
15938.4148857565
