# vacant volumes
15939.0777025806
15938.4123826824
15938.2303459951
15938.0226365113
15939.1699966024
15939.196486086
15938.714902505
15939.390597843
15940.0274565186
15939.3418275258
15940.1549998816
15939.2533283688
15939.0468605766
15939.1688535068
15937.3561743047
15937.4889469534
15938.5507785894
15937.8689832095
15939.311307681
15939.6462039863
15940.3038242559
15939.0514440847
15940.2558781552
15938.9554730976
15939.715257764
15940.6300846538
15939.8566557679
15939.137710969
15937.9923065639
15938.190720862
15939.6150091571
15936.9813337275
15939.2966737617
15938.8588657778
15939.2865950131
15937.7522239851
15939.6018003394
15938.2293557235
15938.0931121139
15938.413700671
15938.6780399638
15938.0094990684
15938.239117848
15939.9898478835
15939.5817278314
15938.5448110603
15940.3152562544
15939.6537383551
15938.7884749658
15939.6989533506
15940.1145007797
15938.7611537186
15937.9405908397
15937.7364233536
15939.7634930485
15938.1482866059
15937.6706156034
15938.2815055697
15937.7870584481
15938.8258187893
15938.3652451062
15938.2982869287
15939.0105411863
15937.5796244289
15940.2843793139
15938.2264480535
15939.8673480378
15938.6145886673
15937.7238474729
15940.3423476779
15938.1066617314
15939.7791369583
15939.4116632897
15938.1005848508
15939.1387527032
15939.6984230508
15939.346877793
15939.7330724902
15938.544744297
15937.5910732256
15937.9148302704
15938.9169468486
15938.4224563886
15938.265753509
15937.7573781628
15938.6823395491
15939.4625422164
15937.9523333559
15939.2044021967
15940.2181893734
15939.5649270951
15937.2766118042
15938.1116520226
15939.3698169403
15938.386913322
15939.1076793452
15937.7596340158
15938.6833009285
15939.4895489675
15939.3730809001
15938.3821692145
15938.0074715547
15940.1876680223
15938.7547982346
15939.6853584372
15938.5547195007
15939.5132746506
15938.8426809048
15938.2944459721
15939.9117318464
15938.264095639
15938.8759632199
15938.1356229801
15938.102528482
15939.0785715943
15938.7076619162
15939.0880781565
15938.4718534383
15937.8586868602
15938.5337771507
15939.2592111542
15938.5433891275
15937.6813768086
15939.6420656202
15938.3655803914
15938.336690696
15938.0117793726
15938.0254295197
15937.6589422699
15938.9645955299
15937.9241298091
15939.0495783734
15939.9567286734
15937.9247746337
15938.9510567897
15939.1228059143
15938.1617066559
15939.1526476376
15938.6623071236
15940.0308415109
15938.60033889
15939.2540510073
15939.2186532869
15938.6236851582
15938.5640315498
15938.1822319414
15938.4601780087
15939.3874968064
15938.5151367547
15939.7478649197
15938.815282707
15938.1782816073
15937.5653238708
15937.479161995
15939.2821037857
15938.9486911521
15940.0660050496
15939.3332584276
15938.3462544292
15938.6627415046
15938.2392355328
15938.614918832
15939.5378442754
15939.6086257137
15938.6674655268
15938.5136936894
15938.2152079434
15937.6708359298
15938.9376952776
15938.8098036946
15938.3879732923
15937.7604019693
15939.5034848267
15938.9392370721
15939.0646130372
15939.4896164651
15939.3905982
15939.6785804834
15938.7122296173
15938.9649523274
15939.1514873213
15939.8148732161
15938.4541926284
15938.806118374
15938.5380013673
15938.7863294599
15938.3083950939
15938.7375776672
15938.9359118445
15938.1451440808
15939.5142206867
15938.0240692587
15940.1463778324
15939.3639977121
15938.2244780642
15938.8741385786
15937.9975783934
15938.54789905
15938.7504658019
15939.8263764658
15938.4892953394
15938.6463686004
15938.9764435186
15939.6359842675
15938.9333692926
15939.2681024042
15939.0310008982
15937.9053883871
15938.8394274596
15938.9872413265
15939.5282653584
15938.0920775198
15939.1658431716
15938.7917064014
15937.9794601288
15939.7809893216
15940.0544984795
15938.638199968
15938.7110477356
15939.5511397085
15937.9801887676
15940.0540212744
15939.0585341539
15939.9889190517
15939.0129912407
15939.0946508821
15938.4974619149
15937.982290584
15939.4378266369
15939.1865801662
15939.2916746116
15937.7008214711
15938.4347958126
15938.4101724715
15940.4269264206
15938.6254306016
15939.1363206037
15939.5008614166
15937.9633534845
15939.7408335685
15938.5605941805
15939.422139688
15939.9530727704
15938.8960296389
15938.8725138707
15939.9211014687
15938.6580591419
15938.8461059783
15938.2243202449
15938.4701015797
15938.3760328353
15938.4436541608
15937.8484157171
15939.9898976955
15939.4464032306
15939.2404756553
15939.3922931511
15939.0402919594
15938.0113048888
15939.4813136995
15940.1587193201
15938.3471938713
15937.9770116365
15937.5329528007
15938.9819186876
15938.2404752251
15938.5302898006
15939.7672341205
15938.6364592442
15937.6351080695
15938.570701476
15939.7653307722
15938.3127226203
15938.8990872785
15938.1880202939
15937.5741665983
15937.891852774
15939.3858524045
15937.7166440137
15937.5438579573
15938.4240372438
15938.03243001
15940.0089015473
15938.138652346
15937.8328255412
15938.682044685
15938.0286064429
15936.8969647314
15938.7326298766
15937.1992722316
15938.5178612093
15938.927167733
15938.11329318
15937.9943120254
15939.3456551051
15938.4597794143
15939.1815611964
15938.7094508028
15937.6680663894
15937.7142470434
15939.2320659868
15938.39559558
15938.2284324132
15940.0292922966
15938.42556563
15937.6026102927
15938.1868835947
15939.0753450944
15938.2917788321
15939.2435895348
15939.3392094452
15938.8342058916
15938.8898337185
15939.0871139996
15940.0479908423
15938.7601845311
15937.8862278711
15938.0129273382
15939.546635642
15938.3337790042
15939.1367642262
15939.5874901387
15939.1164519778
15939.3440624458
15938.2068830173
15937.6864906272
15938.6336546585
15939.2377845053
15938.6270894814
15939.6817449476
15938.7334253292
15939.2804396897
15939.5808749859
15940.0176675564
15938.3253003747
15938.1328468402
15938.0947611124
15939.4685971602
15938.8759453621
15938.5511765997
15940.0591609056
15938.3166556998
15938.0412745342
15939.1708192974
15937.5522173642
15938.1871163688
15937.9099543742
15939.1930519573
15938.7919088447
15938.8219032109
15936.8868666397
15938.0084948496
15937.79709756
15938.0274924228
15938.9432647575
15938.1131922734
15939.1478707885
15938.6236669711
15937.6444564086
15937.9936142201
15938.6108988767
15937.9571159829
15937.5643342714
15940.1929385069
15938.1682392921
15938.3297225493
15939.5866925854
15938.5160116659
15937.8777917845
15938.444647778
15938.3051816513
15937.6456216818
15937.028359906
15938.4566159037
15938.8181359049
15939.6011305504
15939.16725449
15939.8410347922
15936.4067237813
15936.7275876918
15937.0091448218
15939.5215211935
15938.0740555983
15939.0322374818
15938.7551023922
15938.7725746768
15938.5415649121
15939.6143379228
15938.9602360678
15937.6818989393
15939.4167921599
15938.8019375543
15938.3938464181
15939.7906621273
15938.4356950969
15938.1909297717
15938.5424776273
15938.5250868943
15939.2524263684
15938.7249704968
15937.7519240042
15939.486462502
15938.6553088951
15938.1319291917
15938.4269526067
15937.5640363875
15937.8339157105
15937.5543126333
15939.7158504466
15938.0596573201
15937.6094750294
15937.2221838246
15937.848443916
15939.9367510512
15939.2308923753
15939.9726750202
15937.9651035255
15938.2815297637
15938.6204428062
15938.7891631094
15939.2026947481
15939.3409012639
15937.7848840438
15939.3356577449
15939.3502285489
15938.5085341497
15938.6736134697
15938.5439566731
15938.0763414517
15938.2637813958
15938.8840424948
15939.9204391528
15939.3628817279
15938.7406899085
15939.3934170545
15939.5219580855
15937.7768956526
15939.7950430391
15940.0019788565
15939.1439808757
15939.9709009813
15938.3548424103
15938.4767244543
15936.9322637105
15936.9384106092
15939.6053727457
15939.8165667319
15937.2894751111
15938.403934689
15937.2227667964
15938.1785299165
15939.1334516219
15938.6322819792
15938.0727818647
15938.8251068846
15939.5229295164
15938.6929303983
15940.1371925418
15939.0670449103
15937.7054598301
15938.6374015891
15937.6019559976
15939.1773476599
15938.3335003982
15939.4934403752
15939.0159730357
15937.9320058892
15939.8587842509
15939.1803738302
15939.025424557
15939.8903988964
15938.2887309875
15938.9678857136
15939.4936504768
15939.1870177213
15938.2355747377
15938.5091455414
15939.2951299904
15938.6059631775
15938.1345024463
15938.2377959902
15939.8821715332
15938.3505470051
15939.536491024
15938.7775545511
15938.7419750591
15939.122012826
15939.600525346
15938.8945927313
15939.2104526783
15939.7408120787
15939.2034897188
15938.7158431423
15939.4529057767
15938.5118564586
15939.5677929794
15938.5955126234
15937.7745660774
15938.9803252969
15938.3931669308
15938.5298525903
15938.7992965818
15939.7414109278
15939.297688252
15939.7553896306
15939.3938503939
15938.1861739988
15937.4987307939
15939.7870981498
15937.8767987778
15938.8868757815
15938.4056059056
15939.2706854308
15937.8276023453
15938.6535197205
15938.420490011
15937.7065213013
15937.9915438176
15938.5088521153
15938.1543715
15938.6892898979
15940.690199353
15937.5110464236
15937.8515311621
15937.1344648363
15937.4912053594
15937.469392098
15937.0601741058
15937.967341903
15938.0736942121
15936.8990673028
15937.9264398739
15939.0668679248
15938.5603001145
15937.8499029506
15938.020457811
15937.3293190782
15937.7632447183
15938.7389928118
15939.2398575713
15939.4037558689
15938.8040497391
15939.5520766399
15939.8940256175
15938.7442258741
15938.356486191
15939.0210083982
15938.4241044032
15939.2783815677
15938.6197884958
15938.1099800521
15939.6541171195
15939.7040133303
15939.4964164145
15939.6404995865
15939.026687722
15938.9444662481
15938.2445474219
15937.9218029904
15937.958537788
15939.0396549982
15938.6204784529
15939.4566864174
15938.1878136016
15937.8498332013
15938.5012959684
15939.3811056069
15939.2584375677
15938.5018941012
15937.702506427
15938.6878878992
15939.8843804135
15938.7434627974
15938.101968619
15937.5570388968
15938.9330960813
15938.7533254689
15939.5776023906
15938.3903400577
15938.7273629336
15939.4417919576
15939.7002522555
15938.8766207723
15937.8906175674
15937.6785034168
15940.3128919576
15937.9277414193
15938.9164065492
15938.9873630093
15939.5635294075
15939.5282663563
15937.8096554606
15937.9594409629
15939.734664971
15939.8906919705
15938.0265473553
15939.9460373545
15939.7778574033
15939.0091326261
15939.7166851434
15938.7843378173
15938.752735503
15938.1619542999
15938.5438949486
15938.295005435
15938.3382494005
15937.4678602715
15939.4198059161
15938.9535373089
15939.9722631472
15938.4854423388
15940.3046161768
15938.7487183569
15938.4614267664
15938.804623653
15938.1975117796
15937.8629876499
15937.5811738716
15938.5424009267
15938.4503187125
15937.9651964453
15938.3909855568
15939.1738723974
15939.3390747669
15938.8067271041
15939.7682288807
15938.7915770114
15938.0555439593
15939.8592698429
15938.0547967184
15938.5691452453
15937.1759615692
15939.4531625854
15938.0245518402
15939.3599230623
15937.7859308731
15938.5788019192
15938.3262799179
15939.4207499421
15938.4455347146
15938.783877857
15937.6893310833
15938.9159408628
15938.6530509956
15939.26512113
15939.3827506522
15939.2790200988
15938.2192673683
15937.4140453536
15938.654836992
15939.3400467957
15938.8006604984
15938.0618359839
15938.5158843363
15940.2244194208
15938.2527017884
15937.9048708568
15939.1627200019
15939.4496866291
15938.3036665134
15938.975981791
15939.2140384742
15938.7023331336
15939.3724052528
15938.057498609
15938.8773566587
15939.9031541763
15937.7066713788
15938.4894584689
15938.0545692889
15938.7391767762
15937.8597305605
15938.6148607897
15938.760167488
15940.1746013687
15939.9232851933
15938.1258036009
15939.4392421567
15939.4804914208
15938.3078993536
15938.3007260859
15938.188261848
15938.7384361079
15938.2023740432
15939.4881373013
15939.3345487272
15939.169473326
15939.0284354415
15939.0480829471
15940.0488835407
15938.9870749772
15939.8137266243
15938.9185775324
15938.2452677826
15939.1747902559
15938.4845760953
15937.5118140145
15939.3171089445
15939.3091131519
15937.6345935994
15938.1698162604
15938.9557263192
15939.6791341366
15939.7744304775
15938.5887604427
15939.0493566467
15938.3665546709
15938.4570685018
15937.8677397143
15938.9411296886
15940.689698024
15937.1564915118
15937.4373044533
15937.5458651711
15938.94337902
15939.2686934636
15939.4802311831
15939.4619054029
15939.343433634
15939.6549532604
15937.9219753753
15938.1273109415
15938.2417943393
15939.8071479688
15939.0918173895
15937.1139979699
15937.0138672313
15937.3017668146
15938.3806377424
15939.2859326716
15938.2955425454
15940.110299416
15938.3577070595
15938.7545248474
15939.7221878469
15937.312788595
15939.1184819268
15938.1600287383
15937.6114283097
15937.2765633536
15937.6430890757
15937.1433050991
15937.8463036264
15937.7233353171
15938.4960060305
15938.0611476975
15939.568061498
15940.3479551392
15938.6210070929
15938.0925055733
15938.5836556095
15938.6520337882
15937.454563382
15938.5247970145
15938.7961172367
15937.6873116444
15939.3834446236
15939.5615154223
15938.4163855499
15938.2858891262
15939.7985600353
15939.4309957937
15936.4925540685
15937.8433781938
15938.9371243774
15937.9937186075
15938.2558128256
15939.5375832931
15938.4689409747
15938.7476463215
15938.8541974558
15939.3744455013
15940.1520436054
15939.3134466292
15938.2020473618
15938.3944671426
15938.1844831583
15939.4935215886
15939.4220371888
15938.8721622831
15938.2458071404
15939.4894169729
15939.7245449173
15938.2449942093
15939.212560721
15939.2403767325
15939.1114313794
15937.7709788776
15939.5105011219
15937.8566242758
15936.8998950164
15939.8553220787
15939.0876348699
15938.5499980369
15938.9899847957
15939.5563421544
15938.3877569009
15939.4637592719
15938.6759218571
15938.981610012
15939.5923990119
15938.2437284059
15938.05214961
15937.764027068
15938.1067264664
15937.4761310457
15939.6214089252
15937.4151338597
15939.1650815502
15938.3021748877
15938.2048841523
15937.9729484715
15937.7111036106
15938.0194517445
15939.5142554756
15938.9792740449
15938.2468899127
15938.832064192
15938.0801691776
15938.8463122535
15938.0866072195
15938.1543754087
15939.4478067361
15939.5550736814
15940.1519137782
15938.8303838662
15937.7735406637
15937.6306780369
15939.4173211219
15937.336753714
15937.8096313373
15937.9221739807
15938.2740024334
15938.1219521853
15937.7620680653
15938.110751495
15939.2525015588
15939.6846666589
15938.4801544578
15937.6018625799
15937.483960139
15937.8370850792
15937.5037751005
15938.3195832875
15939.2699712284
15938.8037012474
15940.1472149157
15937.6943509028
15939.1103691954
15939.3631313329
15938.9657540471
15940.2312801921
15938.1706290642
15937.695361863
15938.9049044377
15938.4897340238
15939.36676851
15937.9513330066
15938.653092171
15938.631670238
15937.9656532913
15939.303721228
15937.1781153805
15938.2372858408
15939.1447069975
15939.0703848086
15938.3074975017
15938.2118508486
15938.5823838674
15940.2210670402
15938.7893960832
15939.813309009
15938.5412513999
15939.3884598301
15939.9145590547
15938.6731084877
15938.4963198387
15939.5125808584
15939.4694936553
15938.2198271936
15938.4910982091
15938.7624535562
15938.6680205165
15938.8881523492
15939.7732696943
15937.8872313094
15938.1746617131
15937.7828215743
15938.0332771148
15938.1429642546
15937.9405500853
15937.704331772
15939.2426391841
15939.155773321
15938.8549599645
15937.9962220545
15938.4361267549
15938.3844986105
15939.1267206716
15940.1401277605
15938.4722848256
15938.4796036217
15940.1834524557
15939.0890771323
15939.4290662229
15939.3389313283
15938.4671748255
15939.3492549171
15938.0479411151
15938.08938142
15938.8098360402
15937.4019943049
15938.7010262684
15937.7008583687
15937.875400391
15939.3223989242
15938.2081043287
15938.3206641111
15937.6692950597
15939.2605137569
15938.9847010621
15937.888441135
15938.2163702637
15937.2284166531
15937.8405097268
15938.1329953918
15938.5501338789
15939.3013740987
15938.4496600196
15937.2403059143
15938.9851325427
15939.3385739072
15938.0728100894
15939.9391544805
15937.1693184427
15937.7461749813
15937.8575259645
15937.5849840223
15937.6951738802
15938.000220066
15938.841282772
15938.6904003854
15939.2222247826
15938.211603264
15938.2740399749
15937.6150205068
15937.4049891687
15938.9390504368
15938.6996074343
15939.3944108923
15937.4863442039
15938.2793696049
15937.5240486557
15939.7352579795
15937.1476340878
15939.5373991467
15938.7970840866
15937.8814868425
15939.2910844548
15937.9689670863
15939.1124258672
15938.3736018681
15937.7378540444
15938.8836145497
15939.5548126594
15938.3309555211
15937.735060498
15938.6486268329
15938.8196017586
15938.6822824431
15938.3523730884
15939.6728312153
15938.8871821691
15938.7259626673
15938.8133178189
15938.8838680879
15939.4087174799
15939.7532297457
15939.5402285822
15938.4108502535
15938.1978103765
15938.1768756275
15939.0026850582
15939.7797270828
15939.556033114
15938.1639278121
15939.1559984342
15938.5135822263
15939.0149891604
15939.2080077769
15939.438528772
15939.0665449076
15937.838980203
15937.6270445163
15937.4800869889
15939.0629440728
15937.5871867714
15939.1786787415
15939.1923514273
15939.0530401677
15938.7748272739
15939.1012516696
15939.4772811926
15938.1689230633
15938.5140204299
15939.3218597673
15939.6105061212
15937.5919384016
15939.2282282003
15939.138608033
15938.0810131277
15938.1156949652
15938.8980067711
15938.5860944232
15938.6748811215
15938.1911254681
15939.0690862036
15939.4038771312
15939.0452065758
15938.2679518915
15937.6098378054
15937.834578531
15938.6230938614
15938.5994992652
15938.7329147915
15937.7201019091
15939.5030765536
15938.3225842493
15938.2923806656
15938.6970709794
15939.3794610396
15937.9707752209
15938.5437094234
15939.8100457508
15939.3266327901
15938.7066155972
15937.7714834382
15939.3681530176
15937.9872486421
15937.2192059881
15939.9410931904
15937.6218742889
15938.4782969704
15937.5279630316
15939.0645013902
15938.7631506083
15938.2059076571
15938.1234097592
15937.3701583004
15938.5499940597
15938.8243986576
15938.4735764854
15939.326381524
15938.3272976967
15939.7224855478
15937.1848840597
15938.9151672213
15939.7233062194
15939.4783951657
15937.3976428941
15939.8972630386
15938.9948382403
15936.8754076601
15937.7801555033
15937.936200644
15939.7162762428
15938.2172090489
15938.6544859877
15939.0643431569
15938.9349235743
15939.6565046713
15938.0801847207
15938.0588646487
15938.5464633676
15938.9988691562
15938.4681904358
15937.6507681778
15938.0725634192
15939.2592715626
15939.0100369659
15938.1698361404
15938.5950644469
15936.252341268
15937.6806123871
15938.0782343588
15938.1598896197
15938.4050385499
15938.0114860762
15937.8631990831
15939.4900803309
15937.4062735701
15937.3074236979
15939.6133043589
15939.5076265655
15937.828006206
15939.6467865757
15938.5420053482
15939.5274366039
15938.3658153205
15937.4094630222
15937.5854758373
15937.9936908757
15937.999579852
15939.6380487902
15938.000199222
15937.853950494
15940.0128937824
15939.0584065876
15939.1254145609
15937.4775711674
15938.1656205403
15938.1342885762
15937.7500669877
15937.7053253776
15939.6338195072
15939.0652995353
15940.1085489209
15938.9710795116
15938.7022227119
15939.6413646734
15938.8154824487
15938.6550920604
15938.2814005936
15937.8343090738
15939.4496294302
15939.2006605295
15939.3128783813
15937.8900080221
15938.4323660369
15938.4576920401
15937.9714145279
15939.420286807
15939.0026463693
15940.1776507343
15939.4325839548
15938.8859627544
15938.2344419215
15939.1759378072
15938.3311522928
15939.3690912541
15938.5060865595
15937.8077587766
15939.0811493822
15938.0404360293
15939.0947385682
15938.9302351267
15939.3644786467
15937.9772972259
15938.2304034916
15940.0310424966
15937.8261467412
15937.7639268827
15939.47560762
15938.6611166724
15939.2240514565
15938.116522321
15939.549687639
15937.5497125868
15938.5547362509
15939.461606188
15939.2224178103
15938.6159674367
15937.5930464252
15940.0656308366
15937.4903570126
15939.6103630852
15938.0779715194
15938.2185540974
15939.6436374518
15938.6612215712
15937.8819114499
15936.9715870237
15939.5704575893
15938.6352340773
15938.0539615414
15938.0651829383
15936.9508731758
15936.6686144214
15938.5522449685
15939.3902462543
15937.2024214868
15938.9546043061
15938.190343043
15937.4423689607
15938.2412161452
15938.2956588343
15938.5650435875
15937.3824947116
15936.7408073757
15939.5646231402
15937.5966600346
15939.1170125501
15938.2021888294
15937.4003753102
15938.3504568889
15939.8071811988
15939.9748095762
15939.1210707878
15937.5965714694
15938.0535305341
15938.4001851387
15938.2341712095
15939.311828823
15938.817741049
15938.1797587643
15937.9713907195
15937.1361935053
15936.966403409
15937.1088357078
15939.5548883603
15939.0992618703
15937.7788687482
15938.3378648827
15937.2880929181
15939.3808673843
15938.7647428324
15938.0944877332
15938.3265116374
15938.1983795546
15937.68793074
15938.6719224069
15938.1775917805
15938.7696474861
15940.2965130643
15939.1643394965
15937.1090004956
15939.4080596907
15937.7479482296
15939.4385577542
15938.0338230257
15937.5225905253
15937.0583773829
15939.4461696968
15938.0934776032
15939.2118150816
15939.2104124598
15939.6665974127
15938.0694351595
15938.3239353067
15937.8818065016
15938.5420159046
15937.922865285
15938.1978137533
15939.4487694649
15938.0557582282
15938.1347843956
15938.7502229273
15938.0846475175
15939.0292344058
15936.8246191692
15936.8982052182
15938.9291480669
15939.2042544782
15939.6128243066
15938.7959940939
15938.8795127772
15939.5522886133
15938.143696533
15939.4710096057
15937.6573023909
15939.1858499361
15937.6269643086
15938.8364594953
15938.1605046065
15938.4067658108
15939.1962081982
15937.0206841841
15939.6667736296
15938.2480043199
15938.6599117136
15937.5593609441
15939.8081655791
15939.4981456194
15939.1943775861
15937.1988494407
15938.6603384937
15938.7627439464
15938.1449494506
15939.6140632603
15938.9958036741
15938.4852756263
15937.5888454562
15938.3183101208
15939.859164358
15937.7379433536
15937.9368145871
15938.9818522592
15937.2502058693
15938.3151046471
15939.3627340264
15939.0692445574
15938.3803690563
15938.661724903
15938.8546312871
15937.7946696354
15937.9587733747
15938.9569922418
15939.4042714516
15938.2028340041
15938.0878874411
15939.1001057065
15938.689838763
15939.3158429807
15937.9553406472
15938.6689744092
15938.6175676061
15938.7781168986
15938.2624644168
15938.7013186186
15937.9325806911
15937.7669213807
15937.6568850466
15938.978837419
15938.9565710745
15938.9937248958
15937.9901370505
15939.0138798599
15937.9054666306
15939.2656538827
15939.8610827444
15938.0721888695
15938.37188029
15938.0946314061
15937.7024793383
15937.1916368369
15938.6001500782
15938.2987108129
15938.2791257291
15937.8458438487
15938.1095481751
15938.8308281136
15937.9700449691
15939.2900386671
15938.5821096293
15937.9291725526
15938.4820265344
15939.1365296592
15938.7448071626
15938.0266926575
15937.750516611
15938.016698352
15937.9079118638
15937.8913044445
15939.7385108175
15939.7083253945
15937.6414353212
15938.0710384107
15939.7794178835
15938.687007412
15939.7707025807
15938.617584044
15937.5755218718
15938.3492271223
15937.7679417556
15939.4443336005
15939.375365422
15939.6470372363
15938.4595707523
15938.8759663431
15938.7668018793
15937.6232325169
15939.8275438261
15937.3050856922
15939.117458804
15938.8130459082
15939.0893416361
15940.13792664
15937.9497423585
15938.1157449996
15938.3090606636
15939.1918078997
15938.1977567931
