# vacant volumes
15939.0246424922
15938.382800775
15938.3956574984
15938.1619466643
15939.3811559074
15939.6843886564
15938.6962617808
15939.5465907969
15940.0059139106
15939.6683072214
15939.4396802021
15939.4866129199
15939.4940211682
15939.4978438461
15937.2506909219
15937.4235319281
15938.6103927583
15938.1413495748
15939.4772305499
15939.7627867463
15940.4459303099
15939.1832962457
15940.6477920909
15939.0927399799
15939.8833658386
15940.7739577643
15939.9824946048
15939.268452286
15938.3434567099
15938.1238047694
15939.3231152333
15937.4008102767
15939.2662135307
15939.1871441745
15939.3303379803
15938.2234497416
15940.353233117
15938.5783423752
15938.2252918602
15938.7001991889
15939.1573448766
15938.1214502742
15938.5786336741
15940.2476352969
15939.736705073
15938.6579317447
15940.5424674237
15939.9477029537
15939.1870104634
15939.7926976801
15940.1059442062
15939.0279819614
15938.0082673933
15937.9749952801
15939.9626989398
15938.3041178075
15938.0013565657
15939.4060012544
15937.9841895252
15938.9370860953
15939.177356191
15938.3511473506
15939.1999558718
15938.9102914905
15940.1583071683
15938.6411680016
15940.1283993988
15938.8729867041
15938.2601860718
15941.0383271805
15938.4416261169
15940.0921509888
15939.7259127066
15938.3077280441
15939.6507308991
15939.8742095516
15939.6119884367
15939.890388891
15938.8272407345
15937.5643653163
15938.3969055297
15939.3050823323
15938.5762225333
15938.8238533319
15938.1134471595
15938.9902494282
15938.1897822439
15938.4136672931
15939.3464117634
15940.4298215629
15939.5980624674
15937.2127703673
15938.2415307335
15939.6793192585
15938.9151330637
15939.7797795342
15938.118825849
15938.7181069345
15940.0501689696
15939.453772278
15938.49480523
15938.0571242354
15940.3623006367
15938.996278751
15939.4412606772
15938.6329501338
15939.6484187393
15938.7773181378
15938.5390162333
15940.0220519117
15938.4348812713
15939.031736406
15938.0738656712
15938.3338386884
15939.3046957417
15938.276499189
15939.5863274401
15938.1933524787
15938.0624664506
15938.0199049876
15939.0754833935
15938.5736389037
15937.7025537521
15939.6827991739
15938.5173430149
15938.0087207601
15938.1252297251
15938.2431450819
15937.5391993031
15938.9513115026
15937.9978309263
15939.2231804782
15940.0909190807
15938.1117457241
15938.7094528453
15939.5581196531
15938.0276549249
15939.429553833
15938.7923378759
15938.5701834612
15938.2744557504
15938.5161285483
15939.6333629145
15938.333466085
15938.7643442837
15938.20971994
15938.6854883696
15939.1918013609
15938.6139938232
15940.0611445117
15938.8054696274
15937.5670727091
15937.6349017267
15937.3799153702
15938.558687343
15938.7220388259
15940.0964416998
15939.4207754018
15938.3832770744
15938.6210215609
15938.543690467
15937.9300498341
15939.8008876741
15939.5941683714
15938.8832027235
15938.6941561871
15937.6939482146
15938.2816079825
15939.0605192861
15938.7646607329
15938.6482208899
15937.6488134328
15939.4467535713
15939.0682607971
15939.152421464
15939.7177112062
15939.5632112876
15939.8759276525
15938.7507222144
15939.0743214107
15939.2189041389
15940.0837914329
15938.3456289776
15938.7310990689
15938.6348004112
15939.0643802834
15938.6605701317
15938.6658027883
15939.1747937708
15938.2246569137
15939.8209537382
15938.2935248476
15940.4521213875
15939.6105578655
15938.4363557916
15939.1382480678
15938.2738158215
15939.199613151
15939.0200271795
15939.7313936277
15938.7272757511
15938.7998072379
15939.0916371109
15939.9200539366
15939.0093469308
15939.523695423
15939.4747826432
15938.1565463617
15938.9967065339
15938.8390642812
15939.1823276344
15938.346472968
15939.8031916122
15938.9650987629
15938.2379725375
15939.8855245909
15940.1914247126
15938.9927352263
15938.8052183269
15939.7647064897
15938.2749094296
15940.3579027524
15939.196637976
15940.1931265368
15939.2760447722
15939.3135271894
15938.6460146931
15938.2313573782
15939.6625357668
15939.3064212494
15939.5719767971
15937.9864587786
15938.4848765915
15938.5143152142
15940.5447592902
15938.7680651746
15939.2273279078
15939.6965769025
15938.2000538086
15939.9044565932
15938.9674412889
15940.1257768417
15940.2190981653
15939.1211008038
15939.0204377669
15940.3361399212
15938.8049210043
15939.0047833199
15938.6530834749
15938.717526206
15938.5832291208
15938.691804292
15938.2877179017
15940.5496835833
15939.4546474738
15939.505344594
15939.5742157012
15939.4101881728
15938.3508506437
15939.3230345851
15940.209464019
15938.555435173
15938.606202537
15938.2956288507
15939.1429580214
15938.6697345723
15939.5919312221
15940.3966761961
15939.3924477519
15937.9270842294
15938.8482894637
15939.7711392926
15938.4303172856
15939.314581759
15938.4565978025
15939.442092046
15937.8602763005
15939.6181794182
15938.8343426052
15938.1351619184
15938.8445066776
15938.1806894367
15940.102525554
15938.1460605634
15938.1266329326
15939.2514297284
15938.2429813498
15937.2845757981
15938.7850697176
15937.552837364
15938.9657771934
15939.0502329057
15938.48931426
15938.251756385
15939.5401640318
15938.6208475043
15939.6674618594
15938.9988621785
15937.7068729669
15937.6806691129
15939.6451340284
15938.1851807479
15938.3333036153
15940.0079418463
15938.3088287863
15938.1345913151
15938.2078710362
15939.2859891476
15938.4355484865
15939.5763594968
15939.1205321728
15938.7441266638
15939.2526979148
15939.7417047349
15940.1104878816
15939.1672149731
15937.9678308122
15938.7556444845
15939.758643543
15938.6889976102
15939.1771532059
15939.1316833409
15938.8849044053
15940.1751385097
15938.153974642
15938.4063851494
15938.4845957557
15939.4092071139
15939.0730107861
15939.7942879543
15939.8666595803
15939.6815196862
15940.1313904939
15940.353057155
15938.5059365659
15938.2667102876
15939.6104764663
15940.2412865447
15939.4300918331
15939.1374844197
15939.6565408174
15938.8973525473
15938.2546987438
15939.2698505915
15937.4555864959
15938.5237929801
15938.2271342419
15939.2600609933
15938.7720857139
15939.061775107
15937.049904858
15938.0425194209
15937.7953124968
15938.1197311333
15939.1870313183
15938.2535178094
15939.4349057417
15938.2970319999
15938.129417071
15938.6558466367
15938.7151175477
15938.3465729481
15937.7011184679
15939.9401524859
15938.1273964072
15938.5664505777
15939.7262368697
15938.5641825384
15937.9679851788
15938.2590109115
15938.3705192866
15937.7234502061
15937.4605156727
15938.5452455406
15938.9820268874
15939.7184833779
15939.3052451552
15940.0397206502
15937.1551954672
15936.8508570725
15937.2712306367
15939.591988937
15938.2473518034
15939.2696854221
15938.8703758972
15938.8752024014
15938.8580650109
15939.837228366
15939.1788008722
15937.8245184227
15939.620583519
15938.8505275685
15938.2504955927
15939.7813657906
15938.3377324856
15938.2877025996
15938.7965811373
15938.6946775368
15939.3540488526
15939.0626943604
15938.5168456407
15939.694461596
15939.0128073524
15938.344582378
15938.6956048064
15937.8648672016
15938.4615811895
15938.0992591057
15939.7494836642
15938.8280732233
15937.7978588792
15937.3833494322
15938.170982251
15940.0517672654
15939.3172672924
15940.0173532931
15938.2254207597
15938.3006148309
15938.7560221213
15938.6055996005
15939.4392088216
15939.4740353559
15938.1755775613
15939.3974627213
15939.3951408257
15938.512856455
15938.7242419146
15939.0944549021
15938.3835450002
15938.5263672839
15938.9049737287
15940.0750061265
15939.5798212544
15939.0298074943
15939.5435979633
15938.0383427895
15937.6928054689
15940.0940600826
15940.1814698763
15939.7093748529
15939.6963343275
15938.5938107745
15939.2477663155
15937.7243521617
15937.5718315708
15939.9370353978
15939.9504449159
15937.6160709009
15938.5407289266
15937.0060766785
15938.2236216527
15939.0034173532
15938.7991246172
15938.0563838177
15938.7220356602
15939.8394380638
15938.8649272247
15940.5811483873
15939.3729161158
15937.9475630795
15938.8487952294
15937.6441664454
15939.3428921544
15938.4748403589
15939.7614236482
15939.2479091666
15938.2351878152
15939.7455013102
15939.2598729144
15939.1099671857
15939.9051449598
15938.391670058
15939.0337877133
15939.4149749108
15939.2869671719
15938.4095324079
15938.7895368277
15939.4763278757
15938.6633807744
15938.0430134309
15938.4823689767
15940.051211079
15938.4972281513
15939.7093019743
15938.8655364599
15939.131562651
15939.3704409788
15939.7276589879
15939.0877261553
15939.6213091116
15940.0415215159
15939.8984548389
15939.0130387598
15939.6155707179
15938.620527192
15939.2438434144
15938.7789466844
15938.561706377
15939.5633857005
15938.6004754805
15938.6162785357
15939.0733430749
15939.922657346
15939.6780158025
15940.0444531831
15940.0877781291
15940.0448926588
15937.7696665502
15939.9221822575
15937.9265800077
15939.1272197046
15938.8909810748
15940.1056358859
15939.0274433445
15939.5784581477
15938.9251543244
15939.6693908827
15938.7063296213
15938.7364882934
15938.2847488484
15938.7541704264
15940.7280814053
15937.9278561832
15938.1766130275
15938.0650262446
15938.1381615154
15939.2199017848
15938.0368651282
15938.6076315184
15938.6590928679
15937.3704609057
15938.7833031003
15939.25095651
15938.809053112
15938.1072353226
15938.3163677358
15937.5594738117
15937.8261130225
15939.0254705035
15939.6791368372
15938.1917077295
15939.0000578004
15939.617404694
15939.9365397302
15938.6615621306
15938.6303088721
15938.8166537935
15938.4950502205
15939.7389104647
15939.1239638752
15938.2260572141
15940.0883837697
15939.9422703831
15939.4069440015
15939.9618515123
15939.1003791384
15939.0925119708
15938.9072271502
15938.1073991772
15938.5731319795
15939.3247734248
15939.4065007961
15939.7896580591
15938.3737611971
15937.8997399485
15938.3793617675
15939.4182630268
15938.9607741299
15939.0158043862
15938.8300986335
15938.7017815616
15939.7320767676
15939.1565330335
15938.8944154424
15939.1942478056
15937.9839915934
15938.7658418867
15939.5330407975
15938.4831598376
15938.7280131434
15939.6236083104
15939.9129783353
15939.0230944861
15938.0036599337
15937.991541318
15940.3593232397
15938.0117089642
15939.5070337782
15939.2679666245
15939.3999888222
15939.5432198634
15938.1717694471
15938.13294183
15939.6176772262
15940.0719905165
15938.1689719229
15939.8905118659
15939.9771585199
15939.2098927491
15940.1382302813
15938.9047500487
15938.8680892777
15938.3870993245
15938.6607634428
15938.4729489897
15938.3706609928
15937.6420764266
15939.5881623192
15939.3699295677
15940.232284043
15938.5647373848
15940.3844312342
15938.9282311974
15938.566302794
15939.0570566904
15938.4192078139
15938.0221805748
15937.9106075893
15938.3365166304
15938.80267172
15938.1537211926
15937.8219588958
15939.3112157626
15939.6301226209
15939.0142047251
15940.0489497071
15938.5955514985
15938.1725030446
15939.9963361203
15938.3131934638
15938.7137272681
15937.1076093445
15939.5726610431
15938.3261509518
15939.2263678778
15937.3914771044
15938.6060336742
15938.6429195
15939.5643381027
15938.5062236339
15938.6895583281
15937.8789407746
15939.0236528984
15938.7794369802
15939.1612007564
15938.1764613904
15939.3119989014
15938.6336475499
15937.906847334
15938.9333170504
15939.2365878997
15938.4126422871
15938.1677658274
15938.7003034821
15940.5066303486
15938.3688548173
15937.6542732984
15939.5525187224
15939.5590118991
15938.4030793785
15938.7252675765
15939.2845861914
15938.859605323
15939.3574882803
15938.2052183553
15938.9179425836
15940.0201288015
15937.5677643146
15938.4909072798
15938.0288451089
15939.129671606
15938.2137023234
15938.7068990354
15938.9203581966
15940.4914149673
15938.9444347178
15938.2133942013
15939.6229439134
15939.7206374622
15938.4657740391
15938.4923396472
15938.4057290491
15938.8826825758
15938.5031191054
15939.7136775819
15939.4728230814
15939.3983183773
15939.4628416819
15939.4166107807
15940.2498736394
15939.1619676434
15940.1546862874
15939.0912040993
15938.3636152484
15939.3114636535
15938.6450392495
15937.5762065908
15939.1062603247
15939.468289787
15937.8232910519
15938.3394535173
15939.1377338689
15939.8383793043
15939.8655015018
15938.8254833857
15939.3308691396
15938.4853550693
15938.5594413761
15938.0693856562
15939.1336362919
15940.0291225516
15936.7929837353
15937.5674280895
15937.7045032951
15939.1392384796
15938.9983502625
15939.4758552113
15939.6660061594
15939.8759304502
15939.4960037049
15938.1647198674
15938.2230174217
15938.4074770093
15939.782489566
15939.2469891678
15937.5761006446
15937.3790325723
15937.3815002343
15938.491066612
15939.281784833
15938.4885645767
15940.3542067927
15938.5713356872
15939.1469278779
15939.8930476208
15937.4713311994
15939.2745912507
15938.5475627226
15937.7413332475
15937.4131787269
15937.9711534202
15937.390361452
15938.3349654483
15937.5670824045
15939.8370318207
15938.9026635564
15939.7621524922
15940.1477986185
15938.743014546
15938.7079735611
15938.6308607963
15938.8009226037
15937.6271155361
15938.6483787578
15939.2454470583
15937.8848368638
15939.5791563406
15938.9348886202
15938.5196045853
15938.4582690217
15939.7657662563
15939.9493511851
15937.6407117907
15938.1790041309
15939.0445574083
15938.1980662876
15938.4005357484
15939.7778140394
15938.6242731683
15938.9254336046
15938.3475097273
15939.4136371615
15939.6699926631
15939.719140303
15938.3814099569
15938.8141874491
15938.4270917743
15939.3430421091
15939.8153936521
15938.7755748508
15937.647716822
15939.6778125881
15939.7903921744
15938.44202908
15939.1046289055
15939.0525796027
15938.6857488967
15938.1851811833
15939.5539360701
15938.1092934634
15937.1572357725
15939.3766900888
15939.6479606242
15938.2117165636
15939.0154565558
15939.327181196
15938.3963743336
15939.531664214
15938.5596069175
15939.0786726203
15939.6169266057
15938.0742850933
15938.2244991886
15938.0213685038
15938.3635226445
15937.7118387406
15939.6921211481
15937.6297856481
15939.2561978733
15938.4989455843
15938.7995179525
15938.3016767479
15938.2130457228
15938.2772370654
15937.6041346916
15938.9695581786
15938.2921803231
15939.2664497345
15937.9530666953
15938.6832512624
15938.0156138933
15938.0548812795
15939.6839863212
15939.9442828987
15940.16638842
15938.66025794
15937.8400103011
15938.1283408198
15939.5433852064
15937.6300367625
15938.2824226593
15938.3350312357
15938.4746689313
15938.121465376
15937.764116493
15938.0344265529
15939.2788475777
15939.3577242806
15938.7132153167
15937.8220047366
15937.623584707
15938.4084136303
15937.5393966906
15938.3644959384
15939.3407588295
15939.1562781573
15939.9109355392
15937.7685677912
15938.8013471547
15939.4152100962
15938.8085227175
15940.4974564323
15938.3153601244
15938.0450824983
15939.1215917723
15938.7340472976
15939.9745266654
15938.150937646
15939.1168854059
15938.8358404833
15938.1666965026
15939.1276379635
15937.2622339259
15938.358612174
15939.2890835531
15939.1966826157
15938.0661913461
15937.5658294224
15938.7775220277
15940.420016175
15939.2184638334
15938.9001733866
15938.4870316515
15939.7777059899
15939.777287323
15938.8492192725
15938.4518047306
15939.8271933556
15939.2285796532
15937.3876454997
15937.5691905921
15938.9710391635
15938.978668369
15939.1098446019
15939.8974207163
15938.1103297987
15938.2596792296
15938.1108330567
15938.3464861719
15938.819448685
15938.1478740365
15938.0869911122
15939.1909948577
15939.4639172802
15938.9821119955
15937.9399371052
15938.8318770972
15938.645388448
15939.5436489996
15940.0968622403
15939.8166777275
15938.1800643943
15938.768851975
15939.4396384311
15939.2000826255
15939.9360970669
15938.7451035839
15940.4753103837
15939.6940427806
15937.8955338646
15938.9317070425
15937.3031643908
15938.7060244075
15937.9462078438
15938.4220111641
15939.3020028057
15938.3707825399
15938.6063841404
15938.5493620683
15939.181497396
15939.5614787942
15937.9891946689
15938.3729484651
15937.343256729
15938.0418105274
15938.3479699337
15939.1545965745
15939.6147925321
15938.6897500238
15937.0436934964
15939.5194889747
15939.3371915361
15938.3109437196
15939.8590704043
15937.3594742739
15937.938693122
15938.3448965828
15938.2958733965
15937.7794880458
15938.2836083988
15939.0745024025
15938.6423604076
15939.377284789
15938.2749149599
15938.5214199832
15937.7339225584
15937.4016763749
15939.044195286
15938.6509550504
15939.5274165448
15937.654857108
15939.4538286196
15937.6573735276
15939.7950441455
15937.7943898616
15939.5221156242
15938.6399417354
15938.0754504296
15939.6982571412
15937.9762802531
15938.6736066072
15938.3557552852
15937.9377395011
15938.8661376385
15939.3400655246
15938.7023446697
15937.9505100625
15939.1215432741
15939.2109303283
15938.9020560274
15938.359927223
15939.8532296336
15938.9411504469
15938.7404235294
15939.5107748028
15938.8458812267
15938.6095914379
15940.071493007
15939.5330427395
15938.1557929827
15938.3274083513
15938.3513247085
15939.0618094319
15939.742881003
15939.7004122432
15938.3624078405
15939.1966211422
15938.577201511
15939.4595465552
15939.3605846678
15939.6097324281
15939.2708249866
15938.2843561746
15937.4540809656
15938.1008942812
15939.1531686528
15937.7823176558
15939.3954428778
15939.3908143695
15937.7001396853
15938.9352750197
15939.4166504045
15937.6042694577
15938.0755631674
15938.8412342844
15939.851576965
15939.6474974569
15938.4299024471
15939.3845013467
15939.2571635369
15937.8383755749
15938.1672919372
15938.9376872678
15938.5904102633
15938.5228969768
15938.9587920122
15938.9888939863
15939.0234695214
15939.5968243239
15938.8428678637
15937.9849544208
15939.7470601091
15938.5318208278
15938.1018920934
15938.402126211
15938.2640758006
15939.8693440589
15938.8725425913
15939.3444121087
15939.0561397403
15939.6432020016
15938.2614064106
15938.5116156453
15940.0737876401
15939.4305293023
15938.5850797243
15937.8178885564
15939.4497257006
15938.0783775426
15937.4869640295
15940.1643073773
15937.7357953417
15938.6265098856
15937.6383012586
15939.3034114454
15938.5871350403
15938.2674435861
15938.3744477362
15937.4984661421
15938.7551346538
15938.9925803562
15938.8555239157
15939.5621805008
15938.5901540863
15939.9766212012
15937.4695229602
15939.1146138299
15939.9393765148
15939.783317574
15937.5815120573
15940.1601951843
15938.6974162334
15937.5034607088
15937.7742152239
15938.3954689012
15939.8419938456
15938.3637980768
15939.1459572387
15939.2650364146
15938.8686067054
15939.6448400865
15938.1252061203
15938.5639193189
15937.9569556821
15939.2091472461
15938.571579954
15937.6053868297
15937.8865768193
15939.4430620939
15939.2307575789
15938.4082782339
15938.6355068256
15936.1950281303
15937.9752720457
15939.6033575289
15938.4168011181
15938.6340592232
15938.3034382473
15937.9385576644
15939.5644246087
15937.5812071987
15937.3857628766
15939.693031529
15939.6245196018
15937.9513522345
15939.7849917884
15938.7018908454
15939.611021005
15938.6294720254
15937.2670352198
15937.8206003244
15938.2703521732
15938.1265252715
15939.8051065036
15938.1190210025
15937.8807227204
15940.4885185549
15939.3650010655
15939.3200063589
15937.638317776
15938.4077679335
15938.491575901
15937.8523467651
15937.8940079845
15939.8174804492
15939.2371537019
15940.3522329995
15939.227101585
15939.048424186
15939.8700848078
15939.0193752461
15938.8461244497
15938.5523161339
15938.0058960906
15939.6221621898
15939.5105447088
15939.5734392335
15938.0244676197
15938.8596999728
15938.6553569836
15938.2472509818
15939.2953462254
15939.2457654316
15940.2949970306
15939.6368317453
15938.945270308
15938.4406805732
15939.350130592
15938.5948179598
15939.5006818236
15938.705098254
15938.1448668668
15939.2278436893
15938.1732265334
15939.4078702587
15939.0448382091
15939.7351278034
15938.4222281587
15938.4992815666
15940.1931473527
15938.098982247
15938.0832218384
15939.7709536121
15938.8312396581
15939.365580597
15938.4205662793
15939.8170889537
15937.6957186766
15939.0289941026
15939.7822611772
15939.4477645146
15938.8922228306
15937.7230986992
15940.2525750646
15937.7060221164
15939.7737897637
15938.2838177603
15938.3857494952
15939.8576012031
15938.8482091
15938.0102940804
15937.4484557787
15939.6551662796
15938.8128167082
15938.4327531611
15938.3149193898
15937.1370466225
15937.1048372675
15938.8040352049
15939.5795257355
15937.5577212162
15939.1631189209
15938.4206492854
15937.7182127158
15938.0724489083
15938.5068076651
15938.6480143901
15937.1350814766
15936.9470755676
15939.4922756473
15937.6865436282
15939.2837583946
15938.4612677453
15937.5689334712
15938.7726154417
15939.985895256
15940.09517942
15939.2386821817
15937.3517761726
15938.014103359
15938.6639809646
15938.3334953267
15939.6835375867
15939.1231856976
15938.3436947594
15938.209171784
15937.294191162
15937.2222010921
15937.3549968528
15939.7477989076
15939.12133208
15937.9372323218
15938.5130480615
15937.5259381745
15939.4991110127
15938.908149667
15938.2459736243
15938.4740570476
15938.4890847654
15938.0034856195
15938.8945081086
15938.5699361205
15939.0050080812
15940.4154438649
15939.245538695
15937.6895604466
15939.7824525425
15937.9660989877
15939.7363931544
15938.2170071432
15937.8149071475
15937.3004367583
15939.7838601286
15938.3910749019
15939.5346271991
15939.4551924882
15939.8797050958
15938.3561100259
15938.6260875411
15938.0408270942
15938.6950072589
15938.119098739
15938.4089241018
15939.6509027507
15938.1403535393
15938.1255714688
15938.7353152336
15938.2871613485
15939.1097665106
15936.9786584112
15937.1484636956
15939.512006103
15938.9990565866
15939.7716236768
15939.76222011
15939.1798668635
15939.7711040853
15938.2734844656
15939.9707007764
15937.8353217016
15939.3811151313
15937.8928631022
15938.9645621584
15938.2029620411
15938.4160828223
15939.1108647535
15937.1684525364
15938.7860228832
15938.3892004189
15938.7098605182
15937.8144260542
15940.0349055816
15939.6881831598
15939.3766889011
15938.3392637922
15938.9481827163
15938.1719183245
15938.9135736137
15939.9656110235
15939.3741874488
15938.8854106031
15937.836085847
15938.7275195883
15940.1120221985
15937.97611497
15938.1099666765
15939.2365271406
15937.4662153184
15938.3186388778
15939.4581390686
15939.4953937562
15938.7194551394
15938.8453215899
15938.9509492273
15937.8304032409
15938.5395195304
15939.0177179853
15939.5974362019
15938.6377457195
15938.4225578092
15939.2721841715
15938.935455084
15939.5836725883
15938.3349611234
15938.7366278509
15938.8146703138
15938.6481079449
15938.8643746523
15939.080041038
15938.2044631525
15937.9826040984
15937.8573034971
15939.1782183985
15939.1388090622
15939.3810626696
15938.4153789355
15939.301886523
15938.0796861997
15939.5573962121
15940.1550513475
15938.2628450167
15938.521754696
15938.3669344704
15937.9910920053
15937.3541567125
15939.0218127888
15938.5573677414
15938.444131994
15938.2945139892
15938.6731685052
15939.0085533953
15938.17388117
15939.4686406494
15938.7822711475
15938.1214988354
15938.7420670344
15939.2902238688
15938.9539340578
15938.2229588548
15938.0465143298
15938.9350461541
15938.5240161392
15938.152376828
15939.9079284168
15940.1064324336
15937.990380531
15938.6687186942
15939.9216307414
15938.9399625763
15939.9841525695
15938.8040291332
15938.0631348758
15938.6893761372
15938.5569824991
15939.6477176662
15939.6416754008
15939.7276382665
15938.6159211104
15939.0849092057
15938.8298305117
15938.8045379804
15939.8444920712
15937.8555966538
15939.5973857654
15939.1192737842
15939.3632308995
15940.3835239855
15938.2179703227
15938.2940628168
15938.3389809595
15939.5151471338
15938.4148857476
