# vacant volumes
15972.2587190301
15972.5653699246
15972.7892572152
15972.2975785081
15972.2181451716
15972.6685611416
15973.2041022767
15973.279621213
15973.7930511336
15973.899417029
15972.512124465
15972.5782417466
15973.1298734929
15973.3152378938
15973.3777327931
15972.2792838253
15971.5827094483
15972.0338502505
15971.809763312
15971.7456641007
15974.1986234396
15971.6234587828
15973.0704967958
15972.4180780376
15972.3043729497
15972.3352262213
15972.1030914579
15971.9518053316
15971.8547247437
15972.9908201893
15971.614285309
15973.3094168396
15972.3065116928
15971.8891225126
15973.7080439629
15971.7492672624
15972.3037839394
15971.8158367365
15973.2532050072
15972.1469251315
15973.0035599523
15972.4229179261
15971.9136175344
15971.9316751439
15972.5119612181
15972.1147396438
15973.2799417779
15972.1636524165
15972.2820271975
15972.8605970523
15972.286816213
15972.7820353176
15973.0095198353
15972.3026220802
15972.9616784276
15971.5545303648
15971.6738686519
15971.7152786781
15973.1236343337
15973.4965270559
15972.167436937
15972.7223655065
15971.9968024635
15973.1097248915
15972.5372868042
15971.9380963756
15971.8114247813
15973.423411466
15972.0299313822
15974.0454118092
15973.2996255806
15973.0456722194
15973.2763575133
15973.5239827052
15971.9597535583
15972.08922913
15971.8476457576
15972.0768028459
15971.6014665991
15971.0806433785
15973.2931189591
15971.3585142058
15974.1397418377
15971.3755236802
15972.6225054815
15972.6894539403
15973.4403100617
15971.7572904729
15972.7089798893
15973.672790273
15973.7799076062
15972.3131046102
15972.0283519779
15972.2956210861
15973.3452201322
15971.6376386978
15972.3822022746
15972.4701584373
15971.2941126638
15973.2231205234
15973.2120884274
15972.0617891432
15971.9836717553
15971.9510883672
15973.1336519426
15973.3591167705
15973.1267292503
15973.6222473684
15972.2296049056
15972.3918481111
15973.6417428253
15972.3284015205
15971.7042665678
15970.8224177125
15972.7172469925
15973.2048213937
15971.7366443857
15971.5592341605
15971.8759864396
15971.4225410542
15973.7207055995
15972.1769867155
15973.2178778746
15971.081721055
15973.3752975668
15972.9110205348
15971.8395511875
15971.9661698912
15970.7639091816
15971.4813783743
15972.7963996819
15972.0293330147
15971.6137416536
15971.1363385581
15973.6982963257
15972.6484248715
15971.4788247825
15971.8158412324
15972.9411094399
15973.3127154719
15972.2336079668
15971.9317733841
15971.3808499696
15971.6609116129
15972.6469470014
15972.1742382156
15972.5433826322
15971.5544963694
15971.2525523907
15971.8958535562
15971.2047811431
15972.0854826157
15972.2642262569
15972.6465660405
15972.6421785935
15971.5924922033
15972.7218422527
15972.5924361534
15972.6027617673
15972.8447192205
15972.9139944861
15973.6994094722
15972.3693467749
15973.048726254
15972.6585908146
15972.4444057133
15972.4400152372
15973.7718048695
15973.7312726361
15972.5020559062
15972.2001937409
15972.7258808031
15973.1116174138
15972.0815571099
15972.2755612472
15972.4177398824
15971.7119469496
15972.6547694841
15972.5339207304
15973.4807235736
15973.21635583
15972.6428805701
15972.252334192
15972.5519324554
15973.3503238022
15972.8615709709
15973.7998439653
15973.6619744729
15972.6033534404
15972.3309265926
15972.4511409351
15973.1032185011
15973.5747003267
15972.3973799076
15972.6710532702
15973.4333118793
15972.7893422318
15971.5462299125
15971.7095891151
15970.9009068849
15973.1833241102
15972.5013991104
15971.655272384
15972.8259065936
15972.4203178686
15973.2445472604
15973.5038848135
15972.654889335
15972.5040991428
15972.4645257516
15971.3008510597
15971.827532406
15972.3113330656
15973.7284000252
15973.0218382069
15974.2795731404
15972.9443568614
15973.2801648341
15971.6081415637
15972.9905037781
15973.2234146183
15971.7617579295
15973.1717738567
15973.4702456146
15973.0200043486
15971.9577117707
15972.3858502042
15972.8944657162
15972.321623215
15971.7773527991
15971.2981399814
15971.0078236023
15971.2532948501
15972.8554654909
15972.4103066479
15974.0700934236
15972.0650460497
15973.1831473654
15971.9145314167
15972.4474299239
15971.5839757767
15971.9694880737
15971.8040194079
15972.9159635269
15972.0225624052
15973.2041178021
15972.2397053859
15973.49914036
15971.4566827562
15971.224316742
15971.9895615257
15971.0725928686
15971.5979535646
15972.3627282921
15972.240111841
15971.7710006566
15971.4334271025
15972.4294592007
15971.3988556716
15972.6033405463
15973.8441516814
15971.1179475713
15972.565585328
15971.9266212014
15972.4754901227
15973.4086390566
15972.7083958606
15972.9662903543
15972.4824605862
15973.2846282182
15972.9163918944
15971.9752150867
15972.1704277992
15971.2437638856
15973.5797493334
15971.7027052669
15972.3216477013
15972.6859210789
15971.5358048938
15971.7229271315
15973.2640011844
15972.0381661422
15972.2742409238
15972.1584584194
15972.7831779268
15970.2827141059
15972.8391441014
15971.9943433172
15972.1052046246
15971.7445562407
15972.4078329889
15972.4702865672
15970.9586014921
15972.7443865778
15973.3750425398
15973.2433553049
15971.0302353413
15970.7784981
15970.9479166644
15971.6182448435
15971.8257346947
15971.541945312
15972.7040517932
15971.916537681
15973.6258615509
15972.6307088692
15971.6208359721
15972.4622727519
15972.984217119
15973.1028690792
15971.3076237672
15970.4799108015
15973.0988648837
15972.9116590264
15973.5225477473
15972.4933704775
15972.9829194264
15972.5868502669
15972.7689112997
15972.2017469608
15973.043586593
15972.06868092
15972.9496295271
15972.7748839479
15972.0041525558
15971.8538382604
15972.6118736974
15971.896319073
15973.1508812857
15972.1722843202
15973.6887149052
15973.2634434377
15972.9311316245
15974.2669774638
15972.2917692434
15973.1402418896
15972.4411851433
15972.206742208
15971.8778929505
15972.3102375354
15973.3167265925
15973.0631387643
15973.110597872
15972.053793573
15971.9761598146
15972.942040321
15972.4400726335
15973.7377815195
15973.6288770813
15973.7525226093
15970.8352774135
15972.0965711329
15970.9648996782
15971.2983227584
15971.9688245415
15973.8211717083
15973.1816213167
15973.6846775667
15973.0348348578
15973.5100555956
15972.4680821007
15973.151388335
15971.8805129904
15972.105044614
15972.5572262589
15972.0367993332
15973.3002897512
15973.8664919865
15972.9175545099
15973.8444347657
15972.6699606272
15971.6619137937
15972.4540290912
15973.3594430817
15973.4739336425
15972.6296744915
15973.0975862196
15972.7103202077
15971.1931844253
15972.3519953959
15973.0439619682
15972.059626216
15972.0771000734
15973.7138210799
15972.8363643997
15973.5067848417
15973.8889715738
15973.1098911485
15973.4889383635
15973.997688815
15973.817384125
15972.3603611288
15972.5638303647
15972.2190789368
15972.1652034815
15973.5166108166
15973.2642186658
15973.2737079844
15973.2471165903
15972.1760790211
15973.2149387372
15972.5019281333
15974.0362568922
15973.1086170023
15973.5458243705
15971.4394455047
15972.1178710701
15973.691327499
15972.2579758431
15972.5569638362
15972.2543907272
15972.3284225664
15971.3873556016
15973.3901179931
15973.0935690404
15973.6041668855
15971.2269299506
15971.2907648243
15972.7068234223
15971.2615720609
15972.2422212879
15972.6109273327
15973.3548002806
15973.1557136483
15972.3334407773
15971.4581506143
15971.3840480746
15973.9170374115
15972.0731484105
15971.9596681306
15971.7228527798
15973.9033459126
15972.9611614428
15973.2290361354
15971.1795628012
15970.4854540134
15970.6896262597
15973.8695429179
15973.6720803788
15970.9733419642
15972.2144824548
15974.0751491131
15972.4616010419
15971.1883794431
15971.608158491
15972.7274752332
15973.0527267146
15972.0833839813
15972.3646885412
15970.8329647343
15970.9402264036
15970.6980129325
15972.6367307281
15971.8709314601
15971.2966515152
15972.1976667541
15972.6383656713
15971.0086959402
15970.9944210436
15970.8402490729
15971.2808862752
15970.9582242707
15972.2853504852
15973.1437052147
15972.3471051609
15971.0909047704
15972.399790015
15972.3122831859
15971.5142666542
15972.4830363003
15971.4485185049
15971.6989127174
15972.2337556765
15972.48260919
15971.9673649343
15972.5152283335
15972.0829272854
15971.7249134012
15971.8385693997
15970.95354742
15971.449132657
15972.3680757528
15971.6033345719
15972.7007352982
15971.2420482186
15972.3610864709
15972.0152072313
15971.1808359242
15971.9696010156
15971.1082928441
15971.3996387404
15971.1519727934
15971.5605990064
15973.2746174772
15971.3891478542
15971.3209433101
15973.2646731991
15973.2992470222
15971.8177308531
15972.2085161926
15971.7998852533
15972.7783143753
15973.7148974033
15971.1892044282
15971.5128898017
15973.2244958365
15970.7559917059
15971.1346281802
15971.9801689306
15971.8440354264
15972.3804937344
15972.5716966236
15972.8505304989
15973.1427130889
15972.0114888957
15972.5238990252
15972.7687365821
15972.6335010732
15971.9587450092
15973.6048833824
15971.8197704887
15972.7151369698
15972.2269906306
15972.5043848461
15973.8412490606
15972.5449756232
15972.2498165755
15971.7692702685
15973.2986539378
15973.2059945411
15971.6091426201
15971.53837998
15972.6354549726
15972.3656917103
15973.5659624784
15972.6400107375
15971.7337648025
15972.0185183423
15971.418331308
15972.158179509
15972.6001292013
15972.5558251313
15972.941505245
15972.7526547439
15973.3238627405
15973.1391669099
15972.0452608848
15973.1714937641
15971.680274943
15972.3504595848
15972.4071839661
15973.4974462652
15972.8560382048
15972.6664315551
15972.9424379186
15972.2862798465
15973.0797689784
15973.1564796474
15973.4890305741
15973.3934993514
15971.8558991298
15973.0699054852
15973.441926907
15972.4534259698
15973.342766509
15972.1069936992
15971.9927645997
15972.0050636778
15972.5905196385
15972.0651975359
15971.3055902984
15972.1868615551
15973.8430033963
15972.8224585651
15973.1569271529
15973.3616191932
15972.5864164765
15973.2431725239
15973.5089215854
15972.6078919318
15972.2704784531
15973.3913905211
15972.7941563523
15973.2740753145
15973.378428724
15971.7153529246
15973.5354853211
15972.5223065102
15971.5913991493
15973.1631032686
15971.837514656
15971.7090094609
15972.0300898573
15972.5469740566
15972.1035963708
15972.1071329005
15972.5863611203
15973.5925778532
15973.129561258
15973.6576131742
15972.134835286
15972.7453153756
15972.8729501099
15972.7609123958
15973.1127321571
15972.8996598271
15971.6264990758
15972.1789904044
15973.2588180086
15972.388254274
15973.6064358543
15972.3288909192
15972.9986532023
15972.3521465711
15971.5129146139
15972.1653167382
15972.271517279
15971.816921099
15972.0411564864
15972.7997451462
15971.9430556796
15972.0434166239
15972.8349326606
15972.0934205608
15972.5322616959
15971.8442059867
15973.1210656104
15972.0994634367
15971.3541819756
15972.2641881792
15972.6598758101
15973.5005255008
15973.368401887
15973.6753217919
15972.4918349899
15971.3914939775
15972.7259761189
15972.6736133796
15971.4590278971
15973.4703144829
15971.201243839
15972.0838221423
15973.5238143807
15972.093886881
15973.4165928701
15972.3047553645
15971.8921657616
15971.4922668052
15971.2336876327
15972.182764738
15972.4936385612
15972.3452065571
15972.5487916366
15973.1267770793
15972.3533158655
15972.8537726062
15971.6911663555
15971.4107801636
15973.1103001764
15973.9923319712
15972.4154443992
15972.2450594884
15973.2284855775
15973.3435216033
15972.7561959833
15973.5005635852
15973.5367455632
15972.3557148198
15973.6876138913
15971.097328109
15972.3395558234
15971.6941738859
15972.2981627626
15973.4672248593
15972.5900652621
15973.3109203041
15971.5551770588
15971.9895911316
15972.8508871392
15972.5896331286
15972.3144379776
15972.2663545859
15971.9181233712
15973.1822888166
15971.6407119516
15972.7482902434
15972.9177906073
15973.5407746139
15973.9281328336
15973.4225035848
15972.9421268182
15973.1272975033
15974.0385575185
15972.7871650129
15973.503735263
15973.3205814245
15972.636336782
15973.544024915
15971.5839552986
15972.5918858894
15973.2913793862
15971.9458093735
15972.1961124942
15972.3552301597
15973.7240142685
15972.3102620521
15972.7160096697
15973.2746863543
15973.4035340003
15972.0582288436
15973.5464158613
15972.9800076866
15972.9938869786
15972.8020001914
15973.5524701902
15972.6173085555
15973.7391203527
15973.1495217878
15972.5787527579
15973.7775170093
15972.4523102097
15973.4023882005
15972.2503860678
15973.6963191868
15972.2224698763
15972.7580446266
15971.8236518295
15972.3797539583
15972.5010241592
15973.0531413641
15972.6260670164
15972.4196731337
15972.6047572134
15972.2886104399
15972.7142442269
15973.6399910971
15972.6074901712
15972.7206931716
15972.8771671743
15973.1213269138
15972.1230855477
15972.4187786617
15972.7285322753
15973.3893406156
15973.8192986693
15972.9046136207
15972.2578638564
15972.7866937325
15973.8276011829
15972.7522847602
15973.3136386949
15972.1505082967
15972.3176517783
15971.9438527345
15973.3093199464
15973.2805707816
15972.2247555422
15973.7010488308
15972.5499140814
15973.596162758
15974.0270903735
15973.2667071431
15973.4477843172
15972.7017031855
15973.9478318706
15973.0089676476
15973.8846976651
15972.9330948672
15972.1231857746
15972.9998172337
15972.5295760217
15973.0857363654
15972.8948231586
15973.5140720777
15973.2221485314
15973.3279902508
15971.9761526894
15972.3508612329
15973.9311161397
15972.5729710655
15972.429507998
15972.5925590112
15973.19945291
15973.3533920613
15972.6310850557
15972.4914217581
15973.5586232951
15972.3534466976
15972.3878714124
15972.3924392405
15973.2123402681
15972.7790053424
15972.1810095386
15972.6617836216
15972.7651366875
15973.1418066646
15971.7775406613
15972.5390369381
15972.0498540367
15972.530313207
15973.0023084473
15973.3466925402
15972.0541923827
15973.3745045693
15972.1961017773
15972.7126279964
15973.4018258282
15972.9395287154
15973.7420086059
15971.580595202
15971.9707622598
15972.8249927446
15972.9633476155
15972.7457255753
15972.7742092901
15972.77034487
15973.120894913
15974.0719924449
15973.1934415905
15971.695884511
15971.459491474
15971.6893719089
15972.1808054607
15971.4050417177
15972.4549155784
15971.3736976788
15973.36319752
15972.9873977361
15973.3677178934
15973.5733351502
15972.2414733424
15972.1665429926
15971.5164880427
15973.5964437453
15972.87773837
15972.9148395003
15972.1394169276
15971.0616538564
15971.9026022037
15971.7664043035
15972.4115797335
15972.1029868657
15973.4818503846
15973.1135894553
15973.0365388582
15973.1593187221
15971.778439145
15973.2488176329
15972.0006764229
15973.1305314689
15972.0109092413
15972.5957208371
15972.0032553889
15972.4684217457
15972.294503218
15972.5571928794
15972.766000696
15972.7857958023
15972.3163460828
15973.4634251295
15973.1149140607
15971.9471868512
15972.8298728275
15973.4089834337
15973.1352265173
15972.0601414866
15972.6055851062
15972.5690623001
15972.3017525992
15973.0512736929
15972.2003111638
15972.1997967829
15973.301307244
15973.0522420786
15973.1027400601
15973.0028228467
15972.7342305245
15973.6462160254
15973.9985976679
15973.4909636708
15972.4068680321
15972.6252788313
15972.6426163894
15973.3080154294
15973.6240430047
15972.2987600635
15972.6150285657
15973.7934272809
15971.9675672948
15972.0297992405
15972.342932819
15972.14760339
15974.1300583103
15971.0452704509
15971.1020937136
15972.4660799385
15973.1578357641
15972.4746848158
15972.2507817428
15971.9437117263
15973.5847157003
15971.3522529556
15971.3954054532
15972.6469457637
15972.4385661076
15972.6848503967
15971.8455226139
15973.4882535938
15972.9174657489
15973.3010991746
15972.4901392285
15972.3719981601
15973.1240756758
15973.1267592998
15973.2797025085
15972.1663102558
15973.4249775987
15973.9223218432
15973.8042660596
15971.3938349256
15972.8716878195
15971.6424024407
15972.118350609
15971.9093606007
15971.922559924
15972.3447171975
15972.4122872359
15972.956767971
15972.7986806675
15972.0636038681
15972.7773689766
15973.2283269018
15972.9766805762
15972.8366277393
15973.8132161304
15972.1414546043
15973.8372598872
15973.6802699419
15971.7361899614
15971.2326455731
15970.9297117292
15971.9902764628
15973.4040826754
15971.7923266457
15973.4899936744
15971.188442706
15972.7310735607
15971.2339388669
15972.2860475552
15973.061561357
15972.5180112331
15972.8802310427
15972.3270563433
15971.9231730974
15973.6951376942
15972.9564745875
15973.7585771379
15972.3452827513
15973.2710775207
15971.1914326927
15973.4573446311
15972.3242995763
15972.1300094582
15972.621222394
15973.3773909619
15973.4229130847
15973.0010265193
15973.0148764755
15973.7161652872
15973.6394055629
15972.3020728665
15972.2889259214
15972.1897072539
15973.3475429657
15973.1507540261
15973.3088875319
15972.2345594863
15972.6079649525
15973.2450129076
15973.5042820894
15971.3460200183
15972.0810799087
15973.2664519633
15972.248453665
15973.5857799436
15973.8252160256
15973.9749962075
15972.7494654708
15972.1480722566
15972.5015516625
15973.0734837692
15973.638130684
15973.2934957031
15972.9236078958
15972.6334126154
15973.5803927448
15972.6561957252
15973.8234744235
15972.5222057768
15972.0389960171
15972.3440366122
15973.5573288488
15973.325233926
15973.5619006228
15972.3678086103
15973.4639880237
15971.7212463017
15971.7717826562
15973.3095395789
15972.5892919227
15972.3079711746
15972.7707784504
15972.4323847715
15972.9366545696
15972.5079778813
15971.8959851724
15973.2418434774
15973.2424170866
15972.0019794017
15973.9181631148
15971.9001190816
15971.4216574281
15972.778908993
15971.764483364
15972.9668443756
15973.11157602
15972.8719031244
15972.4140465284
15973.0556607819
15972.7056327904
15973.3259522069
15971.5569274129
15971.5868168497
15972.4024235852
15971.0871655821
15971.4362560923
15972.7290834902
15973.094301611
15971.8671884206
15970.9354768765
15973.6829389497
15971.8253046285
15972.9938798483
15971.4252537566
15972.7550791029
15971.5229445791
15971.7377983174
15970.8953962145
15972.6769214933
15971.5862350539
15973.7883181931
15971.3044355592
15972.9722582781
15973.305311991
15971.7603926104
15970.8012508337
15973.0775938715
15972.0285951951
15972.0760282458
15972.7732420122
15970.9513925523
15971.7092654798
15971.7497422874
15972.584201646
15972.8773628237
15973.1740673154
15972.6221028353
15973.6572586628
15971.8294919583
15972.0475858922
15972.0633383765
15970.5960296719
15972.9480529674
15972.4416568912
15971.147223114
15971.6958528347
15972.9306445281
15971.2174829191
15973.0053053312
15973.2160674037
15971.6568034521
15971.6858136307
15972.0941472648
15971.6845015978
15972.210495579
15972.5434457261
15971.1098003049
15972.860799706
15971.532185759
15971.4447207043
15970.8211550275
15972.7614072167
15972.8352174233
15971.3391039728
15971.2291127763
15973.5314640278
15971.5520153367
15971.8279956798
15972.31856859
15972.340110652
15971.4350525083
15972.0819760538
15970.820449886
15971.1431688741
15971.9578147076
15971.3625298723
15971.7103544362
15971.6488383327
15972.8658089363
15971.9832295266
15972.0719931175
15973.259363151
15973.1644877725
15971.136820264
15971.7715575081
15972.0730538094
15972.2443479394
15971.9616574533
15971.223520775
15973.5627504246
15971.9764265114
15972.0761832111
15973.0313615858
15973.3495235895
15972.1283678223
15973.6546357755
15971.7579236832
15972.4292870994
15972.1399004326
15972.6823533613
15972.9663421384
15973.3913588899
15972.2637156807
15973.0312650237
15973.6237803512
15972.7415857529
15972.4162324345
15971.5207945071
15972.525296193
15972.4742680787
15972.6560581497
15972.7168373101
15973.1162209582
15971.5374190485
15972.7037120183
15973.5369035565
15973.7609416967
15973.55096914
15972.0086413688
15971.5648141649
15972.9252446052
15973.7499303789
15973.367380393
15973.0714180563
15973.0349278273
15972.8645685326
15972.4887300697
15972.1871991446
15973.3003620254
15973.4016417718
15971.7876203193
15972.4062123794
15972.5981051551
15972.0698538308
15973.2982722134
15973.180223145
15973.011761945
15973.9354839589
15971.535647976
15973.1431467157
15972.0227967808
15972.1686378487
15973.8832167345
15973.9547854481
15971.2632317773
15971.9035816969
15973.255379082
15973.3553973161
15973.2053941651
15972.7980197846
15972.741942501
15973.1006354404
15973.5793528041
15971.9821912777
15972.8205652346
15974.2545447048
15970.3591808953
15972.5625759623
15971.257843956
15972.7943508651
15972.8630844725
15971.9745764481
15972.5415190096
15971.758068526
15970.5987480213
15972.2355855635
15972.4225591547
15971.9015587401
15972.4822674975
15971.8577343417
15973.4788150793
15972.8493448453
15972.5517402155
15972.3484103166
15971.011610375
15972.4184694549
15972.6359342086
15972.7491235351
15972.0960471531
15971.1044325882
15972.4303387477
15972.2946541364
15972.5735259127
15971.2812730476
15973.0668141934
15972.7368656412
15972.4326526284
15970.7833902197
15971.4327266539
15971.0805397216
15972.3210307298
15971.2233079802
15971.2594898947
15972.8634266743
15971.5375040197
15971.1944390368
15971.4016296043
15972.9435775032
15970.7700874746
15971.9205433855
15971.8868135597
15971.2573257169
15973.7336762791
15973.4369528051
15972.7484834762
15971.5221891035
15972.2634200162
15972.465618875
15972.5005209868
15972.7306553934
15972.331570863
15972.0968163793
15971.9518577416
15973.3479468054
15971.8441302997
15973.5787778807
15972.1336852975
15972.24496119
15972.8061979659
15972.0957436665
15971.9689462398
15972.51299532
15973.0184351812
15973.4539925232
15972.9928754306
15972.5896321598
15972.9854585235
15971.6547527842
15973.3397783706
15973.2364742249
15971.9639876363
15972.6864662272
15972.5569711843
15971.0146908071
15971.9304667646
15971.2284264064
15973.1701063242
15972.4800957936
15972.2929113394
15972.9516681587
15972.2346031388
15973.6024830339
15972.2914861272
15972.5579269208
15972.7785239717
15973.6999598305
15971.1168533769
15973.1087070363
15972.3154371354
15972.222996795
15972.9487018545
15972.0778384803
15973.3072234693
15972.0365000006
15972.9728494866
15971.7123109776
15973.3200297247
15971.7821611868
15971.8644231468
15971.8690412839
15972.7306670089
15973.4632232082
15972.5697063757
15972.1354580432
15973.5338565933
15971.8347062602
15972.5549400756
15973.1480215381
15973.3947196273
15973.2072417201
15972.8216881248
15972.1231585596
15973.4420130013
15972.5687963944
15973.0428193346
15974.1059292616
15973.5765719172
15971.7920938448
15972.6203942331
15973.2419707235
15973.6169386018
15973.1896994435
15972.4967643598
15973.8531261564
15972.7335278932
15971.7894953055
15972.7397611952
15972.4721834
15972.6394915337
15971.751109864
15972.3354214754
15973.1636650391
15972.8066740795
15973.6804311536
15973.1985936025
15973.4069024013
15973.4242993729
15972.0492647113
15972.944016279
15972.3735071079
15971.9829917378
15972.2568683186
15972.9111426275
15972.020851036
15972.9800758816
15971.7634803013
15972.041670157
15973.2276788476
15971.8965804934
15973.3812056196
15972.3975087862
15972.9447311593
15971.7380341692
15972.8517837553
15972.1495819471
15971.4985225076
15972.1030146842
15972.1394110391
15972.5501366241
15972.9063978227
15972.0635168083
15970.3898584185
15970.8371366298
15970.8611073637
15972.2598481696
15970.9165508774
15972.2264079011
15973.2575478542
15971.8947623977
15972.3104245168
15971.586790705
15972.5160231217
15971.5335118616
15973.0046760756
15972.5448686902
15971.9206918779
15973.1665125966
15972.0882373978
15973.3148731647
15972.7528707106
15972.8752140154
15973.2098400583
