# vacant volumes
15939.639025406
15938.8488154287
15938.6958259512
15938.5421590191
15939.8061746419
15940.1233562504
15939.1034020893
15939.8273952612
15940.3500817164
15939.8744638962
15940.6636466988
15939.9005478143
15939.8253720101
15939.6962966397
15937.831927664
15937.9471047593
15939.0176918694
15938.4934473834
15939.8674365259
15940.1934957962
15940.8359544111
15939.5921244534
15941.0025123525
15939.5065144946
15940.2914148415
15941.1558793352
15940.3785083656
15939.7051438684
15938.6959602429
15938.5586402963
15939.5033100788
15937.7562914954
15939.7783590855
15939.5304906458
15939.7778519208
15938.6500606146
15940.5762873017
15938.818629612
15938.4611224854
15938.9965541649
15938.9822073155
15938.4896957244
15938.966596987
15940.6314764376
15939.9691652087
15939.0043192453
15940.8203809214
15940.2194494735
15939.5050359409
15940.2265806022
15940.5277653283
15939.3251200064
15938.3972900596
15938.293208902
15940.3468574587
15938.6527232791
15938.3124809512
15939.80583931
15938.0444059098
15939.2851420226
15939.3730212037
15938.6656608139
15939.7391004075
15938.7478480883
15940.5640643373
15938.9942020678
15940.4781193219
15939.2328065669
15938.2708159899
15941.2043700743
15938.804666916
15940.2586098908
15940.2375662941
15938.5900918899
15939.9354574799
15940.3786427224
15940.048978336
15940.2588183368
15939.1358997324
15938.1508684411
15938.6897621465
15939.2753903783
15939.1416378
15939.0322502788
15938.319817683
15939.4211599559
15940.103771547
15938.9236426665
15939.5821123731
15941.0357276818
15940.0662021087
15937.9500937202
15938.7258487741
15939.9593657707
15938.9895711952
15940.0578891092
15938.3058128357
15939.2166074865
15940.0473926451
15939.9540232614
15938.8876243377
15938.3662329841
15940.8721250996
15939.4399565485
15940.1450328623
15939.2314408723
15940.101828045
15939.3751688896
15938.9045110043
15940.590454895
15938.7552271799
15939.3786632192
15938.7426053552
15938.7020988972
15939.6045056834
15939.287179462
15939.8139976454
15939.0392452072
15938.4723462131
15939.168828558
15939.7632620084
15939.1630919485
15938.0586645653
15940.3158264547
15938.9232598927
15938.9256645534
15938.5565224017
15938.5792792821
15938.2582444726
15939.456476343
15938.5176965904
15939.5935995167
15940.5140392933
15938.5117905929
15939.544904259
15939.8044408875
15938.7462818405
15939.7290804748
15939.2146549539
15940.4741010965
15939.1426192102
15939.8551653462
15939.9437040736
15939.197681384
15939.1001148358
15938.6862361297
15938.9824774475
15939.8637218528
15939.0331106342
15940.2981825183
15939.3626140565
15938.6967133866
15938.1386212066
15938.111191507
15939.7909687604
15939.4951700557
15940.5377655168
15939.9309116199
15938.8831053524
15939.2150808536
15938.7569888695
15939.03574853
15940.2950293166
15940.1630317172
15939.2345709372
15939.0048405236
15938.7688929159
15938.2592670118
15939.5188697102
15939.310445601
15938.909059956
15938.2754035335
15940.0268658875
15939.5089007432
15939.6099906037
15940.0715398887
15940.0196936122
15940.3114695868
15939.2037342718
15939.5126805653
15939.6020975026
15940.4172782063
15938.9776064605
15939.3041550246
15939.184069596
15939.2973147846
15939.1052399812
15939.2791592017
15939.5101032016
15938.683827607
15940.0785980854
15938.5570130063
15940.7952661607
15939.943292291
15938.7771260963
15939.4323634768
15938.7130086324
15939.4910855588
15939.4245048587
15940.4747872787
15939.0477721051
15939.2455027639
15939.520660041
15940.2425209996
15939.4593738915
15939.8083305417
15939.5714498483
15938.4509106785
15939.3804271969
15939.5257102452
15940.149407806
15938.6428883555
15940.09346083
15939.4184168824
15938.4634538877
15940.2895027992
15940.4792641645
15939.1779013009
15939.0448642536
15940.0799924169
15938.6632675201
15940.6375585777
15939.5918288855
15940.5418268231
15939.5681741207
15939.647713286
15939.0565550079
15938.6083164712
15940.0078781766
15939.7209189581
15939.8605803427
15938.2263450172
15938.9890176897
15938.8680041593
15940.9489801242
15939.1376692807
15939.6612814475
15940.0517295075
15938.4892728546
15940.2942829972
15939.0962755292
15939.9892549104
15940.4827358195
15939.4479414186
15939.3035684557
15940.4854144166
15939.1900485059
15939.3843031166
15938.7698985144
15938.992485612
15938.891516731
15938.9726167746
15938.4234261142
15940.5605952509
15939.9326066099
15939.8222629635
15939.9778533694
15939.7278931869
15938.5486521668
15939.9861546395
15940.7118017463
15938.8483450797
15938.5235412645
15938.0266060077
15939.497245683
15938.7212367255
15939.1238298397
15940.3416468519
15939.1908998768
15938.2891792689
15939.1164399446
15940.3253210779
15938.8379138571
15939.446725034
15938.7406672058
15938.1483667952
15938.4435109465
15939.9310638973
15938.289873313
15938.184031794
15939.0045448897
15938.5608238603
15940.4380658997
15938.5594748755
15938.3812640803
15939.2289019659
15938.593446688
15937.3945456948
15939.2592754851
15937.7324563436
15939.0784795429
15939.4890203475
15938.6810753897
15938.4979776695
15939.8312945024
15939.0122157269
15939.6977221682
15939.254308005
15938.222197281
15938.2336780549
15939.6805185309
15938.6624429441
15938.7437396541
15940.5691457021
15938.9772303112
15938.1680577864
15938.7500975073
15939.6223168472
15938.8572891891
15939.7911417966
15939.8832007748
15939.2530896487
15939.8494156796
15940.0081544708
15940.6088935331
15939.3732311136
15938.4303589326
15938.54852067
15940.1135072715
15938.881765938
15939.7332655312
15940.0887755514
15939.3249895858
15939.9388493274
15938.6709122006
15938.396783096
15939.2160100266
15939.8641185512
15939.268946264
15940.2466758858
15939.2576138186
15939.7968063605
15940.1781204665
15940.550840258
15938.9558900677
15938.6508828644
15938.5364069943
15940.6378059494
15939.6859381709
15939.1115913293
15940.5901368901
15938.8324781028
15938.6118008134
15939.7019195648
15938.097182197
15938.8088558415
15938.5272762498
15939.7673577049
15939.2704660717
15939.3789890614
15937.4270959725
15938.4724904092
15938.2955790353
15938.4498874136
15939.4889811502
15938.6292281218
15939.734370308
15938.8502768562
15938.2004942143
15938.9108560039
15939.0331328702
15938.6813495649
15938.1667771539
15940.2958901344
15938.4134055367
15938.8714258058
15940.0689477965
15939.0761894399
15938.4259011132
15938.852824773
15938.6606344237
15938.1380064176
15937.6033208204
15938.9822047939
15939.3786840277
15940.1407843931
15939.6782129226
15940.3915654492
15936.9272708755
15937.1474544669
15937.6109361318
15939.9709573824
15938.6917498629
15939.5881372114
15939.2896565169
15939.2187586319
15939.2404112666
15940.227418928
15939.5258167686
15938.1706618704
15939.9665474164
15939.2247195356
15938.566594973
15940.2127897878
15938.8001455282
15938.6883358118
15939.2408311253
15939.0604795391
15939.7656041659
15939.3807417055
15938.4448223642
15940.0583452848
15939.2338175339
15938.7062340159
15938.9220412308
15938.1741357337
15938.8047948971
15938.4846401766
15940.1154256787
15939.2487948698
15938.1848131278
15937.7427846724
15938.4183282805
15940.4234836842
15939.7020289802
15940.3618160871
15938.4495663567
15938.6788092477
15939.1576052692
15939.0006493411
15939.7995536309
15939.8575206272
15938.5400651318
15939.7617834303
15939.8243398002
15938.8238480825
15939.1227698319
15939.1030369532
15938.5871831151
15938.8028235071
15939.2912065087
15940.4418408258
15939.91151913
15939.4274181636
15939.9265505053
15938.4481678648
15938.01477942
15940.4842908956
15940.5520775216
15940.1022334396
15940.0324842814
15938.934351336
15938.9916818423
15937.3632951035
15937.5477325306
15940.1717701169
15940.3219286752
15937.7693249952
15938.9614989946
15937.3002751672
15938.527943042
15939.3469540371
15939.1618531554
15938.4385184239
15939.1135135845
15940.0315145629
15939.2421156118
15940.668446657
15939.6013863565
15938.1482471267
15939.1842718339
15938.0648453184
15939.7289596488
15938.8843037851
15940.0161631597
15939.5941496736
15938.4924400907
15940.2697962632
15939.7255581494
15939.5798885008
15940.3429119371
15938.720351944
15939.5096220033
15940.0774952074
15939.6778153993
15938.800837619
15939.1106403247
15939.8225720038
15939.1077173792
15938.7034003326
15938.8977680019
15940.4615726546
15938.8715435536
15940.0746836731
15939.3044884497
15939.270320106
15939.6677945771
15940.1601213175
15939.4394205835
15939.8315674737
15940.2262850976
15939.8371184222
15939.3473697924
15939.974665609
15939.0522177228
15940.1026143761
15939.1271952489
15938.4115054661
15939.5987387547
15938.9463972723
15939.090305004
15939.3735899524
15940.2852166817
15939.8769160494
15940.3426442736
15939.9874184369
15938.8132399224
15938.1115910962
15940.3555504562
15938.4547298154
15939.4854801614
15939.0177434132
15940.3809300337
15938.4894104422
15939.5392252345
15939.0727014432
15938.2240558319
15938.4987378872
15939.1004464425
15938.5069110295
15939.23561692
15941.10774871
15938.1284337262
15938.4721434018
15937.8160720529
15938.0511964494
15938.0606969116
15937.5818387953
15938.0210306895
15938.794160049
15937.8778025708
15938.2722650518
15939.5903723537
15939.1079755669
15938.4243107184
15938.6668989083
15937.7709787083
15938.1639802474
15939.2387223931
15940.1478614181
15938.5086901075
15939.4532207808
15940.0235329012
15940.4058938958
15939.2803659649
15938.9610826345
15939.2454587344
15938.9529354212
15939.9700672704
15939.3011528141
15938.6710040986
15940.3913231832
15940.3002788885
15939.8983047191
15940.3910988388
15939.5114768647
15939.5307315375
15938.9289258309
15938.4389198886
15938.6721439229
15939.6411272888
15939.5193801552
15940.0188328083
15938.7703720267
15938.3418552616
15939.0488153925
15939.757024222
15939.5161647186
15939.0848978037
15938.4202985774
15939.1236042157
15940.3775907577
15939.3639758438
15938.6581233713
15938.2109242276
15939.3788293894
15939.3433358254
15940.0330336894
15938.940822616
15939.3261840924
15939.8545213624
15940.238518721
15939.3866111201
15938.4763347899
15938.3042287078
15940.7909803794
15938.398291144
15939.8522132566
15939.6589836393
15939.7572498521
15940.0823571789
15938.5968453525
15938.4246615384
15940.4459848176
15940.4249852678
15938.6071137262
15940.5438632289
15940.3337554472
15939.5172229016
15940.4524479976
15939.0250814099
15939.1633525619
15938.6645985113
15939.0496657043
15938.8665497584
15938.8711838914
15938.1308086184
15940.0299660377
15939.5444434766
15940.7251154939
15938.905379162
15940.7847131508
15939.3197038882
15938.8790022998
15939.4791543034
15938.8086442779
15938.4547234683
15938.4742777277
15938.841343382
15939.2714673447
15938.522141448
15938.4799571963
15939.7050779061
15939.9768035646
15939.3306984874
15940.2398472624
15939.3672329026
15938.5876018744
15940.4295827574
15938.6174303081
15939.1992640152
15937.3656654133
15939.9401613021
15938.5968134213
15939.817205299
15938.0007720196
15939.1899982041
15938.9744266157
15940.0203305563
15938.9837858108
15939.2421984608
15938.3356849243
15939.4346697842
15939.1888777956
15939.8194649097
15939.8843745725
15939.7989374606
15938.7271343519
15938.3330834942
15939.3237789359
15939.8996497937
15939.3588503258
15938.6452836638
15939.0684947454
15940.7713502096
15938.8182319213
15938.5119391827
15939.7558110856
15940.0324969575
15938.8737597144
15939.6019063297
15939.7684123795
15939.310092326
15939.8587896102
15938.6146418712
15939.4638205953
15940.3689869065
15938.2376507235
15938.9835322148
15938.656374859
15939.3790201215
15938.5325600162
15939.1742291635
15939.2933915701
15940.7331366485
15940.3004673024
15938.6809307627
15940.0416297976
15940.1169236577
15938.9071702628
15938.9337959099
15938.7939927476
15939.3667082265
15938.9465606281
15940.1588389225
15939.8940183278
15939.7118459472
15939.5950022217
15939.5808492761
15940.5977560345
15939.5762427037
15940.3530465785
15939.4479846904
15938.7729983954
15939.7209791829
15939.0129256571
15937.9958819198
15939.5169555991
15939.8102910567
15938.2189739552
15938.7058837058
15939.5302243663
15940.2198489093
15940.3355855986
15939.1215131903
15939.6149363223
15938.9094390742
15939.0197737302
15938.400250022
15939.4419034294
15941.2497107385
15937.9252350663
15938.0444931565
15938.131777128
15939.4401689115
15939.8645639725
15940.0262788628
15940.0285409447
15939.9626684688
15940.0974225829
15938.4168945718
15938.6451450764
15938.7651584124
15940.1491047989
15939.5953334248
15937.9879707248
15937.9410911714
15937.7803102872
15938.9241008111
15939.7970803883
15938.7404525635
15940.7218558948
15939.2536431712
15939.5999493634
15940.2363022696
15937.9010087344
15939.5993253934
15938.8591809149
15938.1802850294
15937.7562294981
15938.2780551766
15937.7829724192
15938.3403541416
15938.1394634421
15939.0752793415
15938.684630191
15940.2798445322
15940.782905594
15939.1479673948
15939.0471877186
15939.0359717438
15939.1539358143
15938.0093239348
15939.0475842002
15939.5979700566
15938.2181219199
15939.9496073495
15940.1315422729
15939.0902130741
15939.1329695819
15940.1111106117
15940.3515199503
15937.3553059329
15938.5406350428
15939.3142389178
15938.6888841315
15938.7549756836
15940.1226129649
15939.0699313457
15939.228208733
15939.3661020238
15939.9402539219
15940.2374452654
15939.9964397924
15938.7826800956
15939.1944454226
15938.7995187323
15939.9123478825
15939.7517582681
15939.2281479352
15938.1366940407
15940.033929791
15940.239419344
15938.7996558479
15939.7638993344
15939.5970174424
15939.5904595138
15938.5100565985
15939.9390732993
15938.435548723
15937.594917762
15940.2311249694
15939.8978968287
15938.6123730988
15939.426167621
15939.7714634616
15938.950521864
15940.0331489359
15939.1842616957
15939.4875109902
15940.2199396967
15938.8878756609
15938.6517285688
15938.2366905061
15938.7621907254
15938.1116408602
15940.2099237042
15937.946288118
15939.7139518938
15938.8700926185
15938.7795177824
15938.5220354785
15938.343561521
15938.6246212146
15939.7584841018
15939.4944294294
15938.6676433687
15939.3601389589
15938.4173445141
15939.375825919
15938.6548547325
15938.7182409158
15940.0358268292
15940.1738132686
15940.7509049859
15939.3970909142
15938.3340438826
15938.2097580216
15939.9550490265
15937.8900522344
15938.3361751655
15938.4561655768
15938.9132889182
15938.7661859212
15938.3075723886
15938.6816238879
15939.8157144669
15940.2217639427
15938.9803529622
15938.1572052126
15937.9880544821
15938.4096027799
15938.0541296639
15938.8965071995
15939.7864539065
15939.3346549509
15940.7601302279
15938.2274814596
15939.6709572435
15939.8944449335
15939.4117235689
15940.8347808601
15938.8868315984
15938.4787279979
15939.4521490458
15939.021991116
15939.9381608705
15938.477221987
15939.2879968986
15939.2271407958
15938.4961132895
15939.7363819086
15937.7402141424
15938.7790605278
15939.8408714146
15939.7059034615
15938.9262298698
15938.7147055446
15939.1687351297
15940.7761300047
15939.3739682685
15940.3745569119
15939.088950762
15939.9328951558
15940.4543058119
15939.2488610662
15938.9726884549
15940.0549785508
15939.824387344
15938.4144924162
15938.7370719148
15939.2824698143
15939.2439833053
15939.4465095444
15940.232020728
15938.4461043541
15938.7749816492
15938.2771186796
15938.5925411985
15939.1129843594
15938.4977398506
15938.3689388848
15939.8505973623
15940.100802469
15939.3568744866
15938.4746416218
15939.0479837201
15939.0217909194
15939.6839146191
15940.6470999593
15939.1282195148
15939.3094183134
15940.7437444906
15939.620397778
15939.8622974101
15939.8135692437
15938.9801097621
15940.1504864426
15938.60279801
15938.6366039789
15939.3898265237
15937.8002693084
15939.2117397763
15938.2644901371
15938.4969358804
15939.8588620861
15938.6648350504
15938.8948289672
15938.2258143222
15939.7764650359
15939.5522506755
15938.5374270004
15938.6557074065
15937.8480807028
15938.4172722729
15938.6485373342
15939.2340358458
15939.8833533829
15939.2064642944
15937.6498233014
15939.5280622026
15939.7022352152
15938.6037382083
15940.3181361398
15937.7546794553
15938.3297522806
15938.4329908067
15938.1420198847
15938.1763769274
15938.5115566814
15939.338435963
15939.1549547917
15939.6775676375
15938.6741458129
15938.8000903872
15938.1427605833
15937.9461099818
15939.5276017912
15939.0730639953
15939.9745462366
15938.0583439676
15938.8372501449
15937.9708108103
15940.3063854956
15937.7794067207
15940.0421506179
15939.1347630646
15938.3702075702
15939.9813693926
15938.4847341969
15939.6530736017
15938.9507969145
15938.2774534004
15939.4259091399
15940.0893521703
15938.8711697595
15938.2813077588
15939.2750400153
15939.429301243
15939.2764365463
15938.9378692233
15940.2191141322
15939.407595498
15939.2995749741
15939.3273203766
15939.5298217904
15940.0003777648
15940.3124454438
15940.0531394194
15938.9451790831
15938.7504780063
15938.7300561456
15939.5478067742
15940.3149065972
15940.2002737315
15938.7655523434
15939.7089118332
15939.0647289379
15939.5943127065
15939.7653437254
15940.0064323801
15939.6203393555
15938.5845336411
15937.9066841704
15938.0504260105
15939.5771467694
15938.0603566707
15939.7719607474
15939.7279612736
15939.7178654981
15939.3318094143
15939.7799983558
15938.2101222363
15938.4396738588
15939.1869531637
15939.800565402
15939.9705641559
15938.0769801912
15939.6468988865
15939.6743005118
15938.6990478105
15938.6139013177
15939.4527393724
15939.0104438589
15939.2333188068
15939.1991113499
15939.1828743134
15939.6853958227
15939.8716546266
15938.6725603877
15938.6280412234
15940.0183102642
15938.9583754782
15938.5491777355
15938.8315838195
15938.7056141783
15940.2111394264
15939.2626783777
15939.2918831508
15939.3655250152
15939.9235714802
15938.5199704178
15939.0526059325
15940.3233975976
15939.9578329785
15939.2117019011
15938.1546105055
15939.9651217015
15938.462614063
15937.8441322991
15940.456866744
15938.0724821775
15938.9826838264
15937.9377741085
15939.6843037876
15938.9780682693
15938.6742967833
15938.7049148739
15937.8054774969
15939.0879381436
15939.3395909205
15939.081565657
15939.9487494361
15938.9217287067
15940.4084288085
15937.8402972054
15939.4276924716
15940.3148750851
15940.0332775024
15937.9359644088
15940.377304266
15939.1137064866
15937.2750576913
15938.2595179997
15938.7075267525
15940.2487865247
15938.7671918032
15939.5001364251
15939.6356625108
15939.2395294687
15939.9189452479
15938.4965210713
15938.9356504309
15938.2947591923
15939.5392306882
15938.8511281036
15938.1117732929
15938.334512965
15939.7938342024
15939.6065283323
15938.7823615537
15938.9743258671
15936.5501528633
15938.3703170864
15939.932503282
15938.7105583727
15938.7565175554
15938.6040721127
15938.3941271111
15939.9653357725
15937.6261503198
15937.7816142576
15940.04814967
15940.0113830614
15938.3735141303
15940.1658214612
15939.0383771527
15940.0316758503
15938.9573778975
15937.5182400939
15938.1427063805
15938.5854803943
15938.4973544067
15940.131199282
15938.6030444329
15938.2838847358
15940.8171384455
15939.7389433852
15939.6739224034
15938.0197093065
15938.7567915806
15938.8456966619
15938.2829172113
15938.1188703832
15940.2128859667
15939.5898555216
15940.6255704859
15939.602337981
15939.3278365919
15940.1988087657
15939.3817194213
15939.2184759537
15938.795428908
15938.3814253012
15939.9832921578
15939.8487786255
15939.930254999
15938.5089556414
15938.979034306
15939.0496093712
15938.491685681
15939.9773350304
15939.6386858418
15940.7811945557
15940.0256276379
15939.3794890915
15938.8167849282
15939.7096657207
15938.9603695201
15939.9013155708
15939.0948683429
15938.2580301438
15939.6308177568
15938.5704430252
15939.6019614158
15939.3737244859
15939.9155695705
15938.50193292
15938.8117183283
15940.5781629248
15938.4611293711
15938.38026277
15940.0584880084
15939.1921965635
15939.7819970632
15938.7118832507
15940.1992665022
15938.1156188031
15939.1079486147
15940.0637343333
15939.7746429257
15939.2374975179
15938.1054105244
15940.6177215141
15938.1885680215
15940.1200183451
15938.6346584334
15938.8069405071
15940.2057512515
15939.1741843243
15938.2714032438
15937.7590902779
15940.1245655222
15939.1172430418
15938.7119704438
15938.6786348493
15937.478228365
15937.3392511563
15939.2022379615
15939.9274669381
15937.7835419691
15939.5117714022
15938.7500120169
15937.9932967251
15938.4774942226
15938.8813107429
15939.0025482628
15937.4625023381
15937.3831764057
15939.8990143216
15938.0342147782
15939.6131938395
15938.6855691377
15937.9266637377
15938.9983689777
15940.3593321454
15940.4760075994
15939.5154621375
15937.7180482553
15938.4609053828
15939.0183866404
15938.7415518592
15939.9370332057
15939.3678886447
15938.7883996956
15938.5450822788
15937.6125461628
15937.543935768
15937.6769542088
15940.0843042745
15939.5301364404
15938.2643199049
15938.941153216
15937.8359494439
15939.8612222574
15939.2798198538
15938.5940476644
15938.7907329911
15938.7815469719
15938.3025221301
15939.1790056378
15938.784459959
15939.3067086795
15940.8365140264
15939.6578123467
15937.7905632164
15940.0215316973
15938.3117133295
15940.0705056513
15938.6384936169
15938.1594868437
15937.6704451006
15940.0534214981
15938.6481518212
15939.8414979781
15939.7822045166
15940.2797882659
15938.6441707738
15938.8855320474
15938.3986405326
15939.1258923888
15938.48676175
15938.7273678024
15939.9053805024
15938.4666886189
15938.5929730824
15939.1874663109
15938.6655088278
15939.4445990626
15937.3453918715
15937.4880119572
15939.806835758
15939.3796083011
15940.1117932834
15939.7662800696
15939.3763891371
15940.1118061271
15938.5963967121
15940.0685826054
15938.1480150276
15939.7370568398
15938.2302609751
15939.3068526435
15938.5691716366
15938.8621792979
15939.5315505574
15937.5221148266
15939.1675194192
15938.7986166218
15939.0881784169
15938.1977825202
15940.3497385552
15940.0139693624
15939.7358126877
15937.6885431782
15939.2272158702
15938.5357524109
15938.4872248285
15940.2461435027
15939.5550164341
15939.0485145271
15938.2445465325
15939.0811516313
15940.4001884925
15938.36749201
15938.5310719919
15939.6096332623
15937.8262840907
15938.8310927925
15939.8093141669
15939.8323590872
15939.0857075715
15939.1954562002
15939.289350966
15938.2819519877
15938.9041995755
15939.3003159399
15939.9399308347
15938.9816057034
15938.7978131731
15939.6378837534
15939.2827411882
15939.9902548145
15938.7025427403
15939.0184278324
15939.1870025982
15939.0796596717
15939.191378224
15939.4134719843
15938.5957656858
15938.3800401765
15938.2454170972
15939.543655234
15939.5250474738
15939.6433797668
15938.9265201874
15939.5874122252
15938.3890825402
15939.9907866921
15940.5638617699
15938.6429537619
15938.9182553897
15938.7598525925
15938.2607689958
15937.797732214
15939.4605308624
15938.9501482159
15938.900242304
15938.385085326
15938.6882827263
15939.3731792584
15938.5164831218
15939.8073968977
15939.0948410984
15938.4383380297
15939.0987483404
15939.6447386419
15939.2696957501
15938.5927901017
15938.2766043101
15938.5657817508
15938.5011101334
15938.4118943996
15940.2532522001
15940.2618838956
15938.1685246096
15938.6235383153
15940.3186250141
15939.2158060988
15940.2985708128
15939.1344567164
15938.1240220827
15938.8846253346
15938.3643103646
15939.9954776383
15939.9183502989
15940.2379675931
15939.064731962
15939.3923637144
15939.3260402109
15938.1790220997
15940.3648931331
15937.9792140827
15939.7625831001
15939.3558120278
15939.6221324615
15940.7099201636
15938.5254782903
15938.651460845
15938.8388620406
15939.5870391536
15938.7583195357
