# vacant volumes
15939.0246425287
15938.3828006815
15938.3956574938
15938.1619465796
15939.3811559757
15939.6843886781
15938.6962617964
15939.546590801
15940.0059139082
15939.6683069962
15939.4396802027
15939.4866129248
15939.4940211665
15939.4978438527
15937.2506908584
15937.4235319261
15938.6103927633
15938.141349733
15939.4772305569
15939.7627867413
15940.4459303044
15939.1832962472
15940.6477920985
15939.0927399772
15939.8833658329
15940.7739577621
15939.9824946
15939.2684522837
15938.3434567034
15938.1238047666
15939.3231153216
15937.4008102607
15939.2662135602
15939.18714417
15939.3303380002
15938.223449736
15940.3532331126
15938.5783423695
15938.2252918613
15938.7001991966
15939.1573448509
15938.1214502818
15938.5786336771
15940.2476353182
15939.7367050714
15938.65793175
15940.5424674266
15939.9477029534
15939.1870104681
15939.792697683
15940.1059442071
15939.027981965
15938.0082673931
15937.9749953077
15939.9626989627
15938.3041178085
15938.0013565601
15939.4060012055
15937.9841895452
15938.9370860906
15939.1773561946
15938.3511473506
15939.1999558662
15938.9102914446
15940.1583071712
15938.6411680075
15940.1283993916
15938.8729867047
15938.2601860681
15941.038327179
15938.4416261118
15940.0921509888
15939.7259127171
15938.3077280513
15939.650730902
15939.8742095562
15939.6119884399
15939.890388887
15938.8272407915
15937.5643654012
15938.3969055318
15939.3050823338
15938.5762225349
15938.8238533249
15938.1134471574
15938.9902494258
15938.1897822444
15938.4136672948
15939.3464113755
15940.4298215744
15939.5980624704
15937.212770434
15938.2415307267
15939.6793194068
15938.9151330625
15939.7797795391
15938.1188258536
15938.7181069272
15940.0501689692
15939.4537722764
15938.4948052227
15938.0571242367
15940.3623006343
15938.9962787972
15939.4412606781
15938.6329502849
15939.6484187359
15938.7773181428
15938.539016229
15940.0220519125
15938.4348812698
15939.0317364041
15938.0738656722
15938.3338386922
15939.3046957426
15938.2764991668
15939.5863274415
15938.1933523447
15938.0624664471
15938.0199049915
15939.0754833973
15938.5736389128
15937.7025537555
15939.6827991731
15938.5173430121
15938.0087207408
15938.1252297304
15938.2431450684
15937.5391987632
15938.9513115001
15937.9978309288
15939.2231806285
15940.0909190814
15938.1117457236
15938.7094528555
15939.5581196512
15938.0276549204
15939.4295536259
15938.7923378782
15938.5701834661
15938.274455755
15938.5161285611
15939.6333629176
15938.3334660975
15938.7643442858
15938.20971985
15938.6854883614
15939.1918013559
15938.6139938188
15940.0611440625
15938.8054696133
15937.5670727012
15937.6349017242
15937.3799153681
15938.5586873374
15938.722038892
15940.0964417039
15939.4207754461
15938.3832770794
15938.6210215708
15938.5436904652
15937.9300498329
15939.8008877411
15939.5941683655
15938.8832027199
15938.6941561913
15937.6939482132
15938.2816079794
15939.0605192906
15938.7646607302
15938.6482208866
15937.6488136143
15939.4467535721
15939.0682607989
15939.152421459
15939.7177112018
15939.5632112286
15939.8759275532
15938.7507221783
15939.0743214084
15939.2189041403
15940.0837914396
15938.3456289881
15938.7310991039
15938.6348003659
15939.0643802851
15938.660570131
15938.6658027853
15939.1747937669
15938.224656921
15939.8209537365
15938.2935248483
15940.4521213743
15939.6105578633
15938.4363558126
15939.138248068
15938.2738158555
15939.1996133011
15939.0200271763
15939.7313935914
15938.7272757542
15938.7998072375
15939.0916371072
15939.9200539408
15939.0093469309
15939.523695418
15939.4747826467
15938.1565463636
15938.9967065462
15938.8390642811
15939.1823276386
15938.3464729708
15939.8031916193
15938.965098764
15938.2379725429
15939.8855245791
15940.1914247148
15938.992735222
15938.8052183633
15939.7647064907
15938.274909343
15940.3579027415
15939.1966379699
15940.1931265378
15939.2760447659
15939.3135271954
15938.6460147928
15938.2313573793
15939.662535771
15939.3064212548
15939.5719768024
15937.9864587785
15938.4848765845
15938.5143152202
15940.5447592916
15938.7680651834
15939.227327904
15939.6965769059
15938.2000537439
15939.9044565918
15938.9674412845
15940.1257768428
15940.2190981641
15939.1211008059
15939.0204377764
15940.3361399143
15938.8049210007
15939.0047832646
15938.6530834773
15938.7175262026
15938.5832291476
15938.6918042904
15938.2877179023
15940.5496835884
15939.4546474799
15939.5053446029
15939.5742156882
15939.4101881695
15938.3508505782
15939.323034602
15940.2094640245
15938.5554351695
15938.6062025392
15938.2956288535
15939.1429580197
15938.669734568
15939.5919311245
15940.3966762
15939.3924477622
15937.9270842295
15938.8482894655
15939.7711392952
15938.4303171943
15939.3145817638
15938.4565978017
15939.4420920407
15937.8602763045
15939.6181794184
15938.8343425634
15938.1351619821
15938.8445066754
15938.180689415
15940.1025255596
15938.1460605569
15938.1266328002
15939.251429735
15938.2429813541
15937.2845757971
15938.7850697183
15937.5528372993
15938.965777189
15939.0502328988
15938.489314248
15938.2517566354
15939.5401640322
15938.6208474931
15939.6674620052
15938.9988622698
15937.7068729622
15937.6806691055
15939.6451340309
15938.185180565
15938.3333036116
15940.0079418583
15938.3088287868
15938.1345913156
15938.2078710372
15939.2859889718
15938.4355484707
15939.5763594927
15939.1205321731
15938.7441265584
15939.2526974473
15939.7417047404
15940.1104878983
15939.1672149167
15937.9678308163
15938.7556444868
15939.9320487815
15938.6889976023
15939.1771532075
15939.1316833373
15938.8849044032
15940.1751385117
15938.1539746899
15938.4063851428
15938.4845957524
15939.4092071166
15939.0730107997
15939.7942879607
15939.8666595744
15939.681519692
15940.1313905001
15940.3530573622
15938.5059365662
15938.2667102861
15939.6104764603
15940.2412865459
15939.4300918297
15939.1374844222
15939.6565408175
15938.8973525449
15938.2546988236
15939.2698505904
15937.4555865052
15938.5237930266
15938.2271341817
15939.2600610016
15938.7720855779
15939.0617751118
15937.0499048495
15938.0425194203
15937.7953124986
15938.1197312313
15939.1870316706
15938.2535178159
15939.4349057653
15938.2970319974
15938.1294170656
15938.6558466364
15938.7151175494
15938.346573097
15937.7011184645
15939.9401524825
15938.1273964136
15938.5664505837
15939.7262368652
15938.5641825372
15937.967985185
15938.2590109326
15938.3705192805
15937.7234502207
15937.4605156734
15938.5452455423
15938.9820268938
15939.7184833803
15939.3052451927
15940.0397206526
15937.1551954664
15936.8508570702
15937.2712306231
15939.5919889331
15938.2473517946
15939.2696854271
15938.8703758951
15938.8752023993
15938.8580650079
15939.8372283704
15939.1788008674
15937.8245184177
15939.6205835124
15938.8505275648
15938.2504955946
15939.7813657915
15938.3377325073
15938.287702623
15938.7965812538
15938.6946775375
15939.3540488515
15939.0626943587
15938.516845641
15939.6944616093
15939.0128073505
15938.3445824261
15938.6956047543
15937.864867205
15938.461581189
15938.0992591006
15939.7494836603
15938.8280732173
15937.7978588868
15937.3833494311
15938.1709822532
15940.0517672632
15939.3172672925
15940.0173532961
15938.2254206631
15938.3006148259
15938.7560221208
15938.605599601
15939.439208824
15939.4740353563
15938.1755775635
15939.3974627236
15939.3951408188
15938.5128564587
15938.7242419105
15939.0944547442
15938.3835450074
15938.5263672856
15938.9049737353
15940.0750061373
15939.5798212322
15939.0298074933
15939.5435979635
15938.0383427902
15937.6928054781
15940.0940600876
15940.1814698804
15939.7093748562
15939.6963343294
15938.5938107733
15939.2477661551
15937.7243521662
15937.5718320868
15939.9370353945
15939.9504449032
15937.6160709036
15938.5407289325
15937.0060766766
15938.2236216392
15939.0034173908
15938.799124614
15938.0563838037
15938.7220356628
15939.8394380611
15938.864927226
15940.5811483781
15939.3729161181
15937.9475630713
15938.8487952279
15937.6441664653
15939.3428921639
15938.4748403587
15939.7614236448
15939.2479091643
15938.2351878076
15939.7455011797
15939.2598729151
15939.1099671859
15939.9051449133
15938.3916700243
15939.0337876802
15939.4149749083
15939.2869671731
15938.4095323419
15938.7895368255
15939.4763278753
15938.6633807131
15938.0430134321
15938.4823689879
15940.0512109739
15938.4972281608
15939.7093019676
15938.865536462
15939.1315626832
15939.3704409748
15939.7276590027
15939.0877261534
15939.6213091064
15940.0415215145
15939.8984548484
15939.0130387584
15939.6155707279
15938.6205271925
15939.2438434219
15938.7789466912
15938.5617063617
15939.5633857049
15938.6004754914
15938.6162785379
15939.0733430656
15939.9226573478
15939.678015844
15940.0444531871
15940.0877781313
15940.0448926596
15937.7696665427
15939.9221822528
15937.9265800036
15939.1272197013
15938.89098107
15940.1056357668
15939.0274434914
15939.5784581461
15938.9251543236
15939.6693908908
15938.7063296272
15938.7364882829
15938.284748848
15938.7541704266
15940.7280814388
15937.9278561795
15938.1766130265
15938.0650262434
15938.1381615259
15939.2199017788
15938.0368651205
15938.6076315233
15938.6590928651
15937.3704611245
15938.7833030587
15939.2509566264
15938.8090530833
15938.1072353214
15938.3163677502
15937.5594738154
15937.8261130137
15939.0254704907
15939.6791368388
15938.1917077326
15939.000057797
15939.6174046915
15939.936539732
15938.6615621217
15938.6303088811
15938.8166537941
15938.4950502213
15939.7389104691
15939.123963873
15938.2260573407
15940.0883837736
15939.9422703772
15939.4069439956
15939.9618514894
15939.1003791373
15939.092511964
15938.9072271492
15938.107399179
15938.5731319995
15939.3247734344
15939.4065008023
15939.7896580545
15938.3737612015
15937.8997399222
15938.3793617652
15939.4182630208
15938.9607741336
15939.015804403
15938.8300986413
15938.7017815618
15939.7320767726
15939.1565330363
15938.8944154374
15939.1942478062
15937.983991592
15938.765841889
15939.5330407955
15938.4831598357
15938.7280131387
15939.623608323
15939.9129784278
15939.0230944794
15938.0036599333
15937.9915413299
15940.3593232504
15938.0117089689
15939.507033784
15939.3458927113
15939.3999888246
15939.5432198411
15938.1717694535
15938.1329418302
15939.6176772286
15940.0719905105
15938.1689719194
15939.8905118628
15939.9771585221
15939.2098927375
15940.1382302822
15938.9047500573
15938.8680892916
15938.3870993234
15938.6607634531
15938.4729489956
15938.3706609524
15937.6420764293
15939.5881623316
15939.369929559
15940.2322840397
15938.5647374826
15940.3844312302
15938.9282312003
15938.5663027919
15939.0570566835
15938.4192078126
15938.0221805685
15937.9106068089
15938.3365166219
15938.8026717173
15938.1537211932
15937.821958952
15939.3112157665
15939.6301226113
15939.0142047186
15940.0489497044
15938.5955514866
15938.1725030445
15939.9963361126
15938.3131934645
15938.7137274448
15937.1076093132
15939.5726610432
15938.326150952
15939.2263678788
15937.3914770154
15938.6060336709
15938.6429195028
15939.5643381084
15938.5062236262
15938.6895583199
15937.8789407707
15939.0236528959
15938.7794369834
15939.1612007301
15938.1764611391
15939.3119988927
15938.6336475468
15937.9068473301
15938.933317177
15939.2365878888
15938.41264233
15938.1677658348
15938.700303487
15940.5066303539
15938.3688548108
15937.6542732657
15939.5525187198
15939.5590118976
15938.4030793375
15938.725267576
15939.2845861875
15938.8596053167
15939.357488286
15938.2052183548
15938.917942584
15940.0201287938
15937.5677643123
15938.4909072836
15938.0288451066
15939.1296717648
15938.2137023244
15938.7068990298
15938.9203582065
15940.491414962
15938.9444347144
15938.2133943927
15939.6229439821
15939.7206374587
15938.4657740377
15938.49233965
15938.4057289171
15938.882682577
15938.5031191982
15939.7136775803
15939.4728230851
15939.3983183855
15939.4628416865
15939.4166107829
15940.2498736457
15939.161967648
15940.1546862837
15939.0912041028
15938.3636152514
15939.3114636494
15938.6450392533
15937.5762065804
15939.1062603267
15939.4682897866
15937.8232910429
15938.3394535157
15939.1377340817
15939.8383793137
15939.8655015086
15938.825483293
15939.3308690945
15938.4853550691
15938.5594413668
15938.0693856608
15939.1336362974
15940.0291225261
15936.7929837305
15937.567428081
15937.7045032992
15939.1392384752
15938.9983502762
15939.4758552107
15939.6660061559
15939.8759304555
15939.496003704
15938.1647198679
15938.2230174204
15938.4074770162
15939.782489561
15939.2469891726
15937.5761006413
15937.3790325753
15937.3815002751
15938.4910666172
15939.2817848356
15938.4885645581
15940.3542067934
15938.5713356846
15939.1469278673
15939.8930476232
15937.4713312082
15939.2745912893
15938.5475627313
15937.7413332501
15937.4131787197
15937.9711535284
15937.3903614268
15938.334965451
15937.567082405
15939.8370318252
15938.9026635508
15939.7621524972
15940.1477986251
15938.743014547
15938.7079735635
15938.6308607965
15938.8009226062
15937.6271155274
15938.6483787606
15939.2454470534
15937.8848368587
15939.5791563381
15938.9348886237
15938.5196045695
15938.4582690162
15939.7657662728
15939.949351189
15937.6407117933
15938.1790041105
15939.0445574472
15938.1980667077
15938.4005357383
15939.7778139942
15938.6242731635
15938.9254335326
15938.3475095579
15939.4136371636
15939.6699926562
15939.7191403007
15938.3814099538
15938.814187447
15938.4270917755
15939.3430421166
15939.8153936399
15938.7755748473
15937.6477168347
15939.6778125527
15939.7903921788
15938.4420290832
15939.1046289104
15939.0525796033
15938.6857488973
15938.1851811819
15939.5539360715
15938.1092932069
15937.1572357762
15939.3766900906
15939.64796015
15938.2117165735
15939.0154566144
15939.3271811988
15938.3963743361
15939.5316642196
15938.5596069276
15939.0786725856
15939.6169264113
15938.0742849828
15938.2244991277
15938.0213684932
15938.3635226502
15937.711838752
15939.6921211512
15937.6297856433
15939.2561978715
15938.4989455907
15938.7995179534
15938.3016767369
15938.2130457175
15938.2772370825
15937.6041347978
15938.9695581803
15938.2921803241
15939.2664497423
15937.9530667033
15938.6832512637
15938.0156134816
15938.0548812819
15939.6839863169
15939.9442829022
15940.1663884271
15938.660257936
15937.8400102949
15938.1283408143
15939.5433852111
15937.6300366743
15938.2824226567
15938.3350312077
15938.4746689348
15938.1214653832
15937.7641164911
15938.0344265474
15939.278847581
15939.3577242691
15938.7132153203
15937.8220047393
15937.623584703
15938.4084136336
15937.5393966902
15938.364495931
15939.3407588325
15939.1562781586
15939.9109355505
15937.7685677842
15938.8013471675
15939.4152100998
15938.8085227186
15940.4974564347
15938.3153601187
15938.0450828396
15939.1215917526
15938.7340473372
15939.9745266663
15938.1509376918
15939.1168854006
15938.8358404871
15938.1666965075
15939.1276379695
15937.2622339254
15938.3586121853
15939.2890835553
15939.196682621
15938.0661913452
15937.5658294263
15938.7775220133
15940.4200161664
15939.2184638334
15938.9001733888
15938.4870316898
15939.77770599
15939.7772873187
15938.8492192723
15938.4518047281
15939.8271933802
15939.2285796541
15937.3876457286
15937.5691906002
15938.9710391609
15938.9786683638
15939.1098445956
15939.8974206975
15938.1103298
15938.2596792262
15938.1108330624
15938.3464861692
15938.8194486915
15938.1478740406
15938.0869911112
15939.1909948632
15939.4639172736
15938.9821120104
15937.9399370585
15938.8318772148
15938.6453884466
15939.5436490011
15940.0968622315
15939.8166777281
15938.1800644095
15938.7688519728
15939.439638429
15939.2000826272
15939.936097073
15938.7451037193
15940.4753103751
15939.6940427805
15937.8955339218
15938.9317070515
15937.3031643899
15938.7060244079
15937.9462078417
15938.4220111703
15939.302002805
15938.3707825388
15938.6063841324
15938.5493620632
15939.1814973905
15939.5614788015
15937.9891948921
15938.3729484716
15937.3432567249
15938.0418105233
15938.3479699317
15939.1545966043
15939.6147925298
15938.6897500112
15937.0436935029
15939.5194889835
15939.3371915342
15938.3109437188
15939.8590704023
15937.3594742719
15937.9386931441
15938.3448964032
15938.2958733997
15937.7794880489
15938.2836084066
15939.0745024063
15938.6423604111
15939.4556305484
15938.274914962
15938.521419975
15937.733922564
15937.4016762741
15939.0441952798
15938.6509550593
15939.5274165507
15937.6548571063
15939.4538286209
15937.657373531
15939.795044134
15937.7943898665
15939.5221156153
15938.6399417339
15938.0754504364
15939.6982571491
15937.9762802524
15938.6736066136
15938.3557552966
15937.9377394947
15938.8661376482
15939.3400655319
15938.7023446714
15937.9505100571
15939.1215432805
15939.2109302937
15938.9020560306
15938.3599272245
15939.8532296916
15938.941150449
15938.7404235337
15939.5107747922
15938.8458812312
15938.6095914337
15940.0714930111
15939.5330427465
15938.0413270807
15938.3274083494
15938.3513247093
15939.0618094377
15939.7428810058
15939.7004122485
15938.3624078458
15939.1966211944
15938.5772015076
15939.4595465646
15939.3605846697
15939.6097324335
15939.2708249825
15938.284356168
15937.4540809732
15938.1008942843
15939.1531686505
15937.7823176536
15939.3954428808
15939.4647300189
15937.7001396849
15938.9352750221
15939.4166503802
15937.6042694494
15938.0755631673
15938.8412342934
15939.8515769714
15939.6474974638
15938.429902443
15939.3845013444
15939.2571635368
15937.838375632
15938.1672919417
15938.9376872244
15938.5904102588
15938.5228969585
15938.9587920178
15938.9888939965
15939.0234695267
15939.5968243234
15938.8428678592
15937.984954402
15939.7470601091
15938.5318208288
15938.1018920974
15938.4021262109
15938.2640758074
15939.869344065
15938.8725425943
15939.3444120959
15939.0561397363
15939.6432020339
15938.2614063725
15938.5116157599
15940.0737875899
15939.4305293067
15938.5850797268
15937.817888514
15939.449725697
15938.0783775329
15937.4869640287
15940.1643073705
15937.7357954147
15938.6265098756
15937.6383012491
15939.3034114444
15938.5871350398
15938.2674435844
15938.3744477281
15937.4984661362
15938.7551346462
15938.9925803572
15938.8555239413
15939.5621804959
15938.5901540832
15939.9766212042
15937.4695228762
15939.1146138292
15939.9393765158
15939.7833175657
15937.5815120351
15940.1601951804
15938.6974162388
15937.5034607447
15937.7742152213
15938.3954688075
15939.8419938426
15938.3637980659
15939.1459572339
15939.2650364678
15938.8686066972
15939.6448400876
15938.1252061315
15938.5639193156
15937.9569556814
15939.209147242
15938.5715799561
15937.6053868796
15937.8865768283
15939.443062104
15939.2307576087
15938.4082782382
15938.6355068231
15936.1950281656
15937.975272038
15939.603357527
15938.4168011176
15938.6340592313
15938.3034382356
15937.9385576684
15939.5644246111
15937.5812071967
15937.3857627606
15939.6930316984
15939.6245196004
15937.951352237
15939.7849917938
15938.7018908537
15939.6110210031
15938.6294720404
15937.2670352137
15937.8206003182
15938.2703521781
15938.12652526
15939.8051065039
15938.1190210031
15937.880722716
15940.488518551
15939.3650010582
15939.320006361
15937.6383175729
15938.4077679348
15938.4915758944
15937.8523467724
15937.8940079906
15939.8174804475
15939.2371537031
15940.3522329956
15939.2271015787
15939.0484241938
15939.8700848133
15939.0193752831
15938.8461244436
15938.5523161323
15938.0058960913
15939.6221621925
15939.5105447068
15939.5734392357
15938.0244676224
15938.8596999707
15938.6553569823
15938.2472509746
15939.2953462262
15939.2457654273
15940.2949970395
15939.6368317452
15938.9452703071
15938.4406805738
15939.3501306862
15938.5948179628
15939.5006815728
15938.705098256
15938.144866866
15939.2278436824
15938.173226533
15939.407870255
15939.0448382107
15939.7351277967
15938.4222281649
15938.4992815947
15940.1931473044
15938.0989822607
15938.0832218452
15939.7709536145
15938.8312396608
15939.3655805981
15938.4205662922
15939.8170889573
15937.6957186716
15939.0289941003
15939.7822611737
15939.4477645185
15938.8922228383
15937.7230987024
15940.2525750636
15937.7060218037
15939.7737897114
15938.2838175825
15938.3857494992
15939.857601202
15938.8482091029
15938.0102940981
15937.4484557776
15939.6551659347
15938.8128167046
15938.4327531514
15938.3149193849
15937.1370466254
15937.1048372758
15938.8040351959
15939.5795257379
15937.5577211694
15939.1631189318
15938.4206492888
15937.7182127161
15938.0724489052
15938.5068076635
15938.6480143985
15937.1350814799
15936.9470757525
15939.4922756462
15937.6865436094
15939.2837583929
15938.4612677283
15937.568933478
15938.772615437
15939.9858952617
15940.0951797042
15939.2386821827
15937.351776176
15938.0141033659
15938.6639809685
15938.3334953288
15939.6835375823
15939.1231857027
15938.3436947653
15938.2091717832
15937.2941911707
15937.2222010859
15937.3549968523
15939.7477989064
15939.121332035
15937.9372323255
15938.5130480638
15937.5259381746
15939.4991110147
15938.9081496664
15938.2459736259
15938.4740570506
15938.4890847682
15938.0034856185
15938.8945080919
15938.5699361094
15939.0050080794
15940.4154438651
15939.245538692
15937.6895601485
15939.7824525464
15937.9660989736
15939.7363931471
15938.2170071502
15937.8149071587
15937.3004366983
15939.7838601236
15938.3910748987
15939.5346272068
15939.4551924933
15939.8797051001
15938.3561100274
15938.6260875437
15938.0408270974
15938.6950072589
15938.1190987383
15938.4089241001
15939.650902797
15938.1403535463
15938.125571471
15938.7353152281
15938.28716135
15939.1097665093
15936.9786584007
15937.1484636038
15939.5120059229
15938.9990565846
15939.7716236869
15939.76222011
15939.1798668705
15939.7711040888
15938.2734844563
15939.9707007763
15937.8353217011
15939.3811151366
15937.8928631097
15938.9645621576
15938.2029620419
15938.4160828214
15939.1108647942
15937.1684525412
15938.7860228957
15938.3892004188
15938.7098605174
15937.8144260589
15940.0349055769
15939.6881831628
15939.3766889053
15938.3392637872
15938.9481826717
15938.1719183313
15938.9135736146
15939.9656110212
15939.3741874539
15938.8854106071
15937.8360858353
15938.7275195853
15940.1120222029
15937.9761149767
15938.109966677
15939.236527138
15937.4662153136
15938.3186388851
15939.4581390684
15939.4953938051
15938.7194551336
15938.8453215689
15938.9509492987
15937.8304032258
15938.539519526
15939.0177179714
15939.5974362084
15938.6377457265
15938.4225578179
15939.2721841783
15938.9354550855
15939.5836725814
15938.3349611611
15938.7366278644
15938.8146703061
15938.6481079882
15938.8643746558
15939.0800410307
15938.2044631585
15937.9826040977
15937.8573034412
15939.1782183929
15939.1388090583
15939.3810626659
15938.4153789342
15939.3018865171
15938.0796861711
15939.5573962128
15940.1550513399
15938.2628450241
15938.521754685
15938.3669344835
15937.9910919991
15937.3541567162
15939.0218127873
15938.5573677434
15938.4441320154
15938.2945139974
15938.6731685057
15939.0085533963
15938.1738811684
15939.4686406479
15938.7822711513
15938.1214988439
15938.7420670305
15939.2902238642
15938.953934082
15938.2229588568
15938.0465143745
15938.9350462661
15938.5240161394
15938.1523768302
15939.9079284213
15940.1064324254
15937.9903805162
15938.6687186878
15939.921630744
15938.9399625756
15939.9841525815
15938.8040291338
15938.0631348642
15938.6893762271
15938.5569825072
15939.647717662
15939.6416753951
15939.7276382618
15938.61592111
15939.0849092016
15938.8298305111
15938.8045379849
15939.8444920666
15937.8555966562
15939.597385766
15939.119273825
15939.3632308968
15940.3835239823
15938.2179703184
15938.2940628108
15938.3389809637
15939.5151471401
15938.414885759
