# vacant volumes
15940.2651114041
15938.9128659566
15938.8275008374
15939.048679338
15939.3044773761
15940.081482008
15939.5702399711
15940.2980732209
15941.0545070153
15940.3393582068
15940.8089895929
15940.216303024
15939.5279080088
15940.0596636635
15938.2167669682
15938.5711348185
15939.3380954948
15938.8535053527
15940.1540476121
15940.5051709738
15941.2894706011
15939.9102657183
15941.1072107816
15940.1645559807
15940.614582791
15941.573975017
15940.7021756466
15940.089480981
15938.5306599717
15938.7476812595
15940.3888570392
15937.8485787274
15940.2766290499
15939.507352311
15939.3377758587
15938.2507553216
15940.3448612835
15939.0726768612
15938.7194413895
15939.4370785907
15939.1701093572
15938.3030735851
15939.2718732368
15940.7216880692
15940.2168752148
15939.4684673728
15941.0402197008
15940.5361485564
15939.2798184456
15940.3882374836
15940.6730790631
15939.4250582945
15938.4533176723
15938.7384670795
15940.9337001783
15939.2038236056
15938.3125727678
15938.5868194456
15939.518824753
15939.5057228527
15938.8400177253
15939.0414184836
15939.7822958085
15938.7038163994
15940.6089282099
15938.8952063947
15941.0539334368
15939.459721646
15938.6743686797
15941.0388497938
15939.3562730369
15940.6941481348
15939.4005406291
15939.3710090037
15938.4431310189
15940.457535986
15940.0970427366
15939.9890669793
15939.3428025585
15938.7094320246
15938.5941355798
15939.4613002039
15938.623124305
15938.6564036181
15938.4688505075
15939.776225866
15939.9490044587
15938.9467283165
15940.3075778448
15940.9228187966
15940.6053757709
15938.6466064619
15939.1510749025
15939.82132078
15939.7592408416
15940.0727824101
15938.9401510883
15939.7381816813
15940.5535107445
15939.3015788671
15939.2559330823
15938.8241425281
15940.8581915328
15939.4603082258
15940.5289227595
15940.1210521148
15940.4530274235
15940.3998150956
15939.3290147761
15940.6531488575
15939.2421025252
15939.3738815243
15939.0338987062
15938.9505638744
15939.7523692161
15939.6771747863
15940.0672086831
15939.4772698285
15938.8642699757
15939.5525955996
15940.2592348652
15938.9153580664
15939.0564303575
15940.2012597844
15939.6476817677
15938.7131488873
15939.1959366154
15938.833537694
15938.6541669292
15939.8855185546
15938.333430703
15939.9343365775
15940.9544911786
15938.8959096977
15939.518600121
15939.8547719034
15938.944404758
15939.838997925
15939.6067834782
15940.8279188904
15939.3230706707
15940.0761437212
15940.1074698444
15939.6756653324
15939.7364503755
15939.3446536472
15938.9757880556
15940.6274054534
15939.3116254836
15940.5810030936
15939.7783343299
15939.3443069119
15938.8760804168
15938.1050342135
15940.1050828781
15939.9420915738
15940.6865686617
15940.0516599161
15938.8443287985
15939.7098397586
15939.171631983
15939.3378002471
15940.3995912896
15940.5967782395
15939.6046083682
15939.8663775358
15939.2814842064
15938.5079299978
15939.4551451905
15939.4940282258
15938.7697250965
15938.8388861134
15940.3301519244
15939.9678148145
15939.7261813255
15940.4749050182
15939.1047260466
15940.4154016169
15939.3790266667
15939.4917640998
15939.6537642638
15940.3237283513
15939.6139549
15939.8387965368
15939.4602490201
15939.9314607905
15938.9984011637
15939.5745383454
15940.0047943101
15939.2840446307
15940.7798586884
15939.3507389675
15940.0034314368
15940.162658558
15939.0520448729
15941.0469500609
15938.4965365374
15939.4291556437
15939.7457105715
15939.2921142393
15939.4170235722
15939.8012196919
15939.8849397476
15940.1444917052
15939.865706558
15940.0509982178
15940.5799511282
15939.0063767494
15940.0206891492
15939.6611961106
15940.0626241563
15938.6789986102
15940.030215288
15940.0123063404
15939.1965360315
15941.054379905
15941.1829884581
15939.2943633824
15939.4217104364
15940.6136021123
15939.0348031148
15941.1035405123
15940.0598184873
15940.8157580415
15939.905566406
15939.9618107998
15939.4722392577
15938.9829397246
15940.3405604455
15939.9540876392
15940.246756328
15938.9583650362
15939.2729686362
15939.0948648466
15941.4077467494
15939.5748475464
15940.21336184
15940.4527854682
15939.7092532564
15940.9167110748
15939.2568878953
15940.5956920116
15940.8403961395
15939.8892787928
15939.7189309288
15940.8340107704
15939.8171675787
15939.5729978207
15940.1978992651
15939.829520421
15939.5617119505
15939.3007991526
15938.905459322
15940.811901234
15940.4430073611
15940.0543398166
15940.8410942987
15940.2809089537
15939.1807774359
15940.0612760714
15941.1440127293
15939.1193711321
15939.1355883715
15938.5603842352
15939.9939873966
15939.2093545389
15939.4709673091
15940.5157489689
15940.1709720981
15938.7516157778
15939.6206394671
15940.5832183626
15939.5499883544
15939.9142751898
15939.0265757626
15938.3782833384
15938.9185904303
15940.0687706112
15938.601052498
15938.5892120593
15939.2437625806
15938.8251864247
15941.0030086832
15938.9243860456
15938.92419316
15939.5383829531
15939.3973142085
15938.3325907849
15939.8898818819
15937.8092979656
15939.6896580026
15940.2870000455
15938.9701426183
15938.7199451193
15940.2583012858
15938.9755637983
15939.8988669847
15939.4028672301
15938.1489243949
15938.3163041512
15939.9954354154
15939.4027894409
15939.0260899192
15940.8331777133
15939.6009656101
15939.1432491604
15939.4989119457
15939.9657298422
15940.4100134342
15940.0060442562
15940.2639197218
15939.7679481752
15939.9231931322
15940.0626127144
15940.8760505625
15939.4973589951
15939.5574929952
15939.1531335894
15940.5411009012
15939.3903661162
15940.050659734
15940.4461200737
15940.6285193313
15940.4920186442
15939.1362888242
15938.7204527722
15939.4289726979
15940.0462635685
15939.7733691394
15940.6192896146
15939.9993117904
15940.2993336911
15940.4196706728
15940.8376634163
15939.6162144999
15939.0943752039
15938.836408521
15940.3254184131
15939.779362036
15939.665826218
15941.0499451447
15939.1816843637
15938.8827280703
15940.0877523052
15938.6718075673
15938.7068560704
15938.8611399432
15940.453599923
15939.2829236312
15939.5831775464
15938.0325045505
15938.9711529118
15938.7817154964
15938.8935722311
15940.2070188866
15939.0887048432
15940.0576840768
15939.5710624414
15938.8896267526
15939.3063327452
15939.8650003537
15939.0293124905
15939.8040156922
15940.4840954798
15939.5482832406
15939.2480375294
15940.5511285592
15939.5458646914
15938.5176756452
15939.5640288238
15939.2774051738
15938.7573495876
15937.9626557127
15939.5783436219
15939.6511560421
15940.5633858092
15940.2446984934
15940.6966990943
15938.1733770562
15938.0866337274
15937.9683242564
15940.426974187
15939.0880433116
15940.2302472869
15939.799343078
15939.6664901183
15939.5577153474
15940.295562853
15940.5497297473
15939.2335533722
15940.2969529447
15939.9520676538
15939.4077892015
15940.4365474495
15939.8359769954
15939.8940261324
15939.7109232192
15939.7444089359
15940.9930869345
15939.6376412109
15938.5731402029
15940.1130671887
15939.4329174746
15939.3732272804
15939.1817666051
15938.7739186316
15938.749710075
15938.1855379716
15940.3276836844
15938.7157879411
15938.9738093555
15938.7601289743
15938.6055020364
15939.9579647202
15940.1934732466
15940.7132569797
15939.2144622228
15939.0746029517
15939.6565204697
15939.5811560773
15939.906102485
15940.0987652797
15939.4803753711
15940.4960430639
15940.4775403746
15940.1173564649
15939.8489614658
15939.4011428066
15938.6999997989
15938.7334386648
15939.4997443671
15940.356944181
15939.5184065028
15939.7082539943
15939.4913559895
15940.0062392685
15938.9872268309
15940.6306864983
15939.6950840644
15940.0504536191
15940.7622029011
15938.9062032236
15938.0856679085
15937.8636216482
15939.7122797515
15939.3559796528
15940.5026133452
15937.7590007531
15938.2021075841
15938.0469945907
15938.9284727366
15939.6339869417
15939.5866914188
15938.5537439434
15939.6386110356
15940.6432379263
15939.9540701572
15941.0262984742
15939.6239087883
15938.1050697246
15939.4422642884
15938.6570842558
15939.9909481327
15939.523945134
15940.3549789045
15939.827259633
15938.6933782455
15940.7104893402
15939.3332949999
15939.8969327864
15940.045840432
15938.9045477893
15939.4732793617
15939.0511064906
15939.7822496591
15938.9573037684
15939.3737934521
15939.8759405167
15939.2618127936
15939.0397157861
15938.686538858
15940.4229863929
15939.0441323587
15940.6597003519
15939.4754328242
15939.5190383745
15940.082666114
15940.2090484324
15940.0219842712
15940.6184158182
15939.9402786912
15939.7062617709
15939.2996574956
15940.1647131427
15939.4992004684
15940.0397879162
15939.0796250468
15939.0826674974
15940.0329551702
15939.2456169102
15939.3709469001
15939.6656655455
15940.513441158
15940.105269211
15940.6633608624
15940.1498917173
15939.0706870481
15938.3075259158
15941.0302678219
15938.8728422473
15939.4752821958
15939.350318102
15940.0234427447
15939.0163176265
15939.377387417
15939.2962351636
15938.0780788965
15938.3673302594
15939.2561468216
15939.5679567905
15939.7215421896
15941.1497874952
15938.3778795071
15938.7720445739
15938.6763265735
15938.6120179439
15938.4442437119
15937.9157313967
15938.8440980588
15939.118665794
15937.6957267509
15937.8871547582
15939.4347832695
15940.339453762
15938.4019962817
15939.0771334803
15938.2262726745
15938.4251171871
15939.2622221293
15940.5560610819
15940.7243059563
15939.5680439211
15940.6342695327
15940.5824768893
15939.6720617765
15939.1254158516
15939.8998547207
15939.497021728
15941.6183301744
15939.3896419058
15939.4939191374
15940.5146205581
15940.7285574043
15940.8966941787
15940.4656836444
15939.492591876
15940.3255212478
15939.5763590417
15938.4330271565
15938.8648916964
15939.8345113864
15939.621921097
15940.4420771279
15941.3240879255
15939.0877070516
15940.1290270938
15940.3237493041
15939.9451250071
15939.8365651653
15939.4232661516
15939.4342381544
15939.8244671782
15939.3731485953
15941.0435178173
15939.4536164914
15940.475012779
15940.5994990971
15940.5737745356
15940.1350740382
15939.947570093
15940.1736893056
15940.327559505
15939.6161765753
15939.2784007662
15938.8846146557
15941.5342214302
15939.1416443066
15940.2111798576
15940.2977584254
15940.4616847657
15940.2840648308
15939.0900271406
15939.0146267823
15941.0757790645
15940.8503351377
15939.2745315316
15941.0749245026
15939.7592819201
15939.6826508105
15940.6135282573
15939.8292511169
15939.7081469243
15939.3988798399
15939.6215098991
15939.2785650396
15939.2844114655
15938.5825859226
15939.8484874215
15939.8839776131
15940.5322528934
15940.3792714686
15940.8042868688
15939.1318439132
15939.3267417756
15939.5734937345
15939.1118134451
15938.6546231486
15938.0612110986
15939.3417523293
15939.3460006001
15939.0610302888
15939.3940149023
15940.3849231787
15939.5822657758
15939.3923975437
15940.3663218331
15939.6398574159
15938.7559329429
15940.5938842564
15938.7270480232
15939.3722309119
15938.4580393112
15939.9450195347
15938.9592627529
15940.0400090438
15938.9293645168
15939.3109067228
15939.2064144635
15940.321897038
15939.4486458184
15939.0756260591
15938.9772543079
15939.8257567252
15939.4047745053
15939.7302142807
15939.7607787964
15940.208004182
15938.8072687491
15938.2603211008
15939.3414391765
15940.2568359631
15939.5842775562
15938.2017905922
15939.2811079016
15940.1218276154
15939.3651399784
15939.0825742124
15938.9808299121
15940.2939050709
15938.7220600546
15939.6416562656
15939.7717443591
15939.0585194123
15939.4489324569
15938.6275687551
15940.0477895855
15940.3873689755
15938.490623818
15939.7383546451
15938.5149713978
15939.5169897617
15938.6614848491
15940.0643441424
15939.667605327
15940.1021712319
15941.079427837
15938.6608914241
15939.3523240996
15940.5184036764
15939.2523998994
15938.2973836141
15938.6336674261
15939.0366048526
15939.5579370303
15939.789373027
15939.5094191032
15939.8386300239
15939.632592054
15939.5851622933
15940.6129089532
15939.3066900883
15938.8316442059
15940.199229608
15939.0452754268
15939.9994605438
15939.426085061
15938.6020392761
15939.6114968274
15939.7376994028
15938.4517720458
15939.5020229468
15939.9846704648
15941.0755363099
15940.6654850719
15939.5291195643
15939.2118936189
15939.3557557789
15939.6766207693
15938.9974419451
15939.8329161811
15941.4638355917
15938.2661641111
15938.362995186
15937.993572756
15939.3652286419
15939.9664823063
15940.4608015362
15940.4435301135
15940.3260950514
15940.4500401966
15938.9896523306
15939.0055324663
15940.2446061193
15940.7771236736
15939.685485342
15938.0506331373
15938.3474057023
15939.0772237418
15940.164568891
15939.8838912231
15939.4641523205
15940.7860109976
15939.2999288962
15939.64341248
15940.666930895
15938.8700903203
15939.6801303305
15939.9860937776
15938.2959493156
15937.9998072687
15938.9429287491
15938.6409844203
15938.8795677632
15938.872880197
15939.3033215991
15938.8439485342
15940.7554625204
15940.8981469225
15939.1762751365
15939.2148242166
15939.3730351639
15939.1410036985
15939.2108592088
15940.0494483047
15940.4104896984
15938.9201692162
15940.4124321354
15940.7150678892
15938.816128437
15939.0623684091
15940.7043432752
15940.3208000324
15937.7626962313
15938.5601994781
15939.8393990322
15939.0690181021
15939.2811587643
15940.509355754
15939.5885343252
15939.7112653871
15939.7328180191
15940.3748844916
15940.9684923941
15940.1247791008
15938.9996096612
15939.1805502125
15939.0635547123
15940.3033923986
15940.4933231525
15939.9685765645
15939.0657432817
15940.6371988824
15940.7979610712
15939.2109308592
15940.1157578672
15940.3075303304
15940.0292859795
15938.8313446055
15940.1959395356
15938.8433842039
15937.8605816841
15940.7957429853
15940.3977403243
15939.7517738952
15939.9316276427
15940.3138351978
15938.7848728692
15940.602246481
15939.4672498753
15939.7765069755
15940.5891626556
15938.9281681897
15938.9480831633
15938.3840055745
15938.9171034824
15938.40876718
15940.4176991818
15938.3762222795
15940.0888572068
15938.9397951023
15938.8605481408
15938.9728357985
15938.824673463
15939.022940777
15940.182112552
15939.7303061843
15938.8131759572
15939.6666830636
15939.0685303235
15939.5796087507
15938.8706543426
15939.3414779736
15940.381097999
15940.4142227176
15940.9733611747
15939.7613449875
15938.4878754525
15938.5018918226
15940.2058791691
15937.8660595034
15938.3105728906
15938.9143595311
15939.3472542556
15939.0660225401
15938.6436360858
15939.0569206322
15940.3191619924
15940.7714944216
15939.4856529371
15938.460510291
15938.1023029324
15938.2911359048
15938.4905213258
15938.6345882413
15939.7081798483
15939.4800436553
15940.4627720857
15938.5297010719
15939.9298713794
15940.1930802715
15939.8593345597
15941.0921423821
15939.0064406734
15938.7768942432
15939.9725247108
15938.7119073347
15940.1327285804
15938.7622899607
15939.1075787755
15939.6472396064
15939.0280196714
15939.713103431
15938.139684771
15939.0422690652
15940.276577054
15939.8746311053
15939.1859555548
15939.2946063195
15939.5082086701
15940.7943975209
15939.649300228
15940.76630384
15939.1355481689
15940.1261863062
15940.8952017488
15939.7194227957
15939.483644585
15939.3585773541
15940.3478808947
15939.9530781822
15939.7930045682
15939.7323520675
15939.6151442108
15940.0602949797
15940.5724584885
15938.7082930523
15939.0301117577
15939.2878453273
15939.0549753697
15939.0629567375
15938.7019171182
15938.6654387612
15940.4408483803
15939.2296565261
15939.2670841081
15938.9602750394
15939.1358740562
15939.2820404322
15940.5288998566
15940.8957893108
15939.1426927985
15939.5452826665
15939.7131713736
15940.0149767969
15940.1010346325
15940.3619455029
15939.2810618006
15940.1948306874
15939.0287371578
15939.2803716973
15939.9892252957
15938.8886524546
15939.8969543956
15938.8271413027
15938.7731840405
15940.4058844471
15939.0927554514
15938.9173931482
15938.9700548195
15940.7162321544
15940.0163048405
15938.7140985238
15939.2826779595
15938.141425837
15938.7077447125
15939.0190742671
15939.4174819031
15940.1580801635
15939.2357729746
15937.8782932335
15940.2532461973
15940.3486568959
15938.7185935921
15940.8074053772
15938.4193055772
15938.8184070176
15938.7245083297
15938.5474042195
15938.5906964171
15938.3846898696
15939.6618522587
15939.4605440239
15939.81622267
15938.9708702093
15939.1706388509
15938.4244541776
15938.8508156181
15939.9179458499
15939.6145343182
15940.3295574687
15938.4161948683
15939.1976280469
15938.439575748
15940.7557252465
15938.1465941847
15940.4129488629
15939.9505215861
15938.8534505101
15940.4298310275
15938.7459850821
15939.9567242664
15939.2289154508
15939.0600722342
15939.7089264553
15940.5013440733
15939.1303864484
15938.5416578768
15939.6179556332
15939.8819341774
15939.7221797083
15939.0837904845
15940.5331585174
15939.9795387542
15939.3987086538
15939.7274045832
15939.446976141
15940.3501426965
15940.5774531164
15940.3879251816
15939.312666786
15939.3511895412
15939.1101046292
15939.9136626
15940.7242493209
15940.4728961439
15939.242028662
15940.0202222955
15939.5840006219
15940.1230606938
15940.1606927471
15940.3563490338
15939.9385411812
15938.9662806168
15938.6128340322
15938.4673057372
15940.0328065551
15938.4506393745
15940.1179946567
15940.0334255671
15939.9842977102
15939.7196767012
15939.7475135001
15940.3237301411
15938.9228312744
15939.3746350314
15940.2420580047
15940.5684140905
15938.9892981326
15940.1400047597
15939.8311996503
15938.9230941927
15938.8948683573
15939.6202925203
15939.2906208251
15939.4486994953
15939.1939875145
15940.3787221783
15940.2228069239
15940.0485068407
15939.2430548524
15939.2696304556
15938.7866762678
15939.1219833649
15939.4662739988
15939.6587729732
15938.7242580771
15940.267513681
15939.2772552843
15939.1529647685
15939.2711929001
15940.2966462692
15939.0556579258
15939.6275574682
15940.800138671
15940.2255608723
15939.4934652191
15939.1315266303
15939.6156718382
15938.8269304309
15938.3204400222
15940.9986433642
15938.4681055313
15939.4271288847
15938.5070778166
15940.0219678796
15939.7985756514
15938.7853595668
15939.0832887234
15938.3794369284
15939.3789792534
15939.9528293345
15939.4903644077
15940.0803882275
15939.0202013345
15940.6623795153
15938.6586998014
15940.4593004911
15940.7140444986
15940.3142261495
15938.3949985199
15940.780777101
15939.9562613848
15937.8454399446
15938.5778733286
15939.2283608104
15940.6041935856
15939.0892072072
15939.6774001807
15939.9270451834
15939.93772645
15940.2777486649
15938.8109715907
15938.7004155932
15939.4491249577
15939.6066022495
15939.4018496479
15938.5565335533
15938.8046417538
15940.1274725106
15940.1292986396
15939.9350114864
15939.4390388816
15937.2540050723
15938.5884647073
15939.2571757303
15939.0711812709
15939.3880430123
15938.986830525
15938.7747346834
15940.298885401
15938.1800882154
15938.2741346604
15940.6567736602
15940.2800801415
15938.7606185447
15940.8083013361
15939.4340624941
15940.3648297559
15939.1699852649
15938.0567011608
15938.3899390699
15938.9119566019
15938.5619027392
15940.257885559
15938.7625264003
15938.2707518013
15941.1352877061
15939.97935263
15940.0785477235
15938.4636865711
15939.0545668316
15938.6539224723
15938.347501892
15938.5699404776
15940.3123663572
15939.8680627776
15940.9818140216
15938.8466046786
15938.9769194606
15939.4281452895
15939.1921149499
15938.5521077746
15939.2573272565
15938.8564054417
15940.1939103862
15939.7186711701
15940.2021719138
15939.0046342542
15939.2852388296
15939.4344675454
15937.7121197438
15939.1997885672
15939.3719074917
15941.0020126749
15939.102720483
15939.8138813432
15938.941044555
15940.3360026973
15938.9304056244
15940.1425333357
15939.508239294
15939.3858055321
15939.6225414855
15939.0761272067
15939.6373814396
15939.4855250587
15940.1251498845
15938.9187797186
15939.0276812657
15940.7982834435
15938.9856905146
15939.0237392396
15940.1761032939
15939.0313509254
15939.7683364621
15938.4590686339
15940.4441221626
15937.7262063387
15939.4929123212
15940.1628383247
15940.2088765803
15939.3111611851
15938.1459738008
15938.7563255451
15938.571661729
15940.165755446
15938.7678041107
15939.0977284919
15940.6477488204
15939.6343667336
15938.8363983769
15937.5474287638
15940.2586643697
15939.2167546795
15938.9596027094
15938.5713682659
15937.9240836456
15937.4631786585
15939.4796156116
15940.101508699
15938.2881157271
15939.7292581844
15938.8766608443
15938.2763911721
15939.1667832456
15939.3262084705
15939.4121310032
15938.2949310054
15937.3652745906
15940.4193728043
15938.4142690294
15940.0858841617
15938.8789057955
15938.3186225812
15939.0663578395
15940.6012627467
15940.4320350674
15940.0470323085
15938.4910313436
15939.0223513149
15939.4582435223
15939.3150130471
15940.2962125134
15939.7063207124
15938.6769978182
15938.4220529844
15938.0145223731
15937.8837308944
15938.1493431427
15940.4742803118
15939.8581484147
15938.4199245997
15938.9220692836
15937.9727770174
15940.1887031993
15939.8074997853
15939.0750164934
15938.9540885249
15939.0550882458
15938.5519041642
15939.7554643157
15938.8275781476
15939.1480561797
15939.3725218712
15940.2789137332
15937.7778887603
15940.0084049486
15938.9451998851
15940.2956343282
15939.1703597592
15939.0134001331
15938.1944902867
15940.3552419664
15939.3075532256
15939.9953023286
15939.3063890467
15940.8472009623
15938.9263737791
15939.1384625549
15938.9251561159
15938.8407815547
15938.8174550866
15938.9885478444
15940.2900911377
15939.2685424445
15939.0649734668
15939.7650584573
15939.4103512498
15940.3131761481
15938.6976052787
15939.6633624565
15939.7153667286
15939.6043044539
15940.3719203247
15940.2526536197
15939.3535310158
15940.3806502622
15939.0378724396
15940.0324965158
15939.4304991554
15939.7860483914
15939.9242889488
15940.143566502
15939.1779890005
15939.3333880131
15939.8431083908
15938.2302613925
15940.7654575274
15939.1053290512
15939.7292641533
15938.8775347493
15940.7609533094
15940.4015179081
15940.1948661967
15938.987268134
15939.7583815754
15940.9640564992
15939.1035942056
15940.0175043565
15939.9254670294
15939.9661635613
15938.7831941979
15939.1568208014
15940.7152413698
15938.3195516369
15938.8019488551
15939.608058763
15938.3102776181
15939.183156537
15940.1619268354
15939.9233233776
15939.2401014756
15939.4899007811
15939.6114276141
15938.8438173217
15938.6545636934
15940.0217281705
15940.0840383334
15939.265721326
15938.9794036757
15939.3299841289
15939.6127303348
15940.2021165583
15938.6538072796
15939.4033764025
15939.3700358332
15939.4267771305
15939.2633323565
15939.4236031291
15939.0772177651
15938.4607925756
15938.5348978246
15939.8616391095
15939.1061040783
15939.3638813911
15938.9754034379
15940.1414489264
15938.9049578608
15939.7071727562
15940.410011181
15939.0475241181
15939.1822236674
15939.0009543144
15938.4948729472
15938.9676183809
15939.5240031762
15939.2508418496
15938.7858846163
15938.4503441875
15938.7924313066
15939.1101951742
15940.1230401966
15939.8005568278
15939.1495378081
15938.8313397548
15938.8888894402
15940.0608894624
15940.8894115813
15938.8249746494
15938.5188046247
15938.762428975
15938.4208774758
15938.4748807676
15940.617633046
15938.275856813
15937.6074353507
15939.0398166765
15940.1514452137
15939.6564462875
15940.0059353625
15939.2009434106
15937.8241890111
15939.0749936385
15938.3175314608
15940.2192840104
15940.1661855829
15940.6420201255
15939.0779404247
15938.5744005963
15939.8927767871
15938.5392721342
15940.298983375
15937.7771343193
15939.2962741459
15939.6146744264
15939.6520382421
15940.7715378547
15938.8108520975
15938.6847710753
15938.9886920361
15940.5806647783
15939.088956416
