# vacant volumes
15939.6390254101
15938.8488154348
15938.6958259514
15938.54215902
15939.8061748032
15940.1233562523
15939.1034020881
15939.8273952602
15940.3500817212
15939.8744638941
15940.6636469988
15939.9005477991
15939.8253720098
15939.6962966536
15937.8319276671
15937.9471047571
15939.0176918738
15938.4934473888
15939.8674365269
15940.1934957955
15940.8359544047
15939.5921244288
15941.0025123468
15939.5065144832
15940.2914148576
15941.155879349
15940.3785083604
15939.7051439198
15938.6959602353
15938.5586402964
15939.5033100825
15937.7562914823
15939.7783590952
15939.5304906597
15939.7778520331
15938.6500606226
15940.5762873141
15938.818629615
15938.4611224877
15938.9965536487
15938.9822073229
15938.4896957236
15938.9665969793
15940.6314764401
15939.9691652014
15939.0043192375
15940.8203809205
15940.2194494708
15939.505035945
15940.2265806063
15940.5277654186
15939.3251199988
15938.3972900585
15938.2932088998
15940.3468574564
15938.6527232861
15938.312480963
15939.8058393098
15938.0444059027
15939.2851420227
15939.3730212003
15938.6656608101
15939.7391004054
15938.7478480864
15940.5640643308
15938.9942020732
15940.4781193187
15939.2328065691
15938.2708159855
15941.2043702617
15938.8046669081
15940.2586098865
15940.2375663653
15938.5900918854
15939.9354574701
15940.3786427241
15940.0489783308
15940.2588183346
15939.1358997318
15938.1508684377
15938.6897621613
15939.2753903777
15939.1416377965
15939.0322502791
15938.3198176817
15939.4211597409
15940.1037715481
15938.9236426809
15939.5821123703
15941.035727681
15940.0662021163
15937.9500937196
15938.7258487738
15939.9593657703
15938.9895712439
15940.0578891026
15938.3058128179
15939.2166074942
15940.0473926512
15939.9540232648
15938.8876243438
15938.3662329819
15940.8721251024
15939.4399565527
15940.1450328574
15939.2314407684
15940.1018280437
15939.3751688917
15938.904510996
15940.5904548899
15938.7552271796
15939.3786632116
15938.7426053511
15938.7020989015
15939.6045056823
15939.2871794568
15939.8139976527
15939.0392452113
15938.4723462215
15939.1688285525
15939.7632620078
15939.1630919776
15938.0586645722
15940.3158264478
15938.9232598927
15938.9256645515
15938.5565224045
15938.5792792867
15938.2582444751
15939.4564763495
15938.5176965777
15939.593599518
15940.5140393382
15938.5117905891
15939.5449042646
15939.8044408922
15938.746281675
15939.7290804679
15939.2146549543
15940.4741010954
15939.142619208
15939.8551652824
15939.9437040741
15939.1976813761
15939.1001148352
15938.6862361312
15938.9824774589
15939.8637218693
15939.0331105954
15940.2981825182
15939.3626140586
15938.6967133947
15938.1386212114
15938.1111915155
15939.7909687628
15939.4951700563
15940.5377655205
15939.9309116264
15938.8831053599
15939.2150808508
15938.7569889048
15939.0357485372
15940.2950293049
15940.163031716
15939.2345709402
15939.0048405278
15938.7688929021
15938.2592670062
15939.5188697185
15939.3104456005
15938.9090599514
15938.2754035336
15940.0268661095
15939.508900985
15939.6099906065
15940.0715398973
15940.0196936178
15940.311469587
15939.2037342708
15939.5126805175
15939.6020978079
15940.4172782108
15938.9776064494
15939.3041552565
15939.1840696198
15939.2973147847
15939.1052399774
15939.2791592059
15939.5101032244
15938.6838272841
15940.0785981909
15938.5570130146
15940.7952662071
15939.9432922904
15938.7771261427
15939.4323634788
15938.7130084941
15939.4910855543
15939.424504852
15940.4747872614
15939.0477721109
15939.2455027619
15939.5206596043
15940.2425210104
15939.4593738824
15939.8083303044
15939.5714498494
15938.4509106877
15939.3804272
15939.5257102477
15940.1494078013
15938.6428883545
15940.0934610692
15939.4184167857
15938.4634538939
15940.2895028031
15940.479264166
15939.1779013175
15939.0448642542
15940.0799924125
15938.6632675134
15940.6375585693
15939.5918288872
15940.5418268177
15939.5681741135
15939.6477132829
15939.0565550099
15938.6083164768
15940.0078781903
15939.7209189455
15939.8605803478
15938.2263450125
15938.989017691
15938.8680041905
15940.9489801252
15939.1376692814
15939.6612814463
15940.0517294977
15938.4892728489
15940.2942829986
15939.0962755316
15939.9892549041
15940.4827358156
15939.447941418
15939.3035684603
15940.4854144223
15939.1900485008
15939.3843031207
15938.7698985812
15938.9924856047
15938.8915167348
15938.9726167768
15938.4234261119
15940.5605952502
15939.9326066084
15939.8222629582
15939.9778533758
15939.7278931902
15938.5486521597
15939.986154556
15940.7118017373
15938.9625810386
15938.5235412547
15938.0266060075
15939.4972456749
15938.7212369076
15939.1238298701
15940.3416468497
15939.1908998694
15938.2891792647
15939.1164399367
15940.3253210727
15938.837913849
15939.4467250338
15938.7406672063
15938.1483667703
15938.443510938
15939.9310639434
15938.2898733157
15938.1840318062
15939.0045448914
15938.5608238552
15940.4380658959
15938.5594748695
15938.3812640923
15939.2289019648
15938.5934466916
15937.3945456978
15939.259275486
15937.7324563185
15939.0784795356
15939.4890203331
15938.6810753892
15938.4979776681
15939.8312945001
15939.0122157273
15939.6977219068
15939.254308011
15938.2221972731
15938.2336780447
15939.7442882867
15938.6624429435
15938.7437396536
15940.5691457025
15938.9772303043
15938.1680577911
15938.7500975139
15939.6223168635
15938.8572891824
15939.7911417915
15939.8832007722
15939.2530896492
15939.8494157008
15940.0081544766
15940.6088935274
15939.3732311172
15938.4303589291
15938.5485206737
15940.1135072745
15938.8817661832
15939.7332654124
15940.088775556
15939.3249895817
15939.9388492218
15938.6709121974
15938.3967830957
15939.2160100289
15939.8641185546
15939.2689462838
15940.2466759595
15939.2576138252
15939.796806347
15940.178120464
15940.550840261
15938.955890042
15938.6508828731
15938.5364069947
15940.6378059595
15939.6859381702
15939.1115913306
15940.5901369139
15938.8324780987
15938.6118008178
15939.701919559
15938.0971821949
15938.8088558466
15938.5272762512
15939.767357706
15939.2704660747
15939.3789890694
15937.4270959653
15938.4724904127
15938.295579032
15938.4498874139
15939.4889811399
15938.6292281138
15939.7343703124
15938.8502769266
15938.2004942158
15938.9108559597
15939.0331328646
15938.6813496678
15938.1667773896
15940.2958901409
15938.41340553
15938.8714257745
15940.0689476525
15939.0761894411
15938.4259011216
15938.8528247646
15938.6606342987
15938.1380064139
15937.6033208156
15938.982204796
15939.3786840229
15940.1407843948
15939.6782129257
15940.3915654435
15936.9272708738
15937.1474544641
15937.6109361355
15939.9709573914
15938.6917498635
15939.5881372118
15939.2896565168
15939.2187586372
15939.2404112638
15940.2274189165
15939.5258167675
15938.1706618807
15939.9665474207
15939.2247195318
15938.566594979
15940.2127897759
15938.8001455257
15938.6883359475
15939.2408311002
15939.0604795266
15939.7656040426
15939.3807417069
15938.4448223695
15940.0583452889
15939.2338175615
15938.7062340171
15938.9220412279
15938.1741357265
15938.8047949017
15938.4846401715
15940.1154256858
15939.2487936494
15938.1848131294
15937.7427846731
15938.4183282649
15940.4234836826
15939.7020289685
15940.3618160856
15938.4495663771
15938.6788092449
15939.1576052695
15939.0006493481
15939.7995536312
15939.8575206306
15938.5400651294
15939.7617834371
15939.8243398034
15938.8238480835
15939.1227698292
15939.1030369535
15938.5871831141
15938.8028235039
15939.2912065036
15940.4418408165
15939.9115191337
15939.4274183078
15939.9265505933
15938.4481678724
15938.0147795012
15940.4842908997
15940.5520775077
15940.1022334471
15940.0324843981
15938.9343511993
15938.9916818568
15937.3632951112
15937.5477324782
15940.1717701148
15940.3219286744
15937.7693249906
15938.9614989966
15937.3002751663
15938.5279430465
15939.3469540278
15939.1618531587
15938.4385184308
15939.1135135783
15940.0315145723
15939.242115609
15940.6684466517
15939.6013863619
15938.1482471223
15939.1842718299
15938.0648452794
15939.7289596568
15938.8843037731
15940.0161632037
15939.594149679
15938.492440095
15940.2697962614
15939.7255581526
15939.5798884842
15940.3429119337
15938.7203519473
15939.5096219985
15940.0774952045
15939.6778154002
15938.8008376501
15939.1106401961
15939.8225720301
15939.107717463
15938.7034003357
15938.897767995
15940.4615726596
15938.8715435592
15940.0746836763
15939.3044884473
15939.2703201221
15939.6677945736
15940.1601213115
15939.4394205526
15939.83156747
15940.2262850969
15939.8371184226
15939.347370024
15939.9746656124
15939.0522177277
15940.1026143653
15939.1271952583
15938.411505465
15939.598738748
15938.9463974899
15939.0903048722
15939.3735899589
15940.2852166689
15939.876915975
15940.3426442637
15939.9874184377
15938.8132399135
15938.1115911134
15940.3555504559
15938.4547298026
15939.4854801627
15939.0177434208
15940.3809300348
15938.4894104474
15939.5392252327
15939.0727015774
15938.2240558399
15938.4987378867
15939.1004464454
15938.5069110302
15939.2356169136
15941.1077487199
15938.1284337262
15938.4721433985
15937.8160720589
15938.0511964465
15938.0606969086
15937.5818387894
15938.0210306924
15938.7941600534
15937.8778025776
15938.2722648752
15939.5903723501
15939.1079755626
15938.4243108388
15938.6668989076
15937.7709787094
15938.1639802567
15939.2387223847
15940.1478614176
15938.5086901071
15939.4532207902
15940.0235328991
15940.4058936593
15939.2803659637
15938.9610826392
15939.2454586893
15938.952935427
15939.970067269
15939.3011529473
15938.671004104
15940.3913231849
15940.300278894
15939.8983047195
15940.3910988441
15939.5114768698
15939.5307315382
15938.9289255488
15938.4389198898
15938.6721439193
15939.641127283
15939.5193801547
15940.0188328102
15938.7703720214
15938.3418551947
15939.0488153915
15939.757024218
15939.5161647144
15939.0848978129
15938.4202985749
15939.1236042142
15940.3775907609
15939.3639758442
15938.6581233672
15938.2109242841
15939.3788293873
15939.3433358269
15940.0330336897
15938.9408226153
15939.326184097
15939.854521364
15940.2385187217
15939.3866111291
15938.4763347914
15938.3042287124
15940.7909803836
15938.3982911586
15939.8522132552
15939.6589836385
15939.7572498416
15940.0823571846
15938.5968453605
15938.4246618106
15940.4459848124
15940.4249852751
15938.6071138245
15940.5438632306
15940.3337554444
15939.5172228934
15940.4524479383
15939.0250814099
15939.1633525627
15938.7432756111
15939.0496657014
15938.8665497808
15938.8711838856
15938.1308086198
15940.0299660364
15939.5444434697
15940.7251154917
15938.9053791616
15940.7847131488
15939.31970388
15938.8790022695
15939.4791542977
15938.808644282
15938.4547235085
15938.4742777299
15938.8413433752
15939.2714673428
15938.522141476
15938.4799571843
15939.705077904
15939.9768035697
15939.3306984863
15940.2398472624
15939.3672329133
15938.5876018792
15940.4295827836
15938.6174303156
15939.1992640142
15937.365665421
15939.9401613118
15938.5968134243
15939.8172052969
15938.0007720195
15939.1899982394
15938.9744266795
15940.0203305097
15938.9837858121
15939.2421984594
15938.335684922
15939.4346697878
15939.1888776885
15939.8194649102
15939.8843745825
15939.7989374561
15938.7271343577
15938.3330835132
15939.323778936
15939.899649812
15939.3588504276
15938.6452836592
15939.0684947506
15940.7713502119
15938.8182319237
15938.5119391823
15939.7558110883
15940.0324971277
15938.8737597468
15939.6019063239
15939.7684123805
15939.310092321
15939.8587896059
15938.6146418664
15939.4638206028
15940.3689869156
15938.2376507271
15938.9835322026
15938.6563748554
15939.3790201291
15938.5325600163
15939.1742291549
15939.2933915706
15940.7331366511
15940.3004672946
15938.6809307569
15940.0416297973
15940.1169236027
15938.9071702568
15938.9337959147
15938.7939927444
15939.3667082252
15938.9465606326
15940.15883892
15939.8940183321
15939.711845949
15939.5950022738
15939.5808492801
15940.5977560321
15939.5762427099
15940.3530465832
15939.4479845141
15938.7729983936
15939.7209791819
15939.0129256601
15937.9958819198
15939.5169556
15939.8102910646
15938.2189739574
15938.7058837007
15939.5302243592
15940.2198489155
15940.3355854873
15939.1215131897
15939.6149361151
15938.9094390711
15939.0197737544
15938.4002500269
15939.4419034251
15941.2497107366
15937.9252351685
15938.0444931534
15938.131777122
15939.4401689057
15939.8645639737
15940.0262788675
15940.0285409403
15939.9626684748
15940.097422582
15938.4168945867
15938.6451450801
15938.7651584072
15940.1491047974
15939.5953334345
15937.9879707957
15937.9410911697
15937.7803102908
15938.9241008127
15939.7970803868
15938.7404525608
15940.7218558902
15939.2536432263
15939.5999495311
15940.2363022739
15937.9010087323
15939.5993253862
15938.8591809115
15938.1802850282
15937.7562294918
15938.2780551759
15937.7829724147
15938.340354145
15938.1394634424
15939.0752793439
15938.6846301914
15940.2798445283
15940.782905593
15939.1479673953
15939.0471877272
15939.0359717372
15939.153935817
15938.0093238945
15939.0475841896
15939.5979700546
15938.2181219229
15939.9496073557
15940.1315422542
15939.0902130765
15939.1329695764
15940.1111106207
15940.3515199443
15937.3553059296
15938.5406350323
15939.3142389142
15938.688884125
15938.7549756799
15940.1226128776
15939.0699313413
15939.2282087317
15939.3661020216
15939.9402539191
15940.2374452687
15939.9964397949
15938.7826800934
15939.1944454243
15938.7995187254
15939.9123478441
15939.7517582732
15939.2281479646
15938.1366940376
15940.0339297896
15940.2394193523
15938.7996558518
15939.763899334
15939.5970174527
15939.5904595136
15938.5100566107
15939.9390732785
15938.4355487202
15937.5949177675
15940.2311249706
15939.8978968284
15938.6123731002
15939.426167627
15939.7714634582
15938.9505218548
15940.0331489398
15939.1842616905
15939.487510986
15940.219939693
15938.8878756508
15938.6517283506
15938.2366903905
15938.7621907171
15938.1116408319
15940.2099237058
15937.9462881187
15939.7139518843
15938.8700926228
15938.7795177871
15938.522035465
15938.3435614992
15938.6246212183
15939.7584840911
15939.4944294119
15938.6676433662
15939.3601389554
15938.4173445062
15939.3758259481
15938.6548546787
15938.7182409116
15940.0358268306
15940.1738132962
15940.7509049832
15939.3970909227
15938.3340438847
15938.2097580267
15939.9550490295
15937.8900522355
15938.3361751587
15938.4561657401
15938.9132889146
15938.7661859228
15938.3075723858
15938.6816238862
15939.8157144646
15940.221763906
15938.9803529603
15938.1572052194
15937.9880544835
15938.4096027815
15938.0541296636
15938.8965072109
15939.7864539038
15939.3346549499
15940.76013024
15938.2274814607
15939.6709573474
15939.8944449339
15939.411723569
15940.8347808627
15938.8868316219
15938.4787279943
15939.452149045
15939.0219911171
15939.9381608464
15938.4772219925
15939.2879969781
15939.2271407993
15938.49611329
15939.7363819126
15937.7402141519
15938.7790605312
15939.8408714129
15939.7059034559
15938.9755114704
15938.7147055474
15939.1687351284
15940.7761300028
15939.3739682715
15940.3745569187
15939.088950761
15939.9328951595
15940.4543058026
15939.2488610643
15938.9726884557
15940.0549785571
15939.8243873408
15938.4144924181
15938.7370718983
15939.2824698163
15939.2439832424
15939.446509549
15940.2320207944
15938.4461043662
15938.7749815801
15938.2771186767
15938.592540934
15939.1129843606
15938.4977398623
15938.3689388811
15939.8505973649
15940.1008024648
15939.3568743336
15938.4746416147
15939.0479837189
15939.0217909171
15939.6839146215
15940.6470999525
15939.128219517
15939.3094183186
15940.7437444896
15939.6203977741
15939.8622975842
15939.8135692525
15938.9801097575
15940.1504864443
15938.6027979815
15938.6366039902
15939.3898265293
15937.8002693129
15939.2117397729
15938.2644901322
15938.49693588
15939.8588620826
15938.664835077
15938.8948289762
15938.2258143139
15939.7764650399
15939.5522506805
15938.5374270045
15938.6557074181
15937.8480806946
15938.4172722778
15938.6485373562
15939.2340358467
15939.8833533962
15939.2064642922
15937.649823287
15939.5280622077
15939.7022352111
15938.6037382067
15940.3181361388
15937.7546794603
15938.3297522713
15938.432990813
15938.142019949
15938.1763769273
15938.5115566853
15939.3384360992
15939.1549547925
15939.6775676233
15938.6741458056
15938.8000903947
15938.1427606072
15937.9461099746
15939.5276018004
15939.0730639971
15939.9745462369
15938.0583439592
15938.8372501439
15937.9708108002
15940.306385466
15937.7794067088
15940.0421506197
15939.1347630689
15938.3702075653
15939.981369396
15938.4847342006
15939.653073597
15938.9507969203
15938.2774533983
15939.425909183
15940.0893521914
15938.8711697671
15938.2813077509
15939.275040027
15939.4293012359
15939.2764365594
15938.9378692206
15940.2191141227
15939.4075955713
15939.2995749727
15939.3273203827
15939.5298217947
15940.0003777592
15940.3124454359
15940.0531394174
15938.9451790788
15938.7504779843
15938.7300561147
15939.5478067726
15940.3149065947
15940.2002737272
15938.7655523492
15939.7089118278
15939.0647288916
15939.5943127056
15939.7653437278
15940.0064324332
15939.6203393591
15938.5845336359
15937.9066841695
15938.0504260189
15939.5771467679
15938.0603566772
15939.7719607555
15939.7279612716
15939.7178655111
15939.3318094171
15939.7799983527
15938.2101222304
15938.4396738631
15939.1869533705
15939.8005654034
15939.9705641493
15938.0769802222
15939.6468988642
15939.6743005047
15938.6990478048
15938.6139013165
15939.4527396857
15939.0104438677
15939.2333187981
15939.1991113527
15939.1828743104
15939.6853958246
15939.8716545779
15938.6725603859
15938.6280412238
15940.0183102805
15938.9583754808
15938.5491777335
15938.831583818
15938.7056142747
15940.2111394102
15939.2626783722
15939.291883146
15939.3655250135
15939.9235714813
15938.5199704116
15939.0526060164
15940.3233975953
15939.9578329767
15939.2117019071
15938.1546105062
15939.9651216965
15938.4626140623
15937.8441322953
15940.4568667421
15938.0724822743
15938.9826838026
15937.9377741402
15939.6843037866
15938.9780682717
15938.6742967841
15938.7049148692
15937.8054774928
15939.0879381387
15939.3395909173
15939.0815656572
15939.948749434
15938.9217287038
15940.4084288146
15937.8402972031
15939.4276924767
15940.31487509
15940.0332775056
15937.9359644016
15940.3773042699
15939.1137064943
15937.2750578554
15938.2595179967
15938.7075267494
15940.2487865295
15938.7671918047
15939.5001364196
15939.6356625371
15939.2395294607
15939.918945247
15938.4965210788
15938.935650652
15938.2947591884
15939.5392306829
15938.8511275933
15938.1117732069
15938.334512821
15939.7938342028
15939.606528338
15938.7823614917
15938.9743258702
15936.550152891
15938.370317086
15940.2014507313
15938.7105583668
15938.7565175545
15938.604072113
15938.3941270978
15939.9653357679
15937.626150319
15937.7816142615
15940.0481496727
15940.011383068
15938.3735141407
15940.165821458
15939.0383771742
15940.0316758505
15938.9573778923
15937.5182401021
15938.1427063806
15938.5854803823
15938.4973544106
15940.1311992785
15938.6030444289
15938.2838847249
15940.8171384534
15939.7389433854
15939.6739224038
15938.0197093012
15938.7567915855
15938.8456966589
15938.282917214
15938.1188703805
15940.2128859361
15939.5898555292
15940.6255704931
15939.6023379826
15939.3278365896
15940.1988087696
15939.3817194216
15939.2184759565
15938.7954289146
15938.3814252666
15939.9832921545
15939.8487786333
15939.9302549966
15938.5089556586
15938.9790343152
15939.0496093944
15938.4916856769
15939.9773350313
15939.6386858412
15940.7811945608
15940.025627639
15939.3794890784
15938.8167849273
15939.7096657413
15938.9603695166
15939.9013155751
15939.0948683409
15938.2580301782
15939.6308177621
15938.5704430186
15939.6019614185
15939.3737244861
15939.9155695699
15938.5019328731
15938.8117183324
15940.5781629214
15938.4611293629
15938.3802627788
15940.0584880107
15939.1921965794
15939.7819970662
15938.7118833428
15940.1992665048
15938.1156188058
15939.1079485998
15940.0637343429
15939.7746428156
15939.237497518
15938.1054105232
15940.6177215228
15938.1885680209
15940.1200183448
15938.634658432
15938.8069405654
15940.2057512514
15939.1741843328
15938.2714032315
15937.7590902818
15940.1245655221
15939.1172430427
15938.7119704376
15938.6786346856
15937.4782283682
15937.3392511255
15939.2022379653
15939.9274669339
15937.7835419679
15939.5117714077
15938.7500120126
15937.9932967122
15938.477494214
15938.8813107379
15939.0025482605
15937.4625023319
15937.3831763323
15939.899014261
15938.0342148308
15939.6131938404
15938.6855689779
15937.9266637456
15938.998368985
15940.3593321487
15940.4760075576
15939.5154621415
15937.7180482598
15938.4609053898
15939.0183866438
15938.7415518531
15939.9370332097
15939.3678886412
15938.7883997206
15938.5450822781
15937.6125461853
15937.5439357812
15937.6769542155
15940.0843042652
15939.5301364336
15938.2643199097
15938.9411532423
15937.8359494417
15939.8612222666
15939.2798198541
15938.594047667
15938.7907329832
15938.7815469648
15938.3025221265
15939.179005626
15938.784459968
15939.3067086884
15940.836514032
15939.6578123521
15937.7905632736
15940.0215317025
15938.3117133342
15940.0705056613
15938.6384936186
15938.159486847
15937.6704451044
15940.0534214921
15938.648151819
15939.8414978275
15939.7822041491
15940.2797883438
15938.6441707709
15938.8855320454
15938.3986405357
15939.1258924087
15938.4867617545
15938.7273677994
15939.9053806092
15938.4666886089
15938.592972985
15939.1874663114
15938.66550883
15939.4445990626
15937.3453918666
15937.4880119451
15939.8068357958
15939.3796082984
15940.1117933622
15939.7662800732
15939.3763891397
15940.1118061276
15938.5963967062
15940.0685826147
15938.1480150321
15939.7370568379
15938.2302609752
15939.3068526452
15938.5691716275
15938.8621793022
15939.5315505912
15937.5221146988
15939.1675194252
15938.7986166189
15939.0881783809
15938.197782514
15940.3497385502
15940.0139693684
15939.7358126822
15937.6885431707
15939.2272158716
15938.5357524077
15938.4872248265
15940.2461435028
15939.5550159817
15939.048514531
15938.2445464337
15939.0811514475
15940.4001884932
15938.367492014
15938.5310719995
15939.6096332586
15937.826284099
15938.8310927901
15939.8093141639
15939.8323590872
15939.0857075726
15939.1954562001
15939.289350963
15938.2819519866
15938.9041995608
15939.3003159156
15939.9399308403
15938.9816056997
15938.7978132125
15939.637883751
15939.2827411891
15939.9902548121
15938.7025427319
15939.0184278252
15939.1870025986
15939.0796596706
15939.1913782238
15939.4134719845
15938.5957656948
15938.3800401858
15938.2454171043
15939.543655236
15939.52504759
15939.6433797676
15938.6518732348
15939.5874122163
15938.3890825405
15939.9907866943
15940.5638617726
15938.6429537528
15938.918255385
15938.7598525791
15938.2607690081
15937.7977322098
15939.4605308664
15938.9501482166
15938.9002423049
15938.385085271
15938.6882827274
15939.3731792568
15938.5164828749
15939.8073968926
15939.0948410991
15938.4383380292
15939.098748346
15939.6447386432
15939.2696958267
15938.5927900987
15938.276604372
15938.5657817734
15938.5011101209
15938.4118944016
15940.2532521968
15940.2618839044
15938.1685246058
15938.623538294
15940.3186250078
15939.2158060952
15940.2985708083
15939.1344567125
15938.1240220848
15938.884625332
15938.3643103643
15939.9954776344
15939.9183503161
15940.2379675899
15939.0647319706
15939.3923637196
15939.3260402134
15938.1790220967
15940.3648930044
15937.979214087
15939.7625831716
15939.3558120298
15939.6221324481
15940.7099201612
15938.5254782881
15938.6514608458
15938.8388620448
15939.5870391417
15938.7583195331
