# type 2 occupying energies
-3949.98629650519
-3950.87685885612
-3950.90902920982
-3951.19212675836
-3951.33048322162
-3951.19876714724
-3950.95248335043
-3950.32700180946
-3950.11528421744
-3951.07236048314
-3951.12110289147
-3950.83876783956
-3951.27836655821
-3951.10485702293
-3951.10554024982
-3950.39171401337
-3950.53186913117
-3951.19595937722
-3951.37782135817
-3951.33038592954
-3951.08741201698
-3951.35209048367
-3951.10799857729
-3950.26645919435
-3950.59757549213
-3950.93185597589
-3951.0179244326
-3951.33049204306
-3951.09811679846
-3951.19172285008
-3950.97679359713
-3950.35264258957
-3950.46069713029
-3951.04390335593
-3951.33635606803
-3951.39163851195
-3951.28219243852
-3951.42301688193
-3951.05874694869
-3950.32029859325
-3950.53203022861
-3950.98973731553
-3951.14686690848
-3951.27792049539
-3951.09266779547
-3951.26232032196
-3951.05087592366
-3950.34308206248
-3950.25518703563
-3951.04518224273
-3951.47356965392
-3951.10902772394
-3951.16908564742
-3951.33081429739
-3950.90855512505
-3949.89585421549
-3950.27793833042
-3950.94527423123
-3951.3614274854
-3951.37924982116
-3951.07462397472
-3951.42773925859
-3950.77208118125
-3950.37384157953
-3950.247088234
-3950.88412146132
-3951.28864508296
-3951.18515052515
-3951.17462686737
-3951.31114067507
-3950.85621828974
-3950.23606761431
-3950.05893673035
-3950.97491838363
-3951.42169440996
-3951.3143600599
-3951.14834782762
-3951.37254943149
-3950.89732462481
-3950.35767637353
-3949.91937421279
-3950.88064243872
-3951.33204330942
-3951.15076657097
-3951.10829916938
-3951.45091290108
-3951.05631350688
-3950.30685125197
-3950.47968396441
-3951.22772826088
-3951.15077236483
-3951.16439992247
-3951.32026143472
-3951.07991797098
-3951.00137623335
-3950.45380592671
-3950.24473141291
-3951.20713950828
-3951.40444365824
-3951.3548665845
-3951.34098288912
-3951.43758946709
-3950.87416423226
-3950.47413367392
-3950.55275316098
-3951.16870980116
-3951.35758929715
-3951.04072821491
-3951.11840722402
-3951.14862818982
-3951.1535280925
-3950.48070343866
-3950.11454895992
-3951.33249829664
-3951.23297937077
-3950.86971468808
-3951.43222827835
-3951.19122591768
-3951.00230967872
-3950.41675303829
-3950.1705012198
-3951.12838498652
-3950.97037957239
-3951.12474001615
-3951.37922188688
-3951.21120859782
-3951.08915113312
-3950.48672731344
-3950.19527902949
-3950.92884995837
-3951.08243664451
-3951.02670170325
-3951.33049204306
-3951.00549074155
-3950.92132444124
-3950.31231727721
-3950.23122627091
-3950.97968210462
-3951.16190636885
-3951.12887940386
-3951.24280909411
-3951.16204843409
-3951.02008443764
-3950.24939004509
-3950.28674514856
-3951.03927139542
-3951.01154475684
-3951.08528112314
-3950.89463325641
-3951.16641084282
-3951.08114861409
-3950.27964299285
-3950.30808507397
-3951.03252671937
-3951.1422523821
-3951.15432218478
-3951.11189482077
-3950.95368719499
-3950.96817133039
-3950.09345784483
-3950.36372267922
-3950.99202628534
-3951.03077935748
-3951.2592159171
-3951.02128611032
-3951.18121440415
-3951.02444146727
-3950.23186698562
-3950.35083660142
-3950.98536375686
-3951.2064441313
-3951.17585587774
-3951.16187162416
-3951.00236404162
-3950.97015475544
-3950.0591803659
-3950.27273039451
-3950.85795769712
-3951.3931359038
-3951.25928724993
-3951.30309453864
-3951.23657195712
-3951.09883137765
-3950.29429890809
-3950.28851960643
-3951.02060813306
-3951.2654373628
-3951.26609689225
-3951.16736635043
-3951.26437717306
-3950.99832731689
-3950.1833957195
-3951.33204330942
-3950.93097044037
-3951.0893302861
-3951.36257267977
-3951.21955018587
-3951.2182915969
-3951.06748595945
-3950.17519738924
-3950.29425417394
-3951.14349928316
-3951.34362019229
-3951.28172327876
-3951.31627584691
-3951.06864277323
-3951.12849017109
-3950.14592816638
-3950.40198386611
-3950.94358053699
-3951.39271514435
-3950.94262896998
-3951.32560863772
-3951.33081429739
-3950.94585311639
-3950.08546328892
-3950.25930830678
-3950.89561875395
-3951.24999350655
-3951.30080007996
-3950.90467492598
-3951.25268685321
-3951.34978642924
-3950.12011856634
-3950.32095129301
-3951.40879331321
-3950.95673182135
-3950.91743890196
-3951.33048322162
-3951.07291362106
-3950.82571516946
-3950.45439431377
-3950.08370331738
-3950.96847454582
-3951.09750246539
-3951.24104500365
-3951.15153038396
-3951.40211770222
-3950.94638267162
-3950.41064270966
-3950.11330552716
-3951.08497966302
-3951.07126207692
-3951.010527201
-3951.18393014088
-3951.04556193454
-3951.14968240099
-3950.40318880099
-3950.09025120134
-3950.99742430522
-3951.0021286559
-3951.10818158147
-3951.27244386162
-3951.13759974644
-3951.04132340539
-3950.33022162547
-3950.28917606076
-3951.03738930803
-3951.14582818935
-3951.14688317701
-3951.14403860482
-3950.99333641135
-3950.84912277503
-3951.33048322162
-3950.39523356397
-3951.03953978381
-3951.1932216604
-3951.2725545833
-3951.17596819366
-3951.29723991027
-3950.86978716825
-3950.07847986435
-3950.31974237909
-3951.06345492205
-3951.17680417225
-3951.19803390754
-3951.16679891414
-3950.98541413187
-3950.89410989032
-3950.12165401143
-3950.58412976092
-3951.34519564481
-3951.2720783869
-3951.19633404276
-3951.12661484402
-3951.09663152402
-3950.85582017013
-3950.2416367145
-3950.35576133991
-3951.09366461169
-3951.21832046637
-3951.25316509994
-3951.03166748726
-3951.04637559567
-3951.33048322162
-3950.08857916505
-3950.71658503307
-3951.09651102771
-3951.31996270639
-3951.29738226986
-3951.25839655502
-3951.25071296355
-3951.06061768271
-3950.15804771821
-3950.36672490102
-3951.17270104639
-3951.3409052352
-3951.32995560711
-3951.26042922441
-3951.26125694474
-3951.04266367381
-3950.44529001214
-3950.44157189744
-3951.10486904527
-3951.4114036071
-3951.29878965924
-3951.2783759173
-3951.31408793978
-3951.02823048782
-3950.49005637451
-3950.33038843409
-3951.1930441014
-3951.39143136547
-3951.31774006318
-3951.26122823907
-3951.31557414719
-3951.01388759009
-3950.56002479139
-3950.4298507019
-3951.13745583735
-3951.35812376406
-3951.13403652614
-3951.34849981566
-3951.20721045936
-3951.14661989416
-3950.55886961691
-3950.17384143584
-3951.40774715604
-3951.1396675858
-3951.209418913
-3951.32252890858
-3951.46665444254
-3951.20885279218
-3950.2354851674
-3950.45937949432
-3951.37788174014
-3951.16641893498
-3951.11160906082
-3951.39883268182
-3951.28491605116
-3951.10485979536
-3950.2784818802
-3950.03649052218
-3950.96032196457
-3951.09002434839
-3951.10738726584
-3951.09312516522
-3951.40879331321
-3950.88362700361
-3950.30642118086
-3950.51768868242
-3951.13218858214
-3951.093045868
-3951.16656658594
-3951.15209364708
-3951.07927520148
-3950.76491101262
-3950.41671666531
-3950.32477511169
-3951.05614987632
-3951.17507035884
-3951.22994164492
-3951.00778394391
-3951.34351047819
-3950.87348576658
-3950.30725763698
-3950.33956610593
-3950.99498970599
-3951.3433312332
-3951.03187014488
-3951.19424988309
-3951.0596770809
-3950.95889765991
-3950.31960713154
-3950.24948254347
-3951.20950044203
-3951.39167027496
-3951.37430586648
-3951.33085686599
-3951.38779403325
-3951.11131034188
-3950.2933565611
-3950.28640550398
-3951.10259278578
-3951.18863306343
-3951.06219721321
-3951.23128247169
-3951.16812913423
-3951.09155933677
-3950.25643664322
-3950.52317302009
-3950.89871264483
-3951.19951185684
-3951.33048322162
-3950.92035969496
-3951.33249829664
-3950.81479878552
-3949.95450259071
-3950.39871595823
-3951.15642052274
-3951.12294413573
-3951.39424376922
-3950.96865410439
-3951.50120367439
-3950.80780672976
-3950.35735428893
-3950.59385773139
-3951.12140931565
-3951.15946136778
-3951.14652820802
-3950.87356594413
-3951.20406033964
-3950.83431750088
-3950.25065154879
-3950.49257119283
-3951.02723805685
-3951.24607866255
-3951.29374694405
-3951.01494279759
-3951.39847373661
-3950.8810838424
-3950.27770466829
-3950.32523348147
-3950.90352712306
-3951.45640186484
-3951.34624003047
-3951.36104899201
-3951.3746494125
-3951.10315936243
-3950.35512536842
-3950.29884290648
-3951.09448943333
-3951.44883035709
-3951.31184358175
-3951.30089394536
-3951.39092412272
-3951.08373464255
-3950.25816631949
-3950.1234419358
-3951.33081429739
-3951.26504377567
-3950.86811018734
-3951.21922645552
-3951.19383733584
-3951.10070859033
-3950.27704502158
-3950.00122439923
-3950.70760655744
-3951.17355169061
-3951.17934389448
-3951.36052466006
-3951.44276861599
-3951.06880033075
-3950.23155311522
-3950.17242165819
-3951.12731279124
-3950.93926785383
-3951.1685119944
-3951.33048322162
-3951.28615436146
-3950.92392902505
-3950.29997673107
-3950.16780272278
-3950.86960677915
-3951.22788224801
-3951.10812869685
-3951.21359964193
-3951.47674446145
-3951.10531192173
-3950.27388168775
-3950.53727683791
-3950.90998400407
-3951.46041432044
-3950.92050670129
-3951.23063586318
-3951.17081304175
-3951.16135884954
-3950.31047712216
-3950.29075003621
-3950.8940080011
-3951.40636580213
-3951.07052751433
-3951.34961057045
-3951.17965443902
-3950.88401337827
-3951.33204330942
-3950.27720571022
-3950.84287741543
-3951.10943788155
-3950.93113046872
-3951.33071621559
-3951.1595012494
-3950.91447809957
-3950.34262005602
-3949.95562631066
-3950.76980717197
-3951.33081429739
-3950.96845795117
-3951.08622909304
-3951.2225871705
-3951.03281965495
-3950.30199444492
-3951.33048322162
-3949.65724948808
-3951.33071621559
-3949.71081193777
-3951.33204330942
-3951.33049204306
-3951.33204330942
-3951.33081429739
-3951.33081429739
-3951.33101889201
-3951.33087644192
-3951.33081429739
-3951.33049204306
-3951.33249829664
-3951.33204330942
-3951.33204330942
-3951.33081429739
-3951.33101889201
-3951.33071621559
-3951.33071621559
-3951.33071621559
-3951.33204330942
-3951.33049204306
-3950.35446311648
-3951.33048322162
-3951.33101889201
-3951.33081429739
-3951.33081429739
-3951.33204330942
-3951.33249829663
-3951.33204330942
-3951.33204330942
-3951.33249829664
-3951.33071621559
-3951.33071621559
-3951.33204330942
-3951.33249829663
-3951.33204330942
-3951.33204330942
-3951.33204330942
-3951.33048322162
-3951.33081429739
-3951.33081429739
-3951.33081429739
-3951.33049204306
-3951.33249829664
-3951.33204330942
-3951.33275006325
-3951.33204330942
-3951.33249829664
-3951.33048322162
-3949.77912400194
-3951.33249829664
-3951.33204330942
-3951.33081429739
-3951.33081429739
-3951.33048322162
-3951.33081429739
-3951.33048322162
-3951.33019914123
-3951.33049204306
-3951.33204330942
-3951.33249829664
-3951.33204330942
-3951.33249829664
-3951.33249829664
-3951.33048322162
-3951.33048322162
-3949.95833311457
-3951.33048322162
-3951.33081429739
-3951.33249829664
-3951.33048322162
-3951.33081429739
-3951.33039685933
-3951.33048322162
-3951.33204330942
-3951.33019914123
-3951.33048322162
-3951.33249829664
-3951.33243032644
-3949.47342532255
-3951.33081429739
-3951.33081429739
-3951.33048322162
-3951.33204330942
-3951.33249829664
-3951.33249829663
-3951.33249829664
-3951.33232769548
-3951.33073221237
-3951.33204330942
-3951.33019914123
-3951.33249829664
-3951.33204330942
-3950.37936509288
-3951.33081429739
-3951.33204330942
-3951.33081429739
-3951.33081429739
-3951.33049204306
-3951.33204330942
-3951.33204330942
-3951.33049204306
-3951.33081429739
-3951.33249829664
-3951.33081429739
-3951.33076226165
-3949.73849996079
-3951.33249829664
-3951.33204330942
-3951.33249829664
-3951.33048322162
-3951.33101889201
-3951.33101889201
-3951.33101889201
-3951.33049204306
-3951.33204330942
-3951.33204330942
-3951.33199682778
-3951.33081429739
-3951.33081429739
-3951.33081429739
-3951.33249829663
-3951.33204330942
-3951.33249829664
-3951.33204330942
-3951.33204330942
-3951.33249829664
-3951.41532505227
-3951.33081429739
-3951.33101889201
-3951.33201403099
-3951.33249829664
-3951.33249829664
-3951.33081429739
-3951.41532505227
-3949.73526715194
-3951.41562622021
-3951.33128998079
-3951.33053640828
-3951.26203755462
-3951.33249829664
-3951.33204330942
-3951.33249829663
-3951.33249829664
-3951.33249829664
-3951.33249829664
-3951.33249829663
-3951.33249829664
-3951.33249829664
-3951.33081429739
-3951.33101889201
-3951.33048322162
-3951.33101889201
-3951.33101889201
-3951.33081429739
-3951.33081429739
-3951.33048322162
-3951.33081429739
-3951.33249829663
-3951.33048322162
-3951.33048322162
-3949.69074943306
-3951.33249829664
-3951.33249829664
-3951.33249829664
-3951.33081429739
-3951.33081429739
-3951.33048322162
-3951.33249829664
-3951.33249829664
-3951.33048322162
-3949.72074152983
-3951.33249829664
-3951.33249829664
-3951.33048322162
-3951.33048322162
-3951.33048322162
-3951.33048322162
-3951.33204330943
-3951.33024808036
-3951.33024808036
-3951.33204330942
-3951.33048322162
-3951.33204330942
-3951.33204330942
-3951.33204330942
-3951.33048322162
-3951.33053640828
-3951.33249829664
-3951.33048322162
-3951.33048322162
-3951.33048322162
-3951.33048322162
-3951.33019914123
-3951.33019914123
-3951.33019914123
-3951.33019914123
-3951.33053640828
-3951.33081429739
-3951.40768793027
-3951.33048322162
-3951.33048322162
-3951.33019914123
-3951.33019914123
-3951.33019914123
-3951.33053640828
-3951.40879203631
-3951.33081429739
-3951.33048322162
-3951.33076226165
-3951.33019914123
-3951.33204330942
-3951.33249829664
-3951.33204330942
-3951.33081429739
-3951.40879331321
-3951.40770745037
-3951.33048322162
-3951.40879331321
-3951.33019914123
-3951.40879331321
-3951.33053640828
-3951.33249829664
-3951.33081429739
-3949.56355387473
-3951.33249829664
-3951.33204330942
-3951.33249829664
-3951.33249829664
-3951.33249829664
-3951.33204330943
-3951.33081429739
-3951.40770745037
-3951.33048322162
-3951.32960281676
-3951.33204330942
-3951.40881436535
-3951.33204330942
-3951.33081429739
-3951.33101889201
-3951.40881436535
-3951.33161146319
-3949.75970236706
-3951.33249829664
-3951.33249829664
-3951.33204330942
-3951.33204330942
-3951.33048322162
-3951.33081429739
-3951.33101889201
-3951.33204330942
-3951.33249829664
-3951.40881436535
-3951.33048322162
-3951.33081429739
-3951.33181096915
-3951.33128998079
-3951.33128998079
-3951.32945950322
-3951.33048322162
-3951.33204330942
-3951.33204330942
-3951.33109051611
-3951.33128998079
-3951.33128998079
-3951.33128998079
-3951.33181096915
-3951.331018892
-3951.33081429739
-3951.33183562838
-3951.33081429739
-3951.33048322162
-3951.33179313561
-3951.33128998079
-3951.33179313561
-3949.52210050203
-3951.33048322162
-3951.33204330942
-3951.33048322162
-3951.33249829664
-3951.33128998079
-3951.33128998079
-3951.33081429739
-3951.33234149609
-3951.33048322162
-3950.35305137869
-3951.33048322162
-3951.33249829663
-3951.33048322162
-3951.33204330942
-3951.33081429739
-3951.33249829664
-3951.33249829664
-3951.33048322162
-3951.33249829664
-3949.64908870352
-3951.33179313561
-3951.33249829664
-3951.41532505226
-3951.33081429739
-3951.33249829664
-3951.33048322162
-3951.33048322162
-3951.33249829664
-3951.33204330942
-3951.33204330942
-3951.33249829664
-3951.33081429739
-3951.33019914123
-3951.33048322162
-3951.33204330942
-3951.33249829664
-3951.33249829664
-3951.33249829663
-3951.331018892
-3951.33081429739
-3951.33187375942
-3951.33073221237
-3951.33204330942
-3951.33049204306
-3951.33048322162
-3951.33048322162
-3951.33081429739
-3951.33073221237
-3951.33053640828
-3951.33204330942
-3950.38242287143
-3951.33249829663
-3951.33249829664
-3951.33048322162
-3951.33048322162
-3951.33081429739
-3951.33081429739
-3951.33232769548
-3951.33048322162
-3951.40770745036
-3951.33048322162
-3951.33048322162
-3949.69687026766
-3951.33039685933
-3951.33053640828
-3951.33081429739
-3951.33204330942
-3951.33382984039
-3949.72069357076
-3951.33048322162
-3951.33081429739
-3951.33048322162
-3951.33073221237
-3950.28293163079
-3951.33016485874
-3951.33048322162
-3949.73570075619
-3951.33048322162
-3951.32960281676
-3951.33058247548
-3951.33019914123
-3951.33048322162
-3951.33048322162
-3951.33382984039
-3951.33048322162
-3951.33071621559
-3951.33048322162
-3951.33094039583
-3951.33081429739
-3951.33039685933
-3951.34995198128
-3951.33128998079
-3951.33204330942
-3951.33128998079
-3951.33048322162
-3951.33074820419
-3951.33204330942
-3951.33048322162
-3951.33204330942
-3951.33128998079
-3951.33179074548
-3951.33181096915
-3951.33058247548
-3951.33058247548
-3951.33094039583
-3951.33200999694
-3951.33249829664
-3951.33181096915
-3951.33128998079
-3951.33181096915
-3951.33181096915
-3951.33071621559
-3951.33200999694
-3951.33343171574
-3951.331018892
-3951.331018892
-3951.33181096915
-3951.33249829664
-3951.33249829664
-3951.33249829664
-3951.33040833912
-3951.33049204306
-3951.33071621559
-3951.33249829664
-3951.33179313561
-3951.33227643564
-3951.33227643564
-3951.33205309789
-3951.33048322162
-3951.33249829663
-3951.33071621559
-3951.33048322162
-3951.33071621559
-3951.33249829664
-3951.33227643564
-3951.33049204306
-3951.33049204306
-3951.33249829664
-3951.33249829664
-3951.33249829664
-3951.33249829664
-3951.33249829664
-3951.33243032644
-3951.33081429739
-3951.33049204306
-3951.33048322162
-3951.33081429739
-3951.33249829663
-3951.33249829664
-3951.33249829664
-3951.33249829664
-3951.33081429739
-3951.33049204306
-3951.33081429739
-3951.33071621559
-3951.33249829664
-3951.33249829664
-3951.33249829664
-3951.33249829663
-3951.33081429739
-3951.33204330942
-3951.33081429739
-3951.33204330942
-3951.33249829664
-3951.33249829664
-3951.33249829664
-3951.33249829664
-3951.33081429739
-3951.33081429739
-3951.33204330942
-3951.33249829664
-3951.33249829664
-3951.33249829664
-3951.33048322162
-3951.33048322162
-3951.33081429739
-3951.33081429739
-3951.33234149609
-3951.33249829664
-3951.33249829663
-3951.33249829664
-3949.81974320808
-3951.33048322162
-3951.33048322162
-3951.33048322162
-3951.33048322162
-3951.33204330942
-3951.33048322162
-3951.33048322162
-3951.33048322162
-3951.33048322162
-3951.33048322162
-3951.33048322162
-3951.33243032644
-3951.33382984039
-3951.33081429739
-3951.33249829664
-3951.33048322162
-3951.33048322162
-3951.33048322162
-3951.33048322162
-3951.33048322162
-3951.33048322162
-3951.33275006325
-3951.33243032644
-3951.33243032644
-3951.33048322162
-3951.33048322162
-3951.33048322162
-3951.33048322162
-3951.33247544575
-3951.33275006325
-3951.33249829664
-3951.33048322162
-3951.33049204306
-3951.33049204306
-3951.33048322162
-3951.33204330942
-3951.33048322162
-3951.33164449823
-3951.33243032644
-3951.33181096915
-3951.33048322162
-3951.33049204306
-3951.33234149609
-3951.33205309789
-3951.33048322162
-3951.33249829663
-3951.33071621559
-3951.33071621559
-3951.33249829664
-3951.33049204306
-3951.33205309789
-3951.33204330942
