# type 2 occupying energies
-4141.04250419402
-4142.28541172354
-4141.00974945112
-4142.28541172354
-4142.28541172354
-4141.14036021417
-4142.28541172354
-4141.08259597869
-4140.78278671924
-4142.28541172354
-4140.80371381635
-4142.28541172354
-4140.90853751952
-4142.28541172354
-4142.28541172354
-4141.30082003786
-4142.28541172354
-4141.21151330276
-4141.04464419818
-4141.10665967387
-4142.28541172354
-4142.28541172354
-4141.61850234291
-4140.99329925081
-4140.72989119294
-4142.28541172354
-4140.95059596739
-4142.28541172354
-4140.946875264
-4142.28541172354
-4141.24145173415
-4141.01322918406
-4140.7972059389
-4140.8346154236
-4142.28541172354
-4140.73860234821
-4142.28541172354
-4142.28541172354
-4142.28541172354
-4140.87580659613
-4142.28541172354
-4141.0309410042
-4142.28541172354
-4142.28541172354
-4142.28541172354
-4142.28541172354
-4141.04334052806
-4140.74508066031
-4140.84252146353
-4142.28541172354
-4142.28541172354
-4140.79878329596
-4142.28541172354
-4142.28541172354
-4141.24203342561
-4140.92336905592
-4142.28541172354
-4140.96929951715
-4142.28541172354
-4142.28541172354
-4140.90748298173
-4142.28541172354
-4142.28541172354
-4140.77389102612
-4140.92777204399
-4142.28541172354
-4141.13060559757
-4141.09592863265
-4142.28541172354
-4141.03654563883
-4142.28541172354
-4140.8379867779
-4140.95990363333
-4142.28541172354
-4142.28541172354
-4141.19606183914
-4142.28541172354
-4140.96708501923
-4141.33186900741
-4140.84594249766
-4140.75979292068
-4142.28541172354
-4142.28541172354
-4142.28541172354
-4141.00871870965
-4142.28541172354
-4142.28541172354
-4140.83178160309
-4140.61030359757
-4142.28541172354
-4140.98647106655
-4141.28703456313
-4141.38739734231
-4141.02889612968
-4142.28541172354
-4141.15715822708
-4140.60763962472
-4142.28541172354
-4142.28541172354
-4140.94221147915
-4142.28541172354
-4140.92707632471
-4142.28541172354
-4141.09585477572
-4140.62187519618
-4142.28541172354
-4140.95390699141
-4141.11634744585
-4142.28541172354
-4140.96500337084
-4142.28541172354
-4141.30731302243
-4140.91962930126
-4142.28541172354
-4141.22520681808
-4141.29044958874
-4142.28541172354
-4142.28541172354
-4141.30410052519
-4142.28541172354
-4140.82884206847
-4142.28541172354
-4141.00429087933
-4142.28541172354
-4142.28541172354
-4142.28541172354
-4141.02248789512
-4142.28541172354
-4140.58320545546
-4142.28541172354
-4140.60304886557
-4142.28541172354
-4140.5876998497
-4142.28541172354
-4140.97425603008
-4141.27072981612
-4140.63145143949
-4142.28541172354
-4140.6032758926
-4142.28541172354
-4140.65375014666
-4142.28541172354
-4140.88976787669
-4141.18337970379
-4140.58608573067
-4142.28541172354
-4140.61315716881
-4142.28541172354
-4140.64282881985
-4142.28541172354
-4141.18641057196
-4140.69736263015
-4140.59638363634
-4142.28541172354
-4140.78293829908
-4141.334678653
-4140.86457450429
-4141.06581592894
-4142.28541172354
-4140.79863603699
-4141.00369270616
-4142.28541172354
-4140.81072873282
-4142.28541172354
-4140.7111081815
-4140.83110826972
-4142.28541172354
-4140.62630088571
-4140.77563719265
-4142.28541172354
-4140.88711644025
-4140.95568532608
-4142.28541172354
-4140.74136448198
-4142.28541172354
-4140.61002747863
-4142.28541172354
-4142.28541172354
-4140.94663768767
-4142.28541172354
-4140.86836126918
-4140.84970110612
-4142.28541172354
-4140.6714501045
-4140.77300115836
-4142.28541172354
-4140.78371693592
-4142.28541172354
-4142.28541172354
-4140.6918372105
-4142.28541172354
-4140.78509100669
-4140.74363975681
-4142.28541172354
-4142.28541172354
-4141.17469581694
-4141.02090397267
-4142.28541172354
-4142.28541172354
-4140.86443760261
-4140.66148893505
-4142.28541172354
-4140.67105664366
-4142.28541172354
-4142.28541172354
-4142.28541172354
-4142.28541172354
-4141.04458795054
-4140.59795966852
-4142.28541172354
-4140.94512737988
-4142.28541172354
-4142.28541172354
-4142.28541172354
-4141.25848914765
-4142.28541172354
-4140.54367652915
-4142.28541172354
-4140.74043455437
-4142.28541172354
-4140.81840639462
-4142.28541172354
-4141.02981744112
-4140.97017201354
-4140.58549737165
-4142.28541172354
-4140.89882997087
-4142.28541172354
-4142.28541172354
-4140.8908292612
-4142.28541172354
-4142.28541172354
-4140.59968816682
-4142.28541172354
-4140.63096633684
-4142.28541172354
-4140.82360044331
-4141.02597218993
-4142.28541172354
-4140.96635629665
-4140.59325548789
-4142.28541172354
-4140.68767699703
-4142.28541172354
-4142.28541172354
-4142.28541172354
-4141.03801843348
-4142.28541172354
-4140.58179393834
-4142.28541172354
-4140.53762055973
-4142.28541172354
-4142.28541172354
-4142.28541172354
-4140.89167329458
-4142.28541172354
-4140.59767574616
-4142.28541172354
-4140.6554986079
-4142.28541172354
-4140.89293572123
-4142.28541172354
-4141.04846135734
-4142.28541172354
-4140.97877420903
-4141.18132719994
-4141.03390538152
-4140.94414631163
-4141.21841880118
-4142.28541172354
-4142.28541172354
-4140.50633962279
-4140.80439655588
-4141.31252520855
-4141.01068871767
-4140.95207708767
-4141.26838311441
-4140.95843411522
-4141.34135259601
-4140.72992319553
-4141.03869362597
-4142.28541172354
-4142.28541172354
-4140.65912450971
-4142.28541172354
-4140.6647362565
-4142.28541172354
-4140.63414098644
-4140.73379908595
-4142.28541172354
-4142.28541172354
-4140.82733810765
-4142.28541172354
-4140.80168162806
-4142.28541172354
-4140.66972371738
-4140.80233269569
-4142.28541172354
-4142.28541172354
-4142.28541172354
-4142.28541172354
-4140.85700553011
-4142.28541172354
-4140.64669725521
-4140.61346810591
-4142.28541172354
-4142.28541172354
-4141.31946010306
-4142.28541172354
-4140.97676457028
-4142.28541172354
-4141.06577185824
-4140.62842618827
-4142.28541172354
-4140.83337797728
-4142.28541172354
-4142.28541172354
-4142.28541172354
-4142.28541172354
-4140.78973058778
-4140.61791138196
-4142.28541172354
-4140.76121587176
-4142.28541172354
-4141.07576901726
-4142.28541172354
-4142.28541172354
-4142.28541172354
-4140.66813490644
-4142.28541172354
-4140.7881313487
-4142.28541172354
-4141.06484668313
-4141.40564742106
-4141.07409684445
-4142.28541172354
-4140.59525935381
-4142.28541172354
-4140.79249431771
-4141.41977321106
-4140.85910884246
-4142.28541172354
-4140.98613579408
-4142.28541172354
-4140.74004729021
-4141.20439464639
-4142.28541172354
-4141.16565414576
-4142.28541172354
-4141.02111634296
-4141.05365605459
-4141.08168411692
-4140.66789953657
-4142.28541172354
-4140.82229223714
-4142.28541172354
-4142.28541172354
-4141.16768538798
-4141.20398396624
-4140.7327398679
-4140.94305380134
-4141.17182183528
-4141.17569720707
-4142.28541172354
-4141.24066874901
-4140.99928730689
-4142.28541172354
-4140.73964056466
-4140.70565526938
-4142.28541172354
-4140.65715953419
-4142.28541172354
-4140.90407104109
-4141.26713541109
-4142.28541172354
-4140.6605127243
-4140.72669794892
-4142.28541172354
-4140.9556015566
-4141.0149442704
-4142.28541172354
-4140.7720456389
-4142.28541172354
-4140.59126926075
-4141.31766831127
-4141.39237552724
-4142.28541172354
-4140.88158477617
-4142.28541172354
-4140.6375897397
-4142.28541172354
-4140.60424021042
-4141.14035008698
-4142.28541172354
-4141.22112952728
-4142.28541172354
-4142.28541172354
-4140.7430364171
-4142.28541172354
-4140.71741154193
-4142.28541172354
-4141.15270663101
-4142.28541172354
-4142.28541172354
-4142.28541172354
-4142.28541172354
-4142.28541172354
-4140.62062028827
-4141.03739739717
-4142.28541172354
-4141.08764080503
-4141.0706411852
-4142.28541172354
-4140.88818305676
-4142.28541172354
-4140.85266172207
-4140.86531194599
-4142.28541172354
-4142.28541172354
-4142.28541172354
-4140.96379689927
-4142.28541172354
-4142.28541172354
-4140.634029001
-4142.28541172354
-4142.28541172354
-4140.71533374847
-4142.28541172354
-4141.10691117888
-4140.97664887012
-4142.28541172354
-4140.86426176309
-4140.63320564226
-4142.28541172354
-4140.58470026937
-4142.28541172354
-4140.76770744405
-4142.28541172354
-4142.28541172354
-4140.64977757955
-4140.63648629601
-4142.28541172354
-4140.72650033445
-4141.14878492792
-4140.87755599741
-4142.28541172354
-4142.28541172354
-4140.87940790182
-4140.65989134961
-4142.28541172354
-4140.72525828177
-4142.28541172354
-4140.95547952487
-4141.13276846616
-4142.28541172354
-4142.28541172354
-4140.81755315432
-4142.28541172354
-4141.00232395569
-4141.27997865182
-4142.28541172354
-4142.28541172354
-4141.0656840837
-4140.72864932213
-4140.87556092567
-4142.28541172354
-4140.90138869835
-4142.28541172354
-4141.28625657711
-4142.28541172354
-4142.28541172354
-4140.85471798824
-4140.81889882298
-4142.28541172354
-4140.83008514692
-4142.28541172354
-4140.99383431054
-4140.93211066917
-4142.28541172354
-4140.64109811353
-4142.28541172354
-4141.17093226438
-4142.28541172354
-4140.95823542736
-4142.28541172354
-4140.83609600371
-4141.46771260209
-4140.82663945257
-4140.84038670983
-4142.28541172354
-4141.07971438137
-4141.09339311425
-4141.17158714897
-4142.28541172354
-4142.28541172354
-4140.95086424022
-4142.28541172354
-4141.34837630016
-4142.28541172354
-4140.89415189039
-4142.28541172354
-4140.75331417307
-4142.28541172354
-4140.61335119536
-4140.9270155258
-4142.28541172354
-4141.36443682793
-4141.13947524587
-4142.28541172354
-4140.79958432393
-4142.28541172354
-4140.89747413726
-4142.28541172354
-4140.95805461613
-4142.28541172354
-4140.85922027423
-4142.28541172354
-4141.00042231887
-4142.28541172354
-4142.28541172354
-4141.16472711834
-4142.28541172354
-4141.0337968756
-4142.28541172354
-4142.28541172354
-4142.28541172354
-4142.28541172354
-4142.28541172354
-4142.28541172354
-4140.72127372625
-4142.28541172354
-4140.8497494014
-4142.28541172354
-4141.28066794798
-4142.28541172354
-4142.28541172354
-4142.28541172354
-4140.82037569356
-4142.28541172354
-4142.28541172354
-4141.09784228299
-4142.28541172354
-4140.85798702681
-4142.28541172354
-4142.28541172354
-4140.62585707634
-4142.28541172354
-4140.88957033354
-4141.47650486888
-4142.28541172354
-4141.04811321236
-4142.28541172354
-4142.28541172354
-4140.60439476458
-4142.28541172354
-4140.73109740382
-4142.28541172354
-4141.01709812831
-4141.12754952746
-4141.23901243426
-4142.28541172354
-4140.62362144343
-4142.28541172354
-4142.28541172354
-4141.05020459483
-4142.28541172354
-4140.96936434178
-4141.4195768423
-4142.28541172354
-4140.71621061298
-4142.28541172354
-4140.72625128622
-4142.28541172354
-4140.97960202268
-4141.2198645127
-4142.28541172354
-4142.28541172354
-4140.75096405201
-4142.28541172354
-4140.9622445361
-4142.28541172354
-4142.28541172354
-4142.28541172354
-4142.28541172354
-4142.28541172354
-4140.81225613735
-4142.28541172354
-4142.28541172354
-4141.08227525694
-4141.21521159107
-4141.00244555378
-4142.28541172354
-4142.28541172354
-4141.00661397607
-4142.28541172354
-4141.33602143077
-4142.28541172354
-4142.28541172354
-4141.04164127615
-4142.28541172354
-4142.28541172354
-4142.28541172354
-4141.29191306574
-4142.28541172354
-4141.00361908264
-4142.28541172354
-4140.85401056829
-4142.28541172354
-4142.28541172354
-4142.28541172354
-4142.28541172354
-4142.28541172354
-4141.18166781621
-4142.28541172354
-4140.73187606858
-4142.28541172354
-4141.33176952458
-4142.28541172354
-4140.9524220231
-4142.28541172354
-4140.82671859576
-4142.28541172354
-4140.67473836131
-4142.28541172354
-4141.34338814567
-4141.12426403929
-4142.28541172354
-4142.28541172354
-4141.04007966608
-4141.02237583046
-4142.28541172354
-4141.26221627616
-4142.28541172354
-4142.28541172354
-4140.71875084793
-4142.28541172354
-4140.73996184978
-4142.28541172354
-4140.82790929217
-4142.28541172354
-4140.89792592586
-4142.28541172354
-4140.69917364831
-4142.28541172354
-4140.51758150224
-4142.28541172354
-4140.56053759245
-4142.28541172354
-4141.00878877752
-4140.88550639197
-4141.01315131604
-4141.10297817302
-4142.28541172354
-4142.28541172354
-4140.68887433506
-4142.28541172354
-4142.28541172354
-4140.72632202555
-4140.94991011212
-4140.89528370025
-4140.73519086372
-4142.28541172354
-4140.62296962869
-4142.28541172354
-4142.28541172354
-4140.72574655974
-4142.28541172354
-4142.28541172354
-4140.81160882767
-4142.28541172354
-4140.64020110291
-4142.28541172354
-4142.28541172354
-4140.56000847626
-4142.28541172354
-4140.73304511394
-4142.28541172354
-4140.93188366649
-4141.08963094896
-4141.278905706
-4142.28541172354
-4142.28541172354
-4142.28541172354
-4140.88968737038
-4142.28541172354
-4141.1621270527
-4140.99818966952
-4142.28541172354
-4142.28541172354
-4140.76217373488
-4142.28541172354
-4142.28541172354
-4142.28541172354
-4140.91247172601
-4142.28541172354
-4142.28541172354
-4142.28541172354
-4141.06407258251
-4142.28541172354
-4142.28541172354
-4142.28541172354
-4142.28541172354
-4142.28541172354
-4142.28541172354
-4142.28541172354
-4140.76469444647
-4142.28541172354
-4140.95826380553
-4142.28541172354
-4142.28541172354
-4142.28541172354
-4142.28541172354
-4142.28541172354
-4142.28541172354
-4141.15445296109
-4142.28541172354
-4140.8673471348
-4142.28541172354
-4140.73447010118
-4142.28541172354
-4142.28541172354
-4142.28541172354
-4142.28541172354
-4141.09142328808
-4142.28541172354
-4142.28541172354
-4140.71086081778
-4142.28541172354
-4142.28541172354
-4140.89144748329
-4142.28541172354
-4140.99669021694
-4140.87628812462
-4142.28541172354
-4140.63673588691
-4142.28541172354
-4140.85966656473
-4142.28541172354
-4140.83831357895
-4142.28541172354
-4140.69984236235
-4142.28541172354
-4140.55546041017
-4142.28541172354
-4142.28541172354
-4141.07270882357
-4141.20700919806
-4140.95932598716
-4142.28541172354
-4140.95615189973
-4140.63873965629
-4142.28541172354
-4140.770508848
-4142.28541172354
-4140.64466679994
-4142.28541172354
-4140.56672286592
-4142.28541172354
-4140.56564065922
-4142.28541172354
-4140.91343187574
-4142.28541172354
-4140.99944907066
-4140.83075592034
-4142.28541172354
-4140.98663121008
-4142.28541172354
-4142.28541172354
-4142.28541172354
-4140.61132976316
-4142.28541172354
-4140.70601434549
-4142.28541172354
-4142.28541172354
-4140.88296031646
-4142.28541172354
-4142.28541172354
-4140.6488568513
-4142.28541172354
-4140.66121742846
-4142.28541172354
-4140.96628405697
-4141.13419871808
-4141.45511364738
-4142.28541172354
-4140.77944458606
-4142.28541172354
-4142.28541172354
-4141.08833007602
-4141.11638416808
-4140.79708841061
-4142.28541172354
-4142.28541172354
-4140.72075339212
-4142.28541172354
-4140.6866509913
-4142.28541172354
-4140.8586062151
-4142.28541172354
-4142.28541172354
-4142.28541172354
-4140.80963473231
-4141.10466095076
-4142.28541172354
-4142.28541172354
-4142.28541172354
-4140.89786247034
-4142.28541172354
-4142.28541172354
-4140.86746395208
-4142.28541172354
-4140.94996691104
-4142.28541172354
-4142.28541172354
-4140.9477281673
-4142.28541172354
-4142.28541172354
-4142.28541172354
-4141.05007439033
-4141.34333479292
-4141.06498956054
-4142.28541172354
-4140.81871609346
-4142.28541172354
-4142.28541172354
-4142.28541172354
-4142.28541172354
-4142.28541172354
-4140.88624185809
-4142.28541172354
-4140.78646231888
-4142.28541172354
-4141.14959104473
-4142.28541172354
-4140.89237356594
-4142.28541172354
-4140.94667045859
-4141.0481101958
-4140.76004670066
-4142.28541172354
-4141.06602318496
-4141.21241620244
-4140.82640391738
-4142.28541172354
-4142.28541172354
-4141.13378076803
-4140.84456555679
-4142.28541172354
-4142.28541172354
-4140.91546714917
-4141.09385537255
-4140.88393241601
-4142.28541172354
-4140.98359881981
-4140.81091296117
-4142.28541172354
-4140.95680170864
-4142.28541172354
-4142.28541172354
-4140.77519367128
-4142.28541172354
-4140.90354578065
-4142.28541172354
-4142.28541172354
-4142.28541172354
-4140.6583055957
-4142.28541172354
-4140.77251595722
-4142.28541172354
-4141.02506850101
-4140.92485641649
-4142.28541172354
-4142.28541172354
-4142.28541172354
-4142.28541172354
-4140.83812135144
-4142.28541172354
-4140.92646921896
-4141.12850414383
-4142.28541172354
-4142.28541172354
-4140.59680085529
-4142.28541172354
-4140.74067905953
-4142.28541172354
-4141.08183294255
-4141.07652089851
-4142.28541172354
-4142.28541172354
-4140.63131749211
-4142.28541172354
-4140.75828783183
-4142.28541172354
-4140.9886648957
-4142.28541172354
-4142.28541172354
-4142.28541172354
-4140.66476119705
-4142.28541172354
-4140.62845873352
-4142.28541172354
-4142.28541172354
-4141.06519513752
-4142.28541172354
-4142.28541172354
-4140.69164136306
-4142.28541172354
-4140.75918236951
-4142.28541172354
-4140.9832734368
-4141.09840926559
-4141.18849817929
-4142.28541172354
-4140.84826740795
-4142.28541172354
-4140.85274770857
-4142.28541172354
-4140.95611271218
-4142.28541172354
-4141.11095707667
-4142.28541172354
-4140.7791533263
-4142.28541172354
-4140.94206907425
-4142.28541172354
-4141.26225261484
-4141.28156691475
-4142.28541172354
-4142.28541172354
-4140.94780274481
-4142.28541172354
-4141.08168822678
-4142.28541172354
-4141.25924440137
-4141.13173400337
-4142.28541172354
-4142.28541172354
-4140.81839559581
-4141.60798882766
-4142.28541172354
-4142.28541172354
-4141.52751390876
-4142.28541172354
-4142.28541172354
-4142.28541172354
-4142.28541172354
-4141.21970751804
-4141.35151753838
-4142.28541172354
-4142.28541172354
-4140.75603792716
-4142.28541172354
-4142.28541172354
-4140.77856503101
-4142.28541172354
-4141.0979571821
-4141.33057445188
-4142.28541172354
-4140.98416882246
-4142.28541172354
-4142.28541172354
-4140.94043123919
-4141.03630707273
-4142.28541172354
-4140.92975436713
-4142.28541172354
-4140.81589102407
-4142.28541172354
-4142.28541172354
-4140.77388865552
-4141.42817436599
-4140.82743164227
-4142.28541172354
-4140.90563302136
-4140.86911631556
-4141.39289196363
-4141.18512764058
-4140.9773524924
-4142.28541172354
-4140.80786133681
-4142.28541172354
-4140.89721485944
-4141.27667918093
-4141.26750608325
-4142.28541172354
-4140.71253161746
-4142.28541172354
-4140.83997300017
-4142.28541172354
-4140.99663389006
-4142.28541172354
-4142.28541172354
-4142.28541172354
-4140.87514585778
-4141.47569700512
-4141.17737966967
-4142.28541172354
-4141.06515969234
-4142.28541172354
-4142.28541172354
-4142.28541172354
-4140.91644670837
-4142.28541172354
-4141.17927223871
-4142.28541172354
-4142.28541172354
-4142.28541172354
-4142.28541172354
-4142.28541172354
-4140.8273524366
-4142.28541172354
-4140.83789199297
-4142.28541172354
-4142.28541172354
-4140.91474095809
-4142.28541172354
-4142.28541172354
-4140.88072053978
-4141.5894857034
-4142.28541172354
-4141.33496437252
-4141.11744500037
-4140.89484605567
-4142.28541172354
