# type 1 occupying energies
-3951.33048322162
-3951.33048322162
-3951.33048322162
-3951.33048322162
-3951.33343720676
-3951.33048322162
-3951.33048322162
-3951.33048322162
-3951.33048322162
-3951.33048322162
-3951.33048322162
-3951.33048322162
-3951.33048322162
-3951.33048322162
-3951.33048322162
-3951.33048322162
-3951.33048322162
-3951.33048322162
-3951.33048322162
-3951.33048322162
-3951.33048322162
-3951.33048322162
-3951.33048322162
-3951.33048322162
-3951.33048322162
-3951.33048322162
-3951.33048322162
-3951.43994734829
-3951.33048322162
-3951.33048322162
-3951.33048322162
-3951.33048322162
-3951.33048322162
-3951.33048322162
-3951.33048322162
-3951.33048322162
-3951.33048322162
-3951.33048322162
-3951.33048322162
-3951.33048322162
-3951.33048322162
-3951.33048322162
-3951.33048322162
-3951.33048322162
-3951.33048322162
-3951.33048322162
-3951.33048322162
-3951.33048322162
-3951.33048322162
-3951.33048322162
-3951.33048322162
-3951.33048322162
-3951.33048322162
-3951.24455807407
-3951.33048322162
-3951.33048322162
-3951.33048322162
-3951.33048322162
-3951.33048322162
-3951.33048322162
-3951.33048322162
-3951.33048322162
-3951.33048322162
-3951.33048322162
-3951.33048322162
-3951.33048322162
-3951.33048322162
-3951.33048322162
-3951.33048322162
-3951.33048322162
-3951.33048322162
-3951.33048322162
-3951.33048322162
-3951.33048322162
-3951.33048322162
-3951.33048322162
-3951.33048322162
-3951.33048322162
-3951.33048322162
-3951.33048322162
-3951.33048322162
-3951.33048322162
-3951.28365489898
-3951.33048322162
-3951.33048322162
-3951.33048322162
-3951.33048322162
-3951.33048322162
-3951.33048322162
-3951.33048322162
-3951.33048322162
-3951.33048322162
-3951.33048322162
-3951.33048322162
-3951.33048322162
-3951.33048322162
-3951.33048322162
-3951.33048322162
-3951.33048322162
-3951.33048322162
-3951.33048322162
-3951.33048322162
-3951.33048322162
-3951.33048322162
-3951.33048322162
-3951.33048322162
-3951.33048322162
-3951.33048322162
-3951.33048322162
-3951.33048322162
-3951.33048322162
-3951.33048322162
-3951.33048322162
-3951.61403936107
-3951.33048322162
-3951.33048322162
-3951.33048322162
-3951.33048322162
-3951.33048322162
-3951.33048322162
-3951.33048322162
-3951.33048322162
-3951.33048322162
-3951.33048322162
-3951.33048322162
-3951.33048322162
-3951.33048322162
-3951.33048322162
-3951.33048322162
-3951.33048322162
-3951.33048322162
-3951.33048322162
-3951.50418837743
-3951.33048322162
-3951.33048322162
-3951.33048322162
-3951.33048322162
-3951.33048322162
-3951.33048322162
-3951.33048322162
-3951.33048322162
-3951.33048322162
-3951.33048322162
-3951.33048322162
-3951.33048322162
-3951.33048322162
-3951.33048322162
-3951.33048322162
-3951.33048322162
-3951.33048322162
-3951.33048322162
-3951.33048322162
-3951.33048322162
-3951.33048322162
-3951.33048322162
-3951.33048322162
-3951.33048322162
-3951.33048322162
-3951.33048322162
-3951.33048322162
-3951.33048322162
-3951.33048322162
-3951.33048322162
-3951.33048322162
-3951.33048322162
-3951.33048322162
-3951.33048322162
-3951.33048322162
-3951.33048322162
-3951.33048322162
-3951.33048322162
-3951.33048322162
-3951.33048322162
-3951.33048322162
-3951.33048322162
-3951.33048322162
-3951.33048322162
-3951.33048322162
-3951.33048322162
-3951.33048322162
-3951.33048322162
-3951.33048322162
-3951.33048322162
-3951.33048322162
-3951.33048322162
-3951.33048322162
-3951.33048322162
-3951.33048322162
-3951.33048322162
-3951.33048322162
-3951.33048322162
-3951.33048322162
-3952.41204730518
-3951.33048322162
-3951.33048322162
-3951.33048322162
-3951.33048322162
-3951.33048322162
-3951.33048322162
-3951.33048322162
-3951.33048322162
-3951.33048322162
-3951.33048322162
-3951.33048322162
-3951.33048322162
-3951.33048322162
-3951.33048322162
-3951.33048322162
-3951.33048322162
-3951.33048322162
-3951.33048322162
-3951.33048322162
-3951.33048322162
-3951.68810635291
-3951.33048322162
-3951.33048322162
-3951.33048322162
-3951.33048322162
-3951.33048322162
-3951.33048322162
-3951.33048322162
-3951.33048322162
-3951.84635949163
-3951.33048322162
-3951.33048322162
-3951.74029641132
-3951.33048322162
-3951.33048322162
-3951.5505888518
-3951.33048322162
-3951.33048322162
-3951.33048322162
-3951.33048322162
-3951.33048322162
-3951.33048322162
-3951.33048322162
-3951.33048322162
-3951.33048322162
-3951.33048322162
-3951.33048322162
-3951.33048322162
-3951.33048322162
-3951.33048322162
-3951.33048322162
-3951.33048322162
-3951.33048322162
-3951.33048322162
-3951.33048322162
-3951.33048322162
-3951.33048322162
-3951.33048322162
-3951.33048322162
-3951.33048322162
-3951.33048322162
-3951.33048322162
-3951.33048322162
-3951.33048322162
-3951.33048322162
-3951.33048322162
-3951.33048322162
-3951.33048322162
-3951.33048322162
-3951.33048322162
-3952.434590366
-3951.33048322162
-3951.33048322162
-3951.33048322162
-3951.33048322162
-3951.33048322162
-3951.33048322162
-3951.33048322162
-3951.33048322162
-3951.33048322162
-3951.33048322162
-3951.33048322162
-3951.33048322162
-3951.33048322162
-3951.33048322162
-3951.33048322162
-3951.33048322162
-3951.33048322162
-3951.33048322162
-3951.33048322162
-3951.33048322162
-3951.33048322162
-3951.33048322162
-3951.33048322162
-3951.33048322162
-3951.33048322162
-3951.33048322162
-3951.33048322162
-3951.33048322162
-3951.33048322162
-3951.33048322162
-3951.71002956387
-3951.33048322162
-3951.33048322162
-3951.33048322162
-3951.33048322162
-3951.33048322162
-3951.33048322162
-3951.33048322162
-3951.33048322162
-3951.33048322162
-3951.33048322162
-3951.33048322162
-3951.33048322162
-3951.33048322162
-3951.33048322162
-3951.33048322162
-3951.33048322162
-3951.33048322162
-3951.33048322162
-3951.33048322162
-3951.33048322162
-3951.33048322162
-3951.33048322162
-3951.33048322162
-3951.33048322162
-3951.33048322162
-3951.33048322162
-3951.33048322162
-3951.33048322162
-3951.33048322162
-3951.33048322162
-3951.33048322162
-3951.33048322162
-3951.33048322162
-3951.33048322162
-3951.33048322162
-3951.33048322162
-3951.33048322162
-3951.33048322162
-3951.33048322162
-3951.33048322162
-3951.33048322162
-3951.33048322162
-3951.6451101475
-3951.33048322162
-3951.33048322162
-3951.33048322162
-3951.33048322162
-3951.33048322162
-3951.33048322162
-3951.33048322162
-3951.33048322162
-3951.33048322162
-3951.33048322162
-3951.33048322162
-3951.33048322162
-3951.33048322162
-3951.33048322162
-3951.33048322162
-3951.33048322162
-3951.33048322162
-3951.33048322162
-3951.33048322162
-3951.52756336045
-3951.33048322162
-3951.33048322162
-3951.33048322162
-3951.33048322162
-3951.33048322162
-3951.33048322162
-3951.33048322162
-3951.33048322162
-3951.33048322162
-3951.33048322162
-3951.33048322162
-3951.33048322162
-3951.33048322162
-3951.33048322162
-3951.33048322162
-3951.33048322162
-3951.33048322162
-3951.33048322162
-3951.33048322162
-3951.33048322162
-3951.33048322162
-3951.33048322162
-3951.33048322162
-3951.33048322162
-3951.33048322162
-3951.33048322162
-3951.33048322162
-3951.33048322162
-3951.33048322162
-3951.33048322162
-3951.33048322162
-3951.33048322162
-3951.33048322162
-3951.33048322162
-3951.33048322162
-3951.33048322162
-3951.33048322162
-3951.33048322162
-3951.33048322162
-3951.33048322162
-3951.33048322162
-3951.33048322162
-3951.33048322162
-3951.33048322162
-3951.33048322162
-3951.50710093235
-3951.33048322162
-3951.49634050133
-3951.33048322162
-3951.33048322162
-3951.33048322162
-3951.33048322162
-3951.33048322162
-3951.33048322162
-3951.33048322162
-3951.33048322162
-3951.33048322162
-3951.33048322162
-3951.33048322162
-3951.33048322162
-3951.33048322162
-3951.33048322162
-3951.33048322162
-3951.33048322162
-3951.33048322162
-3951.33048322162
-3951.33048322162
-3951.33048322162
-3951.33048322162
-3951.33048322162
-3951.33048322162
-3951.33048322162
-3951.33048322162
-3951.33048322162
-3951.33048322162
-3951.33048322162
-3951.33048322162
-3951.33048322162
-3951.33048322162
-3951.33048322162
-3951.33048322162
-3951.33048322162
-3951.33048322162
-3951.33048322162
-3951.33048322162
-3951.33048322162
-3951.33048322162
-3951.33048322162
-3951.33048322162
-3951.33048322162
-3951.33048322162
-3951.5509386203
-3951.33048322162
-3951.33048322162
-3951.33048322162
-3951.33048322162
-3951.33048322162
-3951.33048322162
-3951.33048322162
-3951.33048322162
-3951.33048322162
-3951.33048322162
-3951.33048322162
-3951.33048322162
-3951.33048322162
-3951.33048322162
-3951.33048322162
-3951.33048322162
-3951.33048322162
-3951.33048322162
-3951.31591950765
-3951.33048322162
-3951.33048322162
-3951.33048322162
-3951.33048322162
-3951.33048322162
-3951.33048322162
-3951.33048322162
-3951.33048322162
-3951.33048322162
-3951.33048322162
-3951.33048322162
-3951.33048322162
-3951.33048322162
-3951.33048322162
-3951.33048322162
-3951.33048322162
-3951.33048322162
-3951.33048322162
-3951.33048322162
-3951.33048322162
-3951.33048322162
-3951.33048322162
-3951.33048322162
-3951.33048322162
-3951.33048322162
-3951.33048322162
-3952.21789933501
-3951.33048322162
-3951.33048322162
-3951.33048322162
-3951.33048322162
-3951.37866175944
-3951.33048322162
-3951.33048322162
-3951.33048322162
-3951.33048322162
-3951.33048322162
-3951.28632920723
-3951.33048322162
-3951.33048322162
-3951.33048322162
-3951.33048322162
-3951.33048322162
-3952.0834408391
-3951.33048322162
-3952.68815302571
-3951.33048322162
-3952.82093057139
-3952.78068151358
-3952.92352255364
-3952.11637622096
-3952.06831845494
-3952.84536827447
-3952.75346253255
-3952.87567729661
-3952.82357009293
-3952.88486360259
-3952.88843885064
-3952.19248824499
-3952.12191714666
-3952.96674398997
-3952.67535448442
-3952.86665633656
-3952.87744854108
-3952.92709644047
-3952.79575717461
-3951.33048322162
-3952.10136689081
-3953.02052033093
-3952.71289316222
-3952.95765561423
-3952.86377254101
-3953.00576189211
-3952.7798880045
-3952.22000445255
-3952.28849023026
-3953.12361461247
-3952.96585856273
-3952.93229425186
-3953.0369946438
-3953.01910281211
-3952.95450354102
-3952.34560980276
-3952.26369717191
-3953.05372835637
-3953.03577672771
-3952.90335803291
-3953.02457410539
-3953.00940964279
-3952.92780902582
-3952.37418119735
-3952.25518346254
-3953.11559571271
-3952.81492975623
-3951.33048322162
-3952.74670810286
-3952.82868941604
-3953.12851584358
-3952.30229542229
-3952.33517368856
-3953.09933700853
-3952.88188251149
-3952.90704799121
-3952.87397400336
-3952.94408057628
-3953.09298209733
-3952.50954616917
-3952.28520665634
-3953.0227743567
-3952.71901907546
-3952.62154099897
-3951.33048322162
-3952.77875488614
-3953.03141793214
-3952.27284409163
-3952.26475013394
-3953.03909950377
-3952.8894230379
-3953.01325301268
-3952.72011241583
-3952.92549014074
-3953.00602264622
-3952.4668114649
-3952.15791384907
-3951.33048322162
-3952.67724002171
-3952.85001062061
-3952.6925215321
-3952.77083881579
-3952.99920038198
-3952.21991184557
-3952.19568024117
-3952.84635938154
-3952.87287386032
-3952.74034533641
-3952.83071126391
-3952.78569041044
-3952.84263972321
-3951.33048322162
-3952.27003620201
-3952.98667015951
-3952.89798048736
-3952.843280784
-3952.84398665646
-3952.73983901204
-3952.95694436697
-3952.19226491218
-3952.20169626745
-3952.82875469946
-3952.89243900822
-3952.67194718136
-3951.33048322162
-3952.61554192752
-3952.79997158141
-3952.21072257937
-3952.46985362619
-3952.82916985433
-3953.06990620868
-3953.00104067286
-3952.91172103466
-3952.84242308805
-3952.9571028224
-3952.28984406361
-3952.32175184654
-3952.98021556272
-3953.07165731194
-3952.87195057507
-3952.71488989106
-3952.71218601451
-3952.90213959409
-3952.20878640896
-3952.2388443325
-3952.86922136817
-3953.02226479958
-3953.01423542988
-3952.84611083205
-3952.90012264972
-3952.8809063224
-3952.16888352807
-3952.32365649218
-3951.33048322162
-3952.99671213383
-3953.00425865041
-3952.98876777691
-3952.99880368032
-3952.8833830615
-3952.18988245953
-3952.32317243079
-3952.92377256148
-3952.99741129374
-3952.86116092305
-3952.96055107093
-3952.96662044018
-3952.91226078187
-3952.2721803358
-3952.08396646135
-3952.85742438171
-3952.80786233898
-3952.93800999555
-3953.00205530757
-3952.92009482871
-3952.9321093442
-3952.25650958846
-3952.30142664208
-3952.82189087582
-3952.90993293723
-3951.33048322162
-3952.84157494852
-3952.8521007678
-3953.02155070254
-3952.28335512664
-3952.17506049453
-3952.96885231033
-3952.78724977224
-3952.83572844247
-3952.71495182522
-3951.33048322162
-3952.84606743838
-3952.25582352294
-3952.31390158905
-3952.91557051326
-3952.91914114491
-3952.89401258569
-3952.84639212305
-3952.9078358299
-3953.09604214947
-3952.43035031403
-3952.21830617425
-3952.96491991819
-3952.79590548569
-3952.95348086098
-3952.72760329674
-3952.83981967228
-3952.8980500733
-3952.23509347577
-3952.31112089487
-3952.95407042468
-3953.06206726544
-3953.00785348525
-3952.97185599499
-3952.90577729178
-3953.03126755326
-3952.47930601001
-3952.1686314036
-3953.07894656647
-3952.93413857874
-3952.83747484782
-3952.95981601758
-3952.79702392451
-3952.96871118322
-3952.26069141132
-3952.35059274863
-3952.86840480578
-3952.99247665969
-3952.88717749801
-3952.93957026366
-3952.88080289642
-3952.85973722022
-3952.15438860271
-3952.45161141961
-3952.97644053878
-3953.01403230934
-3952.69427553854
-3953.05251802602
-3952.7776825092
-3953.01858003255
-3952.22387190103
-3952.17531907416
-3952.83328827329
-3951.33048322162
-3952.76303319606
-3952.72730991314
-3952.72246563153
-3952.80104223934
-3952.33316350112
-3952.20084528364
-3952.84814052791
-3952.93368245586
-3952.81284604893
-3952.93565108276
-3952.88208690214
-3953.00704294556
-3952.19516500977
-3952.17045746884
-3952.92347961806
-3953.07765703062
-3952.86163396899
-3951.33048322162
-3952.70652021817
-3952.92458970567
-3952.17561408305
-3952.23148940159
-3952.80596016043
-3953.01442992887
-3952.98635734728
-3952.82465067146
-3952.87939388948
-3952.9867149965
-3952.1916754014
-3952.25806308519
-3952.85939146411
-3952.77679412363
-3952.9283882576
-3952.98370377319
-3952.96365663604
-3952.90487542649
-3952.21928550268
-3952.44468573039
-3952.95879989656
-3952.90429559209
-3952.94884302919
-3952.92223873123
-3952.95425699822
-3952.91768856027
-3952.12785596093
-3952.28594252725
-3953.00396003684
-3952.74478237793
-3952.93256610352
-3952.83660422948
-3951.33048322162
-3952.78229218019
-3952.13315794485
-3952.49728437416
-3952.88411628849
-3952.87778164528
-3952.9341443724
-3952.80569421918
-3953.00550317154
-3952.76291545419
-3951.33048322162
-3952.35230096741
-3952.90999463111
-3952.88686387192
-3952.91268449132
-3952.71394666292
-3953.04330208965
-3952.72276192314
-3952.20430448442
-3952.09594295754
-3951.33048322162
-3952.77326193477
-3952.96097177008
-3953.0942823182
-3953.18677846898
-3952.67128479355
-3952.42146613988
-3952.24514107675
-3952.85010579428
-3952.90693478417
-3952.94364573494
-3952.87204316619
-3953.10571498841
-3952.93770514203
-3952.28112927115
-3952.09490945361
-3952.76610383289
-3952.79676297328
-3952.96830550764
-3953.02126263817
-3953.13345573668
-3953.13658850637
-3952.44432742514
-3952.27127269419
-3952.7325513972
-3952.90388341946
-3952.66779428628
-3952.91410353175
-3952.92909630648
-3952.94215705819
-3952.32067408907
-3951.33048322162
-3952.76310192424
-3952.85680283683
-3952.82530178222
-3952.98130947533
-3953.02247335068
-3953.00177282964
-3952.09043765394
-3952.23422320394
-3952.90207112369
-3952.71142873069
-3952.57259496784
-3951.33048322162
-3952.92189740154
-3952.81381055334
-3952.46053396464
-3952.29761504353
-3952.97292078444
-3951.33048322162
-3952.84443972786
-3952.85531014009
-3953.01696643748
-3952.88590117216
-3951.33048322162
-3952.32981445798
-3952.88125303151
-3951.33048322162
-3952.78540247662
-3952.86124129709
-3953.00474827653
-3952.89409033375
-3952.26232671997
-3952.29380272838
-3953.07322360683
-3952.78732661898
-3952.98922817124
-3952.93550060931
-3953.0051368085
-3952.86381057738
-3952.35007673317
-3952.28778981509
-3952.92245877533
-3952.85233381076
-3952.92418907562
-3952.9056184544
-3952.95506397622
-3952.89914644991
-3952.28630193406
-3952.32488395285
-3952.91741673001
-3953.0164325913
-3952.95429135832
-3952.92413571715
-3952.93290652887
-3953.05278909158
-3952.27073829898
-3952.18484605339
-3952.952144773
-3952.90417050188
-3952.95516807013
-3952.93219266374
-3952.90343914722
-3952.99459767851
-3952.20404826624
-3952.22185665572
-3952.833936501
-3952.90881866814
-3952.84892241981
-3952.9266622452
-3952.88267449452
-3952.92579527302
-3952.25397446511
-3952.25771537048
-3953.00249381592
-3952.89261726442
-3952.96121096326
-3953.02902302653
-3953.08300169463
-3952.85775070577
-3952.25495157968
-3952.22559125682
-3953.00920775887
-3952.892767904
-3952.96080832
-3953.00082202873
-3953.05735067041
-3952.98067878297
-3952.18907539371
-3952.09620247012
-3952.9040207319
-3952.78239410971
-3952.98608794205
-3953.00988299103
-3953.10112875413
-3952.99874065027
-3952.34516849697
-3952.27196789685
-3953.04405472104
-3952.9464285578
-3952.99675912526
-3953.03465150709
-3953.03873327336
-3953.08600098473
-3952.41550565473
-3952.13261909981
-3953.01845671242
-3952.80904808889
-3952.97314363721
-3953.01394607852
-3953.00900467805
-3953.20537947239
-3952.35438086225
-3952.26987939706
-3953.03821900335
-3952.94024113737
-3952.60744079235
-3952.99707514361
-3952.81004265525
-3953.142186664
-3952.32518710054
-3952.23765247818
-3953.04867223857
-3952.94685026455
-3952.87572582855
-3952.99920518895
-3952.97319654424
-3953.1636190512
-3952.63026771198
-3952.2670166712
-3953.05182435337
-3952.79429398831
-3951.33048322162
-3952.71062534406
-3952.7984789363
-3953.08144470002
-3952.32202878878
-3952.34814918317
-3953.13782033759
-3952.87830104831
-3952.99946058004
-3952.97804975395
-3952.93627848976
-3952.92911460205
-3952.22023451828
-3952.33998965899
-3953.01373274162
-3952.81554833273
-3952.88109388078
-3952.83554130204
-3952.90588334646
-3953.0230668018
-3952.2201856103
-3952.30924532436
-3953.05507068037
-3953.03531013558
-3952.99837266384
-3952.97553133704
-3952.92437116953
-3952.93174458499
-3952.27033682942
-3952.55631349979
-3953.14851851652
-3953.04166316121
-3952.99368909039
-3952.97170121089
-3952.8952274737
-3952.99262436977
-3952.30288528207
-3952.30121960444
-3952.92526517879
-3953.03617117397
-3952.9696778147
-3952.9350487628
-3952.87932265041
-3953.08224971622
-3952.26389012774
-3952.52126298047
-3952.94627225449
-3953.07249252109
-3952.97147494702
-3952.92793775903
-3952.85834310598
-3952.98789804095
-3952.22412334818
