# type 1 occupying energies
-4092.12686585982
-4092.6946248671
-4092.12686585982
-4092.12686585982
-4092.59198214098
-4092.12686585982
-4092.12686585982
-4093.14259862009
-4092.12686585982
-4092.12686585982
-4092.12686585982
-4092.26356984917
-4092.12686585982
-4092.12686585982
-4092.12686585982
-4092.12686585982
-4093.14975035622
-4092.12686585982
-4092.12686585982
-4092.12686585982
-4092.5507330667
-4092.12686585982
-4092.12686585982
-4093.16636767946
-4092.12686585982
-4092.12686585982
-4092.74228253274
-4093.09794838042
-4092.12686585982
-4092.12686585982
-4092.54312078725
-4092.12686585982
-4092.12686585982
-4092.12686585982
-4092.48634194466
-4092.12686585982
-4092.84271249079
-4092.78308477459
-4092.12686585982
-4092.12686585982
-4092.12686585982
-4092.12686585982
-4092.67175628425
-4093.12183289249
-4093.10086191294
-4092.94576212797
-4092.12686585982
-4093.29528395374
-4092.12686585982
-4092.69328619294
-4092.68318112959
-4092.12686585982
-4092.12686585982
-4092.98720884462
-4092.12686585982
-4092.12686585982
-4092.98922700806
-4092.12686585982
-4092.12686585982
-4092.12686585982
-4092.12686585982
-4092.12686585982
-4092.12686585982
-4092.12686585982
-4092.12686585982
-4092.12686585982
-4092.12686585982
-4092.12686585982
-4092.52208623981
-4092.12686585982
-4092.85523198059
-4092.12686585982
-4092.12686585982
-4092.12686585982
-4092.12686585982
-4092.12686585982
-4092.69817589894
-4093.05782688808
-4092.12686585982
-4092.12686585982
-4092.12686585982
-4092.12686585982
-4092.76077299488
-4092.95868703567
-4092.12686585982
-4092.12686585982
-4092.49568124785
-4092.12686585982
-4092.12686585982
-4092.83796733979
-4092.82897899611
-4093.17877149292
-4092.12686585982
-4092.12686585982
-4092.12686585982
-4092.12686585982
-4092.12686585982
-4092.12686585982
-4092.80585692328
-4092.98231458577
-4092.12686585982
-4092.12686585982
-4092.61914679515
-4092.12686585982
-4092.12686585982
-4092.12686585982
-4092.89875851484
-4092.12686585982
-4092.12686585982
-4092.12686585982
-4092.12686585982
-4092.12686585982
-4092.12686585982
-4092.482233147
-4092.12686585982
-4092.12686585982
-4093.03244376746
-4092.75576964297
-4092.12686585982
-4092.12686585982
-4092.12686585982
-4092.12686585982
-4092.12686585982
-4092.12686585982
-4092.85187350766
-4092.58009715944
-4092.12686585982
-4093.0451338063
-4092.12686585982
-4092.55073449214
-4092.12686585982
-4092.57189010534
-4092.12686585982
-4092.46765424277
-4092.12686585982
-4092.98835087259
-4092.12686585982
-4092.34696626814
-4092.12686585982
-4092.12686585982
-4092.12686585982
-4092.78479786658
-4092.12686585982
-4092.12686585982
-4092.12686585982
-4092.54694090652
-4092.12686585982
-4092.83391740917
-4092.12686585982
-4092.49476965076
-4092.12686585982
-4092.12686585982
-4092.12686585982
-4092.12686585982
-4092.12686585982
-4092.12686585982
-4092.12686585982
-4092.12686585982
-4092.12686585982
-4092.12686585982
-4092.12686585982
-4092.65735794592
-4092.12686585982
-4092.12676160883
-4092.12686585982
-4092.12686585982
-4092.12686585982
-4092.12686585982
-4092.12686585982
-4092.12686585982
-4092.12686585982
-4092.12686585982
-4092.78625571647
-4092.12686585982
-4092.57230038588
-4092.12686585982
-4092.12686585982
-4092.12686585982
-4092.99403692813
-4093.10574044575
-4092.81859989417
-4092.12686585982
-4092.92699728749
-4092.12686585982
-4092.12686585982
-4092.12686585982
-4092.12686585982
-4092.12686585982
-4092.62531868853
-4092.12686585982
-4092.74532962155
-4092.12686585982
-4092.12686585982
-4093.08554668236
-4092.80914677974
-4092.12686585982
-4092.12686585982
-4092.12686585982
-4092.64147544062
-4092.12686585982
-4092.12686585982
-4092.81983688006
-4093.03907292592
-4092.79831635653
-4092.12686585982
-4092.12686585982
-4092.12686585982
-4092.12686585982
-4092.12686585982
-4092.95337936721
-4092.12686585982
-4093.22409321137
-4092.86915719314
-4092.12686585982
-4092.87196930979
-4093.47607529411
-4092.12686585982
-4093.10442865033
-4093.56366156255
-4093.13809792641
-4092.12686585982
-4092.89165182761
-4092.68999333503
-4092.12686585982
-4092.12686585982
-4092.86628539676
-4093.46019124773
-4093.14768476641
-4093.00056399179
-4092.12686585982
-4092.76030214796
-4092.12686585982
-4092.12686585982
-4092.12686585982
-4092.12686585982
-4092.12686585982
-4092.12686585982
-4092.12686585982
-4092.56467936043
-4092.12686585982
-4092.12686585982
-4092.12686585982
-4092.82736016677
-4092.47193039374
-4092.12686585982
-4092.12686585982
-4092.12686585982
-4092.12686585982
-4092.12686585982
-4092.46241681471
-4092.12686585982
-4092.12686585982
-4092.12686585982
-4092.7612518494
-4092.12686585982
-4092.12686585982
-4092.12686585982
-4092.40822374396
-4092.12686585982
-4092.12686585982
-4092.12686585982
-4092.91054165959
-4093.21152464052
-4093.45421862508
-4092.12686585982
-4092.12686585982
-4092.12686585982
-4092.12686585982
-4092.12686585982
-4093.00769513065
-4092.12686585982
-4092.12686585982
-4092.12686585982
-4092.12686585982
-4092.12686585982
-4092.12686585982
-4092.73447779364
-4092.12686585982
-4092.12686585982
-4092.12686585982
-4092.72106897206
-4093.11038963836
-4092.12686585982
-4092.12686585982
-4092.77833816986
-4092.12686585982
-4093.05153382794
-4092.12686585982
-4092.12686585982
-4092.9566398288
-4092.45619880074
-4092.12686585982
-4092.44774928956
-4092.12686585982
-4092.62260767988
-4092.12686585982
-4092.12686585982
-4092.12686585982
-4092.90904675192
-4092.12686585982
-4092.68334634299
-4093.06309888886
-4092.58203851578
-4092.12686585982
-4092.12686585982
-4092.12686585982
-4092.59780567042
-4092.12686585982
-4092.12686585982
-4092.68616672779
-4092.94531080922
-4092.12686585982
-4093.31134517948
-4092.60499481871
-4092.12686585982
-4092.12686585982
-4092.12686585982
-4092.55213488517
-4092.12686585982
-4092.12686585982
-4092.12686585982
-4092.12686585982
-4092.12686585982
-4092.12686585982
-4092.12686585982
-4092.38588171141
-4092.77335365482
-4092.12686585982
-4092.12686585982
-4092.55157497952
-4092.12686585982
-4092.43194298558
-4092.12686585982
-4092.12686585982
-4092.12686585982
-4092.57257885029
-4092.12686585982
-4092.54286816829
-4093.27748793833
-4092.12686585982
-4092.12686585982
-4092.51424939348
-4092.12686585982
-4092.12686585982
-4092.12686585982
-4092.12686585982
-4092.12686585982
-4092.6084855183
-4092.12686585982
-4092.12686585982
-4092.12686585982
-4092.12686585982
-4092.12686585982
-4092.38518860225
-4092.12686585982
-4092.12686585982
-4092.93936695564
-4092.90024701823
-4092.12686585982
-4092.12686585982
-4092.12686585982
-4092.12686585982
-4092.12686585982
-4092.82371255853
-4092.12686585982
-4092.12686585982
-4092.12686585982
-4092.12686585982
-4092.12686585982
-4092.12686585982
-4092.12686585982
-4092.42867514856
-4092.12686585982
-4092.12686585982
-4092.97335970971
-4092.12686585982
-4093.16738623735
-4092.8749667817
-4092.12686585982
-4092.12686585982
-4093.01879585259
-4092.12686585982
-4092.86892646298
-4092.12676133492
-4092.97125755009
-4092.12686585982
-4092.79896849261
-4093.39232002061
-4092.12686585982
-4092.12686585982
-4092.70742512346
-4092.12686585982
-4092.12686585982
-4092.98965267393
-4092.12686585982
-4093.01125387554
-4092.47234136622
-4092.12686585982
-4092.12686585982
-4092.12686585982
-4092.71385843406
-4092.12686585982
-4092.86155739676
-4093.31776408998
-4092.87619646275
-4092.12686585982
-4092.12686585982
-4092.12686585982
-4092.12686585982
-4092.12686585982
-4093.04751190865
-4092.12686585982
-4092.1267622786
-4092.95016778904
-4092.51938939551
-4092.12686585982
-4092.12686585982
-4092.59535605859
-4093.24806061
-4093.24380994467
-4092.12686585982
-4093.28411655733
-4092.50749986172
-4092.12686585982
-4092.12686585982
-4092.56362498828
-4092.12686585982
-4092.12686585982
-4092.12686585982
-4092.12686585982
-4092.89744931575
-4092.12686585982
-4092.12686585982
-4092.66524941903
-4092.12686585982
-4092.81330792398
-4093.18935073123
-4092.12686585982
-4093.00987499824
-4092.12686585982
-4092.12686585982
-4092.72820074326
-4092.12686585982
-4092.12686585982
-4093.00367404123
-4092.98974697417
-4092.96591134499
-4093.20290233645
-4092.12686585982
-4092.70788992968
-4092.12686585982
-4092.12686585982
-4092.12686585982
-4092.12686585982
-4092.12686585982
-4093.11336340716
-4092.12686585982
-4092.61391575355
-4092.12686585982
-4092.12686585982
-4092.12686585982
-4092.12686585982
-4092.12686585982
-4092.12686585982
-4092.12686585982
-4092.12686585982
-4092.12686585982
-4092.12686585982
-4092.70377431892
-4092.9068054962
-4092.12686585982
-4092.12686585982
-4092.12686585982
-4092.12686585982
-4092.70634722363
-4092.8362225861
-4092.12686585982
-4092.12686585982
-4092.69323055326
-4092.12686585982
-4092.12686585982
-4092.12686585982
-4092.56359635757
-4092.12686585982
-4092.83250029223
-4092.12686585982
-4092.67701923144
-4092.12686585982
-4092.42486160195
-4092.12686585982
-4092.12686585982
-4093.15204883731
-4092.12686585982
-4092.93323235157
-4092.12686585982
-4092.12686585982
-4092.12686585982
-4092.12686585982
-4092.12686585982
-4092.12686585982
-4092.45889264534
-4092.12686585982
-4092.49474764912
-4092.12686585982
-4092.12686585982
-4092.71833652384
-4092.70632701973
-4092.12686585982
-4093.14175529396
-4092.12686585982
-4092.77742527809
-4092.12686585982
-4093.11582087237
-4092.12686585982
-4093.15433224416
-4092.12686585982
-4092.96940420167
-4092.12686585982
-4093.29814710308
-4093.39627143681
-4093.17727851264
-4093.53877135149
-4093.23278475207
-4092.12686585982
-4093.256346073
-4093.65057409174
-4093.29910588773
-4092.88771643396
-4093.2458923875
-4093.73107351208
-4093.14931626728
-4092.12686585982
-4092.86183142831
-4093.58046366293
-4093.21164329002
-4092.12686585982
-4093.36537513169
-4093.63340500363
-4093.37505368615
-4093.8088685185
-4093.3563045696
-4093.62641879934
-4093.51772216111
-4092.82578173811
-4093.22446914761
-4093.53418410169
-4093.35611405709
-4093.85508486671
-4093.28968467957
-4093.58851777816
-4093.42897321764
-4093.04660245703
-4093.3991859559
-4092.12686585982
-4093.51721492109
-4093.40642650365
-4093.65784390337
-4093.45188246343
-4092.12686585982
-4092.12676489862
-4092.12686585982
-4093.61088903646
-4093.39069186747
-4092.12686585982
-4092.12686585982
-4093.25418903799
-4093.5318312799
-4093.36565791449
-4093.20952880168
-4092.12686585982
-4093.22081136942
-4092.12686585982
-4093.34672119273
-4092.12686585982
-4093.56565506644
-4093.14718116949
-4093.12333584914
-4092.12686585982
-4092.84298724596
-4092.12686585982
-4092.12686585982
-4093.14515227247
-4092.12686585982
-4092.68467490144
-4093.12696445358
-4093.39686211703
-4093.09939688926
-4092.12686585982
-4092.8815206562
-4092.12686585982
-4093.38078163583
-4092.4500767747
-4092.77489525685
-4093.26413854133
-4092.8593544883
-4093.08252171322
-4093.24447376315
-4093.09652315009
-4092.12686585982
-4092.85502291659
-4092.88351640675
-4092.12686585982
-4093.28170067378
-4093.18477502954
-4092.12686585982
-4093.04461216879
-4092.12686585982
-4092.12686585982
-4092.78875681892
-4093.3209319148
-4092.12686585982
-4093.42481767039
-4092.12686585982
-4093.26737001006
-4093.61750637746
-4092.94040315623
-4092.12686585982
-4093.18762889198
-4093.33932305076
-4092.12686585982
-4092.12686585982
-4093.05273825603
-4093.32328250274
-4092.68295608705
-4092.85090976006
-4092.12686585982
-4093.26460450122
-4093.74169861653
-4093.11810563803
-4092.12686585982
-4093.36619161166
-4093.07732217538
-4093.09484530177
-4092.12686585982
-4093.27849735503
-4093.27120522425
-4093.27561835087
-4092.12686585982
-4092.12686585982
-4092.75186106065
-4092.12686585982
-4092.12686585982
-4093.38368156648
-4093.60685386158
-4093.43523188422
-4093.27401801591
-4093.40427832549
-4092.85864886692
-4093.00723120596
-4092.12686585982
-4092.12686585982
-4093.33878078113
-4093.43456164681
-4093.35575301135
-4092.12686585982
-4092.50291741475
-4093.06835887832
-4092.12686585982
-4093.40302874587
-4093.62253439397
-4093.39254424382
-4092.12686585982
-4092.12686585982
-4092.88828497135
-4092.89230847742
-4093.45162679025
-4093.24530690691
-4092.12686585982
-4092.12686585982
-4093.27784676065
-4092.12686585982
-4092.67053017337
-4092.84458615728
-4093.33611153175
-4093.49413970288
-4092.12686585982
-4093.52936205713
-4092.12686585982
-4093.28467812977
-4092.89069907013
-4092.12686585982
-4093.25442882148
-4093.26800810463
-4092.12686585982
-4093.22237718926
-4093.43812930406
-4093.2588595359
-4092.12686585982
-4092.92263318945
-4092.12686585982
-4092.12686585982
-4093.03921311969
-4092.12686585982
-4092.12686585982
-4093.09679564094
-4092.9323201504
-4093.1053301974
-4092.12686585982
-4093.18922983581
-4093.35682408777
-4093.17012823795
-4093.13032802606
-4093.37964823788
-4092.91332675092
-4092.9101715079
-4092.12686585982
-4092.85254582499
-4092.12686585982
-4092.12686585982
-4092.9842782909
-4093.26475328981
-4092.97061326505
-4092.57712523947
-4093.5829428007
-4093.31289027091
-4093.27379269585
-4092.12686585982
-4093.36266394205
-4092.12686585982
-4092.12686585982
-4093.04781284762
-4093.46669941335
-4093.1263619799
-4092.12686585982
-4092.91034854148
-4092.12686585982
-4092.12686585982
-4093.14472929312
-4092.12686585982
-4093.39632393691
-4093.42064331255
-4092.12686585982
-4092.12686585982
-4092.12686585982
-4093.3821851499
-4093.08660662892
-4093.10307199668
-4093.40207637578
-4092.12686585982
-4093.14704563378
-4093.34510448796
-4092.12686585982
-4093.23011383404
-4093.1414508701
-4093.3211981622
-4093.53528289627
-4093.35093961059
-4092.12686585982
-4092.81612278097
-4093.40404565861
-4093.46199495
-4092.89811922545
-4093.15216948375
-4093.17483068309
-4092.12686585982
-4093.28790710461
-4092.12686585982
-4092.12686585982
-4092.12686585982
-4092.74801022717
-4093.04898071509
-4093.23283462493
-4092.12686585982
-4092.12686585982
-4092.12686585982
-4093.47820146916
-4093.50041489316
-4092.88405617332
-4093.05597519835
-4092.12686585982
-4093.16275514642
-4092.12686585982
-4093.54133259249
-4093.5646331877
-4093.38931794317
-4092.12686585982
-4092.69872132209
-4092.12686585982
-4092.12686585982
-4092.12686585982
-4093.41947254663
-4093.49270653782
-4093.28070540658
-4092.12686585982
-4092.84210781616
-4092.12686585982
-4093.13701728212
-4093.58262250392
-4093.35489461434
-4092.12686585982
-4092.12686585982
-4092.12686585982
-4092.85420689429
-4093.2669761238
-4092.94340714471
-4092.12686585982
-4093.13311328851
-4093.4579382056
-4092.70892968312
-4092.12686585982
-4093.03366603549
-4093.33804619643
-4092.12686585982
-4093.43640454782
-4093.36203007554
-4093.19938602356
-4093.26737197022
-4092.71598266027
-4092.12686585982
-4092.12686585982
-4093.21162593191
-4092.12686585982
-4093.33851937873
-4093.46448801651
-4092.12686585982
-4092.65217086779
-4093.21267019948
-4093.4000968529
-4092.12686585982
-4093.53158787292
-4092.12686585982
-4093.23104257803
-4092.12686585982
-4092.9402195137
-4092.73937025581
-4093.13626503937
-4093.45314569219
-4093.31322979325
-4093.67957098707
-4092.96439665655
-4092.12686585982
-4092.12686585982
-4093.17109099722
-4093.03678704462
-4093.73459966316
-4093.46118846869
-4093.74660056555
-4093.49437895234
-4093.45823511345
-4092.6427455832
-4092.12686585982
-4092.12686585982
-4092.12686585982
-4093.33229621776
-4093.85600848057
-4093.60873469924
-4092.12686585982
-4092.87134730688
-4092.93389673828
-4092.12686585982
-4093.72075218093
-4093.4738401902
-4092.12686585982
-4092.12686585982
-4092.12686585982
-4092.89935518673
-4092.12686585982
-4093.34221350913
-4092.12686585982
-4092.12686585982
-4093.69414950954
-4093.47199230709
-4093.57779147886
-4092.12686585982
-4092.69384875756
-4092.12686585982
-4092.12686585982
-4092.12686585982
-4093.01022272467
-4093.23968975721
-4093.28113666247
-4093.31823301958
-4092.89971660895
-4093.47192567087
-4093.00271868392
-4092.12686585982
-4093.31033834721
-4092.12686585982
-4092.12686585982
-4093.05532050554
-4093.00438201601
-4092.12686585982
-4093.0452487836
-4093.47489617309
-4093.10325816435
-4092.12686585982
-4092.12686585982
-4092.12686585982
-4092.88331690176
-4093.2888230645
-4092.12686585982
-4093.50896512181
-4093.18566312863
-4093.37183287521
-4093.16264185835
-4093.25986333806
-4093.10352995005
-4092.12686585982
-4093.41289258288
-4092.12686585982
-4093.40036683907
-4092.87706986035
-4092.12686585982
-4093.18417477921
-4092.8467085803
-4092.12686585982
-4093.38600633755
-4092.12686585982
-4092.12686585982
-4092.12686585982
-4093.13834934875
-4093.34083056343
-4092.56934538755
-4092.12686585982
-4092.95966662213
-4093.33643618941
-4092.12686585982
-4092.12686585982
-4093.0776902309
-4092.12686585982
-4092.79406289029
-4093.56532375788
-4092.98170970908
-4092.12686585982
-4092.12686585982
-4092.12686585982
-4092.12686585982
-4092.92064194977
-4092.12686585982
-4092.12686585982
-4092.73505454575
-4092.12686585982
-4093.12094708873
-4093.27080423575
-4093.39006973059
-4092.91643480078
-4092.7315804447
-4092.12686585982
-4093.15191188942
-4093.33703264971
-4092.12686585982
-4093.46074527324
-4093.11522984107
-4092.12686585982
-4092.76227538343
-4093.11551984518
-4092.12686585982
-4092.12686585982
-4093.17773330346
-4092.12686585982
-4092.12686585982
-4092.73231599513
-4092.12686585982
-4093.36471197282
-4092.81836943915
-4092.12686585982
-4092.12686585982
-4093.11521942754
-4093.29224750995
-4092.6941173601
-4093.27019122774
-4093.37681999083
-4092.12686585982
-4093.35205010631
-4093.64025419332
-4093.3727743702
-4092.12686585982
-4092.97815511651
-4093.32816135489
-4092.12686585982
-4092.12686585982
-4092.12686585982
-4093.14818177122
-4093.29552202529
-4092.12686585982
-4092.12686585982
-4093.01145628063
-4092.12686585982
-4092.12686585982
-4092.12686585982
-4093.50601238846
-4092.12686585982
-4093.29659977291
-4092.12686585982
-4092.99270883037
-4092.12686585982
-4092.89659062548
-4092.12686585982
-4093.22883373612
-4093.22826818836
-4093.3956623379
-4093.01584214427
-4093.08665437636
-4092.12686585982
-4093.1184607536
-4093.1164936694
-4092.98577758212
-4093.12287861389
-4093.19431713124
-4092.12686585982
-4092.70136881378
-4092.12686585982
-4092.84619037902
-4093.02830473919
-4092.12686585982
-4092.12686585982
-4093.39247545932
-4093.08763173902
-4092.12686585982
-4093.50505589795
-4093.58102966108
-4093.18489742632
-4092.12686585982
-4093.15604525244
-4093.42048302137
-4092.12686585982
-4093.01199807417
-4093.59310132726
-4092.12686585982
-4093.34299252836
-4092.12686585982
-4092.12686585982
-4093.27322857099
-4093.08415148426
