# type 1 occupying energies
-4084.19153527032
-4084.81277427282
-4084.19153527032
-4084.19153527032
-4085.14818345436
-4084.19153527032
-4084.19153527032
-4085.41309770079
-4084.19153527032
-4084.19153527032
-4084.19153527032
-4085.09052976118
-4084.19153527032
-4084.19153527032
-4084.19153527032
-4084.19153527032
-4084.19153527032
-4084.19153527032
-4084.19153527032
-4084.19153527032
-4084.69202878859
-4084.19153527032
-4084.19153527032
-4084.19153527032
-4084.19153527032
-4084.19153527032
-4084.93150000836
-4085.41740234267
-4084.19153527032
-4084.19153527032
-4084.58563464471
-4084.19153527032
-4084.19153527032
-4084.19153527032
-4084.59169681909
-4084.19153527032
-4084.69320900647
-4084.65637196072
-4084.19153527032
-4084.19153527032
-4084.19153527032
-4084.19153527032
-4084.77467968212
-4084.8866956506
-4085.11476144347
-4084.19153527032
-4084.19153527032
-4085.6213269202
-4084.19153527032
-4084.79859795108
-4084.64414457259
-4084.19153527032
-4084.19153527032
-4084.89775133742
-4084.19153527032
-4084.19153527032
-4085.12788675375
-4084.19153527032
-4084.19153527032
-4084.19153527032
-4084.19153527032
-4084.19153527032
-4084.19153527032
-4084.19153527032
-4084.19153527032
-4084.19153527032
-4084.19153527032
-4084.19153527032
-4084.58962164457
-4084.19153527032
-4085.17574276336
-4084.19153527032
-4084.19153527032
-4084.19153527032
-4084.19153527032
-4084.19153527032
-4084.87376363087
-4085.37441773779
-4084.19153527032
-4084.19153527032
-4084.19153527032
-4084.19153527032
-4084.68955852081
-4085.15072722402
-4084.19153527032
-4084.19153527032
-4084.77345979949
-4084.19153527032
-4084.19153527032
-4084.82245426141
-4085.02359787878
-4085.15387039973
-4084.19153527032
-4084.19153527032
-4084.19153527032
-4084.19153527032
-4084.19153527032
-4084.19153527032
-4084.87511758448
-4085.18402937902
-4084.19153527032
-4084.19153527032
-4084.88691649782
-4084.19153527032
-4084.19153527032
-4084.19153527032
-4085.1847218563
-4084.19153527032
-4084.19153527032
-4084.19153527032
-4084.19153527032
-4084.19153527032
-4084.19153527032
-4084.77404909848
-4084.19153527032
-4084.19153527032
-4085.3766658252
-4084.86863788742
-4084.19153527032
-4084.19153527032
-4084.19153527032
-4084.19153527032
-4084.19153527032
-4084.19153527032
-4084.97347930263
-4084.93094834006
-4084.19153527032
-4085.38089948144
-4084.19153527032
-4084.56096121353
-4084.19153527032
-4084.55712267492
-4085.40401583632
-4084.88012810627
-4084.19153527032
-4085.10345167414
-4084.19153527032
-4084.65633041688
-4084.19153527032
-4084.19153527032
-4084.19153527032
-4085.02753825158
-4084.19153527032
-4084.19153527032
-4084.19153527032
-4084.86423771295
-4084.19153527032
-4085.21373611619
-4084.19153527032
-4084.85177857252
-4084.19153527032
-4084.19153527032
-4084.19153527032
-4084.19153527032
-4084.19153527032
-4084.19153527032
-4084.19153527032
-4084.19153527032
-4084.19153527032
-4084.19153527032
-4084.19153527032
-4084.82576928222
-4084.19153527032
-4084.19153527032
-4084.19153527032
-4084.19153527032
-4084.19153527032
-4084.19153527032
-4084.19153527032
-4084.19153527032
-4084.19153527032
-4084.19153527032
-4085.07980852019
-4084.19153527032
-4084.5669029762
-4084.19153527032
-4084.19153527032
-4084.19153527032
-4085.10238525112
-4085.27022973618
-4084.19153527032
-4084.19153527032
-4084.78289043785
-4084.19153527032
-4084.19153527032
-4084.19153527032
-4084.19153527032
-4084.19153527032
-4084.87449444103
-4084.19153527032
-4084.88387225194
-4084.19153527032
-4084.19153527032
-4085.15780862692
-4084.97986799132
-4084.19153527032
-4084.19153527032
-4084.19153527032
-4084.83260371227
-4084.19153527032
-4084.19153527032
-4085.0107714945
-4085.09546893319
-4084.92987414652
-4084.19153527032
-4084.19153527032
-4084.19153527032
-4084.19153527032
-4084.19153527032
-4084.9067459538
-4084.19153527032
-4085.44252925204
-4085.24397755834
-4084.19153527032
-4084.98970156055
-4085.60808075795
-4084.19153527032
-4084.19153527032
-4085.47730208174
-4085.33449438419
-4084.19153527032
-4085.03315331829
-4084.68998083696
-4084.19153527032
-4084.19153527032
-4084.89558899334
-4085.74725243022
-4085.42619331543
-4085.11762596904
-4084.19153527032
-4084.9119678617
-4084.19153527032
-4084.19153527032
-4084.19153527032
-4084.19153527032
-4084.19153527032
-4084.19153527032
-4084.19153527032
-4084.55935454024
-4084.19153527032
-4084.19153527032
-4084.19153527032
-4084.95431617463
-4085.023549262
-4084.19153527032
-4084.19153527032
-4084.19153527032
-4084.19153527032
-4084.19153527032
-4084.57680186457
-4084.19153527032
-4084.19153527032
-4084.19153527032
-4084.9717780529
-4084.19153527032
-4084.19153527032
-4084.19153527032
-4084.5836211242
-4084.19153527032
-4084.19153527032
-4084.19153527032
-4085.03880933937
-4085.18055670458
-4085.52056104313
-4084.19153527032
-4084.19153527032
-4084.19153527032
-4084.19153527032
-4084.19153527032
-4084.97509584918
-4084.19153527032
-4084.19153527032
-4084.19153527032
-4084.19153527032
-4084.19153527032
-4084.19153527032
-4084.9611342919
-4084.19153527032
-4084.19153527032
-4084.19153527032
-4084.93347244429
-4084.19153527032
-4084.19153527032
-4084.19153527032
-4084.86632237995
-4084.19153527032
-4085.07506209629
-4084.19153527032
-4084.19153527032
-4085.00208726076
-4084.83753444079
-4084.19153527032
-4084.67555806479
-4084.19153527032
-4084.77908567672
-4084.19153527032
-4084.19153527032
-4084.19153527032
-4084.65242212733
-4084.19153527032
-4084.19153527032
-4084.98518850026
-4084.71119482537
-4084.19153527032
-4084.19153527032
-4084.19153527032
-4084.57869247325
-4084.19153527032
-4084.19153527032
-4084.69345705131
-4084.85067253555
-4084.19153527032
-4085.43989419528
-4084.19153527032
-4084.19153527032
-4084.19153527032
-4084.19153527032
-4084.80867379617
-4084.19153527032
-4084.19153527032
-4084.19153527032
-4084.19153527032
-4084.19153527032
-4084.19153527032
-4084.19153527032
-4084.5220891421
-4084.92878808776
-4084.19153527032
-4084.19153527032
-4084.60028817844
-4084.19153527032
-4084.57205978573
-4084.19153527032
-4084.19153527032
-4084.19153527032
-4084.65417286022
-4084.19153527032
-4084.57806078539
-4085.39017685993
-4084.19153527032
-4084.19153527032
-4084.69769291258
-4084.19153527032
-4084.19153527032
-4084.19153527032
-4084.19153527032
-4084.19153527032
-4084.39678187574
-4084.19153527032
-4084.19153527032
-4084.19153527032
-4084.19153527032
-4084.19153527032
-4084.60556661893
-4084.19153527032
-4084.19153527032
-4084.93025203376
-4085.12015299359
-4084.19153527032
-4084.19153527032
-4084.19153527032
-4084.19153527032
-4084.19153527032
-4084.73168685532
-4084.19153527032
-4084.19153527032
-4084.19153527032
-4084.19153527032
-4084.19153527032
-4084.19153527032
-4084.19153527032
-4084.43620110552
-4084.19153527032
-4084.19153527032
-4085.12301909917
-4084.19153527032
-4085.26969264585
-4084.68239320941
-4084.19153527032
-4084.19153527032
-4084.99787695644
-4084.19153527032
-4084.82652562077
-4084.19153527032
-4084.19153527032
-4084.19153527032
-4085.10033534206
-4085.35451885695
-4084.19153527032
-4084.19153527032
-4084.72893657092
-4084.19153527032
-4084.19153527032
-4085.03660029798
-4084.19153527032
-4084.19153527032
-4084.8264349429
-4084.19153527032
-4084.19153527032
-4084.19153527032
-4084.97448323013
-4084.19153527032
-4084.73513981312
-4085.20225646436
-4084.19153527032
-4084.19153527032
-4084.19153527032
-4084.19153527032
-4084.19153527032
-4084.19153527032
-4085.11378489578
-4084.19153527032
-4084.19153527032
-4085.04775033453
-4084.65903812603
-4084.19153527032
-4084.19153527032
-4085.06863669816
-4085.16043680329
-4085.25035810737
-4084.19153527032
-4085.47783488451
-4084.68506369626
-4084.19153527032
-4084.19153527032
-4084.78279163347
-4084.19153527032
-4084.19153527032
-4084.19153527032
-4084.19153527032
-4084.81703314214
-4084.19153527032
-4084.19153527032
-4084.59954335588
-4084.19153527032
-4084.99201939615
-4085.31470393604
-4084.19153527032
-4085.19937719426
-4084.19153527032
-4084.19153527032
-4084.83493267136
-4084.19153527032
-4084.19153527032
-4085.29097484741
-4085.30360203255
-4084.92047542383
-4085.3283428496
-4084.19153527032
-4084.99366856349
-4084.19153527032
-4084.19153527032
-4084.19153527032
-4084.19153527032
-4084.19153527032
-4085.25185708767
-4084.19153527032
-4085.00013107505
-4084.19153527032
-4084.19153527032
-4084.19153527032
-4084.19153527032
-4084.19153527032
-4084.19153527032
-4084.19153527032
-4084.19153527032
-4084.19153527032
-4084.19153527032
-4084.3979523149
-4084.19153527032
-4084.19153527032
-4084.19153527032
-4084.19153527032
-4084.19153527032
-4084.92736843233
-4085.12652418795
-4084.19153527032
-4084.19153527032
-4084.69587838821
-4084.19153527032
-4084.19153527032
-4084.19153527032
-4084.19153527032
-4084.19153527032
-4084.99976313628
-4084.19153527032
-4084.52718017284
-4084.19153527032
-4084.78531854614
-4084.19153527032
-4084.19153527032
-4085.34841674512
-4084.19153527032
-4085.16929003211
-4084.19153527032
-4084.19153527032
-4084.19153527032
-4084.19153527032
-4084.19153527032
-4084.19153527032
-4084.72255000319
-4084.19153527032
-4084.85599832491
-4084.19153527032
-4084.19153527032
-4084.69931569093
-4084.95044090774
-4084.19153527032
-4085.16029249554
-4084.19153527032
-4084.88614345978
-4084.19153527032
-4085.07201314353
-4084.19153527032
-4085.40315958172
-4084.19153527032
-4085.19150850784
-4084.19153527032
-4085.45959237241
-4085.27499892771
-4085.31601854086
-4085.87543740712
-4085.41360985273
-4084.19153527032
-4085.48685420432
-4085.82227222093
-4085.45341167893
-4085.00705147403
-4085.0512381258
-4086.05769491639
-4085.35547968853
-4084.19153527032
-4085.13558337173
-4085.66534928017
-4085.19206929439
-4084.19153527032
-4085.34498229762
-4086.01796679173
-4085.56600311238
-4085.92310513124
-4085.50315607581
-4085.78177712295
-4085.44829871607
-4084.88229672065
-4085.06814633398
-4085.684369168
-4085.71692478269
-4085.86143582518
-4085.66019355432
-4085.8247423772
-4085.64857301918
-4085.17425849022
-4085.24113240404
-4084.19153527032
-4085.87805024861
-4085.56075285204
-4085.98426438621
-4084.19153527032
-4084.19153527032
-4084.19153527032
-4084.19153527032
-4085.69015844265
-4085.60015319783
-4084.19153527032
-4084.19153527032
-4085.47915123513
-4085.76370457677
-4085.59031360113
-4085.00179729208
-4085.7430013509
-4085.58526944863
-4084.19153527032
-4085.47259853132
-4084.19153527032
-4085.49078124916
-4085.31431422517
-4085.23802615184
-4084.19153527032
-4084.90201404743
-4084.19153527032
-4084.19153527032
-4085.60314567959
-4084.19153527032
-4084.80119884587
-4085.15397110228
-4085.59387461963
-4085.31514939628
-4084.19153527032
-4085.40116567832
-4085.54304445826
-4085.60957756436
-4084.88918977059
-4084.88458113586
-4085.36284383988
-4085.23608779193
-4085.42184222721
-4085.26008672098
-4085.32243303577
-4084.19153527032
-4085.01003199218
-4085.08326400031
-4084.19153527032
-4085.38083050154
-4085.40614251325
-4084.19153527032
-4085.47259020079
-4084.19153527032
-4084.19153527032
-4084.93874915149
-4085.30185353979
-4084.19153527032
-4085.3985549127
-4084.19153527032
-4085.47720989749
-4085.73976196758
-4085.00720622959
-4084.19153527032
-4085.31424745423
-4085.71935610811
-4085.29210961379
-4084.19153527032
-4085.27674295081
-4085.57040803838
-4084.79970706545
-4084.94223811251
-4084.19153527032
-4085.47153477237
-4085.94192813251
-4085.60897616225
-4084.19153527032
-4085.76720839283
-4085.00510367159
-4085.35804907998
-4084.19153527032
-4084.19153527032
-4085.71751926548
-4085.72820383852
-4084.19153527032
-4084.19153527032
-4084.79720254797
-4084.19153527032
-4084.19153527032
-4085.75491408458
-4085.93899008374
-4085.5445002383
-4084.19153527032
-4085.4406568908
-4084.95273305393
-4085.2101785957
-4084.19153527032
-4085.85977909086
-4085.84034419693
-4085.74244404563
-4085.56588209852
-4085.77343961674
-4084.93679902039
-4085.23019294057
-4084.19153527032
-4085.66793199354
-4085.75065981817
-4085.81977900981
-4085.61379508981
-4084.19153527032
-4085.0439780239
-4084.96701224629
-4085.43326371574
-4085.33166408502
-4084.19153527032
-4084.19153527032
-4085.51983266492
-4084.19153527032
-4084.79624164128
-4084.98618077695
-4085.61793996625
-4085.55552578274
-4084.19153527032
-4085.85655728369
-4084.19153527032
-4085.64444832242
-4085.11730784039
-4084.19153527032
-4085.54981175751
-4085.64551235524
-4085.53484270112
-4085.65164560904
-4085.56750746389
-4085.50338067791
-4084.19153527032
-4085.176787474
-4084.19153527032
-4084.19153527032
-4085.17036086986
-4084.19153527032
-4084.19153527032
-4085.10175354924
-4085.09833541693
-4085.21796452888
-4084.19153527032
-4085.68452039601
-4085.55302697069
-4085.59179938895
-4085.28212096794
-4085.32886616801
-4085.09920020184
-4085.06754705506
-4084.19153527032
-4085.17596695226
-4084.19153527032
-4084.19153527032
-4085.09961978293
-4085.50323310645
-4085.24518496749
-4084.63996158536
-4085.8615057559
-4085.46692092857
-4085.42669448145
-4084.19153527032
-4085.30412033701
-4084.19153527032
-4084.19153527032
-4085.37857699063
-4085.72966125018
-4085.18338217297
-4084.19153527032
-4085.39256985689
-4084.19153527032
-4084.19153527032
-4085.28721406338
-4084.19153527032
-4085.39043344402
-4085.3791658361
-4084.19153527032
-4084.19153527032
-4084.19153527032
-4085.60740579596
-4085.06709294194
-4085.2571003076
-4085.76699736256
-4084.19153527032
-4084.19153527032
-4085.62793540539
-4084.19153527032
-4085.41316828241
-4085.43336750789
-4085.32639095598
-4085.63461481289
-4085.63542715026
-4084.19153527032
-4084.87050364442
-4085.86852863291
-4085.50439231768
-4085.44402913259
-4085.43169779708
-4085.97742747131
-4084.19153527032
-4085.67077975871
-4084.19153527032
-4084.19153527032
-4084.19153527032
-4085.15548745576
-4085.31284427225
-4085.66971391482
-4085.73340170852
-4084.19153527032
-4084.19153527032
-4085.65511611898
-4085.74235267756
-4085.43214487423
-4085.0330853722
-4084.19153527032
-4085.11836011194
-4084.19153527032
-4085.66086989114
-4085.75449201301
-4085.7204889508
-4084.19153527032
-4084.92352009794
-4084.19153527032
-4084.19153527032
-4084.19153527032
-4085.38419174093
-4085.8104493089
-4085.44028353874
-4085.34124078656
-4084.97771968989
-4084.19153527032
-4085.2719866719
-4085.56287677017
-4085.54083699721
-4084.19153527032
-4084.19153527032
-4084.19153527032
-4085.10238406626
-4085.63392811936
-4084.19153527032
-4084.19153527032
-4085.43748415757
-4085.51086341765
-4084.98369948159
-4084.19153527032
-4085.27629022379
-4085.34967112593
-4084.19153527032
-4085.63149610946
-4085.54462668168
-4085.48557933516
-4085.29846058543
-4084.97228760369
-4084.19153527032
-4084.19153527032
-4085.53768339828
-4084.19153527032
-4085.31866733951
-4084.19153527032
-4084.19153527032
-4084.89060657335
-4085.28271374257
-4085.48276116291
-4084.19153527032
-4085.5135914229
-4084.19153527032
-4085.44695408164
-4084.19153527032
-4084.94037599868
-4084.85991179402
-4085.42485168891
-4085.50820911153
-4085.52278456368
-4085.53154682679
-4084.86903195395
-4084.19153527032
-4084.19153527032
-4085.20171163775
-4085.26687581015
-4085.73186873788
-4085.5624485528
-4085.85519163558
-4085.51958629642
-4085.45636387653
-4084.83167372308
-4084.19153527032
-4084.19153527032
-4084.19153527032
-4085.38536916422
-4085.83513860738
-4085.87228667406
-4084.19153527032
-4084.90357572552
-4085.01111320561
-4084.19153527032
-4085.84551547218
-4085.54449366357
-4084.19153527032
-4084.19153527032
-4084.19153527032
-4085.03339342854
-4084.19153527032
-4085.36180933446
-4084.19153527032
-4084.19153527032
-4085.86048376966
-4085.80006054436
-4085.41918208941
-4084.19153527032
-4084.96035949194
-4084.19153527032
-4084.19153527032
-4084.19153527032
-4085.1340647649
-4085.64804042351
-4085.36484767988
-4085.39070189277
-4084.92991729363
-4085.78523184332
-4085.29337655292
-4084.19153527032
-4085.29823745039
-4084.19153527032
-4084.19153527032
-4085.19153976282
-4085.13444742257
-4084.19153527032
-4085.33099819751
-4085.40464251895
-4085.18339198144
-4084.19153527032
-4085.56761653281
-4084.19153527032
-4085.08931556504
-4085.54825758745
-4084.19153527032
-4085.56095020467
-4085.21039922582
-4085.69502075211
-4085.46404318261
-4085.49913289646
-4085.08962032697
-4084.19153527032
-4085.4159980768
-4084.19153527032
-4085.47881446158
-4084.92056855672
-4085.92743230551
-4085.36913321836
-4085.14995086151
-4084.19153527032
-4085.570382386
-4084.19153527032
-4084.19153527032
-4084.19153527032
-4085.44383972445
-4085.29501857431
-4084.7749035691
-4085.64798667696
-4085.33562279203
-4085.58741502477
-4084.19153527032
-4084.19153527032
-4085.50409161717
-4084.19153527032
-4085.03733041398
-4085.98992240518
-4085.44473258677
-4084.19153527032
-4084.19153527032
-4084.19153527032
-4084.19153527032
-4085.18076644765
-4084.19153527032
-4084.19153527032
-4085.11556481337
-4084.19153527032
-4085.38109100555
-4085.40430147008
-4085.31553090312
-4085.13254944587
-4084.88074825114
-4084.19153527032
-4085.57939404441
-4085.75319033718
-4085.23185755376
-4085.61626740321
-4085.24718314021
-4084.19153527032
-4084.93080400977
-4085.23221353952
-4084.19153527032
-4084.19153527032
-4085.337446646
-4084.19153527032
-4084.19153527032
-4084.97623443769
-4084.19153527032
-4085.52065167545
-4085.27500469221
-4084.19153527032
-4084.19153527032
-4085.19490621649
-4085.51783479256
-4084.82924606677
-4085.61158487992
-4085.55877185402
-4084.19153527032
-4085.21888652566
-4085.93347446517
-4085.40073614622
-4084.19153527032
-4084.92966207202
-4085.44226087842
-4084.19153527032
-4084.19153527032
-4084.19153527032
-4085.04699282924
-4085.45390335002
-4084.19153527032
-4084.19153527032
-4085.47838292171
-4085.72057374852
-4084.19153527032
-4085.62164793715
-4085.81404203236
-4084.19153527032
-4085.40630726078
-4084.19153527032
-4085.27590867246
-4084.19153527032
-4085.34751301068
-4084.19153527032
-4085.51001803163
-4085.60738009039
-4085.66371976198
-4085.06749344725
-4085.32096357485
-4084.19153527032
-4085.4466031976
-4085.69665839506
-4085.48384455709
-4085.1274611402
-4085.18061790447
-4084.19153527032
-4085.0998122547
-4084.19153527032
-4085.32668025189
-4085.2711062834
-4084.19153527032
-4084.19153527032
-4085.47578042664
-4085.02777301681
-4085.08419176921
-4086.10313734533
-4085.6256481442
-4085.55587229516
-4084.19153527032
-4085.34706473942
-4085.73124202693
-4085.27360409087
-4085.12741228319
-4085.96172486338
-4085.78641445407
-4085.77765207115
-4084.19153527032
-4084.19153527032
-4085.35824483184
-4085.26873110157
