# type 1 occupying energies
-3973.22494732981
-3973.22494732981
-3973.22494732981
-3973.22494732981
-3973.61201245273
-3973.22494732981
-3973.22494732981
-3973.22494732981
-3973.22494732981
-3973.22494732981
-3973.22494732981
-3973.22494732981
-3973.22494732981
-3973.22494732981
-3973.22494732981
-3973.22494732981
-3973.22494732981
-3973.22494732981
-3973.22494732981
-3973.22494732981
-3973.22494732981
-3973.22494732981
-3973.22494732981
-3973.22494732981
-3973.22494732981
-3973.22494732981
-3973.52863406632
-3973.50321263113
-3973.22494732981
-3973.22494732981
-3973.22494732981
-3973.22494732981
-3973.22494732981
-3973.22494732981
-3973.22494732981
-3973.22494732981
-3973.22494732981
-3973.22494732981
-3973.22494732981
-3973.22494732981
-3973.22494732981
-3973.22494732981
-3973.22494732981
-3973.22494732981
-3973.22494732981
-3973.22494732981
-3973.22494732981
-3973.22494732981
-3973.22494732981
-3973.22494732981
-3973.22494732981
-3973.22494732981
-3973.22494732981
-3973.29544150356
-3973.22494732981
-3973.22494732981
-3974.04954223836
-3973.22494732981
-3973.22494732981
-3973.22494732981
-3973.22494732981
-3973.22494732981
-3973.22494732981
-3973.22494732981
-3973.22494732981
-3973.22494732981
-3973.22494732981
-3973.22494732981
-3973.22494732981
-3973.22494732981
-3973.22494732981
-3973.22494732981
-3973.22494732981
-3973.22494732981
-3973.22494732981
-3973.22494732981
-3973.22494732981
-3973.22494732981
-3973.22494732981
-3973.22494732981
-3973.22494732981
-3973.22494732981
-3973.14691432274
-3973.22494732981
-3973.22494732981
-3973.22494732981
-3973.22494732981
-3973.22494732981
-3973.22494732981
-3973.42477736083
-3973.22494732981
-3973.22494732981
-3973.22494732981
-3973.22494732981
-3973.22494732981
-3973.22494732981
-3973.22494732981
-3973.22494732981
-3973.22494732981
-3973.22494732981
-3973.22494732981
-3973.22494732981
-3973.22494732981
-3973.22494732981
-3973.22494732981
-3973.22494732981
-3973.22494732981
-3973.22494732981
-3973.22494732981
-3973.22494732981
-3973.22494732981
-3973.22494732981
-3973.22494732981
-3973.55894158422
-3973.22494732981
-3973.22494732981
-3973.22494732981
-3973.5455581437
-3973.22494732981
-3973.22494732981
-3973.22494732981
-3973.22494732981
-3973.22494732981
-3973.22494732981
-3973.22494732981
-3973.22494732981
-3973.22494732981
-3973.22494732981
-3973.22494732981
-3973.22494732981
-3973.22494732981
-3973.22494732981
-3973.57872422426
-3973.22494732981
-3973.22494732981
-3973.22494732981
-3973.22494732981
-3973.22494732981
-3973.22494732981
-3973.22494732981
-3973.22494732981
-3973.22494732981
-3973.22494732981
-3973.22494732981
-3973.22494732981
-3973.22494732981
-3973.22494732981
-3973.22494732981
-3973.22494732981
-3973.22494732981
-3973.22494732981
-3973.22494732981
-3973.22494732981
-3973.22494732981
-3973.22494732981
-3973.22494732981
-3973.22494732981
-3973.22494732981
-3973.22494732981
-3973.22494732981
-3973.22494732981
-3973.76044661276
-3973.22494732981
-3973.22494732981
-3973.22494732981
-3973.22494732981
-3973.22494732981
-3973.22494732981
-3973.22494732981
-3973.22494732981
-3973.22494732981
-3973.22494732981
-3973.22494732981
-3973.22494732981
-3973.61091124911
-3973.22494732981
-3973.22494732981
-3973.22494732981
-3973.38900011616
-3973.22494732981
-3973.22494732981
-3973.22494732981
-3973.22494732981
-3973.22494732981
-3973.22494732981
-3973.22494732981
-3973.22494732981
-3973.22494732981
-3973.22494732981
-3973.22494732981
-3973.22494732981
-3973.22494732981
-3973.22494732981
-3973.22494732981
-3973.22494732981
-3973.22494732981
-3973.22494732981
-3973.22494732981
-3973.56338081403
-3973.22494732981
-3973.22494732981
-3973.22494732981
-3973.22494732981
-3973.22494732981
-3973.22494732981
-3973.22494732981
-3973.22494732981
-3973.22494732981
-3973.22494732981
-3973.68244686941
-3973.22494732981
-3973.22494732981
-3973.22494732981
-3973.60459096788
-3973.22494732981
-3973.22494732981
-3973.22494732981
-3973.22494732981
-3973.22494732981
-3973.22494732981
-3973.22494732981
-3973.22494732981
-3973.79096487669
-3973.22494732981
-3973.22494732981
-3973.51422946191
-3973.22494732981
-3973.22494732981
-3973.47373066656
-3973.22494732981
-3973.22494732981
-3973.22494732981
-3973.22494732981
-3973.22494732981
-3973.22494732981
-3973.22494732981
-3973.22494732981
-3973.22494732981
-3973.22494732981
-3973.22494732981
-3973.22494732981
-3973.22494732981
-3973.22494732981
-3973.56719109849
-3973.22494732981
-3973.22494732981
-3973.22494732981
-3973.22494732981
-3973.22494732981
-3973.22494732981
-3973.22494732981
-3973.22494732981
-3973.22494732981
-3973.22494732981
-3973.22494732981
-3973.22494732981
-3973.22494732981
-3973.22494732981
-3973.22494732981
-3973.22494732981
-3973.22494732981
-3973.22494732981
-3973.22494732981
-3974.1936795806
-3973.22494732981
-3973.22494732981
-3973.22494732981
-3973.22494732981
-3973.22494732981
-3973.14982680504
-3973.22494732981
-3973.22494732981
-3973.22494732981
-3973.22494732981
-3973.22494732981
-3973.22494732981
-3973.22494732981
-3973.22494732981
-3973.22494732981
-3973.22494732981
-3973.22494732981
-3973.22494732981
-3973.22494732981
-3973.22494732981
-3973.22494732981
-3973.22494732981
-3973.22494732981
-3973.22494732981
-3973.22494732981
-3973.22494732981
-3973.22494732981
-3973.22494732981
-3973.22494732981
-3973.22494732981
-3973.56597937483
-3973.22494732981
-3973.22494732981
-3973.22494732981
-3973.22494732981
-3973.22494732981
-3973.22494732981
-3973.22494732981
-3973.22494732981
-3973.22494732981
-3973.22494732981
-3973.22494732981
-3973.22494732981
-3973.22494732981
-3973.22494732981
-3973.22494732981
-3973.22494732981
-3973.22494732981
-3973.22494732981
-3973.22494732981
-3973.22494732981
-3973.22494732981
-3973.22494732981
-3973.22494732981
-3973.22494732981
-3973.22494732981
-3973.22494732981
-3973.22494732981
-3973.22494732981
-3973.22494732981
-3973.22494732981
-3973.21465916911
-3973.22494732981
-3973.22494732981
-3973.22494732981
-3973.22494732981
-3973.22494732981
-3973.22494732981
-3973.22494732981
-3973.22494732981
-3973.22494732981
-3973.22494732981
-3973.22494732981
-3973.54101737359
-3973.22494732981
-3973.22494732981
-3973.22494732981
-3973.22494732981
-3973.22494732981
-3973.22494732981
-3973.22494732981
-3973.22494732981
-3973.22494732981
-3973.22494732981
-3973.22494732981
-3973.22494732981
-3973.22494732981
-3973.22494732981
-3973.22494732981
-3973.22494732981
-3973.22494732981
-3973.22494732981
-3973.22494732981
-3973.23711898737
-3973.22494732981
-3973.22494732981
-3973.22494732981
-3973.22494732981
-3973.22494732981
-3973.22494732981
-3973.22494732981
-3973.22494732981
-3973.22494732981
-3973.22494732981
-3973.22494732981
-3973.22494732981
-3973.22494732981
-3973.22494732981
-3973.22494732981
-3973.22494732981
-3973.22494732981
-3973.22494732981
-3973.22494732981
-3973.22494732981
-3973.22494732981
-3973.22494732981
-3973.22494732981
-3973.22494732981
-3973.22494732981
-3973.22494732981
-3973.22494732981
-3973.22494732981
-3973.22494732981
-3973.37089502624
-3973.22494732981
-3973.22494732981
-3973.22494732981
-3973.22494732981
-3973.22494732981
-3973.22494732981
-3973.22494732981
-3973.22494732981
-3973.53255508589
-3973.22494732981
-3973.22494732981
-3973.22494732981
-3973.22494732981
-3973.22494732981
-3973.22494732981
-3973.3808429922
-3973.22494732981
-3973.35479984611
-3973.22494732981
-3973.22494732981
-3973.22494732981
-3973.22494732981
-3973.22494732981
-3973.22494732981
-3973.22494732981
-3973.22494732981
-3973.22494732981
-3973.22494732981
-3973.22494732981
-3973.22494732981
-3973.22494732981
-3973.22494732981
-3973.22494732981
-3973.22494732981
-3973.22494732981
-3973.22494732981
-3973.22494732981
-3973.22494732981
-3973.22494732981
-3973.22494732981
-3973.22494732981
-3973.22494732981
-3973.22494732981
-3973.22494732981
-3973.22494732981
-3973.22494732981
-3973.22494732981
-3973.22494732981
-3973.22494732981
-3973.22494732981
-3973.22494732981
-3973.22494732981
-3973.22494732981
-3973.22494732981
-3973.22494732981
-3973.22494732981
-3973.22494732981
-3973.22494732981
-3973.22494732981
-3973.22494732981
-3973.22494732981
-3973.440659051
-3973.22494732981
-3973.22494732981
-3973.22494732981
-3973.22494732981
-3973.22494732981
-3973.22494732981
-3973.22494732981
-3973.22494732981
-3973.22494732981
-3973.22494732981
-3973.22494732981
-3973.22494732981
-3973.22494732981
-3973.22494732981
-3973.22494732981
-3973.22494732981
-3973.22494732981
-3973.22494732981
-3973.17614640538
-3973.22494732981
-3973.22494732981
-3973.22494732981
-3973.22494732981
-3973.22494732981
-3973.22494732981
-3973.22494732981
-3973.22494732981
-3973.22494732981
-3973.47511294477
-3973.22494732981
-3973.22494732981
-3973.22494732981
-3973.22494732981
-3973.22494732981
-3973.42555994964
-3973.22494732981
-3973.22494732981
-3973.22494732981
-3973.22494732981
-3973.22494732981
-3973.22494732981
-3973.22494732981
-3973.22494732981
-3973.22494732981
-3973.22494732981
-3974.2718482498
-3973.22494732981
-3973.22494732981
-3973.22494732981
-3973.22494732981
-3973.38257483009
-3973.22494732981
-3973.22494732981
-3973.22494732981
-3973.22494732981
-3973.22494732981
-3973.19201500742
-3973.22494732981
-3973.22494732981
-3973.22494732981
-3973.52459022158
-3973.22494732981
-3973.97387198212
-3973.22494732981
-3974.58271928387
-3973.22494732981
-3974.64720971431
-3974.7594600434
-3974.90508048697
-3974.10242281787
-3973.83032690295
-3974.560862125
-3974.41253311787
-3974.64565274925
-3974.62033989416
-3974.90213296398
-3974.82929966827
-3974.17043954626
-3973.98080606975
-3974.73741219119
-3974.54301525842
-3974.72434196669
-3974.84415201008
-3974.82367217906
-3974.77701311619
-3973.22494732981
-3973.96207579507
-3974.82039154307
-3974.5252665341
-3974.92503586177
-3974.70749453071
-3974.92761997867
-3974.77822708027
-3974.18962120357
-3974.1419950613
-3974.85597029127
-3974.81038624328
-3974.73508296681
-3974.9392503383
-3974.96564919683
-3974.88464075755
-3974.28061286394
-3974.13548159474
-3974.71257985452
-3974.76997926278
-3974.69772674222
-3975.02507048607
-3974.91463837224
-3974.76866655781
-3974.27619774199
-3974.14270576121
-3974.74075374764
-3974.67223222587
-3973.22494732981
-3974.49331058858
-3973.22494732981
-3974.95857470316
-3974.62007142515
-3974.0655418154
-3973.22494732981
-3974.52953243503
-3974.71031948357
-3974.64604982675
-3974.83520097548
-3974.81316747409
-3974.29369217815
-3974.1986745754
-3974.89444169003
-3974.60327305097
-3974.48855976576
-3973.22494732981
-3974.57661737512
-3974.8412114766
-3974.23900560197
-3973.99412165483
-3974.80439577643
-3974.55781961606
-3974.8425758111
-3974.37179623834
-3973.22494732981
-3974.60261367993
-3973.89551188222
-3974.06566455912
-3974.87103315704
-3974.58252975048
-3974.7400634294
-3974.62094818416
-3974.71447428027
-3974.9988835903
-3974.24407565163
-3974.20732496221
-3974.82630321856
-3974.83033795887
-3974.57371562417
-3974.59549618113
-3974.58489051223
-3974.64656766809
-3973.22494732981
-3974.18000771671
-3974.89699745244
-3974.80195122401
-3974.73049854781
-3974.79703178615
-3974.72286941538
-3974.9633686263
-3974.1694084547
-3974.22219044335
-3974.59054286646
-3974.76884983226
-3974.20003120275
-3973.22494732981
-3974.60493371821
-3974.76303724064
-3974.07363922686
-3974.34231855366
-3974.59541049965
-3974.94239418983
-3974.76906597209
-3974.83856155986
-3974.84234709685
-3974.94380899521
-3974.39397547698
-3974.10063425241
-3973.22494732981
-3974.39905993263
-3973.22494732981
-3974.51432097075
-3974.71279626266
-3974.85863335845
-3974.17289957115
-3973.93659506951
-3974.72688147243
-3974.459997292
-3974.76506235666
-3974.69739599333
-3974.57882496151
-3974.77843138803
-3974.0361992552
-3974.11036870051
-3973.22494732981
-3974.67821301714
-3974.68072420691
-3974.75910413952
-3974.68527680382
-3974.77549625284
-3974.12360045528
-3974.1368530708
-3974.80883625394
-3974.86185866397
-3974.52051331504
-3974.79594820936
-3974.79289243606
-3974.71738485379
-3974.17935960214
-3973.95076812923
-3974.74593659224
-3974.50021668763
-3974.74780476112
-3973.22494732981
-3974.59627292296
-3974.74132539206
-3974.20779748376
-3974.0930894052
-3974.84493150126
-3974.64371910052
-3973.22494732981
-3974.69023303911
-3974.7135723411
-3974.87905318785
-3974.3691039276
-3974.13596712713
-3974.87219675015
-3974.71686171535
-3974.89402736598
-3974.57499244263
-3973.22494732981
-3974.72457668375
-3974.21195809288
-3974.0186027743
-3974.7298156189
-3974.50892066554
-3974.78307600099
-3974.83152860128
-3974.8388778624
-3974.91531324911
-3974.13577545713
-3974.11175644689
-3974.87086479331
-3974.69935072132
-3974.92345032405
-3974.6331676676
-3974.74597433268
-3974.78563040474
-3974.1800442224
-3974.1317364197
-3974.87495870389
-3974.65091466337
-3974.85655113135
-3974.73572051112
-3974.80865955599
-3974.76792322049
-3974.15310758255
-3974.0708842753
-3974.86881252081
-3974.85024013139
-3974.7149192492
-3974.86423579709
-3974.5650355837
-3974.89310998246
-3974.21204427262
-3974.09441593984
-3974.77052102077
-3974.71107320891
-3974.69688953065
-3974.74075526652
-3974.67458216353
-3974.58278078473
-3974.03259081576
-3974.29715987621
-3974.65296327462
-3974.69394055105
-3973.22494732981
-3974.46255475829
-3973.22494732981
-3974.70639319711
-3974.08995754477
-3974.19639790231
-3974.4921802052
-3973.22494732981
-3974.42547770125
-3974.64264336794
-3974.63553844172
-3974.66439359013
-3974.16012136365
-3974.1136926473
-3974.61799798141
-3974.50590462796
-3973.22494732981
-3974.50674581165
-3974.52434832943
-3974.67424003144
-3974.03880293802
-3974.00561815589
-3974.48909207897
-3973.22494732981
-3974.55713633017
-3973.22494732981
-3974.61968907787
-3974.68629307324
-3974.06609496682
-3974.06506716364
-3974.76984430762
-3974.70232564731
-3974.719467674
-3974.69082310471
-3974.61706873094
-3974.68571954691
-3974.01770849303
-3974.07127221006
-3974.93079932812
-3974.78583548324
-3974.83120580437
-3974.84244762045
-3974.79264964986
-3974.70003012953
-3974.09680059184
-3974.39510399844
-3974.95277432055
-3974.89207812547
-3974.64387679377
-3974.84666129751
-3974.67569797217
-3974.79736297281
-3974.0210561547
-3974.21655709822
-3974.93636704459
-3974.73347772866
-3974.76363882712
-3974.61109599291
-3973.22494732981
-3974.66609302797
-3974.06325093571
-3974.39034665751
-3974.88522240337
-3974.73966260086
-3973.22494732981
-3974.52027401326
-3974.66644498895
-3974.55963913222
-3973.22494732981
-3974.27250504534
-3974.86479483711
-3974.94850585038
-3974.88480828808
-3974.58774116471
-3974.776410361
-3974.58508358254
-3974.22587962117
-3974.02045567357
-3973.22494732981
-3974.60651681782
-3974.78854770215
-3974.61260972654
-3974.95183779378
-3974.68274167764
-3974.31281390872
-3974.22534641164
-3974.78396129415
-3974.9902398928
-3974.93656361662
-3974.74681249023
-3974.8688843463
-3974.83191579391
-3974.17534096275
-3973.96902817216
-3974.77564196016
-3974.83703801162
-3974.94215535685
-3974.92171049383
-3974.89375790811
-3975.02851184307
-3974.22817618477
-3974.30937578692
-3974.65964316942
-3975.01831268426
-3974.62447613954
-3974.78428404671
-3974.68771018101
-3974.92969508773
-3974.1686853607
-3973.22494732981
-3974.61081742251
-3974.91512908835
-3974.63853210345
-3974.89569811388
-3974.84262278763
-3974.93294226139
-3974.02570932225
-3974.1629869546
-3974.68638205602
-3974.67103714232
-3974.41421697855
-3973.22494732981
-3974.53796871209
-3974.74767546698
-3974.13231558292
-3974.27725312477
-3974.84469517838
-3973.22494732981
-3974.67640301231
-3974.74627657956
-3974.84390424621
-3974.75472384933
-3973.22494732981
-3974.10024343731
-3974.84351871842
-3973.22494732981
-3974.67634397086
-3974.37436024427
-3974.63374444578
-3974.610236468
-3973.99758570848
-3974.41886073108
-3975.13604838771
-3974.88169289805
-3974.98669327064
-3974.81608452563
-3974.81019511393
-3974.73432438179
-3974.14387853749
-3974.14292342365
-3974.87958686749
-3974.65465760202
-3974.91213645502
-3974.68642038325
-3974.63551443271
-3973.22494732981
-3974.0108713041
-3974.20320389958
-3974.8943846863
-3975.01976262401
-3974.89711029985
-3974.82791985461
-3974.76951855647
-3974.73776351928
-3974.10301740134
-3974.18210440587
-3974.87387223671
-3974.8087011031
-3974.64885512553
-3974.75561955312
-3974.58918653704
-3974.80967199842
-3974.13371817262
-3974.11331407468
-3974.72349521276
-3974.71566701154
-3974.66801377894
-3973.22494732981
-3974.69715815123
-3974.82714185484
-3974.11375013547
-3974.18391089802
-3974.80045106883
-3974.69822064788
-3974.62626147111
-3973.22494732981
-3974.82380338177
-3974.59267102432
-3974.07152391543
-3974.14569831816
-3974.86735472213
-3974.79277704912
-3974.87044216158
-3974.82472593702
-3975.03115745129
-3974.88291193496
-3974.09218389114
-3973.92031509481
-3973.22494732981
-3974.42869044768
-3974.88889572487
-3974.63904615208
-3974.99709645755
-3974.84417759388
-3974.26046814175
-3973.98407034247
-3974.78691926424
-3974.69999057361
-3974.87427062316
-3974.93425315885
-3974.98481231467
-3975.00972489437
-3974.42492190134
-3973.9446923231
-3974.86904282077
-3974.60686997709
-3974.9129144798
-3974.93292857514
-3974.88464528696
-3975.05347493016
-3974.19574879159
-3974.03341035254
-3974.90737299557
-3974.71793011164
-3974.50009860425
-3974.90452830353
-3974.65877329789
-3975.04511710958
-3974.28097056006
-3974.30741748325
-3974.84178362597
-3974.85566047993
-3974.64808565313
-3974.91033693185
-3974.86212966718
-3974.97714723765
-3974.47827222568
-3974.139196459
-3974.85489205779
-3974.70536285834
-3973.22494732981
-3974.6315517599
-3974.7383876006
-3974.997681715
-3974.19465769176
-3974.27074659319
-3974.81528738368
-3973.22494732981
-3974.76685542171
-3974.88669333773
-3974.82859508249
-3974.78626598377
-3974.06275210832
-3974.32066967375
-3973.22494732981
-3974.50619877822
-3974.82395974618
-3974.75749780484
-3974.85496136792
-3974.94409120221
-3974.21677067399
-3974.34481459758
-3974.93609158926
-3974.9895178279
-3974.93376071667
-3974.88069664151
-3974.80927597374
-3974.76193829022
-3974.1580113995
-3974.18225082033
-3974.93590114117
-3974.80506334783
-3974.93599325133
-3974.90182571516
-3974.82844139801
-3974.89630101037
-3974.16364279156
-3974.16252489995
-3974.8350930302
-3974.98462450964
-3974.7721938252
-3974.83333932458
-3974.65682826665
-3974.86439335168
-3974.10733393914
-3974.5239427448
-3974.84043777769
-3974.97401082594
-3974.77252460774
-3974.73452630354
-3974.67992919131
-3974.87370781282
-3974.15784496324
