# type 1 occupying energies
-3951.28361383787
-3951.28361383787
-3951.28361383787
-3951.28361383787
-3951.42563976832
-3951.28361383787
-3951.28361383787
-3951.28361383787
-3951.28361383787
-3951.28361383787
-3951.28361383787
-3951.28361383787
-3951.28361383787
-3951.28361383787
-3951.28361383787
-3951.28361383787
-3951.28361383787
-3951.28361383787
-3951.28361383787
-3951.28361383787
-3951.28361383787
-3951.28361383787
-3951.28361383787
-3951.28361383787
-3951.28361383787
-3951.28361383787
-3951.28361383787
-3951.44465366219
-3951.28361383787
-3951.28361383787
-3951.28361383787
-3951.28361383787
-3951.28361383787
-3951.28361383787
-3951.28361383787
-3951.28361383787
-3951.28361383787
-3951.28361383787
-3951.28361383787
-3951.28361383787
-3951.28361383787
-3951.28361383787
-3951.28361383787
-3951.28361383787
-3951.28361383787
-3951.28361383787
-3951.28361383787
-3951.28361383787
-3951.28361383787
-3951.28361383787
-3951.28361383787
-3951.28361383787
-3951.28361383787
-3951.3721365539
-3951.28361383787
-3951.28361383787
-3951.28361383787
-3951.28361383787
-3951.28361383787
-3951.28361383787
-3951.28361383787
-3951.28361383787
-3951.28361383787
-3951.28361383787
-3951.28361383787
-3951.28361383787
-3951.28361383787
-3951.28361383787
-3951.28361383787
-3951.28361383787
-3951.28361383787
-3951.28361383787
-3951.28361383787
-3951.28361383787
-3951.28361383787
-3951.28361383787
-3951.28361383787
-3951.28361383787
-3951.28361383787
-3951.28361383787
-3951.28361383787
-3951.28361383787
-3951.23290138612
-3951.28361383787
-3951.28361383787
-3951.28361383787
-3951.28361383787
-3951.28361383787
-3951.28361383787
-3951.28361383787
-3951.28361383787
-3951.28361383787
-3951.28361383787
-3951.28361383787
-3951.28361383787
-3951.28361383787
-3951.28361383787
-3951.28361383787
-3951.28361383787
-3951.28361383787
-3951.28361383787
-3951.28361383787
-3951.28361383787
-3951.28361383787
-3951.28361383787
-3951.28361383787
-3951.28361383787
-3951.28361383787
-3951.28361383787
-3951.28361383787
-3951.28361383787
-3951.28361383787
-3951.28361383787
-3951.59324590162
-3951.28361383787
-3951.28361383787
-3951.28361383787
-3951.28361383787
-3951.28361383787
-3951.28361383787
-3951.28361383787
-3951.28361383787
-3951.28361383787
-3951.28361383787
-3951.28361383787
-3951.28361383787
-3951.28361383787
-3951.28361383787
-3951.28361383787
-3951.28361383787
-3951.28361383787
-3951.28361383787
-3951.48051685441
-3951.28361383787
-3951.28361383787
-3951.28361383787
-3951.28361383787
-3951.28361383787
-3951.28361383787
-3951.28361383787
-3951.28361383787
-3951.28361383787
-3951.28361383787
-3951.28361383787
-3951.28361383787
-3951.28361383787
-3951.28361383787
-3951.28361383787
-3951.28361383787
-3951.28361383787
-3951.28361383787
-3951.28361383787
-3951.28361383787
-3951.28361383787
-3951.28361383787
-3951.28361383787
-3951.28361383787
-3951.28361383787
-3951.28361383787
-3951.28361383787
-3951.28361383787
-3951.28361383787
-3951.28361383787
-3951.28361383787
-3951.28361383787
-3951.28361383787
-3951.28361383787
-3951.28361383787
-3951.28361383787
-3951.28361383787
-3951.28361383787
-3951.28361383787
-3951.28361383787
-3951.28361383787
-3951.28361383787
-3951.28361383787
-3951.28361383787
-3951.28361383787
-3951.28361383787
-3951.28361383787
-3951.28361383787
-3951.28361383787
-3951.28361383787
-3951.28361383787
-3951.28361383787
-3951.28361383787
-3951.28361383787
-3951.28361383787
-3951.28361383787
-3951.28361383787
-3951.28361383787
-3951.28361383787
-3952.33351316599
-3951.28361383787
-3951.28361383787
-3951.28361383787
-3951.28361383787
-3951.28361383787
-3951.28361383787
-3951.28361383787
-3951.28361383787
-3951.28361383787
-3951.28361383787
-3951.28361383787
-3951.28361383787
-3951.28361383787
-3951.28361383787
-3951.28361383787
-3951.28361383787
-3951.28361383787
-3951.28361383787
-3951.28361383787
-3951.28361383787
-3951.6131338198
-3951.28361383787
-3951.28361383787
-3951.28361383787
-3951.28361383787
-3951.28361383787
-3951.28361383787
-3951.28361383787
-3951.28361383787
-3951.67362382334
-3951.28361383787
-3951.28361383787
-3951.59932598747
-3951.28361383787
-3951.28361383787
-3951.56733651848
-3951.28361383787
-3951.28361383787
-3951.28361383787
-3951.28361383787
-3951.28361383787
-3951.28361383787
-3951.28361383787
-3951.28361383787
-3951.28361383787
-3951.28361383787
-3951.28361383787
-3951.28361383787
-3951.28361383787
-3951.28361383787
-3951.28361383787
-3951.28361383787
-3951.28361383787
-3951.28361383787
-3951.28361383787
-3951.28361383787
-3951.28361383787
-3951.28361383787
-3951.28361383787
-3951.28361383787
-3951.28361383787
-3951.28361383787
-3951.28361383787
-3951.28361383787
-3951.28361383787
-3951.28361383787
-3951.28361383787
-3951.28361383787
-3951.28361383787
-3951.28361383787
-3952.31214690327
-3951.28361383787
-3951.28361383787
-3951.28361383787
-3951.28361383787
-3951.28361383787
-3951.28361383787
-3951.28361383787
-3951.28361383787
-3951.28361383787
-3951.28361383787
-3951.28361383787
-3951.28361383787
-3951.28361383787
-3951.28361383787
-3951.28361383787
-3951.28361383787
-3951.28361383787
-3951.28361383787
-3951.28361383787
-3951.28361383787
-3951.28361383787
-3951.28361383787
-3951.28361383787
-3951.28361383787
-3951.28361383787
-3951.28361383787
-3951.28361383787
-3951.28361383787
-3951.28361383787
-3951.28361383787
-3951.63651712884
-3951.28361383787
-3951.28361383787
-3951.28361383787
-3951.28361383787
-3951.28361383787
-3951.28361383787
-3951.28361383787
-3951.28361383787
-3951.28361383787
-3951.28361383787
-3951.28361383787
-3951.28361383787
-3951.28361383787
-3951.28361383787
-3951.28361383787
-3951.28361383787
-3951.28361383787
-3951.28361383787
-3951.28361383787
-3951.28361383787
-3951.28361383787
-3951.28361383787
-3951.28361383787
-3951.28361383787
-3951.28361383787
-3951.28361383787
-3951.28361383787
-3951.28361383787
-3951.28361383787
-3951.28361383787
-3951.28361383787
-3951.28361383787
-3951.28361383787
-3951.28361383787
-3951.28361383787
-3951.28361383787
-3951.28361383787
-3951.28361383787
-3951.28361383787
-3951.28361383787
-3951.28361383787
-3951.28361383787
-3951.51106702567
-3951.28361383787
-3951.28361383787
-3951.28361383787
-3951.28361383787
-3951.28361383787
-3951.28361383787
-3951.28361383787
-3951.28361383787
-3951.28361383787
-3951.28361383787
-3951.28361383787
-3951.28361383787
-3951.28361383787
-3951.28361383787
-3951.28361383787
-3951.28361383787
-3951.28361383787
-3951.28361383787
-3951.28361383787
-3951.24750282542
-3951.28361383787
-3951.28361383787
-3951.28361383787
-3951.28361383787
-3951.28361383787
-3951.28361383787
-3951.28361383787
-3951.28361383787
-3951.28361383787
-3951.28361383787
-3951.28361383787
-3951.28361383787
-3951.28361383787
-3951.28361383787
-3951.28361383787
-3951.28361383787
-3951.28361383787
-3951.28361383787
-3951.28361383787
-3951.28361383787
-3951.28361383787
-3951.28361383787
-3951.28361383787
-3951.28361383787
-3951.28361383787
-3951.28361383787
-3951.28361383787
-3951.28361383787
-3951.28361383787
-3951.28361383787
-3951.28361383787
-3951.28361383787
-3951.28361383787
-3951.28361383787
-3951.28361383787
-3951.28361383787
-3951.28361383787
-3951.28361383787
-3951.28361383787
-3951.28361383787
-3951.28361383787
-3951.28361383787
-3951.28361383787
-3951.28361383787
-3951.28361383787
-3951.47831653548
-3951.28361383787
-3951.48121052153
-3951.28361383787
-3951.28361383787
-3951.28361383787
-3951.28361383787
-3951.28361383787
-3951.28361383787
-3951.28361383787
-3951.28361383787
-3951.28361383787
-3951.28361383787
-3951.28361383787
-3951.28361383787
-3951.28361383787
-3951.28361383787
-3951.28361383787
-3951.28361383787
-3951.28361383787
-3951.28361383787
-3951.28361383787
-3951.28361383787
-3951.28361383787
-3951.28361383787
-3951.28361383787
-3951.28361383787
-3951.28361383787
-3951.28361383787
-3951.28361383787
-3951.28361383787
-3951.28361383787
-3951.28361383787
-3951.28361383787
-3951.28361383787
-3951.28361383787
-3951.28361383787
-3951.28361383787
-3951.28361383787
-3951.28361383787
-3951.28361383787
-3951.28361383787
-3951.28361383787
-3951.28361383787
-3951.28361383787
-3951.28361383787
-3951.53468181683
-3951.28361383787
-3951.28361383787
-3951.28361383787
-3951.28361383787
-3951.28361383787
-3951.28361383787
-3951.28361383787
-3951.28361383787
-3951.28361383787
-3951.28361383787
-3951.28361383787
-3951.28361383787
-3951.28361383787
-3951.28361383787
-3951.28361383787
-3951.28361383787
-3951.28361383787
-3951.28361383787
-3951.25340307182
-3951.28361383787
-3951.28361383787
-3951.28361383787
-3951.28361383787
-3951.28361383787
-3951.28361383787
-3951.28361383787
-3951.28361383787
-3951.28361383787
-3951.28361383787
-3951.28361383787
-3951.28361383787
-3951.28361383787
-3951.28361383787
-3951.28361383787
-3951.28361383787
-3951.28361383787
-3951.28361383787
-3951.28361383787
-3951.28361383787
-3951.28361383787
-3951.28361383787
-3951.28361383787
-3951.28361383787
-3951.28361383787
-3951.28361383787
-3952.18260264671
-3951.28361383787
-3951.28361383787
-3951.28361383787
-3951.28361383787
-3951.27114917443
-3951.28361383787
-3951.28361383787
-3951.28361383787
-3951.28361383787
-3951.28361383787
-3951.257675985
-3951.28361383787
-3951.28361383787
-3951.28361383787
-3951.28361383787
-3951.28361383787
-3952.02598687288
-3951.28361383787
-3952.61907400573
-3951.28361383787
-3952.7392125777
-3952.94681369652
-3952.88978093378
-3952.28333586759
-3952.02773054153
-3952.769622266
-3952.63378331947
-3952.73754235184
-3952.850139917
-3952.99864992701
-3952.86492610346
-3952.38362910148
-3952.03647531115
-3952.79137271058
-3952.59750195065
-3952.77884283958
-3952.89325611723
-3952.85043606159
-3952.81849652617
-3951.28361383787
-3952.01442236023
-3952.88801738751
-3952.59908975689
-3952.89826903334
-3952.84980492284
-3952.99084465381
-3952.85016966216
-3952.24538775706
-3952.18291663236
-3952.91352491543
-3952.86211158244
-3952.81261322591
-3953.01648886427
-3953.10616617204
-3953.08166329394
-3952.23468046655
-3952.17732262315
-3952.86757337206
-3952.83539635147
-3952.91765769051
-3953.01692120243
-3952.92299517328
-3952.96291439698
-3952.23411552376
-3952.17892208172
-3952.90335818149
-3952.71810449358
-3951.28361383787
-3952.71585991003
-3952.89147178499
-3953.15218746516
-3952.25260527108
-3952.1809425147
-3952.87519285913
-3952.7028896767
-3952.79776150256
-3952.83409477896
-3952.88136742572
-3952.98506410942
-3952.37655046672
-3952.21326156266
-3952.81631281988
-3952.63078698992
-3952.52013357322
-3951.28361383787
-3952.86511455489
-3953.00993077637
-3952.2566697165
-3952.17328663901
-3952.89882520014
-3952.70457225171
-3952.90177148702
-3952.69502843648
-3952.88569962984
-3952.89390351742
-3952.33364088828
-3952.08209468835
-3951.28361383787
-3952.60788598692
-3952.769280985
-3952.67601178916
-3952.83992056151
-3953.03502964536
-3952.2261140114
-3952.07534148889
-3952.73009836907
-3952.70715229862
-3952.67476173649
-3952.81451804133
-3952.73604689044
-3952.76530481629
-3951.28361383787
-3952.21958694277
-3952.83209909665
-3952.80073078103
-3952.87043054701
-3952.81299368442
-3952.93632116306
-3953.0609334741
-3952.24873806031
-3952.08844340992
-3952.76224106317
-3952.65895095974
-3952.54049515659
-3951.28361383787
-3952.60420138523
-3952.64278192373
-3952.0915738535
-3952.39058302732
-3952.72771211249
-3952.95916527961
-3952.87786696525
-3952.86410729874
-3952.89197630704
-3953.08585975159
-3952.38362115215
-3952.24191274403
-3952.88097858142
-3952.90615708879
-3952.8066409742
-3952.77996427835
-3952.71149076736
-3952.86449278075
-3952.11900484824
-3952.14001460547
-3952.89203548112
-3952.80461830067
-3952.97156527903
-3953.00998826522
-3952.81431095317
-3952.9710262206
-3952.10014333844
-3952.10817632831
-3951.28361383787
-3952.8162139836
-3952.89851403914
-3952.79736383743
-3952.96274216313
-3952.80970458928
-3952.14081028836
-3952.18429872895
-3952.89190907673
-3952.88332882727
-3952.80629514569
-3953.0353750132
-3952.92282187909
-3952.87770117571
-3952.36239617416
-3952.13948687865
-3952.95631971472
-3952.77210562215
-3952.8957794005
-3952.89327662738
-3952.79154657747
-3952.98992640353
-3952.32067144085
-3952.1460802822
-3952.76539201656
-3952.7420930059
-3951.28361383787
-3952.77968087167
-3952.81785807605
-3952.93067428456
-3952.25019871216
-3952.23161588551
-3953.03306205915
-3952.84485507271
-3952.82778459105
-3952.62744733417
-3951.28361383787
-3952.8477608979
-3952.29937906698
-3952.1528413834
-3952.87482077747
-3952.74437412692
-3952.86003955251
-3952.78976831448
-3952.87066907245
-3952.99174295327
-3952.41520472536
-3952.27153935715
-3953.03474715034
-3952.86924096783
-3952.96496244655
-3952.63943399327
-3952.81042364687
-3952.91167201439
-3952.25908904697
-3952.15474959634
-3952.92575991016
-3952.88370085876
-3952.98375710663
-3952.93702015805
-3952.87085944894
-3952.95037540706
-3952.42010824417
-3952.24521653455
-3953.0960509761
-3953.0357913267
-3952.8424797282
-3952.92231144981
-3952.73863247857
-3952.98000808886
-3952.25000594796
-3952.14822592697
-3952.84161069092
-3952.8069971617
-3952.88325803039
-3952.923456495
-3952.83316010646
-3952.77662256183
-3952.12813710314
-3952.42553033598
-3952.79769073496
-3953.06200948089
-3952.68391073851
-3952.81148829402
-3952.7116472148
-3952.92776332621
-3952.19048673929
-3952.20304100805
-3952.83789136837
-3951.28361383787
-3952.6750193472
-3952.70328958975
-3952.65657253644
-3952.72437835847
-3952.25887973611
-3952.20132332862
-3952.90033155025
-3952.88859980805
-3952.9361215374
-3952.83309987084
-3952.8033805875
-3952.90269499761
-3952.22239812973
-3952.21606571816
-3952.82759341343
-3952.77869955118
-3952.74610790326
-3951.28361383787
-3952.8908190642
-3952.87429734448
-3952.12504201013
-3952.16823913422
-3952.85362059913
-3952.99186172459
-3952.86599013938
-3952.96919993399
-3952.76616366548
-3952.87355753899
-3952.19441422819
-3952.13904044649
-3952.90105097035
-3952.74668780279
-3952.88813818471
-3952.91421453622
-3952.8511163934
-3952.84275677228
-3952.13331954591
-3952.43651882739
-3952.94486800929
-3952.88303094936
-3952.90344442859
-3952.89442665889
-3952.85327023871
-3952.86176918456
-3952.07467407048
-3952.28417018862
-3953.03469857506
-3952.78337649974
-3952.90314357532
-3952.77515529388
-3951.28361383787
-3952.82535516972
-3952.10722543228
-3952.45487953356
-3952.8854092572
-3952.87029582094
-3952.88621939344
-3952.79750312197
-3952.84385894295
-3952.64816119233
-3951.28361383787
-3952.52588142337
-3952.96951293034
-3953.01855146232
-3952.93594798023
-3952.65609130635
-3952.81959384316
-3952.69516005921
-3952.29495198647
-3952.07931426136
-3951.28361383787
-3952.76726584427
-3952.92514191893
-3952.80819250279
-3953.01489793771
-3952.79337103417
-3952.41247743514
-3952.3037425428
-3952.93382137657
-3953.00128339499
-3952.97479738821
-3952.80357410681
-3952.92201853479
-3952.92345436972
-3952.22433951669
-3952.0835857153
-3952.74120684164
-3952.79686288236
-3952.93834950014
-3952.96817613209
-3952.94478864732
-3953.10555924743
-3952.3196928628
-3952.36213108215
-3952.81554312819
-3953.01862564379
-3952.65296814713
-3952.84761043061
-3952.74663475373
-3952.99471926391
-3952.24016072682
-3951.28361383787
-3952.76243503514
-3952.86605215989
-3952.78796231933
-3952.93943621508
-3952.8964752539
-3952.99598693288
-3952.08488124577
-3952.49470548631
-3952.86492258495
-3952.80715209888
-3952.55976708404
-3951.28361383787
-3952.72887486935
-3952.95658848265
-3952.26209562395
-3952.401092449
-3952.97972157462
-3951.28361383787
-3952.82016312774
-3952.80527166564
-3952.91038721084
-3952.83101166062
-3951.28361383787
-3952.25636577384
-3952.87432330037
-3951.28361383787
-3952.81777711672
-3952.779546893
-3952.84671743341
-3952.93072913362
-3952.19880803128
-3952.36291425949
-3953.13647162547
-3952.80550643027
-3952.98372559014
-3952.88847589294
-3952.86997138297
-3952.81945717574
-3952.20773658921
-3952.25072865875
-3952.90889810743
-3952.87254674993
-3952.9644890334
-3952.84859515237
-3952.80987062521
-3952.89818217978
-3952.1832067968
-3952.28421954502
-3952.90657779842
-3953.04982210426
-3952.94660278582
-3952.88265938443
-3952.82090018883
-3952.93312556558
-3952.17358504272
-3952.15364806356
-3952.90108378426
-3952.85866849931
-3952.90172267253
-3952.88674243755
-3952.85829589651
-3952.89189675976
-3952.16465555012
-3952.14661968811
-3952.75166264988
-3952.85552786115
-3952.79840603228
-3952.88222014966
-3952.90655035968
-3952.92401872877
-3952.1957783668
-3952.20539339338
-3952.94217485155
-3952.84980526105
-3952.902907645
-3952.95632745179
-3953.02564733318
-3952.77049586128
-3952.12314306337
-3952.18111598193
-3952.92538285882
-3952.83853665218
-3952.90197994435
-3952.9595667049
-3953.10287933002
-3952.98648733684
-3952.17990891723
-3952.07698978899
-3952.84925952091
-3952.74006996485
-3952.93438487328
-3952.95028363711
-3953.07781232909
-3952.8956782929
-3952.3034856932
-3952.19342197809
-3952.94229867243
-3952.88012084999
-3952.92653573773
-3952.98673001686
-3953.11192215265
-3953.11974480376
-3952.66795521242
-3952.07003378379
-3952.9615920809
-3952.77163678719
-3952.92804109199
-3952.96407916727
-3952.95154557061
-3953.14480556406
-3952.35931806792
-3952.20676921165
-3952.93995280324
-3952.87827992037
-3952.54080194076
-3952.9494089729
-3952.89120651671
-3953.14505473298
-3952.32057506056
-3952.24173094157
-3953.00027574663
-3952.90988534302
-3952.83999649301
-3952.9477854119
-3952.93768541424
-3953.03295516436
-3952.58881781144
-3952.1718029693
-3952.96116801429
-3952.73912006886
-3951.28361383787
-3952.6793475732
-3952.82917891704
-3953.11657471483
-3952.32223839436
-3952.30159609062
-3953.07107965867
-3952.85155324112
-3952.96186506918
-3952.93686797336
-3952.91154764052
-3952.86020215794
-3952.17288890317
-3952.31190372957
-3952.93807720677
-3952.76145161352
-3952.83558981396
-3952.81546570471
-3952.94893607177
-3953.06529571431
-3952.22900134729
-3952.29584686856
-3952.99702706969
-3953.01660765579
-3952.95539789739
-3952.9301122139
-3952.88082098541
-3952.83406333087
-3952.22434106614
-3952.4118330382
-3953.04999362383
-3952.98015267993
-3952.93249346568
-3952.94775077148
-3952.91509159994
-3953.0161216529
-3952.26605978568
-3952.22842402332
-3952.8663570522
-3953.01487554847
-3952.92262858846
-3952.88106253427
-3952.82418772631
-3952.95805022728
-3952.18027792464
-3952.44267724235
-3952.86322871923
-3952.99228178131
-3952.90057980731
-3952.88877198566
-3952.8572110556
-3952.9900420587
-3952.16485253695
