# type 2 occupying energies
-4070.38918646784
-4071.9544720525
-4071.15112076977
-4071.20606337888
-4072.03689520158
-4070.98015185455
-4071.35941194072
-4071.9264413405
-4070.75123665287
-4071.09248535495
-4071.49175160465
-4072.03689520157
-4071.54131583479
-4071.73483204081
-4071.093627741
-4071.06986043328
-4070.86538282178
-4071.58568096505
-4071.16588214888
-4071.42378135706
-4071.9264413405
-4071.20799591011
-4071.0269697574
-4070.81959817619
-4071.93345672431
-4071.0593287851
-4071.93345672431
-4071.9264413405
-4071.04063401317
-4071.55914276091
-4071.9264413405
-4070.8297052213
-4071.19170501545
-4071.03118436887
-4071.6761870038
-4071.11510153684
-4071.57260287666
-4071.9264413405
-4071.14703151356
-4070.69527708148
-4071.07402672045
-4071.04468007827
-4071.93295870659
-4071.9264413405
-4071.17780964309
-4071.21882887972
-4071.14172569124
-4071.93345672431
-4070.48802148228
-4071.93345672431
-4071.9264413405
-4070.89697509565
-4071.09910474018
-4071.9264413405
-4071.3766977254
-4070.78545921758
-4071.9264413405
-4071.10297295454
-4071.19882842156
-4071.04496603004
-4071.18131441936
-4071.41890399097
-4071.2140251042
-4070.6507160149
-4070.49713026266
-4071.03371418099
-4070.73657944836
-4071.18346584709
-4071.92561828444
-4070.99273444946
-4071.9264413405
-4070.63296911394
-4070.67911693578
-4071.10025554999
-4071.34660683676
-4070.68845158384
-4071.9264413405
-4071.9264413405
-4071.10104720629
-4070.67943586508
-4070.73822199311
-4070.83088919126
-4071.93295870659
-4071.93345672431
-4071.09639846132
-4071.28449923566
-4071.95298081135
-4070.84333578309
-4070.75180352
-4071.93257154209
-4071.92561828444
-4071.9264413405
-4071.16916661999
-4070.95981417116
-4071.32776097834
-4070.89698773594
-4071.04627899606
-4070.96934493838
-4071.9264413405
-4071.9264413405
-4070.6564947073
-4071.33074393945
-4071.96639828391
-4071.1286649905
-4070.79025559203
-4071.15307015308
-4072.03689520158
-4071.06771851991
-4071.27575196623
-4071.09419476179
-4071.75883640721
-4070.92748402898
-4070.77170525753
-4071.9264413405
-4071.010114306
-4071.18549466519
-4071.9264413405
-4071.9264413405
-4071.26078634774
-4070.69755673887
-4070.90587537566
-4071.56090848567
-4071.45639902862
-4071.48584241956
-4071.28091627256
-4071.9264413405
-4071.14978700935
-4071.9264413405
-4071.10116377862
-4071.45647047743
-4071.40683373196
-4071.9264413405
-4071.9264413405
-4072.03689520158
-4070.92109460146
-4072.03689520157
-4070.7172814384
-4071.9264413405
-4071.08548643494
-4071.60996724414
-4070.83247337888
-4071.92650036087
-4070.94146649513
-4070.73562875729
-4071.05987399727
-4071.42222721616
-4071.23916940756
-4072.03689520157
-4070.63796146972
-4072.03689520158
-4071.29803871223
-4070.83377611839
-4070.86724028091
-4071.64505849174
-4071.21312272994
-4071.08071280916
-4070.75348774164
-4070.83239103265
-4070.97961253421
-4070.90268276545
-4071.22073451971
-4071.9264413405
-4070.89943964143
-4071.24350939115
-4071.21347417149
-4070.90452455229
-4071.2586991789
-4070.56926093404
-4070.92943430155
-4071.41927932404
-4071.33376410424
-4071.07985954562
-4071.92650036087
-4070.63809791028
-4071.9263712434
-4070.50831126938
-4070.82169719145
-4071.18766379862
-4071.9264413405
-4071.92561828444
-4071.19813317354
-4071.0029549601
-4071.93323521882
-4070.51499277544
-4070.96064029002
-4071.4191818629
-4071.22789339174
-4071.42195259017
-4071.93345672431
-4071.00524751037
-4071.93323521882
-4070.39310322543
-4070.61480212641
-4071.9264413405
-4071.92561828444
-4070.87527143416
-4070.88348269756
-4071.18486598439
-4071.9264413405
-4070.67569959657
-4070.74571960452
-4071.9264413405
-4071.33047141702
-4071.48203515275
-4071.63193778744
-4071.25656949776
-4071.4472977976
-4070.63056032137
-4070.64985294329
-4071.93295870659
-4070.7195097124
-4071.9264413405
-4071.9264413405
-4070.71492284413
-4071.15127967702
-4071.92637364669
-4070.4819702294
-4071.24089736428
-4071.9264413405
-4071.93295870659
-4070.96006114469
-4071.93295870659
-4071.92650036087
-4070.61528179079
-4070.59188374137
-4071.92581522521
-4071.9264413405
-4072.03689520158
-4071.9264413405
-4071.1703743684
-4071.92637180261
-4070.63438240382
-4070.78479872335
-4071.55731072546
-4070.91596463443
-4071.85536545805
-4070.89879025989
-4071.07979800702
-4071.93295870659
-4070.46868663761
-4070.64942311777
-4071.48402322846
-4072.03690676192
-4071.9264413405
-4070.80832451245
-4071.56929424666
-4071.28539161148
-4071.1469912663
-4070.67029760195
-4072.03690676192
-4071.04315117801
-4071.52179926899
-4071.14326351207
-4071.9264413405
-4071.46705693453
-4070.70246250622
-4070.98343321133
-4072.03689520158
-4071.11019516728
-4071.1977388052
-4071.01440304747
-4071.96064065825
-4071.9264413405
-4071.9264413405
-4071.08947491353
-4070.98963815736
-4070.96322597811
-4071.23789979872
-4071.21405757106
-4071.95032683414
-4070.91510316919
-4070.6019825526
-4070.99063606727
-4071.58428484468
-4071.39289778253
-4070.99431456868
-4071.9264413405
-4070.89401219236
-4071.14912658798
-4070.65237719147
-4071.35870822756
-4071.00638566833
-4071.40596678965
-4070.92676071567
-4071.93345672431
-4071.10849615126
-4071.9504452513
-4070.68909757626
-4071.24079974836
-4071.92644134049
-4071.4975044641
-4071.14074171357
-4071.9264413405
-4070.89574063971
-4071.93323521882
-4070.64996221923
-4071.16989361191
-4071.10276181703
-4071.92653861823
-4071.10675093162
-4071.35422136881
-4071.93323521882
-4071.9264413405
-4070.84530692341
-4070.97592129965
-4071.49866143481
-4071.9264413405
-4071.40948525685
-4071.29675958975
-4071.9264413405
-4071.93324416208
-4070.81578251774
-4071.93324416208
-4071.46141768144
-4071.82932252231
-4071.36913614075
-4071.14583516077
-4071.9264413405
-4070.95698782136
-4070.91051101308
-4070.92792219812
-4071.28000147191
-4071.63011671195
-4071.43125931162
-4071.26412148027
-4071.92581522521
-4071.93295870659
-4070.73787038768
-4070.64547027062
-4071.93345672431
-4071.5475793771
-4071.56978543212
-4071.1457139028
-4071.3100065266
-4071.05088000244
-4071.93295870659
-4070.60076319244
-4071.9258152252
-4071.92653861823
-4071.57939557107
-4071.1340818113
-4071.52821353017
-4071.12319342535
-4071.00954569783
-4070.76749567187
-4071.75442263656
-4071.25434185463
-4071.20834934393
-4071.56329974227
-4071.31425595101
-4071.30522554986
-4070.70215684926
-4070.70328857282
-4071.92653861823
-4071.25636358356
-4071.66686155338
-4071.35964021481
-4071.9264413405
-4071.21121780176
-4070.52812855469
-4070.85437354443
-4071.37835971161
-4071.24854034573
-4071.9264413405
-4071.35093060311
-4070.72397591295
-4071.40339716548
-4070.49552884175
-4070.79330067469
-4071.61623233643
-4071.16744747524
-4071.9264413405
-4071.11539114487
-4070.88199479364
-4071.93345672431
-4070.34400461435
-4070.78552074632
-4071.92650036087
-4070.86739976689
-4071.15554312062
-4071.9264413405
-4070.7836883843
-4071.93345672431
-4070.4746149379
-4070.79418707541
-4070.95471542924
-4071.9264413405
-4071.9264413405
-4071.36084511383
-4071.19846672043
-4071.96064065826
-4070.71369278931
-4070.76799677385
-4071.94982088699
-4071.33521058791
-4071.05186884714
-4071.92637322854
-4071.12590337588
-4071.37013022085
-4070.97691938154
-4071.92650036087
-4070.91788810663
-4071.9264413405
-4071.94982088699
-4071.10897423195
-4071.19275974887
-4071.29760952222
-4070.59938474588
-4070.78734631308
-4071.50381189678
-4071.95468917541
-4071.3605189564
-4071.00546249863
-4071.9264413405
-4071.9264413405
-4070.61093152011
-4071.08775947672
-4071.9504452513
-4071.93257154209
-4071.9544720525
-4070.96817569626
-4071.93323521882
-4071.9264413405
-4070.66402375112
-4071.10374598563
-4071.94982088699
-4071.14239581821
-4071.34754452587
-4071.04688626252
-4071.2177050694
-4071.9264413405
-4071.21120058012
-4070.53522158604
-4071.93345672431
-4070.99622988231
-4071.93295870659
-4071.9264413405
-4070.98183121823
-4071.93345672431
-4070.81822136236
-4070.44779531248
-4071.94982088699
-4070.54757735884
-4070.84647558914
-4071.9264413405
-4071.9264413405
-4071.9264413405
-4070.92996562296
-4070.41543438446
-4071.9264413405
-4070.79427762462
-4071.44872249358
-4071.17780146979
-4071.63349235496
-4071.37825182973
-4070.92231274638
-4070.49302458455
-4071.94982088699
-4070.80151044349
-4071.34128777482
-4071.09600980648
-4071.04660620265
-4071.25750648554
-4070.54279044074
-4071.08613448581
-4071.39664367358
-4071.0578232014
-4071.96639828391
-4071.92650036087
-4071.01860445954
-4071.35147716846
-4070.58672929521
-4070.69459402716
-4070.8707635416
-4071.10233433547
-4071.96639828391
-4071.2003065116
-4071.21038356168
-4071.9264413405
-4070.54083404976
-4071.40930836922
-4071.40376176483
-4071.43476727599
-4070.85996480053
-4071.9264413405
-4070.8159445072
-4071.9264413405
-4070.56024594236
-4071.9264413405
-4070.92173679692
-4071.06698693692
-4071.96639828391
-4071.24594866989
-4071.05659064516
-4071.50699264519
-4070.62191553093
-4071.05897905079
-4071.05915752831
-4071.29926889428
-4070.8176851605
-4071.9264413405
-4070.74677171612
-4071.9264413405
-4070.53150805256
-4070.92563574463
-4071.36280897765
-4071.93276013949
-4070.84368455481
-4071.9264413405
-4070.99836039471
-4071.9264413405
-4070.88131868817
-4071.9264413405
-4070.40497673899
-4071.92653861823
-4070.52486751627
-4071.92650036087
-4070.16583540337
-4071.9264413405
-4071.9264413405
-4071.92637336555
-4071.93345672431
-4072.01964469492
-4070.29318004378
-4071.9264413405
-4071.92650036087
-4071.92637255816
-4071.9264413405
-4071.9264413405
-4071.9264413405
-4072.03689520158
-4070.25375951379
-4071.93295870659
-4071.92650036086
-4071.92653861823
-4070.62501280191
-4071.92650036087
-4071.93324416208
-4071.93345672431
-4071.93345672431
-4071.93295870659
-4071.9264413405
-4071.92653861823
-4071.92650036087
-4071.9264413405
-4071.9264413405
-4071.92650036087
-4071.92653861823
-4070.42278676811
-4071.93345672431
-4071.9264413405
-4071.92653861823
-4071.93323521882
-4070.21602088112
-4071.9264413405
-4071.9264413405
-4071.92637236295
-4070.44502571309
-4071.9264413405
-4070.83837394159
-4071.08608464262
-4071.92581522521
-4071.9264413405
-4070.53573738432
-4071.92653861823
-4071.93345672431
-4071.92653861823
-4071.92650036087
-4071.9263731105
-4071.9264413405
-4071.9264413405
-4070.70734440919
-4071.9264413405
-4070.64311231933
-4071.9264413405
-4071.93345672431
-4071.9264413405
-4070.31341917668
-4071.92561828444
-4070.6377221811
-4070.75381911028
-4071.93345672431
-4071.9264413405
-4071.9264413405
-4071.9264413405
-4071.9264413405
-4071.9264413405
-4070.7369783993
-4071.97971915799
-4071.9264413405
-4071.93345672431
-4071.92581522521
-4071.9264413405
-4071.9264413405
-4071.92650036087
-4071.93323521882
-4071.93324416208
-4071.9264413405
-4070.43691378228
-4071.9264413405
-4071.9264413405
-4070.55824381142
-4071.9264413405
-4071.9264413405
-4070.54169440115
-4071.9264413405
-4070.52497313488
-4070.91982744477
-4071.9264413405
-4071.9264413405
-4070.36762959833
-4071.9264413405
-4070.29157056757
-4071.9264413405
-4071.9264413405
-4071.92637266924
-4071.08722703706
-4071.9264413405
-4071.9264413405
-4071.9264413405
-4070.30341461603
-4071.9264413405
-4071.93345672431
-4071.9328444579
-4071.9264413405
-4070.55363627059
-4071.9264413405
-4071.9264413405
-4071.93345672431
-4070.26705170209
-4071.9264413405
-4071.9334567243
-4071.9264413405
-4070.83765713858
-4070.69827769893
-4071.9264413405
-4071.9264413405
-4070.38404770102
-4071.93345672431
-4071.92581522521
-4070.66358122534
-4070.5745228013
-4071.9264413405
-4071.9264413405
-4071.92653861823
-4070.53085665811
-4071.92653861823
-4071.93295870659
-4071.9264413405
-4070.33423621295
-4071.92653861823
-4071.93295870659
-4071.92650036086
-4071.9264413405
-4071.93295870659
-4071.92561828445
-4071.9264413405
-4070.46166761867
-4071.9264413405
-4071.92649843685
-4071.9264413405
-4071.9264413405
-4070.27914126596
-4071.9264413405
-4071.9264413405
-4071.9264413405
-4071.9264413405
-4070.51042228295
-4070.49071582495
-4071.92561828444
-4070.42409519368
-4071.9264413405
-4071.93323521882
-4071.9264413405
-4071.93324416208
-4070.45402317464
-4071.9264413405
-4070.32682060671
-4071.9264413405
-4071.9264413405
-4070.96724521726
-4071.92644134046
-4071.92637239946
-4071.92561828444
-4071.9264413405
-4071.92650036087
-4071.9264413405
-4071.08091278941
-4071.9264413405
-4070.52751522582
-4070.71388309423
-4071.91963528257
-4070.86877397608
-4071.9264413405
-4071.93345672431
-4071.9264413405
-4071.9264413405
-4071.9264413405
-4072.15093146243
-4071.9264413405
-4071.92650036087
-4071.93345672431
-4071.92561828444
-4071.92650036087
-4071.9264413405
-4070.51623413607
-4071.92637270145
-4070.87646072456
-4071.04021104032
-4071.92956989151
-4071.93295870659
-4071.9264413405
-4071.9264413405
-4071.93295870659
-4071.9264413405
-4071.92581522521
-4070.47976513646
-4071.9264413405
-4071.92561828444
-4070.84768537738
-4071.93295870659
-4071.9264413405
-4071.92581522521
-4070.73779893525
-4071.91965477202
-4070.4424207029
-4070.53467517424
-4071.92561828444
-4070.75280682643
-4071.9264413405
-4071.93345672431
-4070.70080492336
-4070.93019929863
-4070.75042323118
-4071.9264413405
-4071.9264413405
-4071.9264413405
-4071.92637149623
-4070.81737694131
-4070.87986746025
-4071.93295870659
-4070.40363152804
-4071.9264413405
-4071.9264413405
-4071.9264413405
-4071.9264413405
-4071.92650036087
-4070.5050411621
-4071.9264413405
-4071.9264413405
-4071.9264413405
-4071.9264413405
-4071.9264413405
-4071.93324416208
-4070.77775347416
-4071.9264413405
-4070.70599062571
-4070.32360056033
-4071.93295870659
-4071.9264413405
-4071.9264413405
-4071.92650036087
-4071.9264413405
-4070.28539656887
-4071.9264413405
-4071.92653861823
-4071.9264413405
-4071.9264413405
-4071.9264413405
-4070.58162246086
-4071.92650036087
-4070.63229474133
-4071.92653861823
-4071.92650036087
-4071.9264413405
-4071.07574017104
-4071.9264413405
-4071.92561828444
-4070.88665687111
-4070.68075510763
-4071.9264413405
-4071.92650036087
-4071.92653861823
-4071.92653861823
-4071.9264413405
-4070.63708446203
-4071.92637031574
-4071.92650036087
-4071.93345672431
-4070.4017768144
-4070.53323499168
-4071.25840105778
-4072.01391614319
-4071.9264413405
-4070.77154473314
-4070.46315069324
-4071.92653861823
-4071.92650036087
-4071.92645265093
-4070.75730897194
-4071.9264413405
-4071.9264413405
-4070.60841841939
-4071.92637251022
-4071.9264413405
-4071.92650036086
-4071.92653861823
-4071.93345672431
-4071.19206771228
-4070.77623311638
-4071.93324416208
-4070.42821303573
-4071.92650036087
-4070.5536539768
-4070.78099173801
-4071.92653861823
-4071.93345672431
-4071.93345672431
-4070.41422547649
-4071.9264413405
-4070.32285268455
-4071.92653861823
-4070.51892752155
-4071.92653861823
-4071.9264413405
-4071.9264413405
-4071.9264413405
-4071.9328444579
-4071.93345672431
-4071.93345672431
-4070.65482963524
-4071.92653861823
-4071.92637326702
-4071.93295870655
-4071.9264413405
-4071.92581522521
-4071.92653861823
-4071.92653861823
-4071.93295870659
-4071.92653861823
-4070.97173349188
-4070.90332258909
-4070.47578329941
-4071.9329587066
-4071.92581522521
-4071.93345672431
-4070.36910043025
-4071.93295870659
-4071.9264413405
-4071.93295870659
-4071.93345672431
-4071.9264413405
-4070.64855570376
-4070.60396864582
-4070.62467264766
-4071.9264413405
-4071.9264413405
-4071.9264413405
-4070.26042303386
-4070.38705858671
-4071.93295870659
-4071.93323521882
-4071.93257154209
-4071.09243217561
-4071.93295870659
-4070.51041920264
-4070.7941680968
-4070.50303684916
-4071.92653861823
-4071.9264413405
-4071.9264413405
-4071.9264413405
-4071.9264413405
-4071.9264413405
-4071.9264413405
-4070.57116263167
-4071.9264413405
-4070.59170630848
-4070.68449790009
-4071.9264413405
-4071.93345672431
-4070.60767278521
-4071.92637200155
-4071.9264413405
-4071.9264413405
-4070.31589862626
-4071.92637330778
-4071.06003571359
-4071.9264413405
-4071.9264413405
-4070.80343374085
-4071.93323521882
-4071.9264413405
-4071.92650036085
-4071.9264413405
-4071.92650036087
-4071.9264413405
-4070.41009687749
-4071.92653861823
-4070.82270051574
-4071.9264413405
-4071.92650036087
-4071.92650036087
-4071.93345672431
-4071.93324416208
-4070.44668503991
-4071.93324416208
-4070.61069777032
-4070.64138899795
-4071.9264413405
-4071.9264413405
-4071.92653861823
-4071.9264413405
-4071.9264413405
-4071.92653861823
-4071.92653861823
-4070.73874929324
-4070.74682346932
-4071.92650036086
-4070.83631957956
-4071.9264413405
-4071.9264413405
-4071.92653861823
-4071.9264413405
-4070.88670328762
-4070.77951481191
-4070.66014041124
-4071.92653861823
-4070.9662154733
-4070.70832946868
-4071.92650036087
-4070.58402515344
-4071.92653861823
-4071.92650036087
-4071.9264413405
-4071.93345672431
-4071.92650036086
-4070.61768533268
-4071.9264413405
-4071.92653861823
-4071.92650036087
-4071.92653861823
-4071.92653861823
-4070.90702268388
-4071.93345672431
-4071.9264413405
-4070.62436752978
-4070.80251289393
-4071.92653861823
-4070.55680724084
-4071.93345672431
-4071.92650036086
-4071.01253069174
-4071.9264413405
-4071.92653861823
-4070.74959251604
-4070.78281716537
-4071.92653861823
-4071.93345672431
-4071.93345672431
-4072.03690676192
-4071.9522310072
-4070.47986329973
-4071.9264413405
-4071.93345672431
-4071.92637233098
-4070.41530520228
-4071.93323521882
-4071.93345672431
-4070.54472895575
-4070.7077336581
-4070.49331915914
-4071.9264413405
-4071.92650036087
-4071.93345672431
-4070.91178814892
-4071.9264413405
-4071.9264413405
-4070.33151944729
-4071.9264413405
-4071.93345672431
-4070.3257971084
-4071.9264413405
-4070.74970818105
-4071.9264413405
-4070.34091936545
-4071.92650036087
-4071.93345672431
-4071.92653861823
-4071.9264413405
-4071.9264413405
-4071.93345672431
-4071.93324416208
-4070.13335255645
-4071.9264413405
-4071.92650036087
-4071.92637320733
-4071.9264413405
-4071.9264413405
-4070.76596335482
-4071.93324416208
-4071.93324416208
-4071.9264413405
-4071.9264413405
-4070.37760929545
-4071.9264413405
-4071.9264413405
-4071.92561828444
-4071.9264413405
-4071.92644134049
-4071.9264413405
-4071.92650036087
-4070.58404017812
-4071.9264413405
-4071.93345672431
-4071.92637232043
-4071.9264066733
-4071.93345672431
-4071.9264413405
-4071.93324416208
-4070.39096687454
-4070.53702421175
-4071.93345672431
-4071.93345672431
