# type 2 occupying energies
-3949.7999611315
-3950.79200079588
-3950.74825999683
-3951.06345115223
-3951.1910763279
-3951.11748295336
-3950.74256710221
-3950.17753750468
-3949.96213007471
-3951.02084937061
-3951.06649620327
-3950.77507554648
-3951.07030663643
-3951.16511855964
-3950.98133197663
-3950.12432641717
-3950.37946875501
-3951.16424487683
-3951.31522147488
-3951.23413466045
-3950.99364447532
-3951.28684026456
-3950.97839854102
-3950.11131643776
-3950.53041881352
-3950.76009345314
-3951.01669472649
-3951.18660121317
-3951.02896713624
-3951.09406440312
-3950.97047769171
-3950.13534618154
-3950.18181765959
-3950.88802155
-3951.30492046499
-3951.20648608172
-3951.18527582544
-3951.25773941057
-3950.98088209491
-3950.11137676343
-3950.39433506907
-3950.92256984154
-3951.10364862851
-3951.17998679152
-3950.97472941986
-3951.29854053996
-3950.96898658773
-3950.0643950413
-3950.27576643842
-3950.96494034363
-3951.25430895425
-3951.03385688047
-3950.98153312163
-3951.18660121317
-3950.71200417928
-3949.77695395965
-3950.29503134845
-3950.82818469598
-3951.20402797402
-3951.15339362839
-3950.99750086849
-3951.21886142516
-3950.72176887971
-3950.13683377587
-3950.20594204307
-3950.74401225592
-3951.0919453566
-3950.97952312573
-3950.99074026147
-3951.01813049323
-3950.67997467546
-3950.08185959951
-3950.02449056955
-3950.78421692299
-3951.21329739044
-3951.07563292621
-3950.94357075404
-3951.17700339784
-3950.69066739079
-3950.08125763751
-3949.81372479409
-3950.71331443871
-3951.1910763279
-3950.98900009981
-3951.01797787874
-3951.17893514303
-3950.93985293574
-3950.1900061374
-3950.3424656156
-3951.05215079891
-3951.00861877116
-3950.99765057451
-3951.1670208754
-3951.03593883732
-3950.91241920215
-3950.18416276457
-3950.13734115605
-3951.07634637122
-3951.26855381359
-3951.22622222826
-3951.200788367
-3951.3098654686
-3950.77832649941
-3950.35515888608
-3950.38807540181
-3951.00241447823
-3951.23410447694
-3950.90372946776
-3951.05871116537
-3951.01595719965
-3951.07051799554
-3950.26675301694
-3949.97417090511
-3951.18660121317
-3951.09749185584
-3950.70982076429
-3951.27117194633
-3951.07873821164
-3950.81570980817
-3950.12398582033
-3950.01425735086
-3951.06711627515
-3950.86461304705
-3951.03759871151
-3951.2054222466
-3951.18715594966
-3950.85708300749
-3950.28996484756
-3950.05052794611
-3950.9353304506
-3950.97327329636
-3951.02345307525
-3951.19112543875
-3951.09850039256
-3950.74533522422
-3950.34165267393
-3950.04992517095
-3950.87943848369
-3951.17249037805
-3951.10491326135
-3951.22951143405
-3951.2213989687
-3951.02459654709
-3950.30012665587
-3950.06993353374
-3950.89243354471
-3951.06643584143
-3951.00321601166
-3950.83606578316
-3951.21174148684
-3951.00164323913
-3950.2286625055
-3950.08057833743
-3950.90186062422
-3951.1240187891
-3951.12347249971
-3951.1529736929
-3950.94974181416
-3950.97001004833
-3950.02392093081
-3950.12502960365
-3950.82761275866
-3951.05184333457
-3951.12756422941
-3950.97760030823
-3951.13895063843
-3950.92697978932
-3950.22699105742
-3950.09800788132
-3950.8725741931
-3951.14952072611
-3951.07707821002
-3951.14004337688
-3950.86985706886
-3950.85897260342
-3949.92331122504
-3950.24602698316
-3950.73828592017
-3951.15191083393
-3951.03785391706
-3951.10040734388
-3951.0346954438
-3950.87202576242
-3950.21364701898
-3950.23123306286
-3950.85880343581
-3951.045168548
-3950.97478906178
-3951.00276406422
-3950.98277562777
-3950.87061103286
-3950.17671787595
-3951.1910763279
-3950.74431345556
-3950.89549397465
-3951.0766615278
-3950.98988171455
-3950.99889866618
-3950.80766992281
-3950.16194782121
-3950.14165334792
-3950.8493977483
-3951.01715440991
-3950.95815714232
-3951.03841666433
-3950.84436116484
-3950.89510221532
-3950.09915828373
-3950.26707335069
-3950.73726956699
-3951.14866244518
-3950.79425502302
-3951.04476978748
-3951.19112543875
-3950.74562696572
-3950.07386352186
-3950.14477163928
-3950.81251875999
-3950.95760487591
-3951.06740237212
-3950.76063241709
-3951.06657259968
-3951.18875621776
-3950.0612927246
-3950.17232759367
-3951.19092600262
-3950.74676582791
-3950.86756437656
-3951.18660121317
-3951.00054394654
-3950.62842284304
-3950.40455923721
-3949.8779567855
-3950.80214562276
-3950.89813499166
-3951.07847323771
-3951.08140447217
-3951.24604825067
-3950.77386657303
-3950.28159847908
-3949.96268340326
-3950.98643350765
-3950.99457768169
-3950.94834563284
-3951.09084798162
-3951.03041287668
-3951.08240145869
-3950.32727190643
-3949.95205877462
-3950.89676213596
-3950.88567916476
-3951.09457184636
-3951.15440730152
-3951.2574530397
-3950.92559873512
-3950.14499269305
-3950.10379620405
-3950.93838084735
-3951.11086194655
-3951.09473119612
-3951.15575486766
-3950.92008054399
-3950.79624908154
-3951.1910763279
-3950.22353558737
-3950.96703019089
-3951.13127825059
-3951.21701312502
-3951.17402046639
-3951.26391591812
-3950.79990049997
-3949.91653986447
-3950.09536116701
-3950.90148002077
-3951.13395662006
-3951.14677275181
-3951.15286581213
-3950.95160607457
-3950.77763552066
-3950.05013415838
-3950.35534143589
-3951.14093407796
-3951.19393899358
-3951.02435965726
-3951.12319183258
-3950.97593163512
-3950.76305287581
-3950.10344011707
-3950.09442651639
-3950.84869376477
-3951.1594708234
-3951.01959032095
-3950.96314839347
-3950.86678985716
-3951.1910763279
-3949.95858890251
-3950.45807887202
-3951.00238672089
-3951.1612771155
-3951.15932130409
-3951.09232549752
-3951.06071589472
-3950.93385314388
-3949.98591465062
-3950.248317357
-3950.93779963481
-3951.00973004624
-3951.00174431841
-3951.00812760072
-3950.98926618301
-3950.85088293005
-3950.30557844296
-3950.3092826807
-3950.87322652068
-3951.16407093378
-3951.01884964898
-3951.00527372833
-3951.00134622908
-3950.83161547401
-3950.30611509539
-3950.16458257147
-3951.01128521715
-3951.00957653817
-3951.02887607125
-3950.95607328872
-3950.98355676792
-3950.85082653969
-3950.36189896351
-3950.27212871721
-3951.04330577215
-3951.04260779948
-3950.91084035452
-3951.01329282085
-3950.89560097154
-3950.85702646922
-3950.33240864511
-3950.03595819778
-3951.19098489463
-3950.89985133414
-3950.95034724129
-3951.04311818398
-3950.97828580352
-3950.98238758273
-3950.18114148975
-3950.34587545408
-3951.18040094675
-3950.91243749269
-3950.88798117777
-3951.13864399336
-3950.92445412051
-3950.8595738698
-3950.08321128473
-3949.92625206694
-3950.84627404044
-3950.88597748228
-3951.01449007331
-3950.8770293122
-3951.19098489462
-3950.75463266792
-3950.06051545335
-3950.37913578204
-3950.99475617602
-3950.90966601235
-3950.97365056272
-3950.9717547836
-3950.87673280926
-3950.68711305201
-3950.23407129416
-3950.09091713452
-3950.87854328421
-3951.103953163
-3951.14004278572
-3950.94721249192
-3951.29653842505
-3950.70370139455
-3950.14148243339
-3950.15181316362
-3950.96247907121
-3951.15847182926
-3950.97084007642
-3951.03948651125
-3951.03725392239
-3950.70526246802
-3950.10790852511
-3950.28760913413
-3950.96225486314
-3951.26348645415
-3951.23012602833
-3951.20059197534
-3951.30392216875
-3951.00929472179
-3950.14691388056
-3950.1410332049
-3950.95192429092
-3951.13578476149
-3950.92775317988
-3951.07113567637
-3951.10961741838
-3950.9474344287
-3950.10494954682
-3950.35504932769
-3950.68769784644
-3951.07470915554
-3951.19096251122
-3950.82873315056
-3951.18613936759
-3950.68147246136
-3949.78185624105
-3950.21625631186
-3950.92863330487
-3951.08197188785
-3951.23219563499
-3950.86042264406
-3951.2967112011
-3950.69176413224
-3950.15656837922
-3950.42642498721
-3950.96383653083
-3951.07714239303
-3950.9734335764
-3950.75134726431
-3951.00289449517
-3950.6822562938
-3950.10601469085
-3950.18153889317
-3950.92622802361
-3951.14139905991
-3951.19342757692
-3950.83788694279
-3951.25463286222
-3950.69326268545
-3949.98381921808
-3950.34203014226
-3950.8835344156
-3951.17594548441
-3951.21356307935
-3951.07658984664
-3951.11921631029
-3950.88138176907
-3950.06379850913
-3950.29632887708
-3951.01531356282
-3951.30678438395
-3951.15892985737
-3951.17989848464
-3951.07562484255
-3950.91869152946
-3950.10279855747
-3950.19932909466
-3951.1910763279
-3951.06196214077
-3950.74513723403
-3950.97065487181
-3950.88174440282
-3950.85113854765
-3950.1262901879
-3950.02558177357
-3950.62245063471
-3951.02624173243
-3951.00559050468
-3951.17031336771
-3951.18801770955
-3950.82955570588
-3950.01440200219
-3950.25215994331
-3950.99718324582
-3950.79368313794
-3950.99463762304
-3951.19112543875
-3950.9728702373
-3950.78891567948
-3950.17321256556
-3950.06362779012
-3950.71181956481
-3951.1301491166
-3950.98090325493
-3951.10394175205
-3951.23045302694
-3950.92740792627
-3950.2423980562
-3950.40800096166
-3950.72156231173
-3951.26178798615
-3950.74045480427
-3951.10035078802
-3951.04142841962
-3950.96298269301
-3950.17918986821
-3950.17389093689
-3950.73617544061
-3951.26168939101
-3950.95505152086
-3951.23760411834
-3951.02840365975
-3950.79099760392
-3951.18660121317
-3950.22933274241
-3950.73061227487
-3950.91729036746
-3950.80632205337
-3951.1910763279
-3951.10337852748
-3950.7460161796
-3950.14004389512
-3949.83969258739
-3950.6188137334
-3951.1910763279
-3950.85456761856
-3950.85847640637
-3951.12667308506
-3950.82173019166
-3950.16832700879
-3951.19112543875
-3949.42793833346
-3951.18660121317
-3949.53662601296
-3951.18660121317
-3951.18660121317
-3951.18660121317
-3951.1910763279
-3951.19112543875
-3951.1910763279
-3951.19112543875
-3951.1910763279
-3951.1910763279
-3951.18660121317
-3951.18660121317
-3951.18660121317
-3951.18660121317
-3951.18660121317
-3951.18660121317
-3951.18660121317
-3951.18660121317
-3951.18660121317
-3951.18660121317
-3950.15714070195
-3951.19098489463
-3951.18660121317
-3951.18660121317
-3951.18660121317
-3951.18660121317
-3951.18660121317
-3951.18690176775
-3951.1910763279
-3951.1910763279
-3951.18684531474
-3951.1910763279
-3951.1910763279
-3951.18660121317
-3951.18660121317
-3951.1910763279
-3951.18660121317
-3951.18660121317
-3951.18660121317
-3951.18660121317
-3951.18660121317
-3951.18660121317
-3951.18660121317
-3951.18660121317
-3951.18660121317
-3951.1910763279
-3951.1910763279
-3951.1910763279
-3949.69209175532
-3951.18660121317
-3951.18660121317
-3951.18660121317
-3951.18660121317
-3951.1910763279
-3951.1910763279
-3951.1910763279
-3951.1910763279
-3951.18660121317
-3951.18660121317
-3951.18660121317
-3951.18660121317
-3951.18660121317
-3951.1910763279
-3951.1910763279
-3951.18660121317
-3949.79042986049
-3951.18660121317
-3951.18660121317
-3951.18660121317
-3951.1910763279
-3951.1910763279
-3951.1910763279
-3951.18660121317
-3951.18660121317
-3951.1910763279
-3951.18660121317
-3951.18660121317
-3951.18660121317
-3949.59457251553
-3951.1910763279
-3951.18660121317
-3951.1910763279
-3951.18660121317
-3951.18660121317
-3951.18660121317
-3951.1910763279
-3951.1910763279
-3951.1910763279
-3951.19112543875
-3951.18679889758
-3951.1910763279
-3951.18660121317
-3950.24928192404
-3951.18660121317
-3951.19096251122
-3951.1910763279
-3951.1910763279
-3951.18660121317
-3951.18660121317
-3951.18660121317
-3951.18660121317
-3951.18660121317
-3951.1910763279
-3951.19112543875
-3951.1910763279
-3949.61292050974
-3951.1910763279
-3951.18660121317
-3951.18660121317
-3951.1910763279
-3951.18613936759
-3951.1910763279
-3951.18660121317
-3951.18660121317
-3951.18660121317
-3951.18660121317
-3951.18660121317
-3951.19112543875
-3951.19098489462
-3951.1910763279
-3951.1910763279
-3951.1910763279
-3951.18660121317
-3951.18660121317
-3951.18660121317
-3951.18660121317
-3951.19112543875
-3951.1910763279
-3951.19092600262
-3951.1910763279
-3951.1910763279
-3951.1910763279
-3951.18660121317
-3951.18660121317
-3949.52511221583
-3951.19112543875
-3951.19098489463
-3951.19092600262
-3951.19092600262
-3951.19092600262
-3951.1910763279
-3951.18660121317
-3951.18660121317
-3951.19092600262
-3951.18660121317
-3951.1910763279
-3951.1910763279
-3951.1910763279
-3951.18660121317
-3951.1910763279
-3951.1910763279
-3951.19112543875
-3951.1910763279
-3951.1910763279
-3951.1910763279
-3951.19092600262
-3951.19092600262
-3951.19112543875
-3951.18660121317
-3951.18660121317
-3949.49387283092
-3951.18660121317
-3951.1910763279
-3951.1910763279
-3951.18660121317
-3951.1910763279
-3951.18660121317
-3951.18660121317
-3951.1910763279
-3951.1910763279
-3949.56453509759
-3951.1910763279
-3951.18660121317
-3951.18660121317
-3951.18660121317
-3951.18660121317
-3951.1910763279
-3951.1910763279
-3951.1910763279
-3951.1910763279
-3951.1910763279
-3951.19096251121
-3951.18660121317
-3951.18660121317
-3951.1910763279
-3951.1910763279
-3951.19112543875
-3951.19112543875
-3951.1910763279
-3951.18613936759
-3951.18660121317
-3951.1910763279
-3951.19112543875
-3951.18660121317
-3951.19112543875
-3951.1910763279
-3951.1910763279
-3951.19096251122
-3951.18660121317
-3951.1910763279
-3951.19112543875
-3951.1910763279
-3951.18613936759
-3951.1910763279
-3951.18660121317
-3951.18995119627
-3951.1910763279
-3951.1910763279
-3951.18660121317
-3951.19112543875
-3951.1910763279
-3951.1910763279
-3951.18660121317
-3951.19112543875
-3951.18660121317
-3951.18660121317
-3951.18660121317
-3951.18660121317
-3951.19112543875
-3951.18660121317
-3951.18660121317
-3951.1910763279
-3951.18660121317
-3949.51141704803
-3951.19098489463
-3951.18660121317
-3951.18660121317
-3951.18660121317
-3951.1910763279
-3951.18660121317
-3951.19098489463
-3951.18660121317
-3951.18660121317
-3951.19098489463
-3951.1910763279
-3951.19092600262
-3951.18660121317
-3951.18660121317
-3951.1910763279
-3951.1910763279
-3951.18660121317
-3949.60315543885
-3951.1910763279
-3951.1910763279
-3951.18660121317
-3951.18660121317
-3951.19112543875
-3951.18660121317
-3951.19098489462
-3951.19092600262
-3951.19092600262
-3951.19092600262
-3951.18660121317
-3951.18660121317
-3951.1910763279
-3951.19098489462
-3951.1910763279
-3951.19098489463
-3951.19098489463
-3951.19092600262
-3951.18660121317
-3951.18497951602
-3951.18660121317
-3951.1910763279
-3951.1910763279
-3951.18660121317
-3951.18660121317
-3951.19092600262
-3951.18660121317
-3951.1910763279
-3951.1910763279
-3951.1910763279
-3951.19080575305
-3951.19098489463
-3949.5978115749
-3951.19092600262
-3951.18660121317
-3951.1910763279
-3951.18660121317
-3951.1910763279
-3951.1910763279
-3951.18660121317
-3951.18660121317
-3951.18660121317
-3950.24953325027
-3951.18660121317
-3951.18660121317
-3951.18660121317
-3951.18660121317
-3951.18660121317
-3951.18660121317
-3951.1910763279
-3951.18660121317
-3951.18660121317
-3949.51296050255
-3951.1910763279
-3951.1910763279
-3951.18660121317
-3951.18657379374
-3951.18660121317
-3951.18660121317
-3951.18660121317
-3951.18660121317
-3951.18660121317
-3951.18660121317
-3951.18660121317
-3951.18613936759
-3951.18660121317
-3951.1910763279
-3951.1910763279
-3951.1910763279
-3951.1910763279
-3951.18660121317
-3951.18660121317
-3951.18613936759
-3951.18660121317
-3951.18660121317
-3951.18660121317
-3951.18685735861
-3951.1910763279
-3951.18613936759
-3951.18660121317
-3951.18660121317
-3951.18660121317
-3951.19112543875
-3950.29926353616
-3951.1910763279
-3951.18660121317
-3951.18660121317
-3951.18613936759
-3951.19112543875
-3951.18660121317
-3951.18660121317
-3951.1910763279
-3951.1910763279
-3951.18660121317
-3951.18660121317
-3949.53906311753
-3951.18660121317
-3951.18613936759
-3951.19092600262
-3951.18660121317
-3951.18506043288
-3949.63991951876
-3951.18660121317
-3951.18613936759
-3951.18660121317
-3951.18660121317
-3950.20842460362
-3951.19112543875
-3951.18497951602
-3949.49709891343
-3951.19092600262
-3951.18660121317
-3951.19092600262
-3951.19092600262
-3951.18660121317
-3951.1910763279
-3951.1910763279
-3951.18660121317
-3951.19098489463
-3951.18660121317
-3951.18660121317
-3951.18497951603
-3951.18530905385
-3951.1910763279
-3951.19112543875
-3951.19112543875
-3951.19092600262
-3951.19098489463
-3951.19098489463
-3951.19092600262
-3951.18660121317
-3951.18613936759
-3951.1910763279
-3951.1910763279
-3951.19092600262
-3951.19092600262
-3951.18660121317
-3951.18660121317
-3951.18660121317
-3951.18613936759
-3951.1910763279
-3951.1910763279
-3951.1910763279
-3951.18660121317
-3951.18660121317
-3951.18660121317
-3951.18660121317
-3951.1910763279
-3951.18613936759
-3951.18660121317
-3951.18660121317
-3951.18660121317
-3951.1910763279
-3951.18660121317
-3951.18660121317
-3951.1910763279
-3951.1910763279
-3951.1910763279
-3951.1910763279
-3951.18660121317
-3951.18660121317
-3951.18660121317
-3951.18660121317
-3951.18660121317
-3951.18660121317
-3951.18660121317
-3951.18660121317
-3951.18660121317
-3951.18660121317
-3951.18660121317
-3951.18660121317
-3951.1910763279
-3951.1910763279
-3951.1910763279
-3951.1910763279
-3951.1910763279
-3951.18660121317
-3951.1910763279
-3951.19112543875
-3951.1910763279
-3951.1910763279
-3951.1910763279
-3951.1910763279
-3951.1910763279
-3951.15245252209
-3951.18660121317
-3951.18660121317
-3951.19096251122
-3951.1910763279
-3951.1910763279
-3951.1910763279
-3951.18660121317
-3951.18660121317
-3951.1910763279
-3951.18497951602
-3951.18660121317
-3951.1910763279
-3951.1910763279
-3951.18660121317
-3951.18660121317
-3951.18660121317
-3951.18660121317
-3951.18660121317
-3951.18660121317
-3951.1910763279
-3951.1910763279
-3951.1910763279
-3951.18613936759
-3951.18660121317
-3951.18488939515
-3951.18660121317
-3951.1910763279
-3951.1910763279
-3951.1910763279
-3949.69487762318
-3951.18660121317
-3951.18660121317
-3951.18660121317
-3951.18497951602
-3951.1910763279
-3951.1910763279
-3951.1910763279
-3951.1910763279
-3951.1910763279
-3951.18660121317
-3951.18660121317
-3951.18660121317
-3951.1910763279
-3951.1910763279
-3951.1910763279
-3951.1910763279
-3951.1910763279
-3951.18660121317
-3951.18660121317
-3951.1910763279
-3951.18660121317
-3951.1910763279
-3951.1910763279
-3951.1910763279
-3951.18660121317
-3951.18660121317
-3951.18660121317
-3951.1910763279
-3951.1910763279
-3951.1910763279
-3951.19080575305
-3951.1910763279
-3951.18660121317
-3951.18660121317
-3951.18660121317
-3951.1910763279
-3951.19112543875
-3951.1910763279
-3951.1910763279
-3951.1910763279
-3951.18660121317
-3951.18660121317
-3951.18660121317
-3951.18660121317
-3951.1910763279
-3951.18613936759
-3951.1910763279
-3951.18660121317
-3951.1910763279
-3951.1910763279
-3951.18660121317
-3951.18660121317
