# type 2 occupying energies
-4082.7484452114
-4084.24168798533
-4083.23851939319
-4083.42078780691
-4084.44365375872
-4083.51143726339
-4083.94517923952
-4084.24168798533
-4083.22734875019
-4083.93028889964
-4083.54562059061
-4084.42522752137
-4083.71194188661
-4084.0672506029
-4083.26501056336
-4083.17896181032
-4083.37959369196
-4083.64984749319
-4083.73618956749
-4083.01095047885
-4084.32455454602
-4083.40980476326
-4083.74476437736
-4083.19136663238
-4083.13532654857
-4083.52296165767
-4084.24147219349
-4084.42522594476
-4083.59687336193
-4083.57106429942
-4084.19153527032
-4083.15964819396
-4083.15383712943
-4083.09336526897
-4084.19153527032
-4082.97501218578
-4084.24168798533
-4084.24088069653
-4083.29321712589
-4083.02874597172
-4083.27413437226
-4083.30082705927
-4084.24139552719
-4084.19168947495
-4084.44365299
-4083.51370183905
-4083.42099967255
-4084.42522752137
-4082.73732804114
-4084.19153527032
-4084.24094259477
-4083.43122844525
-4083.44777140394
-4084.19153527032
-4083.56966716858
-4083.05101428827
-4084.19223531463
-4083.43020153743
-4083.47648961002
-4083.76881926996
-4083.91278256914
-4083.67275967529
-4083.330193054
-4083.05299742561
-4082.86310438301
-4083.73636775344
-4083.16311331545
-4083.49862626344
-4084.39382920373
-4083.28524209233
-4084.19153527032
-4082.80764081881
-4083.01979399217
-4083.32092892699
-4083.52239792909
-4083.21177114427
-4084.39384842912
-4084.44350255598
-4083.34156568729
-4082.64727942901
-4083.02167845129
-4083.3386322302
-4084.19153527032
-4084.19153527032
-4083.59335797787
-4083.63449208012
-4084.39472045764
-4083.0916189616
-4083.30506999277
-4084.19168947495
-4084.19153527032
-4084.19153527032
-4083.41642715637
-4083.21820367413
-4083.6645287013
-4083.21375978193
-4083.14405538529
-4083.26531651906
-4084.24095495484
-4084.2414721935
-4083.09168028405
-4083.41117427046
-4084.44365345993
-4083.59682705947
-4083.09670294227
-4083.54637359611
-4084.34152052343
-4083.29949755529
-4083.54610854858
-4083.56829036645
-4084.18806162467
-4083.46883325336
-4082.93917161274
-4084.44365375872
-4083.25123444943
-4083.4240933847
-4084.44362408321
-4084.24139552719
-4083.57426187937
-4083.01040137698
-4083.32294285764
-4083.95143770055
-4083.76673987933
-4083.45062909926
-4084.42513011328
-4084.42522752137
-4083.44881116948
-4084.42522752137
-4083.069437173
-4084.19076879405
-4083.23046321855
-4084.19153527032
-4084.19153527032
-4084.19224967214
-4083.36693837712
-4084.19058426885
-4082.85426174403
-4084.19068695308
-4083.12140062936
-4083.93904115386
-4083.15969747795
-4084.2414721935
-4083.23558907718
-4083.3452926526
-4082.96094158569
-4084.44362408321
-4083.00314011788
-4084.44362408321
-4082.95263463062
-4084.39385147448
-4083.62146284652
-4083.19041960374
-4082.90507653335
-4083.52796392095
-4083.06813169925
-4083.09146153753
-4083.2143569649
-4082.97919047935
-4083.23305046919
-4083.11321274955
-4083.20099005539
-4084.18728929156
-4083.25366581663
-4083.81838537335
-4083.30769925475
-4083.58250226038
-4083.57822946184
-4082.90681450086
-4083.27709003957
-4083.84955127834
-4083.58643744021
-4083.12781035135
-4084.44365375872
-4083.04830632321
-4084.1915352703
-4082.81681155206
-4083.26552676821
-4083.38780247501
-4084.44365375871
-4084.3696876888
-4083.49146906344
-4083.21216754455
-4084.19153527032
-4082.88669919213
-4083.27070731898
-4083.38085189631
-4083.32427184531
-4083.59075214123
-4084.37552800785
-4083.61582770642
-4084.24095495484
-4082.947878087
-4082.97424441378
-4084.19168947495
-4084.38027352367
-4083.35944247406
-4083.34305494131
-4083.26317788507
-4084.38251714778
-4082.83629496983
-4082.89154081846
-4084.24104421397
-4084.19153527032
-4084.24168798533
-4083.72658490886
-4083.73987549857
-4083.84954658999
-4082.88909717489
-4082.82388333397
-4084.19153527032
-4082.95625278968
-4084.19224967216
-4084.44365375872
-4082.77248665007
-4084.36110436598
-4084.32455454602
-4082.62481996016
-4083.30549841622
-4084.19168947495
-4084.44365375872
-4083.2048577933
-4084.2414721935
-4084.19153527032
-4082.92243306478
-4082.73867125782
-4084.19224967216
-4084.42522594476
-4084.44365375871
-4084.41614172761
-4083.61415360977
-4084.19224967216
-4083.0804629045
-4082.79926924271
-4083.71793283467
-4083.05839092363
-4084.22781259514
-4083.11670112074
-4083.39493170184
-4084.19224967216
-4082.75448233005
-4083.12674851638
-4083.44845835735
-4084.19153527032
-4084.37970326173
-4083.36803907282
-4084.19063915881
-4083.42361533352
-4083.52603936107
-4083.08435534423
-4084.24146494153
-4083.26149697579
-4083.82665196494
-4083.60561684568
-4084.39464886128
-4083.56536288896
-4082.96912528857
-4083.12449888359
-4084.19153527032
-4083.3262461024
-4083.61366607333
-4083.41892585628
-4084.19153527032
-4084.24088069653
-4084.19224967215
-4083.22705860567
-4083.21330691182
-4083.19802466626
-4083.41562705394
-4083.35317741714
-4084.19229800331
-4083.54029945327
-4082.93562281675
-4083.16841337046
-4083.37424183396
-4083.6482566728
-4083.05889711432
-4084.24094259477
-4083.04799210539
-4083.45787152398
-4082.98263312748
-4084.32455454602
-4083.33011794632
-4083.64805842862
-4083.32401342937
-4084.24088069653
-4083.23930540675
-4084.24088069653
-4083.14243535704
-4083.42098480939
-4084.19168947495
-4084.44362408321
-4083.32889251921
-4084.36110436602
-4083.42340030698
-4084.19153527032
-4082.9381705819
-4083.52084498548
-4083.62273348211
-4084.18526462376
-4083.34140382304
-4083.93271000789
-4084.24168798533
-4084.19076413186
-4083.13386684872
-4083.51259750636
-4083.66474994847
-4084.18734594548
-4083.69251563019
-4083.45498374835
-4084.24168798533
-4084.24095495484
-4083.03435546267
-4084.40746576913
-4083.71195192159
-4084.19240997928
-4083.73733692215
-4083.83623958778
-4084.33381841962
-4083.30363489747
-4083.045652257
-4083.23661222794
-4083.74083604589
-4083.83261458367
-4083.69380338892
-4083.41934724554
-4084.44365375869
-4084.32611726961
-4083.31349943653
-4083.16694642735
-4084.19233482183
-4083.6157985302
-4084.24168798533
-4083.14153242726
-4083.66054417266
-4083.28964915342
-4084.19153527032
-4082.96471624635
-4084.19168947495
-4084.38251714778
-4083.39346729125
-4083.20991004763
-4084.19229800331
-4083.27181190828
-4083.39073540042
-4083.24060732888
-4084.02650369061
-4083.24272529286
-4084.19153527032
-4083.3712219706
-4083.53777920521
-4083.57157594458
-4083.19106819225
-4082.89106189866
-4084.19153527032
-4083.49123231432
-4083.84235217149
-4084.19153527032
-4084.19153527032
-4083.25267354138
-4082.86607731644
-4083.21620085527
-4083.7293630828
-4083.43082133623
-4084.19168306199
-4083.27280654869
-4082.88594613201
-4083.43581557761
-4082.69538670192
-4083.02818413858
-4083.58148136081
-4083.46176865097
-4084.19153527032
-4083.38682411518
-4083.15274967408
-4084.31254359178
-4082.77278229574
-4084.19151519054
-4084.19168947495
-4083.15385988163
-4083.46308073369
-4084.24088069653
-4083.00302304824
-4084.19224967216
-4082.73036005103
-4082.9716233485
-4083.30625416674
-4084.42225210475
-4084.2414721935
-4083.43872475939
-4083.75981557585
-4084.19153527032
-4082.89681166456
-4082.91471321191
-4084.35012903261
-4083.34823035282
-4083.37808612045
-4084.32610053531
-4083.5617085268
-4083.63283733026
-4083.10763097958
-4084.42522752137
-4083.27452487857
-4084.19076879405
-4084.24104421397
-4083.57785608216
-4083.39192177787
-4083.60065362974
-4082.90234435158
-4083.02346815569
-4083.41388471176
-4084.44362408321
-4083.20247651081
-4083.23314648558
-4084.19153527032
-4084.19224967216
-4083.00709982314
-4083.45899567877
-4084.1923451093
-4084.24104421397
-4084.19151519054
-4083.12896046243
-4084.24088069653
-4084.32455454602
-4083.01184477739
-4083.37588014394
-4084.19153527032
-4083.3511857754
-4083.14322619029
-4083.09561252864
-4083.37316676352
-4084.19229800331
-4083.25595950986
-4083.35718946487
-4084.24104421397
-4083.44485618621
-4084.3368166
-4084.19153527032
-4083.19406897881
-4084.19153527032
-4083.04555992314
-4082.97023031734
-4084.24104421397
-4082.94131380502
-4083.12430767991
-4084.24095495484
-4084.19153527032
-4084.19153527032
-4084.24104421397
-4082.97511309716
-4084.39464886128
-4083.19438997497
-4083.47958383437
-4083.34633446932
-4083.7418629504
-4083.55150404001
-4084.19153527032
-4083.07963592958
-4084.44365375872
-4083.39447112998
-4083.61688672662
-4083.83881946689
-4083.49537087612
-4083.49241592555
-4082.8755430137
-4083.44858042013
-4083.68724241335
-4083.25383094568
-4083.58093486778
-4084.19153527032
-4083.45751709105
-4083.7250024054
-4082.65824427811
-4083.04051106145
-4083.14549334581
-4084.34152052343
-4084.44362408321
-4083.71121196385
-4083.28848184295
-4084.44365375872
-4082.82669470055
-4083.6484477337
-4083.7492877385
-4083.82418407942
-4083.4121559747
-4084.42224769586
-4083.03495058681
-4084.19168947495
-4083.00151089194
-4084.24095495484
-4083.29780659875
-4083.7767073756
-4084.41402423496
-4083.44452609006
-4084.22552611328
-4083.68559517352
-4083.05264127161
-4083.31747158015
-4083.42426612284
-4083.46003911726
-4083.01866424028
-4084.19076413186
-4083.07493235676
-4084.24168798533
-4082.9328218562
-4082.96377491497
-4084.19153527032
-4084.41402423496
-4083.22856763808
-4084.24088069653
-4083.34777764205
-4084.19229800331
-4083.23706664318
-4084.1923451093
-4082.67028235748
-4084.34152052343
-4082.71970330213
-4084.44362408321
-4082.66052678092
-4084.19224967216
-4084.19168947495
-4084.19153527032
-4084.38027352367
-4084.44365375872
-4082.50265380621
-4084.34152052343
-4084.44362408321
-4084.19153527032
-4084.19224967216
-4084.1923451093
-4084.44362408321
-4084.38942080126
-4082.56993284238
-4084.42522752137
-4084.19168947495
-4084.19058426885
-4083.38774417803
-4084.19153527032
-4084.42522752137
-4084.32610053531
-4084.19168947495
-4084.24104421397
-4084.19168947495
-4084.19153527032
-4084.19224967216
-4084.24168798533
-4084.19153527031
-4084.39472045764
-4084.39381797713
-4084.39472045764
-4084.44362408321
-4084.38027352367
-4084.41118547548
-4084.19153527032
-4082.74479791896
-4084.32611726961
-4084.24104421397
-4084.38027352361
-4082.90218014456
-4082.86974807601
-4083.25747153865
-4083.04587953932
-4084.19168947495
-4084.19224967216
-4083.10958512496
-4083.01167252153
-4084.24088069653
-4084.24088069653
-4084.38027352368
-4084.19153527032
-4084.19153527032
-4084.4435665316
-4083.03788487667
-4084.32610053531
-4082.93349346631
-4084.24088069653
-4084.24094259477
-4084.19153527032
-4082.57424397848
-4084.23568500848
-4083.01417411687
-4083.21521531367
-4084.43835172092
-4082.76911948495
-4084.24095495484
-4084.19153527032
-4084.19153527032
-4084.24088069653
-4083.04254611402
-4084.42417068258
-4084.44365375872
-4084.24168798533
-4084.42680978493
-4084.19224967216
-4084.22552611328
-4084.44365375872
-4084.43379460305
-4084.19224967215
-4084.44161518091
-4082.66888016045
-4084.24095495484
-4084.32455454602
-4082.90429601949
-4084.24124538218
-4084.21266874059
-4082.83187663919
-4084.39464886128
-4082.77114408453
-4083.15529982178
-4084.19153527032
-4084.18949237516
-4082.80878005516
-4084.19223531463
-4082.78244840187
-4084.24094259477
-4084.22552611328
-4084.24168798533
-4083.6065534063
-4084.32455454602
-4084.38027352368
-4084.2414721935
-4082.63780050576
-4084.24095495484
-4084.32455454602
-4084.19153527032
-4084.19224967216
-4082.98552182926
-4084.19224967216
-4084.37972761471
-4084.38027352368
-4082.78014465468
-4084.44365375872
-4084.19218929513
-4084.38027352368
-4083.0071906523
-4082.90239194715
-4084.38027352366
-4084.39382666389
-4082.8703562594
-4083.06631372162
-4084.24094259477
-4083.06641836661
-4082.57869204083
-4084.38027352368
-4084.39464886128
-4084.39464886128
-4082.87016821651
-4084.19076879404
-4084.24094259477
-4084.19153527032
-4082.55350909604
-4084.39464886128
-4084.39464886128
-4084.39472045764
-4084.19224967216
-4084.44362408321
-4084.24095495484
-4084.24088069653
-4082.66369060276
-4084.38942080126
-4084.24104421397
-4084.38027352367
-4084.19151519054
-4082.68558962607
-4084.1923451093
-4084.19168947495
-4084.1923451093
-4084.24095495484
-4082.87735546753
-4082.82207737767
-4084.19153527032
-4082.76980819772
-4084.19153527032
-4084.24095495484
-4084.19168947495
-4084.20920976314
-4082.69393964276
-4084.41402423496
-4082.67186720508
-4084.34152052343
-4084.19168947495
-4083.17465598167
-4084.24146494153
-4084.42522752137
-4084.19229800331
-4084.24095495484
-4084.19153527032
-4084.24094259477
-4083.65230911612
-4084.1922890309
-4082.69506919875
-4082.96266979246
-4084.35241967806
-4083.40088191472
-4083.1320694068
-4084.24168798533
-4084.24146494153
-4084.24095495484
-4082.65421922806
-4084.42522752137
-4084.32610053531
-4084.43376436374
-4084.24168798533
-4084.32455454602
-4084.42522752137
-4084.18728929156
-4082.65654460392
-4084.24168798533
-4083.12874785727
-4083.59672617785
-4084.32430681519
-4084.24146494153
-4084.32455454602
-4084.19153527032
-4084.44362408321
-4084.24104421397
-4084.224299026
-4083.02728115299
-4084.19153527032
-4082.77863719791
-4083.28695511513
-4084.39464886128
-4084.39464886128
-4084.24104421397
-4083.23758699334
-4084.43136970205
-4082.98859388627
-4082.78854912585
-4084.24094259477
-4082.96543351193
-4084.19223531463
-4084.24168798533
-4082.96386638623
-4083.46912539086
-4083.15257865545
-4084.32610053531
-4084.42522594476
-4084.224299026
-4084.32455454602
-4083.09212489673
-4083.59012669639
-4084.43679275457
-4083.16866160556
-4084.32430681519
-4084.43835172092
-4084.19153527032
-4084.1905164724
-4084.42522594476
-4083.15135670116
-4084.19153527032
-4084.32455454602
-4084.19224967216
-4084.42522752137
-4084.39464886128
-4084.43587110237
-4083.18111121819
-4084.41884159283
-4083.54724706201
-4083.07205990426
-4083.09112279492
-4084.44362408321
-4084.19168947495
-4084.19224967216
-4084.39464886128
-4082.8561077094
-4083.47896960563
-4084.19233482183
-4084.44362408321
-4084.32455454602
-4084.19168947495
-4082.93652110585
-4084.1923451093
-4082.89506750547
-4084.2414721935
-4084.24104421397
-4084.32455454603
-4083.14637675632
-4084.19168947495
-4083.13555993733
-4083.30135823614
-4083.19567831884
-4084.19153527032
-4084.19224967216
-4084.19233482183
-4084.19168947495
-4084.19224967216
-4083.00652795006
-4084.1923451093
-4084.19168947495
-4084.24104421397
-4082.62999026765
-4082.77857621811
-4083.25551162951
-4084.44362408321
-4084.42522752137
-4083.25092222366
-4082.78618428219
-4084.43829228556
-4084.24094259477
-4084.32455454602
-4082.95663833507
-4084.38027352367
-4084.1923451093
-4083.0925187578
-4084.32455454602
-4084.19153527032
-4084.44365375872
-4084.24094259477
-4084.39464886128
-4083.47272255338
-4082.97395152728
-4084.42220704058
-4082.79454245746
-4084.1923451093
-4083.15541934455
-4083.22775021844
-4084.42522752137
-4084.44250505959
-4084.42522594473
-4082.71695563926
-4084.19168947495
-4082.85433745274
-4084.24168798533
-4082.78153519283
-4084.18734665183
-4084.23536015283
-4084.44362408321
-4084.24095495484
-4084.43829228555
-4084.19153527032
-4084.24168798533
-4083.29885821599
-4083.51009734032
-4084.19224967216
-4084.33867980588
-4084.19153527032
-4084.24168798533
-4084.224299026
-4084.24124538217
-4084.19168947495
-4084.24168798533
-4083.08905724497
-4083.21917513736
-4082.65399392841
-4084.42222126656
-4084.19168947494
-4084.44362408321
-4082.72431637816
-4084.24146494147
-4084.1923451093
-4082.97510531438
-4084.43136970205
-4084.24104421397
-4082.95813136618
-4082.99185348233
-4083.06204292537
-4084.22552611328
-4083.41757796753
-4084.2414721935
-4082.75605338066
-4082.76398399976
-4084.32430681519
-4084.32610053531
-4084.19153527032
-4083.41379706732
-4084.32430681519
-4082.75563750583
-4083.17751450795
-4082.74499867457
-4084.24597296933
-4084.2414721935
-4084.19153527032
-4084.19153527032
-4084.19229800331
-4084.24104421397
-4084.42522752137
-4083.04556147055
-4084.1923451093
-4082.78920210796
-4082.88887725046
-4084.22552611328
-4084.24094259477
-4082.97753288687
-4084.42522594476
-4084.19153527032
-4084.19153527032
-4082.72547995717
-4084.19224967216
-4083.11617101209
-4084.19224967216
-4084.19168947495
-4082.97893082726
-4084.19224967216
-4084.19153527032
-4084.19153527032
-4084.19168947495
-4084.1915093022
-4084.24104421397
-4082.69759968303
-4084.24124538218
-4083.17559564023
-4084.1923451093
-4084.19076413186
-4084.24095495484
-4084.34057118275
-4084.42522752137
-4082.74242918324
-4084.39464886128
-4082.98460447052
-4083.00345670832
-4083.0461130643
-4084.19224967216
-4084.24168798533
-4084.19153527032
-4084.1923451093
-4084.38027352368
-4084.24088069653
-4082.98703862633
-4082.92372413274
-4084.24104421397
-4083.06893510147
-4084.24104421397
-4084.44362408321
-4084.44365375872
-4082.59443926275
-4083.25371659699
-4082.93907606914
-4082.9015715238
-4084.44362408321
-4083.45082720184
-4082.83585187459
-4084.44362408321
-4082.90133857672
-4084.42522594476
-4084.24094259477
-4084.24168798533
-4084.24094259477
-4084.19168947495
-4082.88704956136
-4084.44362408321
-4084.43727100666
-4084.24088069653
-4084.24088069653
-4084.24088069653
-4082.96997033424
-4084.2414721935
-4084.19153527032
-4083.11330278259
-4083.24566585819
-4084.43829228556
-4083.02398063932
-4082.88953101859
-4084.32455454602
-4083.25479473482
-4084.24095495484
-4084.44362408321
-4083.35004322704
-4083.09011230148
-4084.19224967216
-4084.24095495484
-4084.19068695308
-4084.42522594476
-4084.42407324415
-4083.19988276949
-4084.19168947495
-4084.42522752137
-4084.24095495484
-4082.8728445487
-4084.19223531463
-4084.19223531463
-4082.76055976037
-4083.0436998865
-4082.97470283881
-4084.1923451093
-4084.19224967216
-4082.90959023837
-4083.35130451016
-4084.42522594476
-4084.19168947495
-4082.77726819692
-4084.32610053531
-4084.32610053531
-4082.56356697277
-4084.19168947495
-4082.99225808038
-4084.18966061868
-4082.73361955656
-4084.24146494153
-4082.80845979545
-4084.19153527031
-4084.38027352367
-4084.44365375871
-4084.19224967216
-4084.19223531463
-4082.46621830402
-4084.1923451093
-4084.44362408321
-4084.36110436602
-4084.1923451093
-4084.2254715791
-4083.05543074637
-4084.39464886128
-4082.79754237823
-4084.32455454602
-4084.19168947495
-4083.02021942547
-4082.74817408758
-4084.24095495484
-4084.19168947495
-4084.1915093022
-4084.42220704058
-4084.19168947495
-4084.19224967216
-4083.15906980288
-4084.19153527032
-4084.43831261285
-4084.19076413186
-4084.1906836012
-4084.42522594475
-4084.32430681519
-4084.44365375871
-4082.85218419417
-4082.71558564051
-4084.24095495484
-4084.19224967216
