# type 1 occupying energies
-3951.33053640828
-3951.33053640828
-3951.33053640828
-3951.33053640828
-3951.33304476312
-3951.33053640828
-3951.33053640828
-3951.33053640828
-3951.33053640828
-3951.33053640828
-3951.33053640828
-3951.33053640828
-3951.33053640828
-3951.33053640828
-3951.33053640828
-3951.33053640828
-3951.33053640828
-3951.33053640828
-3951.33053640828
-3951.33053640828
-3951.33053640828
-3951.33053640828
-3951.33053640828
-3951.33053640828
-3951.33053640828
-3951.33053640828
-3951.33053640828
-3951.43963002548
-3951.33053640828
-3951.33053640828
-3951.33053640828
-3951.33053640828
-3951.33053640828
-3951.33053640828
-3951.33053640828
-3951.33053640828
-3951.33053640828
-3951.33053640828
-3951.33053640828
-3951.33053640828
-3951.33053640828
-3951.33053640828
-3951.33053640828
-3951.33053640828
-3951.33053640828
-3951.33053640828
-3951.33053640828
-3951.33053640828
-3951.33053640828
-3951.33053640828
-3951.33053640828
-3951.33053640828
-3951.33053640828
-3951.24454335728
-3951.33053640828
-3951.33053640828
-3951.33053640828
-3951.33053640828
-3951.33053640828
-3951.33053640828
-3951.33053640828
-3951.33053640828
-3951.33053640828
-3951.33053640828
-3951.33053640828
-3951.33053640828
-3951.33053640828
-3951.33053640828
-3951.33053640828
-3951.33053640828
-3951.33053640828
-3951.33053640828
-3951.33053640828
-3951.33053640828
-3951.33053640828
-3951.33053640828
-3951.33053640828
-3951.33053640828
-3951.33053640828
-3951.33053640828
-3951.33053640828
-3951.33053640828
-3951.28185860304
-3951.33053640828
-3951.33053640828
-3951.33053640828
-3951.33053640828
-3951.33053640828
-3951.33053640828
-3951.33053640828
-3951.33053640828
-3951.33053640828
-3951.33053640828
-3951.33053640828
-3951.33053640828
-3951.33053640828
-3951.33053640828
-3951.33053640828
-3951.33053640828
-3951.33053640828
-3951.33053640828
-3951.33053640828
-3951.33053640828
-3951.33053640828
-3951.33053640828
-3951.33053640828
-3951.33053640828
-3951.33053640828
-3951.33053640828
-3951.33053640828
-3951.33053640828
-3951.33053640828
-3951.33053640828
-3951.61424579215
-3951.33053640828
-3951.33053640828
-3951.33053640828
-3951.33053640828
-3951.33053640828
-3951.33053640828
-3951.33053640828
-3951.33053640828
-3951.33053640828
-3951.33053640828
-3951.33053640828
-3951.33053640828
-3951.33053640828
-3951.33053640828
-3951.33053640828
-3951.33053640828
-3951.33053640828
-3951.33053640828
-3951.5037889458
-3951.33053640828
-3951.33053640828
-3951.33053640828
-3951.33053640828
-3951.33053640828
-3951.33053640828
-3951.33053640828
-3951.33053640828
-3951.33053640828
-3951.33053640828
-3951.33053640828
-3951.33053640828
-3951.33053640828
-3951.33053640828
-3951.33053640828
-3951.33053640828
-3951.33053640828
-3951.33053640828
-3951.33053640828
-3951.33053640828
-3951.33053640828
-3951.33053640828
-3951.33053640828
-3951.33053640828
-3951.33053640828
-3951.33053640828
-3951.33053640828
-3951.33053640828
-3951.33053640828
-3951.33053640828
-3951.33053640828
-3951.33053640828
-3951.33053640828
-3951.33053640828
-3951.33053640828
-3951.33053640828
-3951.33053640828
-3951.33053640828
-3951.33053640828
-3951.33053640828
-3951.33053640828
-3951.33053640828
-3951.33053640828
-3951.33053640828
-3951.33053640828
-3951.33053640828
-3951.33053640828
-3951.33053640828
-3951.33053640828
-3951.33053640828
-3951.33053640828
-3951.33053640828
-3951.33053640828
-3951.33053640828
-3951.33053640828
-3951.33053640828
-3951.33053640828
-3951.33053640828
-3951.33053640828
-3952.41010008399
-3951.33053640828
-3951.33053640828
-3951.33053640828
-3951.33053640828
-3951.33053640828
-3951.33053640828
-3951.33053640828
-3951.33053640828
-3951.33053640828
-3951.33053640828
-3951.33053640828
-3951.33053640828
-3951.33053640828
-3951.33053640828
-3951.33053640828
-3951.33053640828
-3951.33053640828
-3951.33053640828
-3951.33053640828
-3951.33053640828
-3951.68848694137
-3951.33053640828
-3951.33053640828
-3951.33053640828
-3951.33053640828
-3951.33053640828
-3951.33053640828
-3951.33053640828
-3951.33053640828
-3951.84672448256
-3951.33053640828
-3951.33053640828
-3951.74029641132
-3951.33053640828
-3951.33053640828
-3951.55108772536
-3951.33053640828
-3951.33053640828
-3951.33053640828
-3951.33053640828
-3951.33053640828
-3951.33053640828
-3951.33053640828
-3951.33053640828
-3951.33053640828
-3951.33053640828
-3951.33053640828
-3951.33053640828
-3951.33053640828
-3951.33053640828
-3951.33053640828
-3951.33053640828
-3951.33053640828
-3951.33053640828
-3951.33053640828
-3951.33053640828
-3951.33053640828
-3951.33053640828
-3951.33053640828
-3951.33053640828
-3951.33053640828
-3951.33053640828
-3951.33053640828
-3951.33053640828
-3951.33053640828
-3951.33053640828
-3951.33053640828
-3951.33053640828
-3951.33053640828
-3951.33053640828
-3952.43464294337
-3951.33053640828
-3951.33053640828
-3951.33053640828
-3951.33053640828
-3951.33053640828
-3951.33053640828
-3951.33053640828
-3951.33053640828
-3951.33053640828
-3951.33053640828
-3951.33053640828
-3951.33053640828
-3951.33053640828
-3951.33053640828
-3951.33053640828
-3951.33053640828
-3951.33053640828
-3951.33053640828
-3951.33053640828
-3951.33053640828
-3951.33053640828
-3951.33053640828
-3951.33053640828
-3951.33053640828
-3951.33053640828
-3951.33053640828
-3951.33053640828
-3951.33053640828
-3951.33053640828
-3951.33053640828
-3951.71009855005
-3951.33053640828
-3951.33053640828
-3951.33053640828
-3951.33053640828
-3951.33053640828
-3951.33053640828
-3951.33053640828
-3951.33053640828
-3951.33053640828
-3951.33053640828
-3951.33053640828
-3951.33053640828
-3951.33053640828
-3951.33053640828
-3951.33053640828
-3951.33053640828
-3951.33053640828
-3951.33053640828
-3951.33053640828
-3951.33053640828
-3951.33053640828
-3951.33053640828
-3951.33053640828
-3951.33053640828
-3951.33053640828
-3951.33053640828
-3951.33053640828
-3951.33053640828
-3951.33053640828
-3951.33053640828
-3951.33053640828
-3951.33053640828
-3951.33053640828
-3951.33053640828
-3951.33053640828
-3951.33053640828
-3951.33053640828
-3951.33053640828
-3951.33053640828
-3951.33053640828
-3951.33053640828
-3951.33053640828
-3951.64557941329
-3951.33053640828
-3951.33053640828
-3951.33053640828
-3951.33053640828
-3951.33053640828
-3951.33053640828
-3951.33053640828
-3951.33053640828
-3951.33053640828
-3951.33053640828
-3951.33053640828
-3951.33053640828
-3951.33053640828
-3951.33053640828
-3951.33053640828
-3951.33053640828
-3951.33053640828
-3951.33053640828
-3951.33053640828
-3951.52676951505
-3951.33053640828
-3951.33053640828
-3951.33053640828
-3951.33053640828
-3951.33053640828
-3951.33053640828
-3951.33053640828
-3951.33053640828
-3951.33053640828
-3951.33053640828
-3951.33053640828
-3951.33053640828
-3951.33053640828
-3951.33053640828
-3951.33053640828
-3951.33053640828
-3951.33053640828
-3951.33053640828
-3951.33053640828
-3951.33053640828
-3951.33053640828
-3951.33053640828
-3951.33053640828
-3951.33053640828
-3951.33053640828
-3951.33053640828
-3951.33053640828
-3951.33053640828
-3951.33053640828
-3951.33053640828
-3951.33053640828
-3951.33053640828
-3951.33053640828
-3951.33053640828
-3951.33053640828
-3951.33053640828
-3951.33053640828
-3951.33053640828
-3951.33053640828
-3951.33053640828
-3951.33053640828
-3951.33053640828
-3951.33053640828
-3951.33053640828
-3951.33053640828
-3951.5069906665
-3951.33053640828
-3951.49406235575
-3951.33053640828
-3951.33053640828
-3951.33053640828
-3951.33053640828
-3951.33053640828
-3951.33053640828
-3951.33053640828
-3951.33053640828
-3951.33053640828
-3951.33053640828
-3951.33053640828
-3951.33053640828
-3951.33053640828
-3951.33053640828
-3951.33053640828
-3951.33053640828
-3951.33053640828
-3951.33053640828
-3951.33053640828
-3951.33053640828
-3951.33053640828
-3951.33053640828
-3951.33053640828
-3951.33053640828
-3951.33053640828
-3951.33053640828
-3951.33053640828
-3951.33053640828
-3951.33053640828
-3951.33053640828
-3951.33053640828
-3951.33053640828
-3951.33053640828
-3951.33053640828
-3951.33053640828
-3951.33053640828
-3951.33053640828
-3951.33053640828
-3951.33053640828
-3951.33053640828
-3951.33053640828
-3951.33053640828
-3951.33053640828
-3951.55067339858
-3951.33053640828
-3951.33053640828
-3951.33053640828
-3951.33053640828
-3951.33053640828
-3951.33053640828
-3951.33053640828
-3951.33053640828
-3951.33053640828
-3951.33053640828
-3951.33053640828
-3951.33053640828
-3951.33053640828
-3951.33053640828
-3951.33053640828
-3951.33053640828
-3951.33053640828
-3951.33053640828
-3951.31586819693
-3951.33053640828
-3951.33053640828
-3951.33053640828
-3951.33053640828
-3951.33053640828
-3951.33053640828
-3951.33053640828
-3951.33053640828
-3951.33053640828
-3951.33053640828
-3951.33053640828
-3951.33053640828
-3951.33053640828
-3951.33053640828
-3951.33053640828
-3951.33053640828
-3951.33053640828
-3951.33053640828
-3951.33053640828
-3951.33053640828
-3951.33053640828
-3951.33053640828
-3951.33053640828
-3951.33053640828
-3951.33053640828
-3951.33053640828
-3952.21484761369
-3951.33053640828
-3951.33053640828
-3951.33053640828
-3951.33053640828
-3951.37845770306
-3951.33053640828
-3951.33053640828
-3951.33053640828
-3951.33053640828
-3951.33053640828
-3951.28597832303
-3951.33053640828
-3951.33053640828
-3951.33053640828
-3951.33053640828
-3951.33053640828
-3952.0837897452
-3951.33053640828
-3952.68811575047
-3951.33053640828
-3952.82055038713
-3952.78062777344
-3952.92315820352
-3952.11598635701
-3952.06822546969
-3952.84569813789
-3952.75307812637
-3952.87586088504
-3952.82363088414
-3952.88453390983
-3952.8879780628
-3952.19204529679
-3952.12183493255
-3952.96664994126
-3952.67547195535
-3952.86674272583
-3952.87683419685
-3952.92709644047
-3952.79534457027
-3951.33053640828
-3952.10173648881
-3953.02095345322
-3952.7129470878
-3952.95803361725
-3952.86233002543
-3953.00546764754
-3952.7794155361
-3952.21952642298
-3952.28659167683
-3953.12312883225
-3952.96572434376
-3952.93046886318
-3953.0342939558
-3953.01828703826
-3952.95226835435
-3952.34370775716
-3952.26385861518
-3953.05352589022
-3953.03608576317
-3952.90379996848
-3953.02351022003
-3953.00705871606
-3952.92780902582
-3952.37398187207
-3952.25536345856
-3953.11300270644
-3952.81487653831
-3951.33053640828
-3952.74449787312
-3952.82708779934
-3953.12832331449
-3952.30203942999
-3952.3353178675
-3953.09966185191
-3952.8820684794
-3952.90728791172
-3952.87345206735
-3952.94280669755
-3953.0909500978
-3952.50954616917
-3952.28520665634
-3953.02223550595
-3952.7191771252
-3952.62182558477
-3951.33053640828
-3952.77900180295
-3953.03176787926
-3952.26928267449
-3952.26523642786
-3953.03904684531
-3952.88901412594
-3953.01353728394
-3952.71875604089
-3952.92552931016
-3953.00665419368
-3952.4668114649
-3952.15790874628
-3951.33053640828
-3952.67720187131
-3952.85018606506
-3952.69266505918
-3952.77022773645
-3952.99723529013
-3952.21961037995
-3952.19568024117
-3952.84359938222
-3952.87244899641
-3952.74025179418
-3952.83047626017
-3952.78569041044
-3952.84055379349
-3951.33053640828
-3952.26989128082
-3952.98577220966
-3952.89823257357
-3952.84337461783
-3952.84348445369
-3952.73945923627
-3952.95670247757
-3952.19196959832
-3952.20169626745
-3952.82875469946
-3952.89300241408
-3952.67194718136
-3951.33053640828
-3952.6147128739
-3952.80022816407
-3952.21072257937
-3952.4698400856
-3952.82914164399
-3953.06989520587
-3953.00071787757
-3952.91034695112
-3952.84213778029
-3952.9571028224
-3952.28984406361
-3952.32241329058
-3952.98004683744
-3953.07141359322
-3952.87164365119
-3952.71484400157
-3952.71174567671
-3952.90197784597
-3952.20846381183
-3952.2380395003
-3952.8254416242
-3953.02253839158
-3953.0140936525
-3952.8461655809
-3952.89998543218
-3952.8804178656
-3952.16876196324
-3952.32365649218
-3951.33053640828
-3952.99671213383
-3953.00380726861
-3952.98876777691
-3953.11021604073
-3952.88296836693
-3952.1896316726
-3952.32317243079
-3952.9233003989
-3952.99717577068
-3952.85882798149
-3952.95836501298
-3952.96396348643
-3952.91213628548
-3952.2723043491
-3952.08326762357
-3952.85767796017
-3952.80779320734
-3952.93759605528
-3953.00233430924
-3952.9202456718
-3952.93263307926
-3952.25643256406
-3952.29825280967
-3952.82197308786
-3952.91013440894
-3951.33053640828
-3952.83885033527
-3952.85020694537
-3953.02001775477
-3952.28353917704
-3952.17482262239
-3952.968895789
-3952.78502208874
-3952.8329334293
-3952.71522048797
-3951.33053640828
-3952.84455501262
-3952.25278016759
-3952.31391902484
-3953.00411175443
-3952.91907206841
-3952.89449234877
-3952.84637865313
-3952.90774946599
-3953.09599192143
-3952.43005436773
-3952.21822895869
-3952.96398098394
-3952.79438836021
-3952.95162361991
-3952.72776639431
-3952.83981967228
-3952.89595438466
-3952.23543659583
-3952.31118254862
-3952.95422394076
-3953.06232725187
-3953.00803863135
-3952.97201452456
-3952.90549506077
-3953.03151967987
-3952.47961550509
-3952.1686314036
-3953.07879918613
-3952.934442073
-3952.83754846457
-3952.96008066918
-3952.7969466235
-3952.96891238658
-3952.26069141132
-3952.35059274863
-3952.86840480578
-3952.99275453649
-3952.88717749801
-3952.93912126338
-3952.88080289642
-3952.85742164532
-3952.15438860271
-3952.45161141961
-3952.97644053878
-3952.92046120927
-3952.69472954072
-3953.05209417433
-3952.77730966712
-3953.01858003255
-3952.22387190102
-3952.17515581461
-3952.91823852582
-3951.33053640828
-3952.76303319606
-3952.72730991314
-3952.72340872534
-3952.886091954
-3952.33316350112
-3952.19841929038
-3952.84814052791
-3952.93368245586
-3952.81342220373
-3952.93567782309
-3952.88255676136
-3953.00704294556
-3952.19292377295
-3952.17045746884
-3952.92337788298
-3953.08022471443
-3952.86173070586
-3951.33053640828
-3952.70618378698
-3952.92478695423
-3952.17561408305
-3952.23112334764
-3952.80580866345
-3953.01464248625
-3952.98629128389
-3952.82525223405
-3952.87881716953
-3952.9867149965
-3952.19169686174
-3952.25789136882
-3952.85671487539
-3952.77445642793
-3952.92849225071
-3952.98407349584
-3952.96398682612
-3952.90486621092
-3952.21609337869
-3952.43956520525
-3952.95629708653
-3952.90124562261
-3952.9463075356
-3952.91998977068
-3952.95385466815
-3952.91876001964
-3952.12511789977
-3952.28568931992
-3953.00427323955
-3952.7448874244
-3952.93033210657
-3952.83660422948
-3951.33053640828
-3952.78289772482
-3952.13073552592
-3952.49728204515
-3952.88146826795
-3952.87575374375
-3952.93105354131
-3952.80561613623
-3953.00564540136
-3952.76314306187
-3951.33053640828
-3952.35229601754
-3952.90703495625
-3952.88706557318
-3952.91048030916
-3952.71430394232
-3953.04330208965
-3952.72051372799
-3952.20476070477
-3952.09334054324
-3951.33053640828
-3952.77100579446
-3952.95761689243
-3952.93559083432
-3953.18656667969
-3952.67049716083
-3952.42163923705
-3952.24519199832
-3952.84738028001
-3952.90466950353
-3952.9414611021
-3952.86945339966
-3953.10583613415
-3952.93790832216
-3952.28139000279
-3952.09203387549
-3952.76303344751
-3952.79405118412
-3952.96501647841
-3953.02047431596
-3953.13326376453
-3953.13596617293
-3952.44372950823
-3952.26906890082
-3952.73181970011
-3952.90378024383
-3952.66802641721
-3952.91481803841
-3952.92935938751
-3952.94215705819
-3952.31847390859
-3951.33053640828
-3952.76035320563
-3952.85384692013
-3952.8255768859
-3952.98147990589
-3953.02258702599
-3953.00174350525
-3952.08719692465
-3952.2341665309
-3952.90228494665
-3952.71164444644
-3952.57314570004
-3951.33053640828
-3952.9226338923
-3952.81381055334
-3952.46053396464
-3952.29624427015
-3952.9713297177
-3951.33053640828
-3952.8447494394
-3952.85574502233
-3953.01741722892
-3952.88579079554
-3951.33053640828
-3952.32979913134
-3952.88107334815
-3951.33053640828
-3952.78551977128
-3952.8609604787
-3953.00530507256
-3952.89409033375
-3952.26164673759
-3952.29391553178
-3953.07193380979
-3952.78772440928
-3952.98887579336
-3952.93584891497
-3953.00529915553
-3952.86429968323
-3952.34978861183
-3952.28925612832
-3952.92206872835
-3952.85103225367
-3952.9206322606
-3952.90583091806
-3952.95516324871
-3952.89870929851
-3952.28610534056
-3952.32259382476
-3952.91453254008
-3953.01437127692
-3952.95420337208
-3952.92420624192
-3952.93298998247
-3953.05308842211
-3952.27076276097
-3952.18252005086
-3952.94979729307
-3952.90173630095
-3952.9526940388
-3952.93219694166
-3952.90329900902
-3952.99456794657
-3952.20372587699
-3952.22182472152
-3952.83382243452
-3952.90832698394
-3952.84858753111
-3952.92575296901
-3952.88237340958
-3952.92536769738
-3952.25328516857
-3952.25785810581
-3952.99976024956
-3952.88983429398
-3952.95809861751
-3953.02682597622
-3953.08271798977
-3952.85775901406
-3952.25254512506
-3952.22550024135
-3953.00930605426
-3952.89261586166
-3952.95854772979
-3952.99892458643
-3953.05861650158
-3952.97987985897
-3952.18877580122
-3952.09323322911
-3952.90086060155
-3952.7797662159
-3952.98275898181
-3953.00982423371
-3953.10112875413
-3952.99822991325
-3952.34481335555
-3952.27187561026
-3953.04102269894
-3952.94375654027
-3952.99399109877
-3953.03172933293
-3953.03876884363
-3953.08600098473
-3952.4153488593
-3952.13273477665
-3953.01558975276
-3952.80617454041
-3952.96980951166
-3953.0113132577
-3953.00866900921
-3953.20486423911
-3952.35423294544
-3952.26987939706
-3953.03445606711
-3952.93703246499
-3952.60454887514
-3952.99419650628
-3952.80975263143
-3953.14186684821
-3952.32122012121
-3952.23439505395
-3953.04576134106
-3952.94363780491
-3952.87581469534
-3952.99931382499
-3952.97309331641
-3953.16353089147
-3952.63062737445
-3952.26443474034
-3953.04931585886
-3952.79148177218
-3951.33053640828
-3952.7106521588
-3952.79866619183
-3953.08157929438
-3952.32211924285
-3952.34814918317
-3953.13794783173
-3952.87842361736
-3952.99957258465
-3952.97831990491
-3952.93640309041
-3952.92941817237
-3952.22043852047
-3952.33347883718
-3953.01378888072
-3952.81309778641
-3952.88114340155
-3952.83561716728
-3952.9057348764
-3953.02326198772
-3952.22025636109
-3952.3093168236
-3953.05498594418
-3953.03543792894
-3952.99827500791
-3952.97568352591
-3952.92433096756
-3952.93196149651
-3952.27025027013
-3952.55573982426
-3953.14867295954
-3953.04170302502
-3952.99391677455
-3952.97113800543
-3952.89451948
-3952.99260651777
-3952.302615041
-3952.30105723369
-3952.92335983201
-3953.03611637836
-3952.96946019213
-3952.93508418695
-3952.87858583892
-3953.08238951256
-3952.26289252439
-3952.52113190619
-3952.94362741139
-3953.07244375454
-3952.97135307889
-3952.92722790526
-3952.85775640492
-3952.98652648182
-3952.22237616348
