# type 1 occupying energies
-4103.58153640597
-4104.10531120572
-4103.58153640597
-4103.58153640597
-4104.2614405256
-4103.58153640597
-4103.58153640597
-4104.62999508435
-4103.58153640597
-4103.58153640597
-4103.58153640597
-4103.97528512769
-4103.58153640597
-4104.23501598237
-4104.77806342559
-4103.58153640597
-4104.74285277789
-4103.58153640597
-4103.58153640597
-4103.58153640597
-4104.13038142693
-4103.58153640597
-4103.58153640597
-4104.71528358665
-4103.58153640597
-4104.4352882916
-4104.58416475327
-4104.47352255086
-4103.58153640597
-4103.58153640597
-4104.30620196252
-4103.58153640597
-4103.58153640597
-4103.58153640597
-4103.98983888408
-4103.58153640597
-4104.12374709518
-4104.31762242154
-4103.58153640597
-4103.58153640597
-4104.60128927229
-4103.58153640597
-4104.53607073461
-4104.67630337207
-4104.44802722034
-4104.46636489362
-4103.58153640597
-4104.67380263961
-4103.58153640597
-4103.91197721424
-4104.27037390021
-4103.58153640597
-4103.58153640597
-4104.38132728137
-4103.58153640597
-4103.58153640597
-4103.58153640597
-4103.58153640597
-4103.58153640597
-4103.58153640597
-4103.58153640597
-4103.58153640597
-4103.58153640597
-4103.58153640597
-4103.58153640597
-4104.27351913324
-4103.58153640597
-4103.58153640597
-4104.03829338524
-4103.58153640597
-4104.41720382594
-4103.58153640597
-4103.58153640597
-4103.58153640597
-4103.58153640597
-4103.58153640597
-4104.18111505165
-4104.53994493275
-4103.58153640597
-4103.58153640597
-4103.58153640597
-4103.58153640597
-4104.33030162587
-4104.45060512048
-4103.58153640597
-4103.58153640597
-4104.00152697764
-4103.58153640597
-4103.58153640597
-4104.36564395271
-4104.55467789889
-4104.79174882953
-4103.58153640597
-4103.58153640597
-4103.58153640597
-4103.58153640597
-4103.58153640597
-4103.58153640597
-4104.28308184683
-4104.55491798207
-4103.58153640597
-4104.47771772054
-4104.36798536723
-4103.58153640597
-4103.58153640597
-4103.58153640597
-4104.42040069303
-4103.58153640597
-4103.58153640597
-4103.58153640597
-4103.58153640597
-4103.58153640597
-4103.58153640597
-4103.87811361611
-4103.58153640597
-4103.58153640597
-4104.59765888082
-4104.56467820441
-4103.58153640597
-4103.58153640597
-4103.58153640597
-4103.95554655656
-4103.58153640597
-4103.58153640597
-4104.54819979047
-4104.0896336915
-4103.58153640597
-4104.43866757367
-4103.58153640597
-4103.9000131579
-4103.58153640597
-4104.09857958124
-4103.58153640597
-4104.07431279425
-4103.58153640597
-4104.58049624834
-4103.58153640597
-4103.82779306961
-4103.58153640597
-4103.94261312194
-4103.58153640597
-4104.34107466761
-4103.58153640597
-4103.58153640597
-4103.58153640597
-4104.05648090161
-4103.58153640597
-4104.20441601384
-4103.58153640597
-4104.11744409284
-4103.58153640597
-4103.58153640597
-4103.58153640597
-4103.58153640597
-4103.58153640597
-4103.58153640597
-4103.58153640597
-4103.58153640597
-4103.58153640597
-4103.58153640597
-4103.58153640597
-4104.22633089152
-4103.58153640597
-4103.58153640597
-4103.58153640597
-4103.58153640597
-4103.58153640597
-4103.58153640597
-4103.58153640597
-4103.58153640597
-4103.58153640597
-4103.58153640597
-4104.34667246211
-4103.58153640597
-4104.02031776834
-4103.58153640597
-4104.64091084519
-4103.58153640597
-4104.57612501098
-4104.690073831
-4104.39464416927
-4103.58153640597
-4104.45880276168
-4103.58153640597
-4103.58153640597
-4103.58153640597
-4103.58153640597
-4103.58153640597
-4104.06267660563
-4103.58153640597
-4104.09477259216
-4103.58153640597
-4103.58153640597
-4104.61139666061
-4104.18022428902
-4103.58153640597
-4103.58153640597
-4103.58153640597
-4103.98369876423
-4103.58153640597
-4103.58153640597
-4104.29452955194
-4104.40357984953
-4104.53914426889
-4104.11510441815
-4103.58153640597
-4103.58153640597
-4103.58153640597
-4103.58153640597
-4104.48475703491
-4103.58153640597
-4104.7803974032
-4104.21135504745
-4103.58153640597
-4104.24074964139
-4104.99925182504
-4103.58153640597
-4104.58611852334
-4105.02076360073
-4104.62566291501
-4103.58153640597
-4104.3869088315
-4104.14677141122
-4103.58153640597
-4103.58153640597
-4104.45078383272
-4104.97042586318
-4104.54015803621
-4104.53310886688
-4104.37196517826
-4104.41584158806
-4103.58153640597
-4103.58153640597
-4104.04822169278
-4103.58153640597
-4103.58153640597
-4103.58153640597
-4103.58153640597
-4104.41059564706
-4103.58153640597
-4103.58153640597
-4103.58153640597
-4104.51917513948
-4104.03264711387
-4103.58153640597
-4103.58153640597
-4103.58153640597
-4104.47451650767
-4103.58153640597
-4103.95572410667
-4103.58153640597
-4103.58153640597
-4103.58153640597
-4104.08080197122
-4103.58153640597
-4103.58153640597
-4103.58153640597
-4103.92672836159
-4103.58153640597
-4103.58153640597
-4103.58153640597
-4104.64663961535
-4104.55278705449
-4105.05543704695
-4103.58153640597
-4103.58153640597
-4103.58153640597
-4103.58153640597
-4103.58153640597
-4104.60953034595
-4104.3462963172
-4103.58153640597
-4103.58153640597
-4103.58153640597
-4103.58153640597
-4103.58153640597
-4104.48966739191
-4103.58153640597
-4103.58153640597
-4103.58153640597
-4104.23509097534
-4104.74693657482
-4103.58153640597
-4103.58153640597
-4104.29219817826
-4103.58153640597
-4104.51807481938
-4103.58153640597
-4103.58153640597
-4104.42164788811
-4103.86763158484
-4103.58153640597
-4103.89623416057
-4103.58153640597
-4104.08009755298
-4103.58153640597
-4103.58153640597
-4103.58153640597
-4104.32498982247
-4103.58153640597
-4104.13357446992
-4104.54703740546
-4104.05085713296
-4103.58153640597
-4103.58153640597
-4103.58153640597
-4103.96991017806
-4103.58153640597
-4103.58153640597
-4104.15366154641
-4104.32819395334
-4103.58153640597
-4104.6668848845
-4104.09211899625
-4103.58153640597
-4103.58153640597
-4103.58153640597
-4104.23425522122
-4103.58153640597
-4103.58153640597
-4103.58153640597
-4103.58153640597
-4103.58153640597
-4104.18667448225
-4103.58153640597
-4103.87925716829
-4104.14899426622
-4103.58153640597
-4103.58153640597
-4104.08332757075
-4103.58153640597
-4104.27090058474
-4103.58153640597
-4103.58153640597
-4103.58153640597
-4104.28471477545
-4103.58153640597
-4104.23195513994
-4105.07024262204
-4104.58701914898
-4103.58153640597
-4104.16052679757
-4103.58153640597
-4103.58153640597
-4103.58153640597
-4103.58153640597
-4103.58153640597
-4104.44048326676
-4103.58153640597
-4103.58153640597
-4103.58153640597
-4103.58153640597
-4103.58153640597
-4104.18038015311
-4103.58153640597
-4103.58153640597
-4104.59435308815
-4104.58510716501
-4103.58153640597
-4103.58153640597
-4103.58153640597
-4103.58153640597
-4104.72006023753
-4104.4944996871
-4103.58153640597
-4103.58153640597
-4103.58153640597
-4103.58153640597
-4103.58153640597
-4104.20597882064
-4103.58153640597
-4103.97120750942
-4103.58153640597
-4103.58153640597
-4104.26565650526
-4103.58153640597
-4104.84363329322
-4104.3500739169
-4103.58153640597
-4103.58153640597
-4104.43593786797
-4103.58153640597
-4104.34782742492
-4103.58153640597
-4104.43823145718
-4103.58153640597
-4104.28116534351
-4104.80641529832
-4103.58153640597
-4103.58153640597
-4104.14486884568
-4103.58153640597
-4103.58153640597
-4104.31018719823
-4103.58153640597
-4104.46089566602
-4104.02717028671
-4103.58153640597
-4103.58153640597
-4103.58153640597
-4104.349301855
-4103.58153640597
-4104.51074614795
-4104.76992812011
-4104.32598957442
-4103.58153640597
-4103.58153640597
-4103.58153640597
-4103.58153640597
-4103.58153640597
-4104.4442897708
-4103.58153640597
-4103.58153640597
-4104.3618257191
-4103.92203776011
-4103.58153640597
-4103.58153640597
-4104.00090945357
-4104.64470801354
-4104.71661824796
-4103.58153640597
-4104.76033815459
-4103.97276651204
-4103.58153640597
-4103.58153640597
-4104.0851687835
-4103.58153640597
-4103.58153640597
-4103.58153640597
-4103.58153640597
-4104.24907030591
-4103.58153640597
-4103.58153640597
-4104.14735149077
-4103.58153640597
-4104.51764270584
-4104.65144607848
-4103.58153640597
-4104.45562270686
-4103.58153640597
-4103.58153640597
-4104.14455885962
-4103.58153640597
-4103.58153640597
-4104.44928445818
-4104.47353257606
-4104.32330841774
-4104.74604074355
-4103.58153640597
-4104.08658453534
-4103.58153640597
-4103.58153640597
-4104.62857091119
-4103.58153640597
-4103.58153640597
-4104.77334526438
-4103.58153640597
-4103.95954432705
-4103.58153640597
-4103.58153640597
-4103.58153640597
-4103.58153640597
-4103.58153640597
-4103.58153640597
-4103.58153640597
-4103.58153640597
-4103.58153640597
-4103.58153640597
-4104.52860884822
-4104.59771986228
-4104.46634715715
-4103.58153640597
-4103.58153640597
-4103.58153640597
-4104.18514667669
-4104.33482531573
-4103.58153640597
-4103.58153640597
-4104.16143876316
-4103.58153640597
-4103.58153640597
-4103.58153640597
-4104.16969509605
-4103.58153640597
-4104.32019002437
-4103.58153640597
-4104.13370470595
-4103.58153640597
-4103.82112281515
-4103.58153640597
-4103.58153640597
-4104.60848341336
-4103.58153640597
-4104.39518509985
-4103.58153640597
-4103.58153640597
-4103.58153640597
-4103.58153640597
-4103.58153640597
-4103.58153640597
-4103.90054578461
-4103.58153640597
-4103.99881013757
-4103.58153640597
-4103.58153640597
-4104.29688583025
-4104.20726440975
-4103.58153640597
-4104.60261088344
-4103.58153640597
-4104.16677081085
-4103.58153640597
-4104.34508388081
-4103.58153640597
-4104.5548507334
-4103.58153640597
-4104.43587346517
-4103.58153640597
-4104.62412753516
-4104.91273976104
-4103.58153640597
-4104.8506887503
-4103.58153640597
-4103.58153640597
-4104.4799158886
-4105.00870143625
-4104.8681167226
-4104.19434824282
-4104.5004862732
-4105.11910064552
-4104.48585116701
-4103.58153640597
-4104.17800070161
-4104.88403311096
-4104.53684932148
-4104.75433635048
-4104.86093105869
-4103.58153640597
-4104.70390670092
-4105.20940372548
-4104.82073876467
-4105.15380627194
-4105.20052521974
-4104.79402348198
-4104.56699978835
-4105.05273221502
-4104.58417564662
-4103.58153640597
-4104.72485682921
-4104.59298216152
-4103.58153640597
-4104.1999418347
-4104.82337474645
-4103.58153640597
-4104.72682269356
-4104.92455892084
-4104.86340504077
-4103.58153640597
-4103.58153640597
-4103.58153640597
-4103.58153640597
-4103.58153640597
-4104.52001419339
-4103.58153640597
-4103.58153640597
-4104.4923569509
-4104.85905257511
-4103.58153640597
-4104.37569965597
-4103.58153640597
-4104.43559235806
-4103.58153640597
-4104.40135814556
-4103.58153640597
-4103.58153640597
-4104.43181692868
-4104.38352473828
-4103.58153640597
-4104.20689612741
-4103.58153640597
-4103.58153640597
-4104.40185660636
-4103.58153640597
-4104.06711061143
-4104.31762668319
-4105.00573844033
-4104.32747067362
-4103.58153640597
-4104.32114099452
-4103.58153640597
-4104.75159564342
-4103.98023059243
-4104.18667167105
-4104.77052091255
-4104.31841083228
-4104.44004661276
-4104.3525813962
-4103.58153640597
-4103.58153640597
-4104.1998180961
-4104.26577595635
-4103.58153640597
-4104.65779377117
-4104.66685176152
-4103.58153640597
-4104.52553956427
-4103.58153640597
-4103.58153640597
-4104.45586044357
-4104.81172159667
-4103.58153640597
-4104.84549155879
-4103.58153640597
-4104.64073092229
-4104.62160754045
-4104.34846192203
-4103.58153640597
-4104.72214560363
-4104.99015291019
-4103.58153640597
-4103.58153640597
-4104.35711925271
-4104.90179299427
-4104.18836839143
-4104.33600129965
-4103.58153640597
-4104.75059493732
-4105.08861252085
-4104.72603296607
-4103.58153640597
-4104.78939737645
-4104.48720022174
-4104.58416162245
-4104.87623511642
-4104.81127354259
-4104.52509300824
-4103.58153640597
-4103.58153640597
-4103.58153640597
-4104.23217471726
-4103.58153640597
-4103.58153640597
-4104.88395036231
-4105.15548634337
-4104.78902732888
-4104.58262684765
-4103.58153640597
-4104.29424418751
-4104.59812933574
-4103.58153640597
-4103.58153640597
-4103.58153640597
-4104.65837593908
-4104.71061985354
-4103.58153640597
-4103.93319830015
-4104.64262002785
-4103.58153640597
-4104.68718694859
-4105.04047757387
-4104.85757762037
-4103.58153640597
-4103.58153640597
-4104.38958915206
-4104.31842630287
-4104.86966732948
-4104.35998161175
-4103.58153640597
-4103.58153640597
-4104.76392214444
-4103.58153640597
-4104.13524552687
-4104.31698203394
-4104.80470120109
-4104.82543074076
-4103.58153640597
-4104.76743354637
-4103.58153640597
-4104.68685725423
-4104.66161050276
-4103.58153640597
-4104.68932830486
-4104.6583547927
-4103.58153640597
-4104.68213539223
-4104.97501582291
-4104.81816015072
-4103.58153640597
-4104.27937354071
-4103.58153640597
-4103.58153640597
-4104.579864849
-4104.44420839523
-4103.58153640597
-4104.65169148329
-4104.67156537902
-4104.60799295586
-4103.58153640597
-4104.63459587222
-4104.71679524927
-4104.70013679388
-4104.71558735925
-4104.772046149
-4104.31861000404
-4104.31974865115
-4103.58153640597
-4104.27139214816
-4103.58153640597
-4103.58153640597
-4104.40713980244
-4104.79829368787
-4104.45523451358
-4104.12063875101
-4104.8979177201
-4103.58153640597
-4104.66158172947
-4103.58153640597
-4104.66298222035
-4103.58153640597
-4103.58153640597
-4104.43213028879
-4104.93379968963
-4104.5668939171
-4103.58153640597
-4104.44528772365
-4103.58153640597
-4103.58153640597
-4104.60308804926
-4103.58153640597
-4105.05505604345
-4104.75808679631
-4103.58153640597
-4103.58153640597
-4103.58153640597
-4104.82449092439
-4104.37111913173
-4104.73590383903
-4104.81744922901
-4103.58153640597
-4104.48985703958
-4104.80317664346
-4103.58153640597
-4104.8110127299
-4104.65415529027
-4104.70379807675
-4103.58153640597
-4104.69785427719
-4103.58153640597
-4104.32054564413
-4104.77829491334
-4104.85796651314
-4104.51604067905
-4104.87249754515
-4104.6006791089
-4103.58153640597
-4104.84538386761
-4103.58153640597
-4103.58153640597
-4103.58153640597
-4104.05444886503
-4104.75745185258
-4104.82738786408
-4103.58153640597
-4103.58153640597
-4103.58153640597
-4104.7755370521
-4104.91677232333
-4104.0570953368
-4104.40490426964
-4103.58153640597
-4104.18677448919
-4103.58153640597
-4104.70850830097
-4104.880235938
-4103.58153640597
-4103.58153640597
-4104.30387112439
-4103.58153640597
-4103.58153640597
-4103.58153640597
-4104.74635771837
-4104.9281213056
-4104.43342303887
-4103.58153640597
-4104.33930946883
-4103.58153640597
-4104.43145943016
-4105.16700877268
-4104.59670088515
-4103.58153640597
-4103.58153640597
-4103.58153640597
-4104.3796650103
-4104.80954448273
-4104.46392242771
-4103.58153640597
-4104.61790867221
-4104.93181062075
-4104.39021842142
-4104.67563111444
-4104.48754153465
-4104.90000861379
-4103.58153640597
-4104.92688508481
-4104.88517515177
-4104.90976634892
-4104.80786252428
-4104.21808567579
-4103.58153640597
-4103.58153640597
-4104.7023320166
-4103.58153640597
-4104.81306573931
-4104.8698896988
-4103.58153640597
-4104.23590011765
-4104.60321404698
-4104.80483972433
-4103.58153640597
-4104.99380241666
-4103.58153640597
-4104.87114923475
-4103.58153640597
-4104.5170494987
-4104.27122403909
-4104.62082388603
-4104.9689586837
-4104.81141485191
-4105.2355777789
-4104.6063951106
-4105.01847533433
-4103.58153640597
-4104.55822076959
-4104.40258466736
-4105.13994376009
-4104.90112288879
-4105.29256384549
-4104.74157414154
-4104.98450913356
-4104.10522469154
-4103.58153640597
-4103.58153640597
-4103.58153640597
-4104.58570073829
-4105.21669431851
-4103.58153640597
-4103.58153640597
-4104.21871614472
-4104.36776858768
-4103.58153640597
-4104.91063944922
-4103.58153640597
-4103.58153640597
-4103.58153640597
-4103.58153640597
-4104.28307416595
-4103.58153640597
-4104.83041391432
-4103.58153640597
-4103.58153640597
-4104.79536942816
-4104.79157551557
-4104.79610417693
-4103.58153640597
-4104.11451612115
-4103.58153640597
-4104.29343852511
-4103.58153640597
-4104.22223245867
-4104.57876141366
-4103.58153640597
-4104.62712775916
-4104.2598579047
-4104.94817702953
-4104.3193225632
-4103.58153640597
-4104.60271830828
-4103.58153640597
-4103.58153640597
-4104.30295622181
-4104.32393472964
-4103.58153640597
-4104.25886209259
-4103.58153640597
-4104.62548618526
-4103.58153640597
-4103.58153640597
-4103.58153640597
-4104.40636628849
-4104.82493739454
-4103.58153640597
-4104.89490041239
-4104.45952639605
-4104.70333648384
-4104.76417103245
-4104.45555819278
-4104.32688248146
-4103.58153640597
-4104.69198488942
-4103.58153640597
-4104.7425982222
-4104.26517376587
-4103.58153640597
-4104.43435841976
-4104.10981740546
-4103.58153640597
-4104.56337659606
-4103.58153640597
-4103.58153640597
-4103.58153640597
-4104.61101730347
-4103.58153640597
-4104.01598434058
-4103.58153640597
-4104.45968228635
-4104.9393902328
-4103.58153640597
-4103.58153640597
-4104.59575030113
-4103.58153640597
-4104.08859570622
-4103.58153640597
-4104.3013861536
-4103.58153640597
-4103.58153640597
-4103.58153640597
-4103.58153640597
-4104.24244165233
-4103.58153640597
-4103.58153640597
-4104.19402901895
-4103.58153640597
-4104.69345424333
-4104.73154165612
-4103.58153640597
-4104.2936135247
-4104.01508177657
-4103.58153640597
-4104.43239197158
-4104.8300016008
-4104.74541530862
-4104.80920976925
-4104.39134170665
-4103.58153640597
-4104.21638914429
-4104.57355113294
-4103.58153640597
-4103.58153640597
-4104.56247731044
-4103.58153640597
-4103.58153640597
-4104.09047108325
-4103.58153640597
-4104.68672827913
-4104.18461735046
-4103.58153640597
-4103.58153640597
-4104.48178565986
-4104.66417203504
-4104.0236700787
-4104.74486236507
-4104.86686046936
-4103.58153640597
-4104.74772444087
-4104.9378149513
-4104.75592923018
-4103.58153640597
-4104.42528207566
-4104.8043685625
-4103.58153640597
-4103.58153640597
-4103.58153640597
-4104.54922116419
-4104.63989612096
-4103.58153640597
-4103.58153640597
-4104.58619917958
-4103.58153640597
-4103.58153640597
-4103.58153640597
-4104.79364930074
-4103.58153640597
-4104.51238778962
-4103.58153640597
-4104.5006989126
-4103.58153640597
-4104.32908035605
-4103.58153640597
-4104.45312601744
-4103.58153640597
-4104.62644608215
-4104.53581568985
-4104.39423160513
-4103.58153640597
-4104.37095197316
-4104.59925730044
-4104.47907326426
-4104.56635840213
-4104.45144810026
-4103.58153640597
-4104.09014359979
-4103.58153640597
-4104.18563225979
-4104.51079837567
-4103.58153640597
-4103.58153640597
-4104.66965114484
-4104.52161964548
-4103.58153640597
-4103.58153640597
-4104.60837479436
-4104.62454425126
-4103.58153640597
-4104.39004522431
-4103.58153640597
-4103.58153640597
-4104.19421657889
-4104.99136828803
-4103.58153640597
-4104.84958027479
-4103.58153640597
-4103.58153640597
-4104.56935355375
-4104.44545512122
