# type 2 occupying energies
-4106.25270391381
-4107.53370249724
-4106.36848641492
-4106.51883012978
-4107.53370249724
-4106.2501233762
-4107.53370249724
-4107.53370249724
-4106.17990524796
-4107.53370249724
-4106.46565038591
-4107.5315847943
-4106.29202373039
-4107.53370249724
-4107.53370249724
-4106.22768485448
-4107.53370249724
-4106.28199504963
-4106.43857159014
-4106.16794494283
-4107.53370249724
-4106.46164534779
-4106.45333251093
-4107.53125744917
-4105.96900498051
-4107.53370249724
-4107.53370249724
-4107.5315847943
-4106.5629975233
-4106.42864777067
-4107.53370249724
-4106.20664741756
-4106.54056256691
-4106.33356912785
-4107.53704054373
-4106.32983710429
-4107.53370249724
-4107.53370249724
-4106.45922496192
-4106.54277588536
-4107.53367615359
-4106.40615410227
-4107.53370249724
-4107.53370249724
-4107.53370249724
-4107.52189241555
-4106.42339169794
-4107.53703039152
-4106.32516748926
-4107.5370063494
-4107.53688722511
-4106.67710974804
-4106.58180802503
-4107.53367615359
-4106.63958136769
-4106.47200772974
-4106.58456394484
-4106.52450103692
-4107.53703991123
-4106.20875391095
-4106.38615020621
-4107.52189241555
-4106.35202517227
-4106.35053932261
-4106.14570987725
-4107.53370249724
-4106.4508954033
-4106.54722462711
-4107.53370249724
-4106.48675766969
-4107.53704054373
-4106.25566296587
-4106.41100532993
-4106.61693626487
-4106.63694841565
-4106.35720944215
-4107.53370249724
-4107.53370249724
-4106.69188621733
-4106.18795590487
-4106.30293945913
-4106.42794822135
-4107.53370249724
-4107.53367615359
-4106.769968578
-4106.80706401689
-4107.53370249724
-4106.41118889727
-4106.27649033798
-4107.53370249724
-4107.53370249724
-4107.53370249724
-4106.72667748824
-4106.45951855398
-4106.9446420322
-4106.22732640614
-4106.33185134054
-4106.72864575273
-4107.53367615359
-4107.53370249724
-4106.23083569555
-4107.51908643173
-4107.53370249724
-4106.6378340434
-4106.44245242898
-4106.51132024253
-4107.53703415289
-4106.45474757339
-4106.46825386401
-4106.48869895347
-4107.16824722896
-4106.57603759252
-4106.26492373642
-4107.53370249724
-4106.51478231729
-4106.526189415
-4107.51067387581
-4107.53370249724
-4106.3539061866
-4106.15718321782
-4106.58520283439
-4107.53370249724
-4106.79102067038
-4106.60220193507
-4107.53370249724
-4107.53370249724
-4106.45887806047
-4107.53370249724
-4106.12117538164
-4107.53370249724
-4106.13915726919
-4107.53370249724
-4106.22149350837
-4107.53370249724
-4106.22129538725
-4107.53370249724
-4106.13156687676
-4107.53370249724
-4106.23096838452
-4107.53370249724
-4106.26750519383
-4107.53370249724
-4106.34467539059
-4106.41702587901
-4106.00397179828
-4107.53703991123
-4106.0455164639
-4107.53370249724
-4106.21192734705
-4107.53370249724
-4107.53370249724
-4106.42284858241
-4106.11369147463
-4106.73338356822
-4106.26750615294
-4106.42503264223
-4106.13179812046
-4106.15933254047
-4106.31811476996
-4106.30006789195
-4106.21825853724
-4107.53704054373
-4106.20338336221
-4106.54694218942
-4106.16851985506
-4106.15791335542
-4106.48288799651
-4106.19688820864
-4106.24206945881
-4107.53704054373
-4106.57646291712
-4106.46996298841
-4107.53370249724
-4106.21361844885
-4107.53370249724
-4106.11176192684
-4107.53370249724
-4106.41648660933
-4107.53703991123
-4107.53370249724
-4107.53367615359
-4106.01414960447
-4107.53367615359
-4105.97445329696
-4106.39808168027
-4106.51537998908
-4106.68003101767
-4106.47117584287
-4107.53370249724
-4106.37712305442
-4107.53370249724
-4106.18828304374
-4106.27365596237
-4107.53370249724
-4107.53370249724
-4106.08935695434
-4106.28363232635
-4106.22397120766
-4107.53703991123
-4106.16509675978
-4106.25943173846
-4107.53367615359
-4107.53370249724
-4107.53370249724
-4107.53370249724
-4106.64556809001
-4106.74470325312
-4106.35547474096
-4106.24302236957
-4107.53370249724
-4106.1368934279
-4107.53370249724
-4107.53370249724
-4106.16422758504
-4107.53370249724
-4107.53370249724
-4105.94434683963
-4107.53712461867
-4107.53370249724
-4107.53712461867
-4106.25696294978
-4107.53370249724
-4107.53370249724
-4106.3576777594
-4106.12610605102
-4107.53370249724
-4107.53370249724
-4107.53370249724
-4107.53370249724
-4107.53712461867
-4107.51908643173
-4106.22847361355
-4105.89648220764
-4107.53370249724
-4105.94674776572
-4107.11660265616
-4106.24373604122
-4106.54603934018
-4107.53370249724
-4106.20380372013
-4106.196378466
-4106.84040752519
-4107.53370249724
-4107.53370249724
-4106.24865875099
-4107.00520131333
-4106.54478690067
-4107.53370249724
-4106.08514116389
-4107.53370249724
-4106.38273928176
-4106.91557826981
-4106.57781480154
-4107.53712461867
-4106.48025338263
-4106.30548382908
-4106.17602479778
-4107.53370249724
-4106.21700469636
-4106.5624881938
-4106.1849068751
-4107.53370249724
-4107.53370249724
-4107.53370249724
-4106.28904293265
-4106.29949224391
-4106.47045460649
-4106.5619349569
-4106.56053367557
-4107.53370249724
-4107.53370249724
-4106.16090858887
-4106.35732755442
-4106.4798754222
-4106.62512110383
-4106.41481890073
-4107.53370249724
-4106.15958094991
-4106.54558650496
-4106.32208794256
-4107.53370249724
-4107.53370249724
-4106.60157109185
-4106.25943047477
-4107.53370249724
-4106.19781563329
-4107.53370249724
-4106.49947258651
-4106.50674278586
-4107.53370249724
-4107.53370249724
-4106.25031406342
-4107.53370249724
-4106.24602928708
-4107.53370249724
-4106.21179169869
-4106.4462119976
-4106.57882203289
-4107.53367615359
-4106.40326516876
-4107.53370249724
-4107.53370249724
-4107.53370249724
-4106.52329253836
-4106.35045501302
-4107.09984876679
-4107.53370249724
-4106.90769714334
-4106.85562087911
-4107.53370249724
-4107.53370249724
-4106.55956721085
-4107.53366165703
-4107.53370249724
-4106.91955208812
-4106.47933627359
-4107.53370249724
-4107.53370249724
-4106.59677802912
-4106.25280232408
-4106.57311771941
-4106.80701152891
-4106.47479673457
-4107.53370249723
-4106.52814233459
-4107.53367615359
-4107.53370249724
-4106.50469583101
-4106.31677852821
-4107.53370249724
-4106.53199440063
-4107.53370249724
-4106.2595466948
-4106.38795072281
-4106.52014959984
-4107.53370249724
-4106.11678266529
-4107.52142000595
-4107.53370249724
-4107.53370249724
-4106.20983911352
-4107.53370249724
-4106.53395197069
-4106.74158158887
-4106.30049489415
-4106.82829503712
-4106.20347609285
-4107.53370249724
-4106.29609270644
-4106.69668778687
-4106.7244721333
-4106.54676873696
-4106.04510972783
-4107.53370249724
-4106.15827877323
-4106.61723554544
-4107.53370249724
-4107.53367615359
-4106.56275971538
-4106.21753420169
-4106.3294745669
-4106.28568977332
-4107.53367615359
-4107.53370249724
-4106.31001336864
-4106.29837283239
-4106.89458504858
-4106.30219882494
-4106.07591548779
-4107.53370249724
-4106.60046159448
-4107.53370249724
-4106.66500571172
-4106.23177029466
-4107.53370249724
-4105.90262146885
-4107.53367615359
-4107.53704054373
-4106.42419522495
-4106.74430140042
-4107.53370249724
-4106.23683891473
-4107.53370249724
-4106.14265425379
-4107.53367615359
-4106.37891992198
-4107.53370249724
-4107.53370249724
-4106.71313021605
-4106.50480605024
-4107.53370249724
-4106.30122901269
-4106.64655235832
-4107.53370249724
-4106.47519728227
-4107.53370249724
-4107.53370249724
-4106.26173882337
-4106.68943482002
-4106.20506704297
-4107.53367615359
-4106.59446600261
-4107.53370249724
-4107.53370249724
-4107.53370249724
-4106.49684609067
-4106.8011988206
-4106.38348883157
-4106.60408437092
-4106.43486446757
-4107.53370249724
-4106.40921130613
-4106.37078737263
-4107.53370249724
-4107.53370249724
-4106.26588318478
-4106.42875608246
-4107.53370249724
-4107.53370249724
-4107.53370249724
-4106.32981376409
-4107.53370249724
-4107.53370249724
-4106.21712625158
-4106.65629750461
-4107.53370249724
-4106.55895463044
-4106.50593714395
-4106.33646038816
-4106.4385405981
-4107.53370249724
-4106.7475649437
-4106.12743204417
-4107.53370249724
-4106.30985711734
-4107.53370249724
-4107.53367615359
-4106.30690224854
-4107.53370249724
-4106.32804905157
-4106.23805351933
-4107.53712102284
-4106.13203708507
-4106.45392113672
-4107.53370249724
-4107.53370249724
-4107.53370249724
-4107.52189241555
-4106.10117397054
-4107.53370249724
-4106.29355158979
-4106.67697946011
-4107.53370249724
-4106.59110488653
-4106.47303833212
-4107.53370249724
-4106.11599484339
-4107.53370249724
-4106.43318860634
-4106.80166035648
-4106.92741795137
-4106.63711159335
-4106.6785549743
-4106.01250329064
-4106.6241126016
-4106.61053482392
-4106.47089114176
-4106.35728322915
-4107.53370249724
-4107.53370249724
-4107.53370249724
-4106.08772008382
-4106.23912548936
-4106.26580241027
-4107.53367615359
-4107.53703415289
-4106.81142031986
-4106.53271912608
-4107.53367615359
-4106.00695889155
-4106.76307804432
-4107.53370249724
-4107.53370249724
-4106.44795058876
-4107.53370249724
-4106.45063591627
-4106.94121666976
-4106.4827106421
-4107.53370249724
-4107.53370249724
-4106.62816423576
-4106.50979490134
-4106.74465576847
-4107.53370249724
-4106.89151319248
-4106.17807148118
-4107.53367615359
-4106.49066814911
-4106.60532474068
-4106.27487510474
-4107.53370249724
-4106.24780303171
-4107.53370249724
-4106.32085411098
-4106.17333885511
-4107.53370249724
-4107.53370249724
-4106.33534974773
-4107.53370249724
-4106.1122905327
-4107.53370249724
-4106.05498355398
-4107.53370249724
-4106.04597406904
-4107.53370249724
-4106.06858991512
-4107.52619577756
-4105.90189795086
-4107.53370249724
-4107.53370249724
-4106.33928971212
-4107.53370249724
-4106.22895032272
-4105.84226811862
-4107.53370249724
-4107.53367615359
-4107.53370249724
-4107.53370249724
-4107.53370249724
-4107.53370249724
-4107.53370249724
-4105.82606961696
-4107.53367615359
-4107.53367615359
-4107.53370249723
-4107.53704054373
-4107.53370249724
-4105.93527574831
-4107.53370249724
-4107.53370249724
-4107.53370249724
-4107.53367615359
-4107.53370249724
-4107.53367615359
-4107.53370249724
-4107.53367615359
-4107.53370249724
-4105.79173116063
-4107.53370249724
-4107.53370249724
-4106.40504433744
-4107.53703039152
-4107.53370249724
-4105.90381586419
-4107.53370249724
-4107.53367615359
-4107.53370249724
-4106.21408328544
-4106.22292499223
-4106.53761970073
-4106.7278611775
-4106.11758252642
-4107.53370249724
-4106.2277820395
-4106.25746217692
-4107.53370249724
-4107.53703991123
-4106.57000523787
-4107.53370249724
-4106.17853581995
-4107.53367615359
-4106.11230428994
-4107.53370249724
-4106.1802895257
-4106.50165346399
-4107.53370249724
-4107.53367615359
-4105.93387721443
-4107.53712461867
-4106.17167161925
-4106.4957811822
-4107.53370249724
-4106.22400454939
-4107.53370249724
-4107.52188927662
-4107.53370249724
-4107.53370249724
-4106.23595557105
-4107.53370249724
-4106.26943568816
-4107.53370249724
-4107.53370249724
-4107.53370249724
-4107.53370249724
-4107.53367615359
-4107.53370249724
-4107.53370249724
-4106.40951160954
-4106.34786912437
-4107.53370249724
-4107.52190932251
-4106.15261235659
-4107.53370249724
-4107.53691368223
-4106.39646525506
-4107.53370249724
-4106.26688383247
-4106.41358067996
-4107.53370249724
-4107.53370249724
-4106.25081574395
-4107.53370249724
-4106.34826029223
-4107.53370249724
-4107.53370249724
-4107.53370249724
-4106.64473204609
-4107.53370249724
-4106.0709529185
-4107.53370249724
-4106.18310305994
-4107.53370249724
-4107.53370249724
-4107.53370249724
-4107.53370249724
-4106.09888094987
-4107.53370249724
-4107.53370249724
-4107.53367615359
-4106.14990983261
-4107.53370249724
-4106.61328608921
-4107.53370249724
-4107.53370249724
-4107.53370249724
-4107.53370249724
-4106.25606771724
-4106.24173531442
-4106.31622182744
-4107.53367615359
-4106.13836981522
-4106.34298106279
-4107.53370249724
-4107.53370249724
-4107.53367615359
-4107.53370249724
-4106.21700391859
-4107.53370249724
-4106.41776529959
-4106.15108391012
-4106.46378642442
-4106.12037218539
-4107.53370249724
-4107.53370249724
-4106.06341363914
-4107.53370249724
-4107.53370249724
-4106.08383486604
-4107.53370249724
-4107.53370249724
-4107.5370063494
-4106.12172946047
-4105.98760788765
-4107.53370249724
-4107.53367615359
-4107.53370249724
-4107.53370249724
-4106.01324333796
-4106.2389301192
-4107.53367615359
-4106.13370212632
-4107.53370249724
-4107.53370249724
-4107.53367615359
-4107.53370249724
-4106.05961502997
-4107.53370249724
-4105.95685381576
-4107.53703415289
-4107.53367615359
-4106.45082449571
-4107.53367615359
-4107.53367615359
-4106.10917326828
-4107.53367615359
-4107.53370249724
-4107.53688722511
-4106.40375632625
-4107.53367615359
-4106.21806364257
-4106.39442465823
-4107.53712102284
-4107.53370249724
-4106.1771700323
-4107.53370249724
-4107.53370249724
-4107.53689917476
-4106.30148967349
-4107.53367615359
-4107.53367615359
-4107.53367615359
-4107.53367615359
-4107.53370249724
-4107.53370249724
-4107.53367615359
-4106.10699300096
-4107.53367615359
-4106.46762188031
-4106.59900289704
-4107.53370249724
-4107.53370249724
-4107.53370249724
-4107.53370249724
-4107.53370249724
-4106.34651903991
-4107.53370249724
-4106.04042815501
-4107.53370249724
-4106.09266355118
-4106.53989218769
-4107.53367615359
-4107.53370249724
-4107.53370249724
-4106.3827411556
-4107.53370249724
-4106.23565770964
-4106.17044113485
-4107.53370249724
-4106.41194136166
-4107.53370249724
-4107.53370249724
-4106.21895140424
-4106.67708286374
-4106.49681981828
-4107.53370249724
-4107.53370249724
-4107.53370249724
-4107.53370249724
-4106.23550216144
-4107.53370249724
-4107.53370249724
-4106.48270910757
-4107.53370249724
-4107.53370249724
-4106.36449458509
-4106.1154372472
-4107.53370249724
-4106.29140641259
-4107.53370249724
-4106.34538026761
-4107.53370249724
-4107.53370249724
-4107.53370249724
-4107.53370249724
-4106.0834548929
-4107.53370249724
-4106.33887484833
-4106.76296765043
-4106.48792325276
-4107.53367615359
-4107.53370249724
-4107.53370249724
-4106.42064942153
-4106.35970822904
-4106.59879822247
-4107.53370249724
-4107.53367615359
-4107.53370249724
-4107.53370249724
-4106.08642975789
-4107.53370249724
-4106.03138617345
-4107.53370249724
-4107.53370249724
-4106.07973978897
-4107.53370249724
-4107.53370249724
-4106.13118574407
-4106.80714739616
-4106.25246856886
-4107.53370249724
-4107.52619978866
-4107.53370249724
-4106.04227838094
-4107.53370249724
-4106.3965218479
-4107.53370249724
-4107.53370249724
-4107.53370249724
-4105.94033539006
-4106.12548490487
-4106.48939521313
-4107.53370249724
-4107.53370249724
-4107.53370249724
-4106.2270728187
-4107.53370249724
-4107.53370249724
-4107.53367615359
-4107.53367615359
-4107.53370249724
-4107.53367615359
-4106.2096428545
-4107.53370249724
-4107.53370249724
-4107.53370249724
-4107.53712461867
-4107.53370249724
-4106.80497120646
-4106.51326844996
-4106.46958510504
-4106.26342671421
-4107.53367615359
-4107.53367615359
-4106.07395287525
-4107.53370249724
-4107.53367615359
-4107.53370249724
-4106.04736001521
-4107.53370249724
-4105.84332649779
-4107.53370249724
-4105.88962351078
-4107.53370249724
-4107.53367615359
-4107.53712461867
-4107.53370249724
-4107.53699924196
-4107.53367615359
-4107.53370249724
-4107.53367615359
-4106.42949799822
-4106.58266103137
-4107.53370249724
-4106.05242434267
-4107.53370249724
-4107.53370249724
-4107.53370249724
-4107.53370249724
-4107.53370249724
-4106.49302693747
-4106.57161413648
-4105.98478787786
-4107.53370249724
-4107.53367615359
-4106.04982801036
-4106.01942237806
-4107.53367615359
-4107.53370249724
-4106.12635711011
-4107.53370249724
-4106.20531190645
-4106.28973746211
-4106.54582411311
-4106.30476628783
-4107.52866558469
-4106.68345414026
-4107.53370249724
-4106.44223195852
-4106.19891170715
-4107.53370249724
-4107.53370249724
-4107.53367615359
-4106.7403071929
-4107.53370249724
-4106.10369774471
-4107.53370249724
-4106.08061949751
-4107.53370249724
-4107.53370249724
-4106.49993293085
-4107.53370249724
-4107.53370249723
-4107.53370249724
-4107.53370249724
-4106.16698528796
-4107.53370249724
-4106.15564168438
-4106.34186683007
-4107.53370249724
-4107.53370249724
-4106.27594372213
-4107.53370249724
-4106.37403880556
-4107.53370249724
-4106.18543514777
-4106.31925831652
-4106.52005339237
-4107.53370249724
-4107.53367615359
-4106.66936848263
-4106.2839309975
-4107.53712102284
-4107.53370249724
-4107.53367615359
-4107.53370249724
-4107.53370249724
-4105.98962415582
-4107.53370249724
-4106.30471375769
-4107.52619978866
-4107.52619577756
-4106.07369393998
-4107.53367615359
-4107.53370249724
-4105.93371722745
-4107.53370249724
-4106.24569001461
-4106.29725846866
-4106.26647907348
-4107.53370249724
-4106.42050481872
-4107.53370249724
-4106.23424439144
-4107.53370249724
-4106.16142832894
-4106.48692846356
-4106.35608978784
-4107.53370249724
-4106.55245043765
-4107.53367615359
-4106.04947059457
-4107.53370249724
-4106.06795283673
-4106.79489865755
-4106.34959938462
-4106.46709273383
-4107.53370249724
-4106.66520280312
-4106.18911913187
-4107.53370249724
-4106.1943489375
-4107.53367615359
-4107.53367615359
-4106.21830012163
-4107.53370249724
-4107.53370249724
-4106.34656260793
-4107.53370249724
-4107.53367615359
-4107.53712102284
-4107.53367615359
-4107.53370249724
-4106.58154145655
-4107.53370249724
-4107.53370249724
-4106.40713372045
-4106.37939112041
-4107.53367615359
-4106.3577565674
-4106.17772145435
-4107.53370249724
-4106.50921791861
-4107.53690082535
-4107.53367615359
-4106.46651037728
-4106.34928326968
-4107.53367615359
-4107.53367615359
-4107.53703039152
-4107.53370249724
-4107.53370249724
-4106.23478681998
-4107.53367615359
-4107.53370249724
-4107.53370249724
-4106.29024277018
-4107.53370249724
-4107.53370249724
-4106.07563160459
-4106.32957216717
-4106.23467480004
-4107.53370249724
-4107.53367615359
-4106.23733710994
-4106.69025917639
-4107.53370249724
-4106.03887577949
-4106.31627920984
-4106.22453836262
-4107.53370249724
-4105.99682490429
-4107.53367615359
-4106.35096660888
-4107.53370249724
-4106.06156006671
-4107.53370249724
-4106.30682630991
-4107.53370249724
-4106.33728440085
-4107.53370249724
-4107.53370249724
-4107.52618832999
-4106.12240613591
-4107.53370249724
-4107.53370249724
-4107.53370249724
-4107.53370249724
-4107.53370249724
-4106.08839713476
-4107.53370249724
-4106.14482617496
-4107.53370249724
-4107.53370249724
-4106.687535158
-4106.22157746953
-4107.53370249724
-4107.53359503519
-4106.69994791805
-4106.12718395238
-4107.53712102285
-4107.53370249724
-4106.36643519033
-4107.52618832999
-4106.09093106682
-4106.28527184149
-4107.53370249724
-4107.53370249724
-4106.12841593331
-4107.53370249724
-4106.23981468898
-4106.10207238941
-4107.53370249724
-4107.53370249724
