# type 1 occupying energies
-4122.47903430308
-4123.239628433
-4122.47903430308
-4123.36264009826
-4123.49762193021
-4122.47903430308
-4122.84073955528
-4122.47903430308
-4122.47903430308
-4123.16254380637
-4122.47903430308
-4123.41145693369
-4122.47903430308
-4123.26004031813
-4123.64991522398
-4123.54211804437
-4122.47903430308
-4122.47903430308
-4122.47903430308
-4122.47903430308
-4123.25808502015
-4122.47903430308
-4122.47903430308
-4123.58675117188
-4122.47903430308
-4123.37297412162
-4123.94009899134
-4123.47999932631
-4122.47903430308
-4122.47903430308
-4123.23900164952
-4122.47903430308
-4123.57942760469
-4122.47903430308
-4122.97606949703
-4122.47903430308
-4123.30668892454
-4123.50343053606
-4122.47903430308
-4122.47903430308
-4123.55498493214
-4122.47903430308
-4123.57561515629
-4123.5948465021
-4123.35154742494
-4123.47216719469
-4122.47903430308
-4122.47903430308
-4122.47903430308
-4123.12511720076
-4123.56241975748
-4123.76976157285
-4123.85231751076
-4123.7366277193
-4123.48094944363
-4122.47903430308
-4122.47903430308
-4122.47903430308
-4123.28869862306
-4122.47903430308
-4122.47903430308
-4123.27829301414
-4122.47903430308
-4122.47903430308
-4122.47903430308
-4123.08368932174
-4122.47903430308
-4122.47903430308
-4123.66089431071
-4122.47903430308
-4123.61247094277
-4122.47903430308
-4122.47903430308
-4123.20905679383
-4122.47903430308
-4122.47903430308
-4123.34927732712
-4122.47903430308
-4122.47903430308
-4122.47903430308
-4122.47903430308
-4122.47903430308
-4123.75678042175
-4123.31201579216
-4122.47903430308
-4123.54369239738
-4123.5099148555
-4122.47903430308
-4122.47903430308
-4122.99735879961
-4122.47903430308
-4123.436240034
-4122.47903430308
-4122.47903430308
-4123.10388772685
-4122.47903430308
-4122.47903430308
-4122.47903430308
-4123.40352640175
-4122.47903430308
-4122.47903430308
-4123.46191390447
-4123.55082935453
-4122.47903430308
-4122.47903430308
-4123.28772558373
-4123.40988833612
-4122.47903430308
-4122.47903430308
-4122.47903430308
-4122.92615629818
-4122.47903430308
-4122.47903430308
-4123.04208791295
-4123.26828907703
-4122.47903430308
-4123.36274432098
-4123.50096105778
-4122.47903430308
-4122.47903430308
-4122.47903430308
-4123.32494631329
-4122.47903430308
-4123.34366906405
-4123.32098918789
-4123.19806006974
-4122.47903430308
-4123.4097145211
-4122.47903430308
-4123.04539499401
-4122.47903430308
-4122.97488752697
-4122.47903430308
-4123.11575397257
-4122.47903430308
-4123.27014739392
-4122.47903430308
-4122.94061496424
-4122.47903430308
-4122.7495169786
-4122.47903430308
-4123.00766222377
-4122.47903430308
-4122.47903430308
-4122.47903430308
-4122.99504114714
-4122.47903430308
-4123.17051084823
-4122.47903430308
-4123.32294524698
-4122.47903430308
-4122.47903430308
-4122.47903430308
-4122.47903430308
-4122.47903430308
-4122.47903430308
-4122.47903430308
-4122.47903430308
-4122.47903430308
-4122.47903430308
-4122.47903430308
-4123.24334511176
-4122.47903430308
-4122.47903430308
-4122.47903430308
-4122.47903430308
-4123.26800141522
-4122.47903430308
-4122.47903430308
-4123.22429515269
-4122.47903430308
-4122.47903430308
-4123.26520738431
-4122.47903430308
-4122.9748951452
-4122.47903430308
-4123.34049958675
-4122.47903430308
-4123.54066518838
-4123.58872938748
-4122.47903430308
-4122.47903430308
-4123.15924424421
-4122.47903430308
-4122.47903430308
-4122.47903430308
-4122.47903430308
-4122.47903430308
-4123.13636099169
-4122.47903430308
-4123.00301202399
-4122.47903430308
-4122.47903430308
-4123.24480761247
-4123.21336822128
-4122.47903430308
-4122.47903430308
-4123.99420978596
-4123.33363962873
-4122.47903430308
-4122.47903430308
-4123.16737798567
-4123.42958508937
-4123.31695788123
-4123.5030273633
-4122.47903430308
-4123.35673215648
-4122.47903430308
-4122.47903430308
-4123.0109460237
-4122.47903430308
-4123.40589617399
-4123.42086150648
-4123.68683032019
-4123.51381537345
-4123.63421311665
-4122.47903430308
-4123.21157400876
-4122.47903430308
-4123.3586372321
-4122.47903430308
-4123.31251254269
-4123.57338499823
-4122.47903430308
-4122.47903430308
-4123.24989065416
-4122.47903430308
-4123.25760840513
-4123.56802321074
-4123.30869475288
-4122.47903430308
-4122.47903430308
-4122.47903430308
-4123.0961945533
-4122.47903430308
-4122.47903430308
-4122.47903430308
-4122.47903430308
-4123.44439363222
-4122.47903430308
-4122.47903430308
-4123.19472488906
-4123.94025665898
-4123.13575650295
-4122.47903430308
-4123.02938574732
-4122.47903430308
-4123.11508554723
-4122.47903430308
-4123.17278677045
-4122.47903430308
-4123.42504302269
-4122.47903430308
-4123.2530688047
-4122.47903430308
-4123.6642206303
-4122.47903430308
-4123.34721574059
-4122.47903430308
-4122.47903430308
-4122.47903430308
-4123.54272880464
-4123.66412895967
-4123.92196824961
-4122.47903430308
-4122.47903430308
-4123.51655314073
-4122.47903430308
-4122.47903430308
-4123.80196991069
-4123.4232729511
-4122.47903430308
-4122.47903430308
-4122.47903430308
-4122.47903430308
-4122.47903430308
-4122.47903430308
-4122.47903430308
-4122.47903430308
-4122.47903430308
-4123.71598192098
-4123.78614438974
-4122.47903430308
-4122.47903430308
-4123.2400706141
-4122.47903430308
-4123.35286782181
-4122.47903430308
-4122.47903430308
-4123.57102037194
-4123.06987486354
-4122.47903430308
-4122.74976635543
-4122.47903430308
-4123.02544408768
-4122.47903430308
-4122.47903430308
-4123.54840138419
-4123.58484522022
-4122.47903430308
-4123.13300029624
-4123.7523609066
-4123.2249593725
-4122.47903430308
-4122.47903430308
-4123.28378600584
-4123.39135815452
-4122.47903430308
-4123.17669334359
-4123.58277534359
-4123.13062208677
-4122.47903430308
-4123.95634501933
-4123.16776614888
-4122.47903430308
-4122.47903430308
-4123.28060540653
-4123.68044811675
-4122.47903430308
-4122.47903430308
-4122.47903430308
-4123.46906744655
-4122.47903430308
-4123.21325009106
-4122.47903430308
-4123.05640231916
-4123.39521601929
-4123.41719066062
-4123.8925813305
-4123.13333155743
-4122.47903430308
-4123.28777335859
-4122.47903430308
-4122.47903430308
-4122.47903430308
-4123.23388859593
-4122.47903430308
-4122.93935279199
-4123.82542208235
-4122.47903430308
-4122.47903430308
-4123.51906834108
-4122.47903430308
-4123.33345111384
-4122.47903430308
-4122.47903430308
-4122.47903430308
-4123.44793267969
-4123.54854063212
-4122.47903430308
-4122.47903430308
-4122.47903430308
-4122.47903430308
-4123.05571769615
-4122.47903430308
-4123.33886066393
-4123.58861081759
-4123.68701577455
-4122.47903430308
-4122.47903430308
-4122.47903430308
-4122.47903430308
-4122.47903430308
-4123.49099380725
-4122.47903430308
-4122.47903430308
-4123.2487569989
-4122.47903430308
-4122.47903430308
-4123.31240889747
-4123.89227751555
-4123.37408086363
-4122.47903430308
-4122.47903430308
-4123.31662104545
-4122.47903430308
-4122.47903430308
-4123.65248332525
-4122.47903430308
-4122.47903430308
-4123.46413187097
-4122.47903430308
-4123.3113835186
-4122.47903430308
-4123.61798020556
-4122.47903430308
-4123.34147162361
-4123.85505250487
-4122.47903430308
-4122.47903430308
-4123.0151406749
-4122.47903430308
-4122.47903430308
-4123.08772193399
-4122.47903430308
-4123.49773925852
-4123.11794107174
-4122.47903430308
-4122.47903430308
-4122.47903430308
-4123.44793855305
-4122.47903430308
-4123.41551937812
-4123.58437235933
-4123.62953854414
-4123.71337508481
-4122.47903430308
-4123.79129719701
-4122.47903430308
-4122.47903430308
-4123.45884643162
-4122.47903430308
-4122.47903430308
-4123.48587909417
-4123.3144064381
-4122.47903430308
-4122.47903430308
-4123.40500518365
-4123.61498410693
-4123.59870904072
-4122.47903430308
-4123.75581086443
-4123.50041883624
-4122.47903430308
-4123.52016461679
-4123.43973648668
-4122.47903430308
-4122.47903430308
-4122.47903430308
-4122.47903430308
-4123.44572799976
-4122.47903430308
-4122.47903430308
-4123.07477694656
-4122.47903430308
-4123.4295742475
-4123.65554334937
-4122.47903430308
-4123.43519414019
-4122.47903430308
-4122.47903430308
-4123.2622887783
-4122.47903430308
-4122.47903430308
-4123.53804001657
-4124.04233449458
-4123.39823377803
-4123.9356812389
-4122.47903430308
-4123.06857197481
-4122.47903430308
-4122.47903430308
-4123.4825248687
-4122.47903430308
-4122.47903430308
-4123.60522352745
-4122.47903430308
-4123.13666208345
-4122.47903430308
-4123.29475402847
-4122.47903430308
-4123.5782245889
-4122.47903430308
-4122.47903430308
-4122.47903430308
-4122.47903430308
-4122.47903430308
-4122.47903430308
-4123.32062286501
-4123.42677542895
-4123.26914961473
-4122.47903430308
-4122.47903430308
-4122.47903430308
-4123.57233554886
-4123.35614445152
-4122.47903430308
-4123.54278989552
-4123.61152183207
-4122.47903430308
-4123.32392267531
-4123.73774530386
-4123.33773294828
-4122.47903430308
-4123.34751625693
-4122.47903430308
-4122.47903430308
-4122.47903430308
-4123.43906994829
-4123.52164467717
-4122.47903430308
-4122.47903430308
-4122.47903430308
-4123.53763736606
-4122.47903430308
-4122.47903430308
-4123.79978699454
-4122.47903430308
-4122.47903430308
-4122.47903430308
-4123.09544249166
-4122.47903430308
-4122.7392776398
-4122.47903430308
-4122.47903430308
-4123.34213378668
-4123.43907459702
-4122.47903430308
-4123.23038220743
-4122.47903430308
-4122.94664396888
-4122.47903430308
-4123.00727283824
-4122.47903430308
-4123.27931385066
-4122.47903430308
-4123.34369622842
-4122.47903430308
-4123.51397958866
-4123.52140490135
-4122.47903430308
-4123.39857103528
-4122.47903430308
-4122.47903430308
-4123.50542655771
-4123.44566078078
-4123.71248964867
-4123.2319072242
-4123.03131103543
-4122.47903430308
-4123.0675938554
-4122.47903430308
-4123.05314753007
-4123.44602962456
-4123.50184784694
-4123.58559225992
-4123.36704189286
-4122.47903430308
-4123.23168928193
-4123.8358306939
-4122.47903430308
-4123.70773138837
-4122.47903430308
-4123.54551570199
-4123.07880679006
-4122.47903430308
-4123.14875861553
-4122.47903430308
-4122.47903430308
-4123.34422215951
-4122.47903430308
-4123.25798699191
-4123.01462224651
-4122.47903430308
-4123.17876145466
-4122.47903430308
-4123.60622298224
-4122.47903430308
-4122.47903430308
-4122.47903430308
-4123.32811587812
-4122.47903430308
-4123.30134986287
-4122.47903430308
-4122.47903430308
-4123.43114486945
-4123.67324167927
-4122.47903430308
-4122.96982134753
-4122.47903430308
-4123.1027574563
-4122.47903430308
-4123.32213850441
-4122.47903430308
-4122.47903430308
-4123.30419131687
-4122.47903430308
-4122.47903430308
-4123.06033886095
-4122.47903430308
-4122.47903430308
-4123.37521279004
-4123.53514040604
-4122.98685018319
-4122.69521461443
-4122.47903430308
-4123.06144000274
-4122.47903430308
-4123.34391914662
-4122.47903430308
-4122.47903430308
-4123.03152488661
-4122.89893303914
-4122.47903430308
-4123.21119639105
-4123.33037177054
-4123.34681504661
-4123.50503654919
-4122.47903430308
-4123.06786659328
-4122.87132717701
-4122.47903430308
-4123.15227300011
-4123.28572222253
-4122.47903430308
-4123.24242374516
-4122.47903430308
-4122.47903430308
-4123.12866563057
-4123.66489031474
-4122.47903430308
-4123.51712369539
-4122.47903430308
-4123.38132430335
-4123.7968573055
-4123.29325235895
-4122.47903430308
-4123.39021951821
-4122.47903430308
-4123.18167268811
-4122.47903430308
-4123.40071573005
-4124.01867548813
-4123.30591842845
-4123.02115071834
-4122.47903430308
-4123.60728300483
-4123.75224908752
-4122.47903430308
-4122.47903430308
-4123.59551401446
-4122.47903430308
-4123.41386671279
-4123.33668526334
-4123.97761215331
-4123.30011828322
-4122.47903430308
-4123.25635596185
-4122.47903430308
-4123.15481271815
-4122.47903430308
-4123.57830021186
-4122.47903430308
-4123.52125352943
-4122.47903430308
-4123.39798288798
-4122.47903430308
-4123.11518803026
-4122.47903430308
-4122.47903430308
-4122.47903430308
-4122.47903430308
-4123.53029611084
-4123.58306954391
-4122.47903430308
-4123.01231828429
-4123.53869838518
-4122.47903430308
-4122.47903430308
-4123.90116970273
-4123.82404626512
-4122.47903430308
-4122.47903430308
-4123.27184580594
-4123.39584507686
-4123.83316366455
-4123.57405554685
-4122.47903430308
-4122.47903430308
-4123.63534351304
-4122.47903430308
-4123.15991150033
-4123.0798524447
-4122.47903430308
-4123.42707706349
-4122.47903430308
-4123.45441270381
-4122.47903430308
-4123.39664527485
-4122.47903430308
-4122.47903430308
-4123.61457957445
-4123.38791125694
-4122.47903430308
-4123.32678254186
-4122.47903430308
-4123.44653977089
-4122.47903430308
-4123.07581307351
-4122.47903430308
-4123.16236821982
-4123.90738159529
-4123.29287645138
-4122.47903430308
-4123.21287140328
-4123.55815642968
-4123.16106168893
-4122.47903430308
-4123.53758556598
-4123.28637469712
-4123.46024389128
-4123.28050360856
-4123.32343279466
-4122.92653028461
-4123.1581442619
-4122.47903430308
-4123.03453807784
-4122.47903430308
-4123.45925194066
-4123.40762118962
-4123.60764673135
-4123.39347735456
-4123.11203906298
-4123.55488102235
-4122.47903430308
-4123.44833995468
-4122.47903430308
-4123.21697607775
-4122.47903430308
-4122.47903430308
-4123.20686783445
-4123.57665312397
-4122.47903430308
-4122.47903430308
-4123.22039315513
-4122.47903430308
-4122.47903430308
-4123.34571430096
-4122.47903430308
-4123.87027853102
-4123.44899668312
-4122.47903430308
-4122.47903430308
-4122.47903430308
-4123.76597941103
-4123.16463908346
-4123.37093978181
-4123.52697120151
-4122.47903430308
-4123.39204824281
-4122.47903430308
-4122.47903430308
-4123.67295596479
-4123.4890409849
-4122.47903430308
-4122.47903430308
-4123.56283031973
-4122.47903430308
-4123.00281340021
-4122.47903430308
-4123.69397773684
-4123.19084931379
-4122.47903430308
-4123.15662471921
-4122.47903430308
-4123.41759686294
-4122.47903430308
-4122.47903430308
-4122.47903430308
-4123.15026067839
-4123.63535014469
-4123.67495181969
-4122.47903430308
-4122.47903430308
-4123.26532976802
-4122.47903430308
-4123.58228736891
-4123.10049868552
-4123.42952287061
-4122.47903430308
-4123.3873705291
-4122.47903430308
-4123.41514521605
-4123.73618291169
-4122.47903430308
-4123.24645485045
-4123.30235588535
-4122.47903430308
-4123.34442717307
-4122.47903430308
-4123.44173339045
-4122.47903430308
-4122.47903430308
-4122.47903430308
-4123.38612699629
-4122.47903430308
-4123.45256193834
-4123.70029087106
-4123.46288618585
-4122.47903430308
-4122.47903430308
-4123.57488120508
-4123.36418570352
-4123.82123608521
-4123.45392400891
-4122.47903430308
-4123.45306550002
-4122.47903430308
-4123.63767653392
-4123.69234501453
-4123.09154347683
-4122.47903430308
-4122.47903430308
-4123.31621061948
-4122.47903430308
-4123.36993535436
-4123.57099660157
-4123.35952568792
-4123.00851335012
-4122.47903430308
-4122.47903430308
-4122.47903430308
-4123.24047136239
-4123.51245434438
-4122.47903430308
-4123.20003601617
-4123.23663087317
-4123.41376846914
-4122.47903430308
-4123.30712790829
-4122.47903430308
-4123.26271684495
-4122.47903430308
-4123.55856759427
-4123.13420651112
-4123.60769514619
-4123.34334269652
-4122.47903430308
-4122.47903430308
-4123.13193892006
-4123.85032978799
-4122.47903430308
-4122.47903430308
-4123.06653441763
-4122.47903430308
-4123.55872743812
-4124.04391534296
-4122.47903430308
-4122.47903430308
-4123.07293741467
-4122.47903430308
-4122.47903430308
-4122.47903430308
-4122.98576077373
-4122.47903430308
-4122.47903430308
-4122.47903430308
-4123.28553095428
-4123.70367255519
-4122.47903430308
-4123.79392627646
-4122.47903430308
-4122.47903430308
-4122.47903430308
-4122.47903430308
-4123.10571359636
-4122.47903430308
-4123.4555514071
-4122.47903430308
-4122.47903430308
-4123.39951243778
-4123.79629945161
-4123.52266040947
-4122.47903430308
-4123.20880889263
-4122.47903430308
-4123.34005438866
-4122.47903430308
-4122.8983428568
-4123.5818966661
-4122.47903430308
-4123.33306664472
-4123.4543700805
-4123.82822011937
-4123.20505827559
-4122.47903430308
-4123.34658751441
-4122.47903430308
-4122.47903430308
-4123.52378925256
-4123.47858164979
-4122.47903430308
-4123.31962297252
-4123.9531706435
-4123.18430387833
-4122.47903430308
-4122.47903430308
-4123.09478100023
-4123.27974810872
-4123.89621504003
-4122.47903430308
-4122.47903430308
-4123.2592887668
-4123.66283832455
-4123.74003581832
-4123.53086353231
-4123.20959542313
-4122.47903430308
-4123.45933402876
-4122.47903430308
-4123.6354323632
-4123.80031096733
-4122.47903430308
-4123.46959921375
-4122.70955772903
-4122.47903430308
-4122.47903430308
-4122.47903430308
-4122.47903430308
-4122.47903430308
-4123.55900664637
-4122.47903430308
-4123.14425983114
-4122.47903430308
-4123.34170607984
-4122.47903430308
-4123.3307957965
-4122.47903430308
-4123.44295070542
-4122.47903430308
-4123.20122858516
-4122.47903430308
-4123.05591653036
-4122.47903430308
-4123.07820014418
-4122.47903430308
-4122.47903430308
-4123.62638905418
-4122.47903430308
-4122.47903430308
-4122.93126695875
-4122.47903430308
-4123.33854554967
-4123.25558773524
-4122.47903430308
-4123.21645652447
-4122.94363918649
-4122.47903430308
-4122.47903430308
-4123.39902345321
-4122.47903430308
-4123.47340355866
-4123.40881499535
-4122.47903430308
-4123.13610532043
-4123.5375354222
-4122.47903430308
-4122.47903430308
-4123.20739824729
-4122.47903430308
-4122.47903430308
-4122.92542854881
-4122.47903430308
-4123.7788360025
-4123.1342638748
-4122.47903430308
-4122.47903430308
-4123.21691697703
-4122.47903430308
-4123.06026906723
-4123.64399355252
-4123.49697768038
-4122.47903430308
-4123.58710306323
-4122.47903430308
-4123.43139568365
-4122.47903430308
-4123.32950375894
-4123.67615577813
-4122.47903430308
-4122.47903430308
-4122.47903430308
-4123.35851194074
-4122.47903430308
-4122.47903430308
-4122.47903430308
-4122.47903430308
-4122.47903430308
-4122.47903430308
-4122.47903430308
-4122.47903430308
-4122.47903430308
-4123.48524959226
-4122.47903430308
-4123.40283487589
-4122.47903430308
-4123.17851091415
-4122.47903430308
-4123.36314407623
-4122.47903430308
-4123.39218390381
-4123.58155346239
-4123.10291324336
-4122.47903430308
-4123.38822273937
-4123.72475989143
-4123.28391749556
-4122.47903430308
-4123.37038901434
-4122.47903430308
-4123.08387372244
-4122.47903430308
-4123.11162531296
-4123.42779925714
-4123.34545719024
-4122.47903430308
-4123.21366405553
-4123.55437283026
-4122.47903430308
-4122.47903430308
-4123.42410878094
-4123.4267473922
-4122.47903430308
-4123.19846089062
-4122.47903430308
-4123.39698172617
-4122.81373922645
-4122.47903430308
-4122.47903430308
-4123.60152544971
-4122.47903430308
-4122.47903430308
-4122.47903430308
-4123.45620059223
