# type 2 occupying energies
-4090.51543741689
-4092.12686585982
-4090.92598710856
-4091.2064697094
-4092.12575668501
-4091.28280401729
-4091.4719679333
-4092.12575668501
-4090.8449758233
-4091.50052061324
-4091.54728101952
-4092.12686585982
-4091.26083300979
-4091.70764629646
-4091.21960078478
-4090.9832495806
-4092.14143159383
-4091.20306116726
-4091.12087847689
-4090.86790675169
-4092.12575668501
-4090.95948915142
-4091.21926083403
-4092.12575668501
-4090.93478473008
-4091.3312681506
-4092.14143159383
-4092.17000317017
-4091.34778246207
-4091.4078338039
-4092.12686585982
-4090.94252801046
-4091.13121552052
-4091.1011583468
-4092.18536777228
-4091.11283819624
-4092.17000317017
-4092.12686585982
-4091.22848323665
-4091.41050669335
-4091.34327779542
-4091.23768890632
-4092.14139360624
-4092.11875659636
-4092.18539611281
-4092.13592397574
-4091.19582939798
-4092.12686585982
-4090.76552777096
-4092.12686585982
-4092.12686585982
-4091.29846076459
-4091.14434244707
-4092.17907609978
-4091.36823941829
-4091.22983357463
-4092.12686585982
-4091.25017128705
-4091.29914936568
-4091.03735151479
-4091.20329841757
-4091.14672212181
-4091.42268573391
-4090.81013561414
-4090.80853347578
-4091.38604996959
-4091.0970771864
-4091.30294827497
-4092.12686585982
-4091.0398691674
-4092.12686585982
-4090.82166253507
-4091.0490075096
-4091.18348293247
-4091.37201196111
-4090.91049499453
-4092.12686585982
-4092.12686585982
-4091.47003642737
-4090.65145019803
-4090.97898040059
-4091.00693360902
-4092.14143159383
-4092.12686585982
-4091.34483557334
-4091.39151740187
-4092.12686585982
-4091.02081642902
-4091.11822121626
-4092.12686585982
-4092.12686585982
-4092.12686585982
-4091.31568396854
-4091.19160125391
-4091.60666242705
-4090.96200845386
-4090.91496439487
-4091.18148870934
-4092.12686585982
-4092.12686585982
-4090.75188962134
-4091.209300672
-4092.12686585982
-4091.27715480819
-4090.99413739109
-4091.30850575952
-4092.13631485934
-4091.02667900787
-4091.25207525948
-4091.31716846341
-4091.88728946617
-4091.07786211112
-4090.88327213245
-4092.12686585982
-4091.03653511047
-4091.02441824265
-4092.13592397574
-4092.12686585982
-4091.08537047818
-4090.9783875519
-4091.13738723683
-4091.79061830777
-4091.56051849774
-4091.40396736739
-4092.13631485935
-4092.13592397575
-4091.24713804535
-4092.12686585982
-4090.98188898403
-4092.12686585982
-4091.19556578228
-4092.12686585982
-4090.9035208639
-4092.12686585982
-4091.16849323666
-4092.12686585982
-4090.88640765103
-4092.12686585982
-4091.09797247474
-4091.76631429635
-4091.08367420198
-4092.12686585982
-4091.0904970479
-4090.96172183854
-4090.9605899007
-4092.13592397575
-4090.96685462564
-4092.13592397575
-4091.18168480094
-4092.12686585982
-4091.21297663012
-4091.02713164398
-4090.79672240196
-4091.43776191949
-4091.00290389946
-4091.14877193945
-4091.00389514061
-4090.98523070024
-4091.06249517368
-4091.00649958812
-4091.08978500328
-4092.12686585982
-4091.02008919594
-4091.18816582218
-4090.84821515723
-4090.81807970088
-4091.1880095825
-4090.68724205851
-4091.05398560535
-4091.55176062539
-4091.36054405662
-4091.05218044335
-4092.12171983411
-4090.83273351414
-4092.12686585982
-4090.62950953285
-4091.0952772169
-4091.21355486016
-4092.13592397574
-4092.12686585982
-4092.12575668501
-4090.91669996733
-4092.12575668501
-4090.70374635695
-4091.14915682297
-4091.40472942691
-4091.45002269063
-4091.19480258986
-4092.12164251177
-4091.1234307633
-4092.12686585982
-4090.74287850052
-4090.9117357847
-4092.14139360624
-4092.14143159383
-4091.01792833783
-4091.28332022945
-4091.16665643482
-4092.12100132001
-4090.75837940662
-4090.86947928153
-4092.13592397575
-4092.12686585982
-4092.12756267204
-4091.55253533673
-4091.34149154667
-4091.61260972703
-4090.80137203325
-4090.84523638633
-4092.13592397575
-4090.77681459584
-4092.12686585982
-4092.12686585982
-4090.78460829333
-4092.12686585982
-4092.13592397574
-4090.5541396802
-4092.13592397575
-4092.11744106064
-4092.12686585982
-4090.92800128481
-4092.12686585982
-4092.12686585982
-4090.77601430206
-4090.72425426637
-4092.12686585982
-4092.12686585982
-4092.13592397575
-4092.12686585982
-4091.30214311534
-4092.12686585982
-4090.68118918809
-4090.51741521813
-4091.67713044018
-4090.79139759872
-4092.00389597576
-4091.00539686932
-4091.18130176023
-4092.11761126621
-4090.72771958658
-4090.9555181093
-4091.53005305236
-4092.13592397574
-4092.14139360624
-4091.2023519334
-4091.92372684096
-4091.4268603654
-4091.32706444564
-4090.75313971015
-4092.14139360624
-4091.2091546515
-4091.5845452488
-4091.33316044824
-4092.12686585982
-4091.58837828249
-4090.72272491538
-4091.14694746822
-4092.12686585982
-4091.19232604966
-4091.17081201457
-4091.10048447768
-4092.12686585982
-4092.13592397574
-4092.12575668501
-4091.36288658028
-4090.94308872232
-4091.28305675963
-4091.11170193874
-4091.36829121943
-4092.12686585982
-4091.351346962
-4090.89989191709
-4091.06261131482
-4091.13230769961
-4091.33800603928
-4090.96244891723
-4092.12686585982
-4090.80252290826
-4091.14838353978
-4090.90066073872
-4092.12686585982
-4092.13592397574
-4091.19334600708
-4090.81086411921
-4092.12686585982
-4090.7726280314
-4092.12575668501
-4091.08741305275
-4091.32175469988
-4092.13592397575
-4092.13592397574
-4091.0701643508
-4092.13592397575
-4090.8961205689
-4092.12686585982
-4090.80736730619
-4091.23515576443
-4091.08969395325
-4092.12686585982
-4091.05234815799
-4092.12686585982
-4092.12686585982
-4092.12151270254
-4091.10746584917
-4091.19588647781
-4091.56209617398
-4092.12686585982
-4091.93185326533
-4091.60923291526
-4092.12756267204
-4092.12686585982
-4090.94178398777
-4092.12686585982
-4092.12686585982
-4091.70207837683
-4091.50914091798
-4091.44610368509
-4092.12686585982
-4091.22323046528
-4090.90534379448
-4091.20841912103
-4091.39449597745
-4091.40352210054
-4091.53257349332
-4091.30866551424
-4092.12686585982
-4092.12686585982
-4090.97187930839
-4090.9937681567
-4092.12686585982
-4091.47890441878
-4092.12914999037
-4091.10638379496
-4091.32048280115
-4091.15321488194
-4092.12686585982
-4090.82605663711
-4092.12686585982
-4092.1246979688
-4091.22689075187
-4091.04634631471
-4092.12686585982
-4091.1016140935
-4091.32735472069
-4091.03932586571
-4091.6529360841
-4091.08228758478
-4092.12686585982
-4091.16612247331
-4091.28127902571
-4091.46158286689
-4091.15298067581
-4090.59539764318
-4092.13592397574
-4091.17739752498
-4091.26971867644
-4092.12686585982
-4092.12686585982
-4091.16421988519
-4090.869491749
-4091.18353097802
-4091.41274256181
-4091.24220965958
-4092.12686585982
-4091.21035071086
-4090.89980870954
-4091.38594683714
-4090.89383793307
-4090.83958074628
-4091.50291470656
-4091.55484250403
-4092.12686585982
-4091.26813753527
-4091.20668342937
-4092.14143159383
-4090.69020002388
-4092.12686585982
-4092.12686585982
-4090.99550963106
-4091.1784728502
-4092.12686585982
-4091.10774433641
-4092.13592397575
-4090.82384774506
-4092.12686585982
-4090.98870752276
-4092.12686585982
-4092.13592397574
-4091.29080726371
-4090.92749441013
-4092.12575668501
-4090.84892475169
-4090.98094617176
-4092.13592397574
-4091.07542906013
-4092.13592397574
-4092.12686585982
-4091.27207387914
-4091.59614364693
-4090.88840034725
-4092.12575668501
-4091.1159592511
-4092.13592397574
-4092.12686585982
-4092.12686585982
-4091.02167231076
-4091.36222642286
-4090.9844177876
-4090.97580630036
-4090.93970605919
-4092.13592397575
-4090.95456733203
-4090.94980709977
-4092.12686585982
-4092.12575668501
-4090.73736125825
-4091.14343526976
-4092.13592397575
-4092.13592397575
-4092.13592397574
-4090.81234686093
-4092.12686585982
-4092.13592397575
-4090.77759386293
-4091.22486972732
-4092.12686585982
-4091.20676994903
-4091.04033568755
-4091.00488687008
-4090.91392974206
-4092.17000317017
-4091.17718824246
-4090.86112256697
-4092.12686585982
-4090.95985960545
-4092.12686585982
-4092.1304651268
-4091.16784791586
-4092.12575668501
-4090.92757377698
-4090.78359654699
-4092.14143159383
-4090.8006478054
-4091.07054078833
-4092.12686585982
-4092.12686585982
-4092.17910142415
-4092.12686585982
-4090.7292776787
-4092.12686585982
-4090.94958370542
-4091.37724512788
-4091.13298846818
-4091.51912117503
-4091.38037420571
-4092.12686585982
-4090.84364008056
-4092.13592397574
-4091.00672078809
-4091.21603395696
-4091.44608053756
-4091.07908040213
-4091.09417708965
-4090.70995108997
-4091.26653455264
-4091.19015399683
-4091.12373544226
-4091.04820769473
-4092.12686585982
-4092.12686585982
-4091.24340234146
-4090.72389457701
-4090.86071850989
-4090.78024185186
-4092.12686585982
-4092.13592397575
-4091.39745895894
-4091.12149058058
-4092.12686585982
-4090.7969016736
-4091.3898452912
-4091.46145270239
-4092.12686585982
-4090.88883145654
-4092.12686585982
-4090.87626779923
-4092.12686585982
-4091.06390754833
-4092.12575668501
-4091.00964366175
-4091.0664443795
-4092.12686585982
-4091.0582382696
-4092.12686585982
-4091.30214099917
-4090.74270570881
-4091.40611237269
-4091.23176387051
-4091.48100290413
-4090.8917011375
-4092.12686585982
-4090.7897942953
-4092.12686585982
-4090.77858876157
-4091.17711899859
-4092.12686585982
-4092.12686585982
-4091.01517771551
-4092.12686585982
-4091.05752304182
-4092.13592397574
-4091.04434122517
-4092.12686585982
-4090.53747243945
-4092.13592397574
-4090.53687775717
-4092.13186882534
-4090.3815866809
-4092.12686585982
-4092.12686585982
-4092.12686585982
-4092.12686585982
-4092.12686585982
-4090.32962662511
-4092.12686585982
-4092.12686585982
-4092.12686585982
-4092.12686585982
-4092.13592397575
-4092.12575668501
-4092.18499720038
-4090.44470729181
-4092.13186882534
-4092.13592397575
-4092.12575668501
-4091.04206830917
-4092.13592397575
-4092.13592397574
-4092.14139360624
-4092.14143159383
-4092.12686585982
-4092.14143159383
-4092.12686585982
-4092.12686585982
-4092.17906238574
-4092.12575668501
-4092.12686585982
-4092.13186882534
-4092.12575668501
-4092.12686585982
-4092.13592397575
-4092.12686585982
-4092.1790343062
-4090.47200487496
-4092.12575668501
-4092.14143159383
-4092.13592397575
-4092.14139360624
-4090.71558133704
-4091.22141779231
-4090.97399417386
-4092.12575668501
-4092.13592397575
-4090.8628234457
-4090.79899682457
-4092.12686585982
-4092.12686585982
-4092.13592397574
-4092.17910588504
-4090.62665689074
-4092.12686585982
-4090.96860039913
-4092.13592397575
-4090.94024861843
-4092.12686585982
-4092.14143159383
-4092.12686585982
-4090.50061013493
-4092.13592397574
-4090.83304904141
-4091.07748308552
-4092.12686585982
-4090.7599534759
-4092.13592397574
-4092.17000317017
-4092.12686585982
-4092.13592397575
-4090.85635024232
-4092.12686585982
-4091.03161717689
-4092.13592397575
-4092.14143159383
-4092.12686585982
-4092.12686585982
-4092.12686585982
-4092.12686585982
-4092.12686585982
-4092.12686585982
-4090.60931600289
-4092.12686585982
-4092.12686585982
-4090.6641983816
-4092.13592397574
-4092.12686585982
-4090.98836050105
-4092.13592397575
-4090.79217444776
-4091.0876132991
-4092.12686585982
-4092.12686585982
-4090.70734891425
-4092.12686585982
-4090.62387728431
-4092.13592397575
-4092.12686585982
-4092.12686585982
-4091.19429973246
-4092.12686585982
-4092.12686585982
-4090.94686198424
-4090.68421280523
-4092.12686585982
-4092.12686585982
-4092.12686585982
-4092.12686585982
-4090.54658166701
-4092.12686585982
-4092.12686585982
-4092.12575668501
-4090.49886267592
-4092.12686585982
-4092.13592397574
-4092.12686585982
-4090.74274220313
-4092.12686585982
-4092.12686585982
-4092.12686585982
-4090.66060203564
-4090.70492630281
-4092.12686585982
-4090.84645283857
-4090.64340779607
-4092.12686585982
-4092.12686585982
-4092.12686585982
-4092.12575668501
-4092.12686585982
-4092.13592397575
-4092.12686585982
-4090.50392497337
-4090.83387819166
-4092.12686585982
-4092.12686585982
-4092.12686585982
-4090.61108995658
-4092.12686585982
-4092.12686585982
-4090.56543976338
-4092.12686585982
-4092.13592397574
-4092.12686585982
-4090.61592289654
-4090.47719534885
-4092.14143159383
-4092.12686585982
-4092.12575668501
-4092.12686585982
-4090.67048285826
-4090.61423908683
-4092.13592397575
-4090.63912193501
-4092.13592397574
-4092.12686585982
-4092.12686585982
-4092.13592397575
-4090.87114297523
-4092.14143159383
-4090.62035412914
-4092.14143159383
-4092.12686585982
-4091.10094286261
-4092.13592397574
-4092.13592397574
-4090.86827619865
-4092.12686585982
-4092.12686585982
-4092.13592397574
-4091.23296615123
-4092.13592397575
-4090.79592928348
-4091.11692610264
-4092.13592397575
-4091.19627643871
-4090.91507081521
-4092.13592397574
-4092.13592397574
-4092.12686585982
-4090.64936439839
-4092.14143159383
-4092.13592397574
-4092.12686585982
-4092.12686585982
-4092.13592397574
-4092.13592397575
-4092.12686585982
-4090.64760894609
-4092.13592397575
-4090.96727755402
-4091.36116150121
-4092.13592397574
-4092.13592397575
-4092.12575668501
-4092.13592397574
-4092.12686585982
-4092.12575668501
-4092.12018539795
-4090.74453820981
-4092.22741145067
-4090.78192800677
-4091.12190360053
-4092.12686585982
-4092.13592397574
-4092.13592397574
-4090.88771175579
-4092.11875659636
-4090.76743866969
-4090.70369182868
-4092.13592397574
-4090.91471169948
-4092.13592397574
-4092.21347461217
-4090.97895004301
-4091.21355043719
-4091.14617492171
-4092.12686585982
-4092.12686585982
-4092.12686585982
-4092.12686585982
-4090.93949918476
-4092.24925176273
-4092.13592397575
-4091.08482726259
-4092.12686585982
-4092.13592397574
-4092.13592397574
-4092.15653508802
-4092.12686585982
-4091.24227036029
-4092.12686585982
-4092.12686585982
-4092.12686585982
-4092.12686585982
-4092.12686585982
-4092.12686585982
-4090.96253846705
-4092.15247350551
-4091.20636039703
-4091.18222812141
-4091.00183866705
-4092.13592397574
-4092.12686585982
-4092.12686585982
-4090.81382095904
-4090.8906929868
-4091.09920908714
-4092.12686585982
-4092.12686585982
-4092.13592397574
-4092.12686585982
-4090.60272326664
-4092.13592397575
-4090.54323252996
-4092.12686585982
-4092.12686585982
-4092.12686585982
-4091.26567231056
-4092.12686585982
-4090.69902337592
-4091.0689993664
-4090.93093552725
-4092.12686585982
-4092.12686585982
-4092.12686585982
-4090.79410359529
-4092.12575668501
-4090.82126886637
-4092.12686585982
-4092.13592397575
-4092.12686585982
-4090.61026367652
-4090.8785232024
-4091.25418734571
-4092.13186882534
-4092.12686585982
-4092.12686585982
-4090.65237466008
-4092.12686585982
-4092.12686585982
-4092.12686585982
-4090.96785976259
-4092.12686585982
-4092.12686585982
-4090.84580368052
-4092.12686585982
-4092.12575668501
-4092.13436049678
-4092.12686585982
-4092.12575668501
-4091.29983501859
-4091.01709371907
-4092.12686585982
-4090.7139986206
-4092.12686585982
-4092.12686585982
-4090.91822129744
-4092.12686585982
-4092.12686585982
-4092.12686585982
-4090.81380205229
-4092.12575668501
-4090.64631634319
-4092.12686585982
-4090.67668620465
-4092.12686585982
-4092.12914999037
-4092.12686585982
-4092.12686585982
-4092.13592397574
-4092.13592397574
-4092.12686585982
-4090.79285453525
-4091.26748859241
-4092.15572120446
-4092.13592397574
-4092.12686585982
-4092.12686585982
-4092.11749845318
-4092.13548228664
-4092.11875659636
-4092.12686585982
-4091.0162589211
-4091.20096302282
-4090.57998858162
-4092.21224939669
-4092.13592397575
-4092.12686585982
-4090.66071018361
-4092.1120771391
-4092.15661161397
-4090.83431734517
-4092.21229134473
-4092.15653762404
-4090.97389014907
-4091.08639463852
-4090.81868188133
-4092.13592397575
-4091.24239962549
-4092.13592397575
-4090.88155364389
-4090.77984292194
-4092.13592397574
-4092.12686585982
-4092.15978765681
-4091.36199784335
-4092.12686585982
-4090.66685303855
-4091.14070918784
-4090.76530061359
-4092.22741145067
-4092.12686585982
-4092.12686585982
-4092.13592397575
-4092.13592397575
-4092.12686585982
-4092.13592397575
-4090.79315550752
-4092.13592397574
-4090.76523190608
-4090.88055541258
-4092.12686585982
-4092.12686585982
-4090.80652542308
-4092.12686585982
-4092.12686585982
-4092.12686585982
-4090.56442566941
-4090.70062720098
-4091.09199913254
-4092.13592397574
-4092.12686585982
-4090.87049274128
-4092.12575668501
-4092.17904882052
-4092.12686585982
-4092.12686585982
-4092.12686585982
-4092.12686585982
-4090.56790340473
-4092.12686585982
-4090.96866289451
-4092.13592397574
-4092.13592397575
-4090.59798506396
-4092.12686585982
-4092.12686585982
-4090.54193249153
-4092.13592397575
-4090.85438163859
-4091.0025893717
-4090.85011853727
-4092.12686585982
-4092.12686585982
-4092.13592397574
-4090.74630835336
-4092.12575668501
-4092.12575668501
-4091.00991182924
-4090.90112074651
-4092.12575668501
-4090.97321591074
-4092.12686585982
-4092.13592397575
-4092.12575668501
-4090.75091533209
-4091.30612623266
-4091.10911739537
-4090.90403628839
-4092.12575668501
-4091.31391405469
-4090.92732785445
-4092.12686585982
-4090.96124540846
-4092.12575668501
-4092.12575668501
-4092.13592397575
-4092.13592397574
-4092.17000317017
-4090.82861285943
-4092.13592397575
-4092.13592397575
-4090.99452223476
-4092.13592397575
-4092.13592397575
-4090.92282880449
-4092.13592397575
-4092.12686585982
-4091.07796915155
-4091.0518949276
-4092.12686585982
-4091.0240064451
-4090.70653027746
-4092.12575668501
-4091.19217645378
-4092.12132759907
-4092.13592397574
-4091.02405673912
-4090.95938830646
-4092.12686585982
-4092.13592397575
-4092.12686585982
-4092.12686585982
-4092.12686585982
-4090.81763913292
-4092.13592397575
-4092.12686585982
-4092.12686585982
-4090.76880529487
-4092.13186882534
-4092.12686585982
-4090.69339242192
-4090.96040287838
-4090.77113284686
-4092.13592397574
-4092.13592397575
-4090.83237171126
-4091.3470859023
-4092.13592397575
-4090.6621793539
-4090.94931369484
-4090.82163769973
-4092.13592397574
-4090.47167142414
-4092.12686585982
-4090.92571066968
-4092.12686585982
-4090.75013868382
-4092.13592397574
-4090.88656105212
-4092.12686585982
-4092.12686585982
-4092.12686585982
-4092.12686585982
-4092.13592397575
-4090.77049368848
-4092.2126996117
-4092.12686585982
-4092.13592397575
-4092.11749845318
-4092.2126996117
-4090.94623465705
-4092.13592397575
-4090.75771180856
-4092.12686585982
-4092.12686585982
-4091.05770171148
-4090.81994891332
-4092.12686585982
-4092.12686585982
-4091.25663554361
-4092.12575668501
-4092.21362152686
-4092.12686585982
-4090.72844338728
-4092.12686585982
-4092.13592397574
-4090.97684501023
-4092.12686585982
-4092.12686585982
-4090.54150931443
-4092.12575668501
-4090.84874788806
-4090.71118382983
-4092.12686585982
-4092.12686585982
