# type 2 occupying energies
-3949.98587730249
-3950.8765183854
-3950.90642883858
-3951.19205507718
-3951.33053640828
-3951.19890245823
-3950.95251059259
-3950.32700070485
-3950.11528421744
-3951.07236048314
-3951.11939544317
-3950.83876783956
-3951.27830951397
-3951.10447531802
-3951.10547274475
-3950.3914055415
-3950.53143342373
-3951.19343464239
-3951.37574024239
-3951.3307880812
-3951.08784351229
-3951.43997599564
-3951.10626491313
-3950.26692619509
-3950.59717655732
-3950.93167910833
-3951.01762686037
-3951.33081429739
-3951.09782428459
-3951.19151297077
-3950.97674719381
-3950.35216879531
-3950.46080533176
-3951.04388176919
-3951.33629921811
-3951.39181513067
-3951.28245433679
-3951.42293766308
-3951.05870315637
-3950.32029859325
-3950.53179078731
-3950.98973731553
-3951.14624587318
-3951.27789027419
-3951.09236693032
-3951.26205823459
-3951.05081220161
-3950.34308206248
-3950.2546223783
-3951.04293482578
-3951.47358915228
-3951.10878837403
-3951.16922397835
-3951.33053640828
-3950.90804459425
-3949.89587662995
-3950.27799133358
-3950.94351217518
-3951.35958337184
-3951.37960627059
-3951.07456939164
-3951.42810390973
-3950.77208118125
-3950.37368681425
-3950.24717684249
-3950.88373224214
-3951.28817045747
-3951.18534257176
-3951.17435273542
-3951.31047877266
-3950.85590114375
-3950.23606761431
-3950.05960788751
-3950.97491838363
-3951.42179691996
-3951.31406964389
-3951.14878198646
-3951.37294883952
-3950.89738453322
-3950.35791665155
-3949.91910723974
-3950.88090157213
-3951.33053640828
-3951.15069149763
-3951.10828404186
-3951.45091290108
-3951.05401607782
-3950.30663193685
-3950.47968396441
-3951.22795267548
-3951.15084188723
-3951.16137554466
-3951.32025992551
-3951.07991797098
-3951.00137623335
-3950.45188927213
-3950.24437495303
-3951.20715696256
-3951.40113369981
-3951.35462424197
-3951.34100748251
-3951.43737952063
-3950.87416423226
-3950.47388473354
-3950.55275316098
-3951.16870980116
-3951.35712852889
-3951.04072821491
-3951.11852283438
-3951.14862818982
-3951.15361021974
-3950.48070343866
-3950.11421916169
-3951.33013952259
-3951.2298404827
-3950.86658447654
-3951.43216877096
-3951.19102101915
-3950.99947346088
-3950.41491325809
-3950.1705012198
-3951.12838498652
-3950.97037957239
-3951.12474001615
-3951.37922188688
-3951.21120859782
-3951.08915113312
-3950.48623999849
-3950.19487542967
-3950.92865843903
-3951.08223613071
-3951.026223255
-3951.33019914123
-3951.00342711874
-3950.92132444124
-3950.31180278107
-3950.23131422829
-3950.97966682031
-3951.1617324591
-3951.12867515095
-3951.24280909411
-3951.16181466616
-3951.02008443764
-3950.24939004509
-3950.28674514856
-3951.03861216899
-3951.00868892623
-3951.08434226872
-3950.89483572396
-3951.1664765983
-3951.08070191963
-3950.27935333761
-3950.30808507397
-3951.03225427952
-3951.13999486002
-3951.15402573943
-3951.11166988775
-3950.95400087782
-3950.96513348155
-3950.09076390553
-3950.36372267922
-3950.98999917624
-3951.03024663917
-3951.25878044072
-3951.02149218754
-3951.1811987999
-3951.02239886298
-3950.23167097438
-3950.35083660142
-3950.98570435235
-3951.20436350027
-3951.17532086876
-3951.16163837218
-3951.00190576411
-3950.96991908642
-3950.05914618507
-3950.27273039451
-3950.85808722453
-3951.3910936698
-3951.25784392158
-3951.30279724033
-3951.23650755133
-3951.09916529417
-3950.29429890809
-3950.28851960643
-3951.02075420375
-3951.26404211149
-3951.26453211451
-3951.1672649914
-3951.26448961917
-3951.08773277198
-3950.18323164553
-3951.33081429739
-3950.92839481018
-3951.08936700898
-3951.360105561
-3951.2194301006
-3951.21846733211
-3951.06779205029
-3950.1749376802
-3950.29443628912
-3951.14321579688
-3951.34127125887
-3951.28198498863
-3951.31442659758
-3951.06877814014
-3951.12774462271
-3950.14627696365
-3950.40497048433
-3950.94388592527
-3951.38960931598
-3950.94221616798
-3951.32559837951
-3951.33053640828
-3950.94615764515
-3950.08541613015
-3950.26068447618
-3950.89561875396
-3951.24788662462
-3951.29781465883
-3950.90467492598
-3951.25268685321
-3951.34978642924
-3950.11899963687
-3950.32095129301
-3951.40879331321
-3950.95673182135
-3950.91743890196
-3951.33053640828
-3951.07312557525
-3950.82291368019
-3950.45439431377
-3950.08681882659
-3950.96847454582
-3951.09750246539
-3951.23986099866
-3951.15153038396
-3951.40211770222
-3950.94638267162
-3950.41122628604
-3950.11279345282
-3951.08497966302
-3951.07126207692
-3951.010527201
-3951.20690108879
-3951.04556193454
-3951.14968240099
-3950.40090968947
-3950.08988746706
-3950.99750022175
-3951.00360809525
-3951.10450250574
-3951.27244386162
-3951.13739565517
-3951.04132340539
-3950.32976014463
-3950.28941684439
-3951.0373649437
-3951.14295257008
-3951.14663787652
-3951.14356472027
-3950.99017857548
-3950.84720904336
-3951.33053640828
-3950.39488046051
-3951.03963500435
-3951.19306870919
-3951.27252280606
-3951.17849925051
-3951.29736875323
-3950.86975687849
-3950.07540698605
-3950.31974237909
-3951.06357081174
-3951.17660938201
-3951.19786691403
-3951.16698580036
-3950.98499465531
-3950.89379365125
-3950.12128172041
-3950.58372393559
-3951.34504453139
-3951.2718358963
-3951.19644042645
-3951.12692067298
-3951.09419191297
-3950.85568829069
-3950.23980010909
-3950.35576133991
-3951.09380937855
-3951.21789002912
-3951.25278767435
-3951.03153685976
-3951.04597281604
-3951.33053640828
-3950.08843496412
-3950.71622164596
-3951.09637276493
-3951.32015941302
-3951.29757163108
-3951.25813961257
-3951.25380820125
-3951.06041702515
-3950.15414202921
-3950.36692981302
-3951.17313027072
-3951.34110720975
-3951.32985143171
-3951.26030309969
-3951.26125694474
-3951.10276090358
-3950.44523956924
-3950.44157189744
-3951.1048931819
-3951.41177873425
-3951.29877318177
-3951.27828693232
-3951.31408793978
-3951.02814980958
-3950.49005637451
-3950.33038843409
-3951.19342276958
-3951.39143136547
-3951.31784384039
-3951.2599676049
-3951.31517595271
-3951.01357420398
-3950.56002479139
-3950.43030795675
-3951.13752253921
-3951.35820904562
-3951.1345656849
-3951.34560638343
-3951.23373464588
-3951.14661989416
-3950.55886961691
-3950.17384143584
-3951.40774715604
-3951.13795780664
-3951.20972997522
-3951.32292877805
-3951.46665444254
-3951.2085362043
-3950.2354851674
-3950.45950170098
-3951.377519525
-3951.16656270764
-3951.11154781988
-3951.39900471797
-3951.28491605116
-3951.10354532737
-3950.27787883302
-3950.03649052218
-3950.95792742549
-3951.09002434839
-3951.1053692134
-3951.0910299764
-3951.40879331321
-3950.88215316497
-3950.30642118086
-3950.51787347704
-3951.13179768683
-3951.09261537766
-3951.16638634028
-3951.15246619755
-3951.07948283522
-3950.76530112038
-3950.41642521913
-3950.32443710058
-3951.05649769802
-3951.17323910084
-3951.22994164492
-3951.00741388979
-3951.34116632923
-3950.87091278779
-3950.30705888519
-3950.33966141252
-3950.99473984217
-3951.34297820299
-3951.03205095613
-3951.19425724765
-3951.06004972149
-3950.95614945466
-3950.32090646024
-3950.24898696212
-3951.20984391643
-3951.39132462976
-3951.37418415668
-3951.33079206887
-3951.38828615485
-3951.11152362185
-3950.29357097121
-3950.28606259964
-3951.10064857515
-3951.1888133092
-3951.06255424014
-3951.23056318763
-3951.16870825492
-3951.09052554555
-3950.2549895248
-3950.52297166814
-3950.89853506953
-3951.19943435173
-3951.33053640828
-3950.9207211464
-3951.33101889201
-3950.81460984917
-3949.95137935771
-3950.3984058656
-3951.15632830127
-3951.12305188655
-3951.3944479622
-3950.96891139938
-3951.41141946266
-3950.80825113226
-3950.35824369886
-3950.59361259613
-3951.12101821463
-3951.15964253155
-3951.14635206908
-3950.8739506609
-3951.20360310091
-3950.83462697008
-3950.24794645495
-3950.49235424476
-3951.02733774639
-3951.24599306967
-3951.29379862277
-3951.01516370564
-3951.39853450911
-3950.88079570906
-3950.27770466829
-3950.32496433119
-3950.90051986357
-3951.45657800121
-3951.34631755816
-3951.36100998718
-3951.37207146354
-3951.10175351711
-3950.35512536842
-3950.29866699415
-3951.09436762718
-3951.44905503458
-3951.31193856556
-3951.30095737823
-3951.39088732945
-3951.08385718485
-3950.25776816649
-3950.12333373829
-3951.33053640828
-3951.26496928448
-3950.86794684485
-3951.21630496383
-3951.19323266959
-3951.09812409887
-3950.27447326155
-3950.00108891575
-3950.70792593719
-3951.17339845976
-3951.1794767872
-3951.36064673346
-3951.43961679011
-3951.06873534376
-3950.22949318657
-3950.17218814202
-3951.12557241388
-3950.93905472012
-3951.16859340976
-3951.33053640828
-3951.28379588048
-3950.92388426786
-3950.29645534168
-3950.16751632669
-3950.86927938008
-3951.22762271092
-3951.10834504002
-3951.21396260425
-3951.47673440592
-3951.10568049873
-3950.27344649622
-3950.5368419703
-3950.90731205486
-3951.46019417622
-3950.92017405178
-3951.23051169322
-3951.17098356479
-3951.16153445499
-3950.30839324692
-3950.29037912881
-3950.89371463809
-3951.40637328156
-3951.07054770944
-3951.34979733429
-3951.17667658302
-3950.88401337827
-3951.33053640828
-3950.27722215054
-3950.84296068388
-3951.10964535364
-3950.93137706348
-3951.33072650738
-3951.16188302591
-3950.91480672339
-3950.43396190664
-3949.95525969637
-3950.77012915554
-3951.33053640828
-3950.96860428778
-3951.08618708491
-3951.22267742287
-3951.03261436788
-3950.3020794974
-3951.33053640828
-3949.65724948808
-3951.33072650738
-3949.70701037828
-3951.33019914123
-3951.33013952259
-3951.33024808036
-3951.33053640828
-3951.33053640828
-3951.33072650738
-3951.33053640828
-3951.33053640828
-3951.33013952259
-3951.33249829664
-3951.33204330942
-3951.33204330942
-3951.33053640828
-3951.33072650738
-3951.33072650738
-3951.33072650738
-3951.33053640828
-3951.33013952259
-3951.33024808036
-3950.35400117296
-3951.33053640828
-3951.33072650738
-3951.33053640828
-3951.33053640828
-3951.33053640828
-3951.33249829663
-3951.33204330942
-3951.33204330942
-3951.33053640828
-3951.33053640828
-3951.33053640828
-3951.33053640828
-3951.33072650738
-3951.33053640828
-3951.33053640828
-3951.33053640828
-3951.33053640828
-3951.33053640828
-3951.33053640828
-3951.33053640828
-3951.33053640828
-3951.33053640828
-3951.33204330942
-3951.33250944244
-3951.33053640828
-3951.33053640828
-3951.33053640828
-3949.77912400194
-3951.33053640828
-3951.33053640828
-3951.33053640828
-3951.33053640828
-3951.33053640828
-3951.33081429739
-3951.33053640828
-3951.33053640828
-3951.33053640828
-3951.33053640828
-3951.33053640828
-3951.33204330942
-3951.33204330942
-3951.33053640828
-3951.33053640828
-3951.33053640828
-3949.95833311457
-3951.33053640828
-3951.33053640828
-3951.33053640828
-3951.33053640828
-3951.33081429739
-3951.33053640828
-3951.33053640828
-3951.33053640828
-3951.33053640828
-3951.33053640828
-3951.33249829664
-3951.33250944244
-3949.47316726755
-3951.33053640828
-3951.33053640828
-3951.33053640828
-3951.33019914123
-3951.33053640828
-3951.33249829664
-3951.33249829664
-3951.33073221237
-3951.33053640828
-3951.33053640828
-3951.33053640828
-3951.33249829664
-3951.33053640828
-3950.37936509288
-3951.33053640828
-3951.33053640828
-3951.33053640828
-3951.33053640828
-3951.33053640828
-3951.33204330942
-3951.33019914123
-3951.33053640829
-3951.33081429739
-3951.33249829664
-3951.33053640828
-3951.33076226165
-3949.73622039463
-3951.33204330942
-3951.33204330942
-3951.33249829664
-3951.33081429739
-3951.33072650738
-3951.33072650738
-3951.33072650738
-3951.33053640828
-3951.33204330942
-3951.33204330942
-3951.33199682778
-3951.33234149609
-3951.33053640828
-3951.33053640829
-3951.33249829663
-3951.33204330942
-3951.33249829664
-3951.33204330942
-3951.33204330942
-3951.33072650738
-3951.41532505227
-3951.33053640829
-3951.33072650738
-3951.33159206309
-3951.33249829664
-3951.33249829664
-3951.33053640828
-3951.41532505227
-3949.73377942085
-3951.41562622021
-3951.33128998079
-3951.33053640828
-3951.37147618873
-3951.33249829664
-3951.33053640828
-3951.33249829664
-3951.33249829664
-3951.33076445447
-3951.33072650738
-3951.33053640828
-3951.33053640829
-3951.33249829664
-3951.33053640828
-3951.33053640828
-3951.33053640828
-3951.33053640828
-3951.33053640829
-3951.33053640828
-3951.33053640828
-3951.33019914123
-3951.33053640828
-3951.33072650738
-3951.33053640828
-3951.33053640828
-3949.69074943306
-3951.33053640828
-3951.33053640828
-3951.33013952259
-3951.33053640828
-3951.33053640828
-3951.33053640828
-3951.33053640828
-3951.33053640828
-3951.33053640828
-3949.72074152983
-3951.33072650738
-3951.33072650738
-3951.33053640828
-3951.40879331321
-3951.33053640828
-3951.33053640829
-3951.33053640828
-3951.33053640828
-3951.33053640828
-3951.33081429739
-3951.33053640828
-3951.33081429739
-3951.33053640828
-3951.33053640828
-3951.33053640828
-3951.33053640828
-3951.33053640828
-3951.33081429739
-3951.33053640828
-3951.33081429739
-3951.33081429739
-3951.33053640828
-3951.33053640828
-3951.33053640828
-3951.33053640828
-3951.33053640828
-3951.33081429739
-3951.40726058562
-3951.33053640828
-3951.33053640828
-3951.33053640828
-3951.33053640828
-3951.33053640828
-3951.33053640828
-3951.40879331321
-3951.33081429739
-3951.33081429739
-3951.33076226165
-3951.33053640828
-3951.33204330942
-3951.33053640828
-3951.33204330942
-3951.33081429739
-3951.40879331321
-3951.33081429739
-3951.33053640828
-3951.40879331321
-3951.33053640828
-3951.40879331321
-3951.33053640828
-3951.33249829664
-3951.40879331321
-3949.56321236488
-3951.33249829664
-3951.33044560043
-3951.33159206309
-3951.40881436535
-3951.40881436535
-3951.33081429739
-3951.33081429739
-3951.40770745037
-3951.33053640828
-3951.33053640828
-3951.33204330942
-3951.40881436535
-3951.33053640828
-3951.33081429739
-3951.33072650738
-3951.40881436535
-3951.33040453335
-3949.75970236706
-3951.33249829663
-3951.33249829664
-3951.33204330943
-3951.33053640828
-3951.33053640828
-3951.33053640828
-3951.33053640828
-3951.33204330942
-3951.33204330942
-3951.40881436535
-3951.33019914123
-3951.33053640828
-3951.32970612991
-3951.32919842917
-3951.32906863976
-3951.32919842917
-3951.33053640828
-3951.33013952259
-3951.33053640828
-3951.32893781433
-3951.32906863976
-3951.32906863976
-3951.32906863976
-3951.3297061299
-3951.33072650738
-3951.33053640828
-3951.33072650738
-3951.33053640828
-3951.33053640828
-3951.33072650738
-3951.32906863976
-3951.33179313561
-3949.52132380819
-3951.33053640828
-3951.33053640828
-3951.33053640828
-3951.33072650738
-3951.32906863976
-3951.33072650738
-3951.33053640828
-3951.33210988644
-3951.33053640828
-3950.35193675182
-3951.33053640828
-3951.33053640828
-3951.33053640828
-3951.33053640828
-3951.33053640828
-3951.33249829664
-3951.33053640829
-3951.33053640828
-3951.33053640828
-3949.6487787673
-3951.33072650738
-3951.33072650738
-3951.33249829664
-3951.33053640828
-3951.33053640828
-3951.33053640828
-3951.33053640828
-3951.33053640828
-3951.33053640828
-3951.33053640828
-3951.33053640828
-3951.33053640828
-3951.33053640828
-3951.33081429739
-3951.33053640828
-3951.33072650738
-3951.33053640828
-3951.33053640828
-3951.33053640828
-3951.33053640828
-3951.33073221237
-3951.33053640829
-3951.33081429739
-3951.33053640828
-3951.33053640828
-3951.33053640828
-3951.33053640828
-3951.33073221237
-3951.33053640828
-3951.33081429739
-3950.38212115307
-3951.33053640828
-3951.33053640828
-3951.33053640829
-3951.33053640829
-3951.33053640828
-3951.33053640828
-3951.33053640828
-3951.33053640828
-3951.40770745037
-3951.33081429739
-3951.33053640828
-3949.69687026766
-3951.33073221237
-3951.33053640828
-3951.33081429739
-3951.33081429739
-3951.33250944244
-3949.72069357076
-3951.33053640828
-3951.33053640828
-3951.33053640828
-3951.33053640828
-3950.28293163079
-3951.40770745037
-3951.33053640828
-3949.73383783491
-3951.33053640828
-3951.33053640828
-3951.33076226165
-3951.33019914123
-3951.33053640828
-3951.33053640828
-3951.33250944244
-3951.33053640828
-3951.33053640828
-3951.33053640828
-3951.33076226165
-3951.33053640828
-3951.33053640828
-3951.33081429739
-3951.33128998079
-3951.33053640828
-3951.32851801649
-3951.33053640828
-3951.33076226165
-3951.33019914123
-3951.33053640828
-3951.33053640828
-3951.32906863976
-3951.3301546401
-3951.3297061299
-3951.33076226165
-3951.33076226165
-3951.33076226165
-3951.33210988644
-3951.33072650738
-3951.32970612991
-3951.32906863976
-3951.32970612991
-3951.32970612991
-3951.32982222049
-3951.33210988644
-3951.33176466083
-3951.33072650738
-3951.33072650738
-3951.3297061299
-3951.33072650738
-3951.33072650738
-3951.33038202724
-3951.33176466083
-3951.33053640828
-3951.33072650738
-3951.33072650738
-3951.33072650738
-3951.33059829845
-3951.33059829845
-3951.33210988644
-3951.33053640828
-3951.33072650738
-3951.33072650738
-3951.33053640828
-3951.33072650738
-3951.33072650738
-3951.33059829845
-3951.33210988644
-3951.33053640828
-3951.33038202724
-3951.33053640828
-3951.33072650738
-3951.33072650738
-3951.33072650738
-3951.33250944244
-3951.33081429739
-3951.33081429739
-3951.33053640828
-3951.33053640828
-3951.33072650738
-3951.33072650738
-3951.33072650738
-3951.33072650738
-3951.33081429739
-3951.33049204306
-3951.33053640828
-3951.33072650738
-3951.33072650738
-3951.33072650738
-3951.33053640828
-3951.33072650738
-3951.33053640828
-3951.33053640828
-3951.33053640828
-3951.33204330942
-3951.33053640828
-3951.33072650738
-3951.33053640828
-3951.33053640828
-3951.33053640828
-3951.33053640828
-3951.33053640828
-3951.33053640828
-3951.33053640828
-3951.33053640828
-3951.33053640828
-3951.33053640828
-3951.33053640828
-3951.33053640828
-3951.33250944244
-3951.33072650738
-3951.33053640828
-3951.33053640828
-3949.81925312057
-3951.33053640828
-3951.33053640828
-3951.33053640828
-3951.33053640828
-3951.33204330942
-3951.33053640828
-3951.33053640828
-3951.33053640828
-3951.33053640829
-3951.33053640828
-3951.33053640828
-3951.33250944244
-3951.33382984039
-3951.33053640828
-3951.33053640828
-3951.33053640828
-3951.33053640828
-3951.33053640828
-3951.33053640828
-3951.33053640828
-3951.33053640828
-3951.33250944244
-3951.33250944244
-3951.33250944244
-3951.33053640828
-3951.33053640828
-3951.33053640828
-3951.33053640829
-3951.33275006325
-3951.33250944244
-3951.33053640828
-3951.33053640828
-3951.33053640828
-3951.33019914123
-3951.33053640828
-3951.33013952259
-3951.33053640829
-3951.32960780716
-3951.33250944244
-3951.32970612991
-3951.33053640828
-3951.33053640828
-3951.33210988644
-3951.33250944244
-3951.33053640828
-3951.33072650738
-3951.33072650738
-3951.33072650738
-3951.33072650738
-3951.33013952259
-3951.33210988644
-3951.33013952259
