# type 1 occupying energies
-4098.50252282922
-4099.07852903394
-4098.50252282922
-4098.50252282922
-4099.21053983699
-4098.50252282922
-4098.50252282922
-4099.65983387349
-4098.50252282922
-4098.50252282922
-4098.50252282922
-4098.68379741259
-4098.50252282922
-4098.50252282922
-4099.25842794105
-4098.50252282922
-4099.64413062142
-4098.50252282922
-4098.50252282922
-4098.50252282922
-4099.07656111147
-4098.50252282922
-4098.50252282922
-4099.48080395806
-4098.50252282922
-4098.50252282922
-4099.12002141551
-4099.25298599501
-4098.50252282922
-4098.50252282922
-4098.90979337349
-4098.50252282922
-4098.50252282922
-4098.50252282922
-4098.77690768034
-4098.50252282922
-4099.22918919382
-4099.11757880972
-4098.50252282922
-4098.50252282922
-4099.46828218787
-4098.50252282922
-4099.26382696411
-4099.53927810729
-4099.44896765098
-4099.51800031964
-4098.50252282922
-4099.77513544001
-4098.50252282922
-4099.28652406458
-4099.02677903524
-4098.50252282922
-4098.50252282922
-4099.35410219606
-4098.50252282922
-4098.50252282922
-4099.34555517383
-4098.50252282922
-4098.50252282922
-4098.50252282922
-4098.50252282922
-4098.50252282922
-4098.50252282922
-4098.50252282922
-4098.50252282922
-4099.238620855
-4098.50252282922
-4098.50252282922
-4098.97292535164
-4098.50252282922
-4099.1702250971
-4098.50252282922
-4098.50252282922
-4098.50252282922
-4098.50252282922
-4098.50252282922
-4099.13995578831
-4099.46181644803
-4098.50252282922
-4098.50252282922
-4098.50252282922
-4098.50252282922
-4099.30455628104
-4099.34502176328
-4098.50252282922
-4098.50252282922
-4098.91167823336
-4098.50252282922
-4098.50252282922
-4099.2342328263
-4099.48004436789
-4099.64216789678
-4098.50252282922
-4098.50252282922
-4098.50252282922
-4098.50252282922
-4098.50252282922
-4098.50252282922
-4099.14855854407
-4099.37019996136
-4098.50252282922
-4098.50252282922
-4099.0119870754
-4098.50252282922
-4098.50252282922
-4098.50252282922
-4099.38498175049
-4098.50252282922
-4098.50252282922
-4098.50252282922
-4098.50252282922
-4098.50252282922
-4098.50252282922
-4098.81413464206
-4098.50252282922
-4098.50252282922
-4099.35178865532
-4099.26930466661
-4098.50252282922
-4098.50252282922
-4098.50252282922
-4098.84402625143
-4098.50252282922
-4098.50252282922
-4099.18654769545
-4098.92999247068
-4098.50252282922
-4099.40061715006
-4098.50252282922
-4098.85381797821
-4098.50252282922
-4099.08447916076
-4098.50252282922
-4098.98762749722
-4098.50252282922
-4099.38646916535
-4098.50252282922
-4098.8469131691
-4098.50252282922
-4098.79648089204
-4098.50252282922
-4099.1135357659
-4098.50252282922
-4098.50252282922
-4098.50252282922
-4098.8534120773
-4098.50252282922
-4099.14892018418
-4098.50252282922
-4099.13020489815
-4098.50252282922
-4098.50252282922
-4098.50252282922
-4098.50252282922
-4098.50252282921
-4098.50252282922
-4098.50252282922
-4098.50252282922
-4098.50252282921
-4098.50252282922
-4098.50252282922
-4099.06493877557
-4098.50252282922
-4098.50252282922
-4098.50252282922
-4098.50252282922
-4098.50252282922
-4098.50252282922
-4098.50252282922
-4098.50252282922
-4098.50252282922
-4098.50252282922
-4099.23902247033
-4098.50252282922
-4098.86451172438
-4098.50252282922
-4099.56172540192
-4098.50252282922
-4099.49802084703
-4099.68860104558
-4099.25375384408
-4098.50252282922
-4099.40075585415
-4098.50252282922
-4098.50252282922
-4098.50252282922
-4098.50252282922
-4098.50252282922
-4099.12865148555
-4098.50252282922
-4099.07010227303
-4098.50252282922
-4098.50252282922
-4099.49289137273
-4099.22340360966
-4098.50252282922
-4098.50252282922
-4098.50252282922
-4098.96319124746
-4098.50252282922
-4098.50252282922
-4099.27342733409
-4099.41870650228
-4099.32986898498
-4099.01059512663
-4098.50252282922
-4098.50252282922
-4098.50252282922
-4098.50252282922
-4099.36448186161
-4098.50252282922
-4099.74974599118
-4099.28547626864
-4098.50252282922
-4099.14460344392
-4099.8695294996
-4098.50252282922
-4099.51452312617
-4099.98802538227
-4099.6277063081
-4098.50252282922
-4099.34722143755
-4098.90391989331
-4098.50252282922
-4098.50252282922
-4099.41155109349
-4099.93638451709
-4099.45753533762
-4099.43376561395
-4098.50252282922
-4099.12940573984
-4098.50252282922
-4098.50252282922
-4098.92864483594
-4098.50252282922
-4098.50252282922
-4098.50252282922
-4098.50252282922
-4098.92577987587
-4098.50252282922
-4098.50252282922
-4098.50252282922
-4099.42557809184
-4098.87232618336
-4098.50252282922
-4098.50252282922
-4098.50252282922
-4098.50252282922
-4098.50252282922
-4098.79400795507
-4098.50252282922
-4098.50252282922
-4098.50252282922
-4099.05915884321
-4098.50252282922
-4098.50252282922
-4098.50252282922
-4098.83790864841
-4098.50252282922
-4098.50252282922
-4098.50252282922
-4099.49031747301
-4099.57832692646
-4099.90679742181
-4098.50252282922
-4098.50252282922
-4098.50252282922
-4098.50252282922
-4098.50252282922
-4099.48130439682
-4098.50252282922
-4098.50252282922
-4098.50252282922
-4098.50252282922
-4098.50252282922
-4098.50252282922
-4099.42341876729
-4098.50252282922
-4098.50252282922
-4098.50252282922
-4099.1704725847
-4099.66027160874
-4098.50252282922
-4098.50252282922
-4099.19598350428
-4098.50252282922
-4099.45062302301
-4098.50252282922
-4098.50252282922
-4099.37113807973
-4098.76964680053
-4098.50252282922
-4098.85401170035
-4098.50252282922
-4098.9204721892
-4098.50252282922
-4098.50252282922
-4098.50252282922
-4099.13741736784
-4098.50252282922
-4099.03793948852
-4099.38451603464
-4098.98297212726
-4098.50252282922
-4098.50252282922
-4098.50252282922
-4098.75657233243
-4098.50252282922
-4098.50252282922
-4099.00544437114
-4099.26060507282
-4098.50252282922
-4099.59945697777
-4098.8189143571
-4098.50252282922
-4098.50252282922
-4098.50252282922
-4098.96753159757
-4098.50252282922
-4098.50252282922
-4098.50252282922
-4098.50252282922
-4098.50252282922
-4099.00482815186
-4098.50252282922
-4098.90711746263
-4099.17397590527
-4098.50252282922
-4098.50252282922
-4099.03904433173
-4098.50252282922
-4099.04295093347
-4098.50252282922
-4098.50252282922
-4098.50252282922
-4098.9191925587
-4098.50252282922
-4099.34116610656
-4100.00832157661
-4099.60054649916
-4098.50252282922
-4099.05867330033
-4098.50252282922
-4098.50252282922
-4098.50252282922
-4098.50252282922
-4098.50252282922
-4099.26376747253
-4098.50252282922
-4098.50252282922
-4098.50252282922
-4098.50252282922
-4098.50252282922
-4099.0783576618
-4098.50252282922
-4098.50252282922
-4099.43133612536
-4099.36175180877
-4098.50252282922
-4098.50252282922
-4098.50252282922
-4098.50252282922
-4099.54648456587
-4099.45023967047
-4098.50252282922
-4098.50252282922
-4098.50252282922
-4098.50252282922
-4098.50252282922
-4098.50252282922
-4098.50252282922
-4098.89783402363
-4098.50252282922
-4098.50252282922
-4099.24482037506
-4098.50252282922
-4099.58437552232
-4099.15227996333
-4098.50252282922
-4098.50252282922
-4099.33474801129
-4098.50252282922
-4099.20485435582
-4098.50252282922
-4099.30545553869
-4098.50252282922
-4099.26243445856
-4099.82723511035
-4098.50252282922
-4098.50252282922
-4099.08563391005
-4098.50252282922
-4098.50252282922
-4099.26072168281
-4098.50252282922
-4099.36334316869
-4099.01852688234
-4098.50252282922
-4098.50252282922
-4098.50252282922
-4099.30314542887
-4098.50252282922
-4099.37910625703
-4099.69411440269
-4099.24289477646
-4098.50252282922
-4098.50252282922
-4098.50252282922
-4098.50252282922
-4098.50252282922
-4099.32071265289
-4098.50252282922
-4098.50252282922
-4099.22778806965
-4099.01602115963
-4098.50252282922
-4098.50252282922
-4099.19520770584
-4099.45386625315
-4099.61021759128
-4098.50252282922
-4099.60948337616
-4098.8256718967
-4098.50252282922
-4098.50252282922
-4098.95845660686
-4098.50252282922
-4098.50252282922
-4098.50252282922
-4098.50252282922
-4098.99976535649
-4098.50252282922
-4098.50252282922
-4099.08980128396
-4098.50252282922
-4099.17488522169
-4099.44820507455
-4098.50252282922
-4099.45222395024
-4098.50252282922
-4098.50252282922
-4099.13002860429
-4098.50252282922
-4098.50252282922
-4099.46610899591
-4099.41365243692
-4099.16547688498
-4099.73503639055
-4098.50252282922
-4099.01139725956
-4098.50252282922
-4098.50252282922
-4098.50252282922
-4098.50252282922
-4098.50252282922
-4099.5464273617
-4098.50252282922
-4098.98172515268
-4098.50252282922
-4098.50252282922
-4098.50252282922
-4098.50252282922
-4098.50252282922
-4098.50252282922
-4098.50252282922
-4098.50252282922
-4098.50252282922
-4098.50252282922
-4099.08098552502
-4099.41268358475
-4098.50252282922
-4098.50252282922
-4098.50252282922
-4098.50252282922
-4099.12092841417
-4099.20891102922
-4098.50252282922
-4098.50252282922
-4099.20350277878
-4098.50252282922
-4098.50252282922
-4098.50252282922
-4099.09191525437
-4098.50252282922
-4099.33836556684
-4098.50252282922
-4099.13801463313
-4098.50252282922
-4098.90773802855
-4098.50252282922
-4098.50252282922
-4099.47622766636
-4098.50252282922
-4099.31082530032
-4098.50252282922
-4098.50252282922
-4098.50252282922
-4098.50252282922
-4098.50252282922
-4098.50252282922
-4098.85587384524
-4098.50252282922
-4098.90018406994
-4098.50252282922
-4098.50252282922
-4099.25856105623
-4099.19830995807
-4098.50252282922
-4099.52004385745
-4098.50252282922
-4099.12479552544
-4098.50252282922
-4099.54774932974
-4098.50252282922
-4099.5336815593
-4098.50252282922
-4099.39746574892
-4098.50252282922
-4099.53811439441
-4099.83576275383
-4099.55772126043
-4099.9966359565
-4099.59395773986
-4098.50252282922
-4099.44774195104
-4099.97941335045
-4099.68556044271
-4099.35902529548
-4099.50483335978
-4100.11092636038
-4099.37174827058
-4098.50252282922
-4099.22804259997
-4099.94507100411
-4099.61221702763
-4099.80388093987
-4099.76952320343
-4100.1330015309
-4099.80358277941
-4100.20290576685
-4099.69659930466
-4100.00336340136
-4100.11761728392
-4099.61606364073
-4099.45903813952
-4099.8670558914
-4099.60424063096
-4098.50252282922
-4099.57251785686
-4099.5693474286
-4099.83941495674
-4099.4714245773
-4099.92405163083
-4098.50252282922
-4099.9062921109
-4099.78580083483
-4099.73271480673
-4098.50252282922
-4098.50252282922
-4098.50252282922
-4098.50252282922
-4098.50252282922
-4099.53076159063
-4098.50252282922
-4098.50252282922
-4099.3903304953
-4099.65852580775
-4098.50252282922
-4099.16437250652
-4098.50252282922
-4099.34107078729
-4098.50252282922
-4099.26345891136
-4098.50252282922
-4098.50252282922
-4099.5362649468
-4099.40401275598
-4098.50252282922
-4099.14434777213
-4098.50252282922
-4098.50252282922
-4099.32032283307
-4098.50252282922
-4099.02728366259
-4099.18673694863
-4099.98923213293
-4099.34166369124
-4098.50252282922
-4099.12096422923
-4098.50252282922
-4099.56173200385
-4098.81096175887
-4099.23740878209
-4099.73414090791
-4099.26909220254
-4099.37934957588
-4099.25076997133
-4098.50252282922
-4098.50252282922
-4099.15236851494
-4099.32959926226
-4098.50252282922
-4099.58239532677
-4099.52016708153
-4098.50252282922
-4099.4486895458
-4098.50252282922
-4098.50252282922
-4099.19082061569
-4099.75623117243
-4098.50252282922
-4099.85429569579
-4098.50252282922
-4099.46564640822
-4099.48257445034
-4099.34451636029
-4098.50252282922
-4099.36924763584
-4099.91769928227
-4098.50252282922
-4098.50252282922
-4099.18869234638
-4099.61087087314
-4099.08299223089
-4099.2770930669
-4098.50252282922
-4099.77843121773
-4100.14547295628
-4099.73911431906
-4098.50252282922
-4099.78474874539
-4099.33665068143
-4099.4311888431
-4098.50252282922
-4099.71891144254
-4099.44839692105
-4098.50252282922
-4098.50252282922
-4098.50252282922
-4099.36983332232
-4098.50252282922
-4098.50252282922
-4099.79658273619
-4100.11230686673
-4099.78670621975
-4099.8437796041
-4099.81193951052
-4099.17076152403
-4099.47636049796
-4098.50252282922
-4098.50252282922
-4098.50252282922
-4099.74855565633
-4099.55733927689
-4098.50252282922
-4098.92312841654
-4099.49457346259
-4098.50252282922
-4099.74047511761
-4099.98628154926
-4099.91339462433
-4098.50252282922
-4098.50252282922
-4099.26190536553
-4099.28809410202
-4099.83536282472
-4099.41615578861
-4098.50252282922
-4098.50252282922
-4099.81077951311
-4098.50252282922
-4099.07509205436
-4099.46079520572
-4099.90475438823
-4099.9264957377
-4098.50252282922
-4099.67191023287
-4098.50252282922
-4099.50290327818
-4099.53128363503
-4098.50252282922
-4099.52906393959
-4099.62003024467
-4098.50252282922
-4099.64101317566
-4099.884661163
-4099.66621090058
-4098.50252282922
-4099.32685750268
-4098.50252282922
-4098.50252282922
-4099.2015232397
-4098.50252282922
-4098.50252282922
-4099.32195160386
-4099.60712643072
-4099.39330099762
-4098.50252282922
-4099.74069241535
-4099.61462531627
-4099.59217521297
-4099.6705202832
-4099.60242906619
-4099.1699930442
-4099.28292612834
-4098.50252282922
-4099.24589294555
-4098.50252282922
-4098.50252282922
-4099.15852159923
-4099.45701392927
-4099.32466652495
-4098.92435584428
-4099.92843079215
-4099.72898345182
-4099.73363293208
-4098.50252282922
-4099.51908673785
-4098.50252282922
-4098.50252282922
-4099.53268598063
-4099.87899123672
-4099.51090670891
-4098.50252282922
-4099.34091384528
-4098.50252282922
-4098.50252282922
-4099.62032156065
-4098.50252282922
-4099.9338677056
-4099.81222708667
-4098.50252282922
-4098.50252282922
-4098.50252282922
-4099.76769023349
-4099.4962715177
-4099.50546042231
-4099.82321561351
-4098.50252282922
-4099.32764136179
-4099.68999463679
-4098.50252282922
-4099.55382430635
-4099.53163297059
-4099.7727453449
-4099.88810974816
-4099.82734052849
-4098.50252282922
-4099.22847056565
-4099.89447079682
-4099.88602281839
-4099.31899868695
-4099.60531647623
-4099.70488873559
-4098.50252282922
-4099.49821462446
-4098.50252282922
-4098.50252282922
-4098.50252282922
-4099.17645541732
-4099.53172025533
-4099.75495142935
-4098.50252282922
-4098.50252282922
-4098.50252282922
-4099.48915917279
-4099.80036825714
-4099.04936909828
-4099.37701982185
-4098.50252282922
-4099.23861375922
-4098.50252282922
-4099.73386745194
-4099.89320132429
-4098.50252282922
-4098.50252282922
-4099.13957607889
-4098.50252282922
-4098.50252282922
-4098.50252282922
-4099.72909310272
-4099.87965233012
-4099.44585191884
-4098.50252282922
-4099.28553703244
-4098.50252282922
-4099.53559953054
-4099.96283951929
-4099.47752268482
-4098.50252282922
-4098.50252282922
-4098.50252282922
-4099.18730113416
-4099.72358646373
-4099.43441106514
-4098.50252282922
-4099.57147896134
-4099.86833866156
-4099.33730755236
-4099.72785016575
-4099.4674389208
-4099.74208263005
-4098.50252282922
-4099.84692099806
-4099.71163533689
-4099.78038949798
-4099.67181847792
-4099.20447432715
-4098.50252282922
-4098.50252282922
-4099.67632535332
-4098.50252282922
-4099.77895686014
-4099.98315075096
-4098.50252282922
-4099.16602018908
-4099.61304642778
-4099.79799567716
-4098.50252282922
-4099.91825787385
-4098.50252282922
-4099.80935577792
-4098.50252282922
-4099.48099757411
-4099.02417375716
-4099.42512492794
-4099.78914931845
-4099.65000225083
-4100.10250253686
-4099.45753120873
-4099.84759533711
-4098.50252282922
-4099.6050276435
-4099.40030706247
-4100.07421093364
-4099.84332612841
-4100.16662511629
-4099.58578918423
-4099.92472390779
-4099.10567513961
-4098.50252282922
-4098.50252282922
-4098.50252282922
-4099.55158499897
-4100.13286318135
-4098.50252282922
-4098.50252282922
-4099.13036061502
-4099.34815871803
-4098.50252282922
-4099.79252302724
-4098.50252282922
-4098.50252282922
-4098.50252282922
-4098.50252282922
-4099.40872119716
-4098.50252282922
-4099.84688416705
-4098.50252282922
-4098.50252282922
-4099.66628067506
-4099.67440664813
-4099.64362693468
-4098.50252282922
-4099.13930379895
-4098.50252282922
-4098.50252282922
-4098.50252282922
-4099.09613290237
-4099.7477892838
-4099.71747066467
-4099.6576673312
-4099.22941547931
-4099.79060573936
-4099.06831676485
-4098.50252282922
-4099.561817471
-4098.50252282922
-4098.50252282922
-4099.43594202181
-4099.35893962136
-4098.50252282922
-4099.33256345001
-4099.80579930737
-4099.55581152806
-4098.50252282922
-4098.50252282922
-4098.50252282922
-4099.27075968666
-4099.65285198719
-4098.50252282922
-4099.8954462114
-4099.36160009375
-4099.77288751345
-4099.59583912791
-4099.58702216727
-4099.49825242789
-4098.50252282922
-4099.76464908001
-4098.50252282922
-4099.71705992608
-4099.26464482223
-4098.50252282922
-4099.37715165458
-4099.26508281916
-4098.50252282922
-4099.70709039874
-4098.50252282922
-4098.50252282922
-4098.50252282922
-4099.46924894398
-4098.50252282922
-4098.99026822093
-4098.50252282922
-4099.2775756082
-4099.66601979085
-4098.50252282922
-4098.50252282922
-4099.55902755656
-4098.50252282922
-4099.0490226322
-4098.50252282922
-4099.26147970914
-4098.50252282922
-4098.50252282922
-4098.50252282922
-4098.50252282922
-4099.35564685227
-4098.50252282922
-4098.50252282922
-4099.11696687611
-4098.50252282922
-4099.49740869314
-4099.66354446432
-4099.73019724656
-4099.34660602636
-4098.82129838156
-4098.50252282922
-4099.29668612528
-4099.67154112547
-4098.50252282922
-4099.80409433921
-4099.52780573121
-4098.50252282922
-4099.17853493337
-4099.53655713931
-4098.50252282922
-4098.50252282922
-4099.531699468
-4098.50252282922
-4098.50252282922
-4099.10982926432
-4098.50252282922
-4099.65307704365
-4099.11569838881
-4098.50252282922
-4098.50252282922
-4099.4716741924
-4099.68541599817
-4099.0920099248
-4099.81868828321
-4099.75588019581
-4098.50252282922
-4099.55048275697
-4099.83155318733
-4099.69677472279
-4098.50252282922
-4099.4709423588
-4099.956398312
-4098.50252282922
-4098.50252282922
-4098.50252282922
-4099.64540308217
-4099.56021063072
-4098.50252282922
-4098.50252282922
-4099.44471915458
-4098.50252282922
-4098.50252282922
-4098.50252282922
-4099.75990867005
-4098.50252282922
-4099.58428677021
-4098.50252282922
-4099.54315311746
-4098.50252282922
-4099.30232331759
-4098.50252282922
-4099.34262862797
-4098.50252282922
-4099.68182188478
-4099.41236277964
-4099.37799591429
-4098.50252282922
-4099.3908928274
-4099.50986665135
-4099.34423737592
-4099.56714828864
-4099.53882631344
-4098.50252282922
-4099.07693585915
-4098.50252282922
-4099.29523941466
-4099.49780960813
-4098.50252282922
-4098.50252282922
-4099.58034971887
-4099.42526891033
-4098.50252282922
-4099.93271426436
-4099.68532102796
-4099.63671823419
-4098.50252282922
-4099.53933124398
-4099.82877154686
-4098.50252282922
-4099.33735498507
-4100.01304784538
-4098.50252282922
-4099.85492335086
-4098.50252282922
-4098.50252282922
-4099.58914775683
-4099.37342576327
