# type 2 occupying energies
-3949.914820235
-3950.84677126768
-3950.86833115933
-3951.11147584229
-3951.28198138713
-3951.17226114941
-3950.87038925
-3950.38070693866
-3950.06490952503
-3951.1326367859
-3951.12026823671
-3950.91838889821
-3951.14807104731
-3951.2107139812
-3951.13998093883
-3950.4206487048
-3950.46103894622
-3951.04906545057
-3951.23001199393
-3951.29763685804
-3951.07608911033
-3951.33599092112
-3951.03496782857
-3950.37173392591
-3950.44031762935
-3950.76884339531
-3951.02029629959
-3951.28198138713
-3951.13684244994
-3951.1379266068
-3951.11214892948
-3950.43446658767
-3950.3868408494
-3950.89665374326
-3951.15271962338
-3951.17220366761
-3951.15960364864
-3951.25246117848
-3951.03797851399
-3950.38091261039
-3950.41308530856
-3950.95699198032
-3950.98777166068
-3951.22693259636
-3950.95631607691
-3951.34844745595
-3951.00779860718
-3950.35700530451
-3950.18538447596
-3950.91137073902
-3951.1291925068
-3951.03881687077
-3950.95208481803
-3951.28142468837
-3950.85569145608
-3950.13432644068
-3950.1863519591
-3950.83298626856
-3951.08448645835
-3951.14700836878
-3950.96594773412
-3951.24925064114
-3950.8425064216
-3950.3321553443
-3950.31105113484
-3950.82091783112
-3951.07664984022
-3950.98239896177
-3950.97758740673
-3951.10212818472
-3950.75126147153
-3950.24908304884
-3950.1006031335
-3950.84883570417
-3951.16070550197
-3951.10830405349
-3950.91785824206
-3951.15151040612
-3950.83417320008
-3950.21632205211
-3950.14076368179
-3950.74855593498
-3951.29709463251
-3951.01445833026
-3951.06747351035
-3951.05700335459
-3950.93430153532
-3950.27004368889
-3950.51674430139
-3951.26075993244
-3951.01302093388
-3951.05668933528
-3951.15300755411
-3951.03233915831
-3950.92785775363
-3950.28854094745
-3950.26069150458
-3951.10241386704
-3951.38550860741
-3951.26518730102
-3951.22290424443
-3951.29021045557
-3950.80664139348
-3950.25755546085
-3950.58142192051
-3951.12395184412
-3951.3473755285
-3951.05501956513
-3951.04560898737
-3951.112670647
-3951.02441775292
-3950.35132114342
-3950.10134142287
-3951.28198138713
-3951.19778174529
-3950.79983622754
-3951.34165579937
-3951.10490769931
-3950.89075208172
-3950.30344452134
-3950.09077607801
-3951.11943031129
-3950.99686480938
-3951.08012227722
-3951.34531257625
-3951.20021339766
-3951.02129360036
-3950.40271660146
-3950.11236608398
-3950.9784327779
-3951.114972991
-3951.08707924273
-3951.28198138713
-3951.19673438428
-3950.84518159824
-3950.2748603511
-3950.17867292456
-3951.10156952156
-3951.32833818805
-3951.29989310013
-3951.28878582037
-3951.42773871891
-3951.0181378092
-3950.36865511479
-3950.19886791362
-3951.00668554425
-3951.04210514382
-3951.15079673157
-3950.87390012575
-3951.39333931648
-3951.07869873892
-3950.37260508193
-3950.12149362389
-3950.95250130698
-3951.29731182204
-3951.27773617435
-3951.31261118114
-3951.13091177993
-3951.07070768322
-3950.19745586278
-3950.14584159777
-3950.89411887179
-3951.02901269378
-3951.17930502904
-3951.09947881841
-3951.29059422107
-3951.14145988929
-3950.34392216381
-3950.17041894833
-3950.94768782105
-3951.16528765199
-3951.26598828809
-3951.25037926685
-3951.09556831677
-3950.96632584892
-3949.98947120233
-3950.21108862301
-3950.75453661895
-3951.14694295459
-3951.1493122381
-3951.13826659937
-3951.2934246254
-3950.96437392013
-3950.21126740736
-3950.13492692329
-3950.8982502209
-3951.10587795358
-3951.17764465577
-3951.20904271256
-3951.25855065083
-3951.01185167207
-3950.22671883645
-3951.28146609272
-3950.88010943004
-3950.97318711953
-3951.21850052396
-3951.09316749143
-3951.10568274952
-3950.92970743588
-3950.06180682721
-3950.23470031809
-3951.06928894039
-3951.1831474836
-3951.2141556789
-3951.19122651607
-3951.02103534877
-3950.92349927713
-3950.03426608552
-3950.4579217864
-3950.90547115663
-3951.27176284572
-3950.86910114913
-3951.04797000471
-3951.28100785246
-3950.79140384629
-3949.88304648986
-3950.32733974081
-3950.8554057418
-3951.19423045107
-3951.30621640731
-3950.84926416142
-3951.15172502635
-3951.28100785247
-3949.95541908729
-3950.23849643463
-3951.28198138713
-3950.91008769409
-3950.85478780602
-3951.28100785246
-3951.08319684943
-3950.69432077644
-3950.27043757358
-3949.99046791956
-3950.9030710719
-3951.19418197215
-3951.26389138021
-3951.22963851681
-3951.38347722196
-3950.84798956598
-3950.213980119
-3950.07736795534
-3951.14149363282
-3951.07730330092
-3951.09774263408
-3951.15483976579
-3951.20687268928
-3951.08220694793
-3950.33541619715
-3950.04039485963
-3951.06008250099
-3951.12519878294
-3951.24340723624
-3951.32929655421
-3951.38793809107
-3951.01210675438
-3950.18549743016
-3950.19252091018
-3951.05812132187
-3951.37349491256
-3951.24328735356
-3951.30381038903
-3951.07128392724
-3950.85492893477
-3951.28136147025
-3950.2491730932
-3951.009679928
-3951.37077980095
-3951.29795114798
-3951.33174315365
-3951.37910014696
-3950.89076514822
-3950.04632337397
-3950.18490701266
-3951.08949745038
-3951.30652044347
-3951.32451500563
-3951.30849425061
-3951.11931112155
-3950.86440419277
-3950.27644275835
-3950.5035653276
-3951.24440992546
-3951.37180062358
-3951.18275956068
-3951.26683559931
-3951.13943676251
-3950.87544564074
-3950.31084646286
-3950.09672622869
-3951.00893813083
-3951.26903400105
-3951.23659528622
-3951.11558540863
-3951.07383998572
-3951.28136147025
-3950.16594408605
-3950.51837263475
-3950.83567840055
-3951.29626822611
-3951.14035552084
-3951.24643454424
-3951.13174467437
-3951.09575052145
-3950.18267197559
-3950.15046889154
-3951.01506522456
-3951.2356871754
-3951.19844609404
-3951.23109681642
-3951.14413655176
-3950.92924390188
-3950.3757471153
-3950.22515079689
-3951.01053072559
-3951.28537353489
-3951.13222295332
-3951.11321152104
-3951.12409657754
-3950.93399634394
-3950.42176725892
-3950.27520878186
-3951.17525421375
-3951.2697174284
-3951.2962870056
-3951.15593291595
-3951.17324538318
-3950.92516400883
-3950.42292599514
-3950.27825232807
-3951.06931589835
-3951.31002057841
-3951.00428079597
-3951.20961364976
-3951.00408772288
-3950.97627081428
-3950.44462832248
-3950.22795903788
-3951.28100785247
-3951.15236333857
-3951.04943282968
-3951.33325930024
-3951.04069939516
-3951.10463195699
-3950.18826852434
-3950.40840614954
-3951.45396099867
-3951.08650113071
-3951.07150099942
-3951.29167932866
-3951.08957797807
-3950.96964727574
-3950.08940732659
-3949.99736017188
-3950.81724387153
-3951.19577279143
-3951.0677430112
-3951.08913865838
-3951.28198138713
-3950.8149034856
-3949.9208169119
-3950.4922036329
-3951.01756804367
-3951.16313767917
-3951.03742283025
-3951.18869885275
-3950.93389840606
-3950.78571862633
-3950.22381380746
-3950.21563545446
-3951.0740506537
-3951.36938352775
-3951.28832956895
-3951.10978717043
-3951.39886733361
-3950.81756971555
-3950.19598807893
-3950.16865110968
-3951.06479603652
-3951.43366675927
-3951.08210333729
-3951.13515034167
-3951.13461329498
-3950.85655180594
-3950.23512152414
-3950.3704651898
-3951.10491816202
-3951.35520168685
-3951.3653717022
-3951.2608392342
-3951.41136581409
-3951.06470595891
-3950.24418149996
-3950.31334090188
-3951.04549533567
-3951.2258681509
-3951.03063997999
-3951.11934592978
-3951.12706739906
-3951.06692146089
-3950.22036208864
-3950.51790696186
-3950.805300776
-3951.10031652058
-3951.28198138713
-3950.94214232151
-3951.28142468837
-3950.7761024542
-3950.09713623622
-3950.28442592644
-3950.98536601665
-3951.00941311616
-3951.26889317251
-3950.91435370996
-3951.30225201541
-3950.73023908838
-3950.34746636737
-3950.50439346712
-3951.05540612455
-3950.97790653761
-3951.07659139028
-3950.75632217691
-3951.09084391306
-3950.79646202453
-3950.25485722854
-3950.30456990929
-3950.93431436444
-3951.0113094166
-3951.07925400756
-3950.85412185577
-3951.16915785939
-3950.81875379375
-3950.15589927374
-3950.33725703015
-3950.9165177365
-3951.18674687454
-3951.15604085016
-3951.14205494843
-3951.10460282237
-3950.98747038063
-3950.20108778123
-3950.29393381413
-3950.99067788395
-3951.1518184045
-3951.10557781986
-3951.05746392397
-3951.07443942969
-3950.90877796077
-3950.20051727418
-3950.28275218757
-3951.28136147025
-3951.05955375085
-3950.88047169589
-3951.04822602381
-3950.92079169007
-3950.94894288141
-3950.1815853054
-3950.08957214843
-3950.69673466908
-3950.98430366269
-3950.99262836887
-3951.14419249613
-3951.13855689248
-3950.85736108499
-3950.11273768957
-3950.36674874632
-3951.0889503008
-3951.00649268408
-3951.06770178624
-3951.28198138713
-3950.96693550169
-3950.87960460473
-3950.20384813274
-3950.28828501782
-3950.83561284858
-3951.18320095164
-3951.03114749844
-3951.0659060288
-3951.19837296612
-3950.97322264326
-3950.23292843992
-3950.52802671426
-3950.9661947641
-3951.34618421282
-3950.90765652642
-3951.17308825896
-3951.11524770427
-3951.00117041854
-3950.10751482075
-3950.32871948437
-3950.80739829828
-3951.3872513802
-3951.06898561891
-3951.29682103593
-3951.03878406017
-3950.79506929212
-3951.28156054511
-3950.37903972582
-3950.91204576404
-3950.98058732554
-3950.88086657812
-3951.28136147025
-3951.10751094011
-3950.87956099258
-3950.2105052524
-3950.06106153618
-3950.66207195125
-3951.28198138713
-3950.94532061484
-3950.91986388175
-3951.13793321655
-3950.90556601974
-3950.20294438017
-3951.28156054511
-3949.73273513035
-3951.28154522479
-3949.73895310193
-3951.28476762335
-3951.28198138713
-3951.28136147025
-3951.28100785246
-3951.28100785247
-3951.28222779416
-3951.28476762335
-3951.28487862605
-3951.28142468837
-3951.28100785247
-3951.28142468837
-3951.28100785246
-3951.28136147025
-3951.28440208506
-3951.28440208506
-3951.28113549339
-3951.28147940197
-3951.28198138713
-3951.28100785247
-3950.39820373345
-3951.28222779416
-3951.28476762335
-3951.28220289477
-3951.28476762335
-3951.28136147025
-3951.28198138713
-3951.28100785246
-3951.28142468837
-3951.28198138713
-3951.28437607584
-3951.28439460029
-3951.29560678226
-3951.28100785246
-3951.28198138713
-3951.28100785247
-3951.28156054511
-3951.28492276293
-3951.28437607584
-3951.28222779416
-3951.28156054511
-3951.28198138713
-3951.28146609272
-3951.28198138713
-3951.28180243047
-3951.29673846683
-3951.28522054474
-3951.29727292543
-3949.72133238527
-3951.28471342081
-3951.28136147025
-3951.28100785246
-3951.28156054511
-3951.28100785247
-3951.28156054511
-3951.29813976848
-3951.28126411335
-3951.28126411335
-3951.28126411335
-3951.28198138713
-3951.28136147025
-3951.28439460029
-3951.28100785247
-3951.28100785246
-3951.28136147025
-3949.88261469747
-3951.28136147025
-3951.28136147025
-3951.28100785247
-3951.28100785246
-3951.28100785247
-3951.28166465532
-3951.28100785246
-3951.28126411335
-3951.28126411335
-3951.28126411335
-3951.28171944893
-3951.28100785247
-3949.69443016279
-3951.28050671401
-3951.28100785246
-3951.28136147025
-3951.28136147025
-3951.28198138713
-3951.28142468837
-3951.28440208506
-3951.28136147025
-3951.28136147025
-3951.28100785246
-3951.28136147025
-3951.28100785247
-3951.28100785246
-3950.32568802511
-3951.28100785246
-3951.28050671401
-3951.28050671401
-3951.28147940196
-3951.28136147025
-3951.28136147025
-3951.28198138713
-3951.28136147025
-3951.28440208506
-3951.28136147025
-3951.28136147025
-3951.28142468837
-3949.68621011656
-3951.28142468837
-3951.28100785247
-3951.28156054511
-3951.28476762335
-3951.28476762335
-3951.27823650132
-3951.28487862605
-3951.28476762335
-3951.28147940197
-3951.28136147025
-3951.28100785246
-3951.28156054511
-3951.28440208506
-3951.28487862605
-3951.28487862605
-3951.28147940196
-3951.28142468837
-3951.28147940197
-3951.28198138713
-3951.28100785246
-3951.28156054511
-3951.28483343102
-3951.28198138713
-3951.28100785246
-3951.28136147025
-3951.28136147025
-3951.28100785246
-3951.28483343102
-3949.42884409156
-3951.28440208506
-3951.28440208506
-3951.28198138713
-3951.28136147025
-3951.28198138713
-3951.28136147025
-3951.29727292543
-3951.28136147025
-3951.28196994967
-3951.28471342081
-3951.28136147025
-3951.28136147025
-3951.28136147025
-3951.28136147025
-3951.28453691254
-3951.28441144839
-3951.28405441686
-3951.28471342081
-3951.28136147025
-3951.28136147025
-3951.28136147025
-3951.28100785247
-3951.29727292543
-3951.28471342081
-3951.28198138713
-3949.60685924065
-3951.28198138713
-3951.28198138713
-3951.28136147025
-3951.28198138713
-3951.28136147025
-3951.28471342081
-3951.2843946003
-3951.28471342081
-3951.28136147025
-3949.72990248878
-3951.28136147025
-3951.28126411335
-3951.28198138713
-3951.28473427788
-3951.28600272149
-3951.28191066853
-3951.28146609273
-3951.28191066853
-3951.28146609272
-3951.28126411335
-3951.28134951523
-3951.28111450199
-3951.28191066853
-3951.28253653414
-3951.28191066853
-3951.28253653414
-3951.28134951523
-3951.28127133949
-3951.28100785247
-3951.28100785246
-3951.28126411335
-3951.28126411335
-3951.28191066853
-3951.28253653414
-3951.28191066853
-3951.28171944893
-3951.28100785247
-3951.28100785247
-3951.28191066853
-3951.28177146744
-3951.28253653414
-3951.28253653414
-3951.28191066853
-3951.28243668421
-3951.28439460029
-3951.28136147025
-3951.28100785246
-3951.28100785247
-3951.28126411335
-3951.28236077964
-3951.28146609272
-3951.28143671013
-3951.28142468837
-3951.28100785247
-3951.28100785247
-3951.28111450199
-3951.28197045404
-3951.28550862013
-3951.28177146744
-3951.28100785247
-3951.28198138713
-3951.28100785246
-3949.58989818952
-3951.28156054511
-3951.28100785247
-3951.28156054511
-3951.28156054511
-3951.28198138713
-3951.28100785246
-3951.28100785246
-3951.28100785246
-3951.28100785247
-3951.28156054511
-3951.28198138713
-3951.28198138713
-3951.28136147025
-3951.28142468837
-3951.28483343102
-3951.28440208506
-3951.28156054511
-3949.66132945234
-3951.28100785247
-3951.28142468837
-3951.28136147025
-3951.28136147025
-3951.28142468837
-3951.28100785246
-3951.28100785246
-3951.28440208506
-3951.28198138713
-3951.28198138713
-3951.28136147025
-3951.28471080015
-3951.28100785247
-3951.28100785247
-3951.28100785247
-3951.28476762335
-3951.28100785247
-3951.28198138713
-3951.28136147025
-3951.28198138713
-3951.28136147025
-3951.28100785247
-3951.28100785247
-3951.28142468837
-3951.28100785247
-3951.28142468837
-3951.28136147025
-3951.28485097783
-3951.28100785246
-3951.28483343102
-3951.28100785246
-3951.28136147025
-3949.65847435916
-3951.28136147025
-3951.28198138713
-3951.28198138713
-3951.28198138713
-3951.28142468837
-3951.28100785247
-3951.28100785247
-3951.28100785247
-3951.28100785246
-3950.29564623462
-3951.28522054474
-3951.28111450199
-3951.2843946003
-3951.28111450199
-3951.28100785247
-3951.28136147025
-3951.28136147025
-3951.28100785247
-3951.28136147025
-3949.6995894529
-3951.28100785246
-3951.28136147025
-3951.28100785247
-3951.28136147025
-3951.28136147025
-3951.28136147025
-3951.28111450199
-3951.28111450199
-3951.28253653414
-3951.28191066852
-3951.2850960536
-3951.28253653414
-3951.28134951523
-3951.28134951523
-3951.28111450199
-3951.28198438539
-3951.28111450199
-3951.28134951523
-3951.28111450199
-3951.28134951523
-3951.28134951523
-3951.28100785246
-3951.28111450199
-3951.28100785247
-3951.28127133949
-3951.28100785247
-3951.28253653414
-3951.28187587282
-3951.28253653414
-3951.28127133949
-3950.37719978305
-3951.28136147025
-3951.28100785247
-3951.28100785247
-3951.28187587282
-3951.28440208506
-3951.28127133949
-3951.28100785246
-3951.28100785246
-3951.28100785246
-3951.28100785247
-3951.28100785247
-3949.6226616818
-3951.28550862013
-3951.2824165075
-3951.28476762335
-3951.28100785247
-3951.28136147025
-3949.71924777871
-3951.28100785247
-3951.28111450199
-3951.28156054511
-3951.28198138713
-3950.21252001713
-3951.28100785246
-3951.28100785247
-3949.67771596596
-3951.28100785247
-3951.28156054511
-3951.28198138713
-3951.28198138713
-3951.28142468837
-3951.28100785246
-3951.28136147025
-3951.28100785247
-3951.28100785246
-3951.28100785247
-3951.28471080015
-3951.28198138713
-3951.28471080015
-3951.28198138713
-3951.28100785246
-3951.28100785247
-3951.28100785246
-3951.28156054511
-3951.28156054511
-3951.28198138713
-3951.28136147025
-3951.28100785246
-3951.28136147025
-3951.28100785246
-3951.28100785246
-3951.28142468837
-3951.28484359788
-3951.28196994967
-3951.28100785247
-3951.28136147025
-3951.28198138713
-3951.28136147025
-3951.28198138713
-3951.28100785247
-3951.28100785247
-3951.28142468837
-3951.28156054511
-3951.28136147025
-3951.28198138713
-3951.27882860377
-3951.28198138713
-3951.28198138713
-3951.28136147025
-3951.28198138713
-3951.28156054511
-3951.28476762335
-3951.28198138713
-3951.28198138713
-3951.28198138713
-3951.28142468837
-3951.28196994967
-3951.28100785247
-3951.28198138713
-3951.28100785246
-3951.28136147025
-3951.28198138713
-3951.28198138713
-3951.28198138713
-3951.28198138713
-3951.28156054511
-3951.28196994967
-3951.28136147025
-3951.29727292543
-3951.28198138713
-3951.28136147025
-3951.28136147025
-3951.28136147025
-3951.28100785247
-3951.28198138713
-3951.29673846683
-3951.28198138713
-3951.28198138713
-3951.2962707341
-3951.28198138713
-3951.28136147025
-3951.28196994967
-3951.28100785247
-3951.28198138713
-3951.28166465532
-3951.29727292543
-3951.28471342081
-3951.28136147025
-3951.28198138713
-3951.28136147025
-3951.28198138713
-3951.28156054511
-3951.29813976848
-3951.28198138713
-3951.28198138713
-3951.28198138713
-3951.28471342081
-3951.28156054511
-3951.28100785247
-3951.28100785246
-3951.28102096438
-3951.28198138713
-3951.29727292543
-3951.2850960536
-3951.28440208506
-3951.28100785246
-3951.28440208506
-3951.28198138713
-3951.28166465532
-3951.29813976848
-3949.93287052382
-3951.28437607584
-3951.28476762335
-3951.28440208506
-3951.28198138713
-3951.28100785247
-3951.28102096438
-3951.28136147025
-3951.28136147025
-3951.28136147025
-3951.28156054511
-3951.28100785247
-3951.28136147025
-3951.28136147025
-3951.28083985333
-3951.28198138713
-3951.28021335915
-3951.28476762335
-3951.28198138713
-3951.28198138713
-3951.28136147025
-3951.28100785247
-3951.28050671401
-3951.28050671401
-3951.27882860377
-3951.28142468837
-3951.28198138713
-3951.28198138713
-3951.28100785247
-3951.28100785247
-3951.28136147025
-3951.28050671401
-3951.27823650132
-3951.28198138713
-3951.28198138713
-3951.28100785247
-3951.28136147025
-3951.28198138713
-3951.28110817159
-3951.28136147025
-3951.27882860377
-3951.28136147025
-3951.28198138713
-3951.28142468837
-3951.28198138713
-3951.28156054511
-3951.28110817159
-3951.27823650132
-3951.27882860377
-3951.27882860377
-3951.28198138713
-3951.28198138713
-3951.28198138713
