# type 1 occupying energies
-4049.70903857578
-4050.40293510225
-4049.70903857578
-4049.70903857578
-4050.30241626772
-4049.70903857578
-4049.70903857578
-4049.70903857578
-4049.70903857578
-4049.70903857578
-4049.70903857578
-4049.70903857578
-4049.70903857578
-4049.70903857578
-4049.70903857578
-4049.70903857578
-4049.70903857578
-4049.70903857578
-4049.70903857578
-4049.70903857578
-4049.89955947857
-4049.70903857578
-4049.70903857578
-4049.70903857578
-4050.82733773574
-4049.70903857578
-4050.51096531398
-4050.29030342971
-4049.70903857578
-4049.70903857578
-4049.70903857578
-4049.70903857578
-4049.70903857578
-4049.70903857578
-4049.70903857578
-4049.70903857578
-4049.70903857578
-4049.77462600325
-4049.70903857578
-4049.70903857578
-4049.70903857578
-4049.70903857578
-4050.20622090593
-4050.13275863365
-4049.70903857578
-4049.70903857578
-4049.70903857578
-4050.9072903516
-4049.70903857578
-4050.11162458435
-4050.20579184701
-4049.70903857578
-4049.70903857578
-4050.52726906711
-4049.70903857578
-4049.70903857578
-4049.70903857578
-4049.70903857578
-4049.70903857578
-4049.70903857578
-4049.70903857578
-4049.70903857578
-4049.70903857578
-4049.70903857578
-4049.70903857578
-4049.70903857578
-4049.70903857578
-4049.70903857578
-4050.1683472689
-4049.70903857578
-4050.54532405155
-4049.70903857578
-4049.70903857578
-4049.70903857578
-4049.70903857578
-4049.70903857578
-4050.11824971158
-4050.43625292086
-4049.70903857578
-4049.70903857578
-4049.70903857578
-4049.70903857578
-4050.16015012757
-4050.60890015972
-4049.70903857578
-4049.70903857578
-4049.92299140403
-4049.70903857578
-4049.70903857578
-4050.3168450565
-4050.29370013257
-4049.70903857578
-4049.70903857578
-4049.70903857578
-4049.70903857578
-4049.70903857578
-4049.70903857578
-4049.70903857578
-4050.23694445409
-4049.70903857578
-4049.70903857578
-4049.70903857578
-4049.70903857578
-4049.70903857578
-4049.70903857578
-4049.70903857578
-4050.34624104666
-4049.70903857578
-4049.70903857578
-4049.70903857578
-4049.70903857578
-4049.70903857578
-4049.70903857578
-4050.0108450545
-4049.70903857578
-4049.70903857578
-4050.19108549605
-4050.2424211464
-4049.70903857578
-4049.70903857578
-4049.70903857578
-4049.70903857578
-4049.70903857578
-4049.70903857578
-4049.70903857578
-4050.21061921723
-4049.70903857578
-4050.55888886572
-4049.70903857578
-4049.70903857578
-4049.70903857578
-4050.14936440416
-4050.66246209703
-4050.43031953719
-4049.70903857578
-4050.71782615491
-4049.70903857578
-4049.98659130314
-4049.70903857578
-4049.70903857578
-4049.70903857578
-4050.08238589212
-4049.70903857578
-4049.70903857578
-4049.70903857578
-4049.70903857578
-4049.70903857578
-4050.19127653303
-4049.70903857578
-4050.26818271461
-4049.70903857578
-4049.70903857578
-4049.70903857578
-4049.70903857578
-4049.70903857578
-4049.70903857578
-4049.70903857578
-4049.70903857578
-4049.70903857578
-4049.70903857578
-4049.70903857578
-4050.11859315965
-4049.70903857578
-4049.70903857578
-4049.70903857578
-4049.70903857578
-4049.70903857578
-4049.70903857578
-4049.70903857578
-4049.70903857578
-4049.70903857578
-4049.70903857578
-4050.22255780321
-4049.70903857578
-4050.17556328143
-4049.70903857578
-4049.70903857578
-4049.70903857578
-4050.31072199208
-4049.87272998746
-4049.70903857578
-4049.70903857578
-4049.70903857578
-4049.70903857578
-4049.70903857578
-4049.70903857578
-4049.70903857578
-4049.70903857578
-4049.70903857578
-4049.70903857578
-4049.98643508724
-4049.70903857578
-4049.70903857578
-4049.70903857578
-4049.70903857578
-4049.70903857578
-4049.70903857578
-4049.70903857578
-4050.03588135079
-4049.70903857578
-4049.70903857578
-4050.15035349299
-4049.70903857578
-4049.70903857578
-4049.70903857578
-4049.70903857578
-4049.70903857578
-4049.70903857578
-4049.70903857578
-4050.62016126003
-4049.70903857578
-4050.63023177495
-4050.03015534287
-4049.70903857578
-4049.70903857578
-4050.9033814964
-4049.70903857578
-4049.70903857578
-4050.25472724261
-4049.70903857578
-4049.70903857578
-4049.70903857578
-4050.07918318242
-4049.70903857578
-4049.70903857578
-4050.20642240354
-4049.70903857578
-4050.42762469991
-4050.02797450453
-4049.70903857578
-4049.70903857578
-4049.70903857578
-4049.70903857578
-4049.70903857578
-4049.70903857578
-4049.70903857578
-4049.70903857578
-4049.70903857578
-4050.21897730729
-4049.70903857578
-4049.70903857578
-4049.70903857578
-4049.70903857578
-4050.14553724565
-4049.70903857578
-4049.70903857578
-4049.70903857578
-4049.70903857578
-4049.70903857578
-4049.89530778417
-4049.70903857578
-4049.70903857578
-4049.70903857578
-4050.21180481821
-4049.70903857578
-4049.70903857578
-4049.70903857578
-4049.70903857578
-4049.70903857578
-4049.70903857578
-4049.70903857578
-4050.3430106117
-4049.70903857578
-4051.06637577864
-4049.70903857578
-4049.70903857578
-4049.70903857578
-4049.70903857578
-4049.70903857578
-4050.2775443208
-4049.70903857578
-4049.70903857578
-4049.70903857578
-4049.70903857578
-4049.70903857578
-4049.70903857578
-4050.28094159073
-4049.70903857578
-4049.70903857578
-4049.70903857578
-4049.70903857578
-4049.70903857578
-4049.70903857578
-4049.70903857578
-4050.24295973966
-4049.70903857578
-4050.66982698341
-4049.70903857578
-4049.70903857578
-4049.70903857578
-4049.70903857578
-4049.70903857578
-4049.70903857578
-4049.70903857578
-4050.09111325319
-4049.70903857578
-4049.70903857578
-4049.70903857578
-4049.99180208808
-4049.70903857578
-4049.70903857578
-4050.60814303838
-4050.22163666952
-4049.70903857578
-4049.70903857578
-4049.70903857578
-4049.87459531055
-4049.70903857578
-4049.70903857578
-4049.70903857578
-4050.14031676105
-4050.78234755033
-4050.60917327272
-4049.70903857578
-4049.70903857578
-4049.70903857578
-4049.70903857578
-4050.22217962026
-4049.70903857578
-4049.70903857578
-4049.70903857578
-4049.70903857578
-4049.70903857578
-4049.70903857578
-4049.70903857578
-4049.77890192242
-4050.11055558887
-4049.70903857578
-4049.70903857578
-4050.06340253153
-4049.70903857578
-4049.70903857578
-4049.70903857578
-4049.70903857578
-4049.70903857578
-4050.4456681061
-4049.70903857578
-4050.15090103292
-4050.03782329062
-4049.70903857578
-4049.70903857578
-4049.70903857578
-4049.70903857578
-4049.70903857578
-4049.70903857578
-4049.70903857578
-4049.70903857578
-4049.70903857578
-4049.70903857578
-4049.70903857578
-4049.70903857578
-4049.70903857578
-4049.70903857578
-4049.96465199504
-4049.70903857578
-4049.70903857578
-4049.70903857578
-4050.22446476614
-4049.70903857578
-4049.70903857578
-4049.70903857578
-4049.70903857578
-4049.70903857578
-4049.70903857578
-4049.70903857578
-4049.70903857578
-4049.70903857578
-4049.70903857578
-4049.70903857578
-4049.70903857578
-4049.70903857578
-4050.01952830072
-4049.70903857578
-4049.70903857578
-4050.54904659897
-4049.70903857578
-4049.70903857578
-4049.9690855927
-4049.70903857578
-4049.70903857578
-4050.22339135324
-4049.70903857578
-4050.35902575609
-4049.70903857578
-4049.70903857578
-4049.70903857578
-4049.70903857578
-4050.35514603932
-4049.70903857578
-4049.70903857578
-4049.70903857578
-4049.70903857578
-4049.70903857578
-4049.70903857578
-4049.70903857578
-4049.70903857578
-4050.05219275728
-4049.70903857578
-4049.70903857578
-4049.70903857578
-4050.35273006622
-4049.70903857578
-4049.70903857578
-4050.4672220927
-4049.70903857578
-4049.70903857578
-4049.70903857578
-4049.70903857578
-4049.70903857578
-4049.70903857578
-4050.19544785141
-4049.70903857578
-4049.70903857578
-4049.70903857578
-4049.98319861882
-4049.70903857578
-4049.70903857578
-4050.37453519987
-4050.5587912545
-4050.44813139099
-4049.70903857578
-4049.70903857578
-4050.19369225911
-4049.70903857578
-4049.70903857578
-4049.98459514058
-4049.70903857578
-4049.70903857578
-4049.70903857578
-4049.70903857578
-4049.70903857578
-4049.70903857578
-4049.70903857578
-4050.07630636055
-4049.70903857578
-4050.08097976647
-4050.54041896634
-4049.70903857578
-4050.44368971947
-4049.70903857578
-4049.70903857578
-4050.29162748486
-4049.70903857578
-4049.70903857578
-4049.70903857578
-4050.54697217363
-4050.33740399817
-4049.70903857578
-4049.70903857578
-4050.15679561778
-4049.70903857578
-4049.70903857578
-4049.70903857578
-4049.70903857578
-4049.70903857578
-4049.70903857578
-4049.70903857578
-4049.70903857578
-4049.70903857578
-4049.70903857578
-4049.70903857578
-4049.70903857578
-4049.70903857578
-4049.70903857578
-4049.70903857578
-4049.70903857578
-4049.70903857578
-4050.26791466478
-4049.87455734311
-4049.70903857578
-4049.70903857578
-4049.70903857578
-4050.59698324986
-4049.70903857578
-4049.70903857578
-4050.34754117728
-4049.70903857578
-4049.70903857578
-4049.93425892584
-4049.70903857578
-4049.70903857578
-4049.70903857578
-4049.70903857578
-4049.70903857578
-4050.18543178229
-4049.70903857578
-4049.94877670341
-4049.70903857578
-4050.36266090795
-4049.70903857578
-4049.70903857578
-4050.36323313733
-4049.70903857578
-4049.70903857578
-4049.70903857578
-4050.85061704051
-4049.70903857578
-4049.70903857578
-4049.70903857578
-4049.70903857578
-4049.91745061758
-4049.70903857578
-4050.10499806909
-4049.70903857578
-4049.70903857578
-4049.70903857578
-4050.02404004218
-4049.70903857578
-4049.70903857578
-4049.70903857578
-4050.10040726924
-4049.70903857578
-4050.40840602421
-4049.70903857578
-4050.83709026583
-4049.70903857578
-4051.06260154207
-4051.46909772086
-4051.19400978785
-4050.90365347245
-4050.45275991183
-4051.14938245762
-4050.8546609549
-4051.38629813788
-4051.1796944678
-4051.21504710194
-4051.30406252123
-4050.69597421529
-4050.44945264307
-4051.28447994856
-4050.92685717157
-4049.70903857578
-4051.08602630682
-4051.24941659583
-4051.14777484735
-4049.70903857578
-4050.51418191805
-4051.19943223535
-4051.0789081158
-4051.39390339887
-4051.26691433955
-4051.35254908214
-4051.3011450891
-4050.69219223762
-4050.62994992522
-4051.11336595202
-4051.27024234591
-4051.33649330598
-4051.30960102603
-4051.48072646425
-4050.95287126887
-4050.57343338445
-4050.73767304646
-4049.70903857578
-4051.08019163326
-4051.10234853818
-4051.24084878472
-4049.70903857578
-4051.00613076857
-4050.50795383914
-4049.70903857578
-4051.05817061145
-4051.1673844864
-4049.70903857578
-4051.03628335303
-4051.30700040752
-4051.27649183008
-4050.92169498118
-4050.65750306021
-4051.15727103962
-4050.8842608519
-4049.70903857578
-4050.78803222155
-4049.70903857578
-4051.14311447145
-4050.65774800737
-4050.65492648262
-4049.70903857578
-4050.4839694809
-4049.70903857578
-4049.70903857578
-4051.24779708734
-4051.09128230235
-4050.57653423192
-4050.50610616702
-4051.07765878278
-4050.69582069783
-4049.70903857578
-4050.65378152341
-4051.19586250988
-4051.2319720453
-4050.4591280543
-4050.41079509129
-4050.95426718937
-4050.81236973651
-4050.99275285542
-4050.80197795806
-4050.97504204087
-4049.70903857578
-4050.59607308689
-4050.31143238141
-4049.70903857578
-4050.85188935323
-4050.98946969234
-4051.07741499916
-4051.21740706873
-4051.2911033321
-4049.70903857578
-4050.65592031187
-4050.99895713418
-4049.70903857578
-4050.85362011483
-4049.70903857578
-4051.09711069859
-4051.11612107707
-4050.6791556713
-4049.70903857578
-4050.85138640882
-4051.10203004569
-4050.75065777863
-4049.70903857578
-4051.08210623293
-4051.20892391297
-4050.5391152722
-4050.66445521928
-4049.70903857578
-4051.25170180495
-4051.12448891503
-4051.21547271682
-4049.70903857578
-4051.20202759495
-4050.66388395817
-4050.44299924958
-4049.70903857578
-4049.70903857578
-4051.02058409603
-4051.07260555114
-4051.11422750992
-4051.23469709889
-4050.62375038849
-4049.70903857578
-4051.11306698572
-4051.28174311772
-4051.34739637137
-4051.32045342213
-4049.70903857578
-4051.17323599612
-4050.40296156386
-4050.82394114411
-4049.70903857578
-4051.18406420028
-4051.20904728497
-4051.10431517378
-4050.97415473879
-4051.16947333782
-4050.58871894412
-4050.82862972231
-4049.70903857578
-4051.26653856022
-4051.1264402795
-4051.18872366019
-4051.07972571284
-4049.70903857578
-4050.45862053232
-4050.45736542537
-4051.12673002466
-4051.05775099485
-4049.70903857578
-4049.70903857578
-4051.13470180931
-4049.70903857578
-4050.44138293446
-4050.52044834774
-4051.00083963741
-4051.00046170925
-4049.70903857578
-4050.86064475018
-4049.70903857578
-4051.08449346382
-4050.63497336913
-4049.70903857578
-4051.13229464346
-4051.02788179273
-4050.93357032797
-4051.1029274973
-4051.02043193528
-4051.07680793833
-4049.70903857578
-4050.65696017573
-4049.70903857578
-4050.87690216604
-4050.66468680037
-4049.70903857578
-4050.86813999675
-4051.02275917384
-4050.73015630367
-4050.59469007044
-4051.25898081143
-4050.98041903787
-4050.99116961938
-4050.92618853139
-4050.98017328584
-4051.18140682169
-4050.46496626055
-4050.56594940414
-4049.70903857578
-4050.77390729746
-4050.81019241063
-4049.70903857578
-4050.87793172273
-4051.3650558805
-4050.60720820209
-4050.31853180351
-4051.25790101224
-4051.22983263494
-4050.89209889451
-4049.70903857578
-4050.81482659939
-4051.32228921294
-4049.70903857578
-4050.51613015814
-4051.1226829079
-4050.85233731261
-4049.70903857578
-4050.90622104512
-4049.70903857578
-4051.20440185618
-4050.94276724781
-4049.70903857578
-4051.3058221346
-4051.13342360639
-4049.70903857578
-4049.70903857578
-4049.70903857578
-4050.98762256077
-4050.37831864566
-4050.73706589423
-4051.15718823378
-4049.70903857578
-4049.70903857578
-4050.86988288593
-4051.16328303484
-4051.14138341388
-4050.93096165216
-4051.03263619722
-4051.41027567155
-4050.64512017496
-4049.70903857578
-4050.41234449938
-4051.12098273669
-4051.16594952666
-4050.55399098962
-4050.76054745099
-4051.10079685692
-4049.70903857578
-4051.20192830772
-4049.70903857578
-4051.11648843813
-4051.43362746519
-4050.66147990419
-4050.65917273149
-4051.36190183675
-4051.07849463147
-4049.70903857578
-4050.86482894944
-4051.10730000986
-4051.32409441789
-4050.71319677906
-4050.74143250823
-4051.0449906061
-4050.98297237626
-4049.70903857578
-4051.09226307613
-4051.20084717304
-4050.97685785646
-4049.70903857578
-4050.84189767545
-4051.05395891268
-4049.70903857578
-4049.70903857578
-4050.87981366314
-4051.22580120629
-4051.03285508937
-4050.68403688002
-4050.66529467551
-4049.70903857578
-4050.88995578722
-4051.19568822997
-4050.88369832792
-4049.70903857578
-4050.91792298191
-4049.70903857578
-4050.76914450085
-4051.1663819136
-4049.70903857578
-4049.70903857578
-4050.67043535781
-4050.94877242278
-4050.69767954342
-4049.70903857578
-4050.53141909216
-4051.06028846603
-4051.02273700651
-4051.00841913571
-4051.08689998081
-4050.76641612504
-4050.98671945993
-4050.43022761405
-4049.70903857578
-4049.70903857578
-4050.78256074064
-4049.70903857578
-4050.90577868706
-4049.70903857578
-4049.70903857578
-4050.44585312327
-4051.10983370847
-4051.03435902806
-4049.70903857578
-4050.96637720728
-4049.70903857578
-4051.01723135556
-4049.70903857578
-4050.65567772524
-4050.44868759528
-4050.67248818842
-4050.93192779909
-4050.86880468246
-4051.09536334521
-4051.12321448364
-4049.70903857578
-4050.58625240736
-4051.22188436939
-4051.02499942744
-4051.32679878461
-4051.02989393543
-4051.26477667779
-4051.01586477784
-4051.12033869977
-4050.4494422169
-4049.70903857578
-4049.70903857578
-4049.70903857578
-4050.64709193223
-4051.40007249867
-4051.26402190489
-4051.34744377636
-4050.64443456836
-4050.81321239503
-4051.24665153322
-4051.37247725031
-4050.9615601953
-4049.70903857578
-4049.70903857578
-4049.70903857578
-4050.54162247487
-4050.86654405293
-4051.14407060158
-4049.70903857578
-4049.70903857578
-4051.05185350482
-4050.96654438886
-4051.01982310078
-4049.70903857578
-4050.74148766872
-4051.2681752079
-4049.70903857578
-4049.70903857578
-4050.55361332347
-4050.73407095036
-4050.76089282381
-4050.50704379638
-4050.70446687876
-4051.2545274776
-4051.01349658645
-4049.70903857578
-4050.76659454885
-4049.70903857578
-4049.70903857578
-4050.48645508007
-4050.97156033694
-4051.06752686156
-4051.0219872624
-4051.09438266598
-4050.87126823932
-4049.70903857578
-4049.70903857578
-4050.44814362276
-4050.8044354727
-4051.08681172348
-4049.70903857578
-4051.11313810341
-4050.57946408372
-4050.984402602
-4050.87062015633
-4050.68582697137
-4050.61052598595
-4049.70903857578
-4051.14275790655
-4049.70903857578
-4051.03081857647
-4050.79387557544
-4051.33049008017
-4050.75293507859
-4050.50840003934
-4051.22467446334
-4050.86466912485
-4049.70903857578
-4049.70903857578
-4050.89328488704
-4051.24181143053
-4050.60722258813
-4050.52867703857
-4051.13997567783
-4050.80241770487
-4050.93558822829
-4049.70903857578
-4049.70903857578
-4050.97952997442
-4049.70903857578
-4050.54567507097
-4051.35426992084
-4050.80553297942
-4051.12550388604
-4049.70903857578
-4049.70903857578
-4050.97662961193
-4050.64442696166
-4050.64462462612
-4049.70903857578
-4050.4730382444
-4049.70903857578
-4050.65500685522
-4051.30119467749
-4050.6669927155
-4050.76985187865
-4050.49813454373
-4051.15727764081
-4051.16904250036
-4051.37016755732
-4050.94430744714
-4051.39150404344
-4050.85610543939
-4049.70903857578
-4050.43620299593
-4050.97298599558
-4049.70903857578
-4050.98928492432
-4051.11500508194
-4051.41345650103
-4051.07829447228
-4050.78481038795
-4050.55942408868
-4051.07857301578
-4050.91460097647
-4049.70903857578
-4051.19856383996
-4051.41197051673
-4051.32352093215
-4050.95225110631
-4050.7438817735
-4051.04914512472
-4049.70903857578
-4051.12046864511
-4051.40868354358
-4051.28788285405
-4049.70903857578
-4050.79754346294
-4050.73199121209
-4051.09321220724
-4049.70903857578
-4049.70903857578
-4051.25975629156
-4051.19320285267
-4051.34639956306
-4049.70903857578
-4050.57062292577
-4051.30939587037
-4049.70903857578
-4051.15498422752
-4051.14958499462
-4049.70903857578
-4050.97404078803
-4049.70903857578
-4050.67958298922
-4049.70903857578
-4051.14265586203
-4051.12477777325
-4051.14046431605
-4050.97182736793
-4051.17612951853
-4050.79724946943
-4050.79968202882
-4049.70903857578
-4051.11724121542
-4051.04121046155
-4050.70708820958
-4050.7596833157
-4050.63858459734
-4049.70903857578
-4050.6566923206
-4051.27618654183
-4051.20439772489
-4051.08351039412
-4049.70903857578
-4051.02739631083
-4050.89255323552
-4050.80623075604
-4050.58369239333
-4051.33053811403
-4051.27427284689
-4051.08254463229
-4049.70903857578
-4050.90947963655
-4051.04747864839
-4050.57608927807
-4050.80943866698
-4051.25436069188
-4051.23308358325
-4051.27675574033
-4049.70903857578
-4050.99849247311
-4051.1531237779
-4050.63970522896
