# type 2 occupying energies
-3971.90337524718
-3972.60168499149
-3972.86141111062
-3972.84726193987
-3973.22494732981
-3972.85647124176
-3972.67202186567
-3972.14668266329
-3972.2104063836
-3972.81010844391
-3973.11441978955
-3972.55746532219
-3972.88478671244
-3972.89052944836
-3972.73974348368
-3972.0878232188
-3972.48510513348
-3972.97684325373
-3973.21055665337
-3972.99797547552
-3972.97436806095
-3973.10235002801
-3972.94531367879
-3972.12435763415
-3972.38369857416
-3972.82480459572
-3973.22494732981
-3973.2249473298
-3972.84406255916
-3972.97318140184
-3972.79853952783
-3972.09125885744
-3972.35687185569
-3972.87116816517
-3973.25238693941
-3973.30840308148
-3973.1313433662
-3973.25456270974
-3972.88158484053
-3972.10430640489
-3972.61218000736
-3972.61722948639
-3972.97944731041
-3973.00052495672
-3972.97326687055
-3973.05848535329
-3972.91107580342
-3972.07464073074
-3972.20191497866
-3972.84747506176
-3973.36736655683
-3973.05125648162
-3973.06762549101
-3973.2249473298
-3972.819265485
-3971.88282083404
-3973.22494732981
-3972.59235641205
-3973.03849285321
-3973.07791502098
-3972.89123690138
-3973.08692858116
-3972.76722942482
-3971.99108511034
-3972.15154395478
-3972.7807239811
-3973.15667196224
-3973.06149576698
-3973.02987410366
-3973.16471069894
-3972.70359430769
-3972.09995951981
-3972.15952616655
-3972.93295971101
-3973.35438392307
-3973.18777749834
-3973.02350724592
-3973.02531876915
-3972.67413133223
-3971.96993778568
-3971.85601737125
-3972.80131661368
-3973.2249473298
-3973.03584632748
-3973.06464106957
-3973.21894660512
-3973.0669581909
-3972.1196367983
-3972.19220420626
-3973.22508807025
-3972.89607901236
-3972.90777735589
-3973.21633982113
-3972.87655673959
-3972.88460813436
-3972.18011199335
-3972.16558240165
-3973.05295369276
-3973.34069405474
-3973.21430160308
-3973.18838904977
-3973.31723769393
-3972.73253541536
-3972.31375836912
-3972.30644346461
-3973.13742630061
-3973.05822730611
-3972.88331430952
-3973.20265567756
-3972.94583013331
-3972.94158630789
-3972.21496957028
-3972.05074199276
-3973.22508664725
-3973.11411859367
-3972.54887326375
-3973.22357086219
-3973.22494732981
-3972.7217002466
-3972.057425075
-3972.17726362926
-3973.06365551809
-3972.85411978894
-3972.93620937966
-3972.94879878905
-3973.01951117384
-3972.72140508332
-3972.25113136079
-3972.19313316591
-3972.93460451424
-3972.85989929674
-3972.91085899078
-3973.2249473298
-3972.89134269742
-3972.79100269562
-3972.2095106083
-3972.12467594208
-3972.87734838919
-3972.91573295163
-3973.03791476621
-3973.02183218967
-3973.0507882644
-3972.94782987191
-3972.27895361515
-3972.28105873252
-3972.86195525215
-3973.03835564887
-3972.96739623566
-3972.67730590307
-3972.85727692508
-3972.93892065937
-3971.96348020087
-3972.20282671465
-3972.93364140304
-3973.05655788673
-3972.99191400324
-3973.02313010943
-3972.70280397543
-3972.87620325728
-3971.9501960493
-3972.14857463465
-3973.2249473298
-3972.68218855507
-3972.87935910182
-3972.95938216202
-3972.73747239196
-3972.90865545266
-3971.89428507159
-3972.00400626345
-3972.77775889117
-3972.86027823942
-3973.07768657508
-3972.92609925271
-3972.75875848105
-3973.2249473298
-3971.90870279995
-3971.9207056887
-3972.78843752444
-3973.2249473298
-3972.95893953689
-3972.93831180222
-3972.88080791256
-3973.01896078169
-3972.0164622554
-3972.08565559669
-3972.89164467952
-3972.9195437253
-3973.10696352392
-3973.0333476973
-3973.15832247835
-3972.97548471809
-3972.12305650675
-3972.2763627855
-3973.08409184368
-3973.24490251486
-3973.2259567778
-3972.96313334859
-3972.7814723131
-3973.2249473298
-3971.79665848474
-3972.06666047646
-3972.99485315506
-3973.20848733824
-3973.10674835285
-3973.18288240716
-3973.02663332958
-3973.05418434248
-3972.11406399331
-3972.0491993651
-3973.2249473298
-3972.9140061022
-3972.63421627595
-3973.11202396267
-3973.22494732981
-3972.82915540207
-3971.72401763449
-3971.98159473068
-3972.7826034931
-3972.86330393076
-3973.19818629155
-3972.77424944258
-3973.1419518506
-3973.34756949302
-3972.18449809327
-3972.06781929878
-3973.2249473298
-3972.53902809543
-3972.8853985954
-3973.2249473298
-3973.14746772197
-3972.61920604436
-3972.30309879665
-3971.81103247888
-3972.85069219633
-3972.77348410465
-3973.08425776827
-3973.01268705398
-3973.2931781889
-3972.89199636079
-3972.34593692061
-3972.0430458421
-3972.77942518276
-3972.75043590895
-3973.2249473298
-3972.85339351438
-3972.82969316001
-3972.96529950501
-3972.22414878113
-3971.92423130824
-3972.93753811682
-3972.6199984918
-3973.08456509506
-3972.93691837643
-3973.07897682011
-3972.99195963875
-3972.28988790332
-3972.10419650082
-3972.9195664019
-3973.01502266353
-3973.06355131536
-3973.05071978269
-3972.86381974873
-3972.88559023682
-3973.2249473298
-3972.16223582293
-3972.85855268863
-3973.06496976195
-3973.08240861795
-3972.91152078425
-3973.22494732981
-3972.59392369307
-3971.78935477372
-3972.16195976557
-3972.88289219215
-3973.04314152987
-3973.02666025722
-3973.03465476519
-3972.96086489532
-3972.79623833668
-3972.0872149133
-3972.41442124937
-3973.03356091006
-3973.07511494748
-3973.10335750089
-3972.86104397283
-3972.97997136498
-3972.53445660266
-3972.15870943175
-3972.26522445189
-3972.96393584427
-3973.02588637137
-3973.12825664758
-3972.98954189609
-3972.95802645052
-3973.2249473298
-3972.12999821398
-3972.46860015229
-3972.91389610689
-3973.14588912447
-3973.17600156486
-3973.14919821616
-3973.21073884541
-3972.92202227187
-3972.12999443846
-3972.20015264826
-3972.99877787708
-3973.19582357173
-3973.2271085383
-3973.11232229087
-3973.06911124869
-3972.88276831682
-3972.45463837608
-3972.14937891222
-3972.96556816082
-3973.2860041124
-3973.17116854496
-3973.18565037457
-3973.28191258898
-3972.95576474455
-3972.27461074132
-3972.07035610289
-3972.99628082189
-3973.23847372444
-3973.01961922927
-3972.98385057437
-3973.2249473298
-3972.82242106213
-3972.37763240557
-3972.1475951174
-3973.08612014757
-3973.24606823931
-3973.03664117082
-3973.05846280304
-3972.94397369338
-3973.03106832914
-3972.50137928061
-3971.96400710052
-3973.2249473298
-3972.98002591005
-3973.10976185629
-3973.05092734248
-3973.17954670722
-3972.90052534235
-3972.34744275826
-3972.26350189318
-3973.17072249513
-3973.02035081349
-3972.78884370033
-3973.14589154831
-3972.96594393323
-3972.81900215144
-3972.24115262691
-3971.86336476041
-3972.87169516269
-3972.91573642335
-3972.97133943395
-3973.01783057402
-3973.22494732981
-3972.9241928013
-3972.11798454219
-3972.34029700433
-3972.99654446752
-3972.95011650409
-3972.83970956012
-3972.79997934586
-3972.78128102161
-3972.74619723918
-3972.35658102198
-3972.11826319746
-3972.88579337449
-3973.02932314562
-3973.07781429051
-3972.8815719981
-3973.3511636458
-3972.71309368568
-3972.27135651397
-3972.08294819376
-3972.85929033496
-3973.09341722188
-3972.96273033563
-3973.08605905344
-3973.11206902517
-3972.85386199817
-3972.31771681078
-3972.07107463365
-3972.82201567592
-3973.0280136032
-3973.2249473298
-3972.78099456668
-3972.93662009889
-3972.86761601518
-3972.22566379183
-3972.14337368956
-3973.02186485582
-3972.70405850756
-3972.7259204908
-3973.22494732981
-3972.82425637388
-3972.56886400883
-3972.11224520622
-3972.38305740122
-3972.82688869427
-3972.82450764351
-3973.2249473298
-3972.37012825265
-3973.22494732981
-3972.51339738899
-3971.84051232701
-3972.2922688501
-3973.02695869429
-3972.82772451989
-3973.29262561039
-3972.70291498182
-3973.24827690697
-3972.74286605925
-3972.12033381174
-3972.37316122075
-3973.01225676502
-3973.01840428049
-3973.02592025384
-3972.75775235355
-3973.08058606013
-3972.73201532169
-3972.1273347102
-3972.36251267849
-3972.96113139711
-3973.1108238008
-3973.173432263
-3972.89436019184
-3973.23486293448
-3972.78003529072
-3972.07026688109
-3972.17802961465
-3972.81581059926
-3973.32223259564
-3973.25001114623
-3973.2622904655
-3973.2449241699
-3973.08472237283
-3972.19555134073
-3972.156549339
-3972.97483900563
-3973.34998795935
-3973.20571026445
-3973.18044950635
-3973.15496771697
-3972.94775457096
-3972.14504442308
-3972.00212397514
-3973.2249473298
-3973.12664237458
-3972.75108580621
-3973.07421395499
-3972.88157267414
-3972.9839383115
-3972.01880042147
-3971.89156254472
-3972.61964182292
-3973.07729341438
-3973.09501639013
-3973.27559760773
-3973.02481749152
-3973.04765362248
-3971.94083169791
-3972.11484168969
-3973.09794431623
-3972.76037805769
-3972.84500355066
-3973.2249473298
-3972.76001551549
-3972.6872315698
-3971.98239523581
-3972.0092516497
-3972.74929414345
-3973.06153393412
-3973.02551195225
-3972.8750884611
-3973.14348546873
-3973.22494732981
-3972.01325590831
-3972.264487229
-3972.80432462143
-3973.09081228805
-3972.64993841934
-3973.22494732981
-3972.79790445371
-3972.85127310331
-3972.08973106568
-3972.19082650013
-3972.79484739561
-3973.28829133337
-3973.02509502699
-3973.28848129427
-3972.8381661701
-3972.70953565297
-3973.2249473298
-3972.13185018852
-3972.79877496057
-3972.90051030288
-3972.33082104277
-3973.2249473298
-3972.61859113235
-3972.70251778188
-3971.96405752619
-3971.83608660619
-3972.62270076502
-3973.2249473298
-3972.68878788137
-3972.4371330276
-3972.63097801651
-3973.2249473298
-3972.08405658802
-3973.2249473298
-3971.63701674934
-3973.2249473298
-3971.56584187962
-3973.22494732981
-3973.2249473298
-3973.2249473298
-3973.2249473298
-3973.22494732981
-3973.22494732981
-3973.22494732981
-3973.22494732981
-3973.22494732981
-3973.2249473298
-3973.22494732981
-3973.22508664725
-3973.2249473298
-3973.2249473298
-3973.2249473298
-3973.2249473298
-3973.22463349591
-3973.22508807025
-3973.2249473298
-3972.21910838618
-3973.2249473298
-3973.2249473298
-3973.2249473298
-3973.22494732981
-3973.22508807025
-3973.2249473298
-3973.2249473298
-3973.2249473298
-3973.22494732981
-3973.2249473298
-3973.22494732981
-3973.2249473298
-3973.22494732981
-3973.2249473298
-3973.22508807025
-3973.22463349591
-3973.2249473298
-3973.2249473298
-3973.2249473298
-3973.2249473298
-3973.2249473298
-3973.2249473298
-3973.2249473298
-3973.2249473298
-3973.2249473298
-3973.2249473298
-3973.22494732981
-3971.73133347727
-3973.22494732981
-3971.61971713954
-3973.2249473298
-3973.22463349591
-3973.2249473298
-3971.60076287038
-3973.2249473298
-3973.22494732981
-3973.2249473298
-3973.2249473298
-3973.22494732981
-3973.2249473298
-3973.2249473298
-3973.22494732981
-3973.2249473298
-3973.22494732981
-3971.98331572309
-3973.2249473298
-3973.2249473298
-3973.22494732981
-3973.22494732981
-3973.22494732981
-3973.22494732981
-3973.2249473298
-3973.2249473298
-3971.53940138786
-3973.22494732981
-3973.2249473298
-3973.2249473298
-3973.22494732981
-3973.22494732981
-3973.22494732981
-3973.22494732981
-3973.22494732981
-3973.22494732981
-3973.2249473298
-3973.2249473298
-3973.2249473298
-3973.2249473298
-3973.22494732981
-3973.2249473298
-3973.2249473298
-3973.2249473298
-3972.13847478479
-3973.2249473298
-3973.2249473298
-3973.2249473298
-3973.2249473298
-3973.2249473298
-3973.2249473298
-3973.2249473298
-3973.22494732981
-3973.22494732981
-3973.2249473298
-3973.2249473298
-3973.2249473298
-3971.58687943352
-3973.22494732981
-3973.22494732981
-3973.22494732981
-3973.22494732981
-3973.2249473298
-3973.2249473298
-3973.2249473298
-3973.22494732981
-3973.2249473298
-3973.22494732981
-3973.2249473298
-3973.2249473298
-3971.85697797253
-3973.22508664725
-3971.9637576352
-3973.22494732981
-3973.2249473298
-3973.22494732981
-3973.22494732981
-3973.22494732981
-3973.22508664725
-3973.22508664725
-3973.22494732981
-3973.22494732981
-3973.2249473298
-3973.2249473298
-3973.22494732981
-3973.22494732981
-3971.71581294834
-3973.22508664725
-3973.2249473298
-3973.2249473298
-3973.22466822423
-3973.2249473298
-3973.22494732981
-3973.22494732981
-3973.2249473298
-3973.2249473298
-3973.22508664725
-3973.2249473298
-3973.2249473298
-3973.2249473298
-3973.2249473298
-3973.2249473298
-3973.2249473298
-3973.22494732981
-3973.22494732981
-3971.53871887466
-3973.22494732981
-3973.2249473298
-3973.22508807025
-3973.2249473298
-3973.22494732981
-3973.2249473298
-3971.58060731154
-3973.2249473298
-3973.22494732981
-3973.2249473298
-3973.22494732981
-3973.2249473298
-3973.2249473298
-3973.2249473298
-3973.2249473298
-3973.22494732981
-3971.55187980552
-3973.2249473298
-3973.22463349591
-3973.22494732981
-3973.22494732981
-3973.2249473298
-3973.2249473298
-3973.2249473298
-3973.2249473298
-3973.2249473298
-3973.2249473298
-3973.22494732981
-3973.2249473298
-3973.2249473298
-3973.2249473298
-3973.2249473298
-3973.22494732981
-3973.2249473298
-3973.2249473298
-3973.2249473298
-3973.22494732981
-3973.2249473298
-3973.2249473298
-3973.22494732981
-3973.2249473298
-3973.2249473298
-3973.2249473298
-3973.22494732981
-3973.22494732981
-3973.2249473298
-3973.2249473298
-3973.2249473298
-3973.22494732981
-3973.2249473298
-3973.22494732981
-3973.2249473298
-3973.2249473298
-3973.2249473298
-3973.2249473298
-3973.2249473298
-3973.2249473298
-3973.22494732981
-3973.2249473298
-3973.2249473298
-3973.2249473298
-3973.2249473298
-3971.90338789144
-3973.2249473298
-3971.80670470476
-3973.2249473298
-3973.2249473298
-3973.22494732981
-3973.2249473298
-3971.72489219161
-3973.22494732981
-3973.2249473298
-3973.2249473298
-3973.22494732981
-3973.2249473298
-3973.2249473298
-3973.2249473298
-3973.2249473298
-3971.75394194696
-3973.22508664725
-3973.2249473298
-3973.2249473298
-3973.2249473298
-3973.2249473298
-3973.22494732981
-3971.94196997992
-3973.22508664725
-3971.77937737056
-3973.22494732981
-3973.2249473298
-3973.2249473298
-3973.2249473298
-3973.22494732981
-3973.22508664725
-3973.22508664725
-3973.2249473298
-3973.22466822423
-3973.2249473298
-3973.2249473298
-3973.22494732981
-3973.22494732981
-3973.2249473298
-3973.22466822423
-3973.22466822423
-3973.22466822423
-3973.22466822423
-3973.22466822423
-3973.2249473298
-3973.2249473298
-3973.2249473298
-3973.22466822423
-3973.22466822423
-3973.22466822423
-3973.22466822423
-3973.22466822423
-3973.2249473298
-3973.2249473298
-3973.2249473298
-3973.2249473298
-3973.2249473298
-3971.5356418575
-3973.22466822423
-3973.22508807025
-3973.22494732981
-3973.2249473298
-3973.2249473298
-3971.70963343795
-3973.22466822423
-3973.22494732981
-3973.22466822423
-3972.24026764551
-3973.2249473298
-3973.2249473298
-3973.22494732981
-3973.2249473298
-3973.22494732981
-3973.22494732981
-3973.22463349591
-3973.22463349591
-3973.2249473298
-3971.55780785578
-3973.2249473298
-3973.22494732981
-3973.2249473298
-3973.22508664725
-3973.22463349591
-3973.22508664725
-3973.2249473298
-3973.22494732981
-3973.2249473298
-3973.22494732981
-3973.2249473298
-3973.22494732981
-3973.2249473298
-3973.2249473298
-3973.22494732981
-3973.2249473298
-3973.2249473298
-3973.2249473298
-3973.2249473298
-3973.22494732981
-3973.22508807025
-3973.22508807025
-3973.2249473298
-3973.22494732981
-3973.22494732981
-3973.22494732981
-3973.2249473298
-3973.2249473298
-3973.22494732981
-3973.22508807025
-3972.19551524436
-3973.2249473298
-3973.2249473298
-3973.2249473298
-3973.22494732981
-3973.2249473298
-3973.2249473298
-3973.22494732981
-3973.2249473298
-3973.22494732981
-3973.2249473298
-3973.2249473298
-3971.84756132237
-3973.2249473298
-3973.22494732981
-3973.2249473298
-3973.2249473298
-3973.2249473298
-3971.54563738902
-3973.22494732981
-3973.2249473298
-3973.2249473298
-3973.2249473298
-3972.27039727398
-3973.2249473298
-3973.2249473298
-3971.68019470711
-3973.2249473298
-3973.22494732981
-3973.22466822423
-3973.2249473298
-3973.2249473298
-3973.2249473298
-3973.22494732981
-3973.2249473298
-3973.2249473298
-3973.2249473298
-3973.22466822423
-3973.2249473298
-3973.2249473298
-3973.22508664725
-3973.2249473298
-3973.2249473298
-3973.22494732981
-3973.22466822423
-3973.22466822423
-3971.62155300409
-3973.22466822423
-3973.22494732981
-3973.2249473298
-3973.2249473298
-3973.2249473298
-3973.22466822423
-3973.22466822423
-3973.22466822423
-3973.22466822423
-3973.2249473298
-3973.2249473298
-3973.2249473298
-3973.2249473298
-3973.22466822423
-3973.22466822423
-3973.22466822423
-3973.2249473298
-3973.2249473298
-3973.22494732981
-3973.2249473298
-3973.2249473298
-3971.60308453331
-3973.2249473298
-3973.22466822423
-3973.22494732981
-3973.22494732981
-3973.22494732981
-3973.22494732981
-3973.2249473298
-3971.67972714626
-3973.22494732981
-3973.22466822423
-3973.2249473298
-3973.2249473298
-3973.22494732981
-3973.22494732981
-3973.2249473298
-3973.22494732981
-3973.22508807025
-3973.22508807025
-3973.22494732981
-3973.2249473298
-3971.63109131934
-3973.2249473298
-3973.22494732981
-3973.22494732981
-3973.22508664725
-3973.2249473298
-3973.22494732981
-3973.22494732981
-3973.2249473298
-3973.2249473298
-3973.22494732981
-3973.2249473298
-3973.22508807025
-3973.22508807025
-3973.22508807025
-3973.2249473298
-3973.2249473298
-3973.2249473298
-3973.2249473298
-3973.2249473298
-3973.22494732981
-3973.22494732981
-3973.22508807025
-3973.2249473298
-3973.22494732981
-3973.2249473298
-3973.2249473298
-3973.2249473298
-3973.22508807025
-3973.22494732981
-3973.2249473298
-3973.2249473298
-3973.2249473298
-3973.22494732981
-3973.2249473298
-3973.2249473298
-3973.22508664725
-3973.2249473298
-3973.22508664725
-3973.2249473298
-3973.2249473298
-3973.2249473298
-3971.70529029914
-3973.2249473298
-3973.2249473298
-3973.2249473298
-3973.22508807025
-3973.22494732981
-3973.22494732981
-3971.59355501211
-3973.2249473298
-3973.2249473298
-3973.2249473298
-3973.22494732981
-3973.22508664725
-3973.22494732981
-3971.40119664312
-3973.2249473298
-3973.22494732981
-3973.2249473298
-3973.2249473298
-3973.2249473298
-3973.2249473298
-3973.2249473298
-3973.2249473298
-3973.2249473298
-3973.22494732981
-3973.2249473298
-3973.2249473298
-3973.2249473298
-3973.2249473298
-3973.22494732981
-3973.2249473298
-3973.2249473298
-3973.2249473298
-3973.2249473298
-3973.2249473298
-3973.2249473298
-3973.2249473298
-3973.2249473298
-3973.2249473298
-3973.2249473298
-3973.2249473298
-3973.22466822423
-3973.22466822423
-3973.2249473298
-3973.22494732981
-3973.22494732981
-3973.2249473298
-3973.22494732981
-3973.22494732981
-3973.2249473298
-3973.2249473298
-3973.2249473298
-3973.2249473298
