# type 2 occupying energies
-4023.48708893871
-4024.91648775491
-4024.39937651257
-4024.16953464893
-4024.916903184
-4024.26636159928
-4024.44472447931
-4023.94298789582
-4023.82368824209
-4024.48912025797
-4024.58670029592
-4024.36830172785
-4024.42711346626
-4024.63633726427
-4024.2877565564
-4024.00668364511
-4024.04786151341
-4024.59762988868
-4024.47535612045
-4024.28986911172
-4024.916903184
-4024.38719207511
-4024.53842063715
-4023.8813104628
-4024.04011746278
-4024.26359071356
-4024.916903184
-4024.91648775491
-4024.46272266828
-4024.63734138506
-4024.57822255442
-4023.74421453476
-4023.89083514129
-4024.16044676237
-4024.69009706025
-4024.20753472865
-4024.6323560715
-4024.91852296057
-4024.54665231334
-4023.66061162637
-4023.9524965429
-4024.1959626503
-4024.916903184
-4024.916903184
-4024.15026300861
-4024.52931282841
-4024.35751103492
-4023.77452447855
-4023.42484521436
-4024.44389625598
-4024.91648775491
-4024.0652429929
-4024.35307773039
-4024.916903184
-4024.35727026297
-4023.4697908453
-4024.16225575266
-4024.52173161916
-4024.63575320236
-4024.09460558518
-4024.06806751547
-4024.69820244703
-4024.24221455374
-4023.70549708185
-4023.9465375895
-4024.72646748345
-4024.50557311223
-4024.48309897501
-4024.91648775491
-4023.9610746043
-4024.916903184
-4023.62805175242
-4023.99538891716
-4024.46950159871
-4024.80712062034
-4024.41893497468
-4024.916903184
-4024.916903184
-4024.08786874653
-4023.51811287287
-4024.13584914334
-4024.47845759689
-4024.70683913625
-4024.51796209202
-4024.30432663565
-4024.59139964602
-4024.916903184
-4023.77276030907
-4023.96575610929
-4024.91785262761
-4024.54973047046
-4024.19728554823
-4024.86006051147
-4024.35454069045
-4024.15907938336
-4023.96469583151
-4023.85978482258
-4024.43198497407
-4024.58673881652
-4024.56119884587
-4024.33902944113
-4024.62970786643
-4024.56223470731
-4023.87560642573
-4023.80819291657
-4024.61359002302
-4024.91648371687
-4024.39761570242
-4024.47254641962
-4024.5632202548
-4024.54537497297
-4023.96645190764
-4023.74964459918
-4024.91648371687
-4024.43146229098
-4024.18711734318
-4024.916903184
-4024.91648775491
-4024.19562042874
-4023.76059940391
-4023.87152375378
-4024.74730779177
-4024.58341052625
-4024.59116236841
-4024.50398734143
-4024.4055342962
-4024.23655746322
-4024.916903184
-4024.02600356959
-4024.59069231141
-4024.52728051641
-4024.91852296057
-4024.916903184
-4024.916903184
-4024.04074294414
-4024.916903184
-4023.79928345599
-4024.64596431403
-4024.25267876166
-4024.79618243722
-4024.05741021342
-4024.916903184
-4024.13601694729
-4023.87860025093
-4024.11779176606
-4024.44902293618
-4024.40267001872
-4024.9178526276
-4023.90133517675
-4024.49963463752
-4024.38182550346
-4023.65820430881
-4024.09649953843
-4024.613984835
-4024.4188297407
-4024.71097799038
-4023.99193145337
-4024.22638844898
-4024.05954520607
-4023.42369592427
-4023.87549760165
-4024.91648775491
-4023.92965626101
-4024.62220489964
-4024.25889105088
-4024.3535605983
-4024.58971579087
-4023.51174311239
-4023.58972822785
-4024.55983184426
-4024.40635170189
-4024.84548869484
-4024.472412082
-4024.11029190961
-4024.916903184
-4023.43648612261
-4023.59879569465
-4024.37003966982
-4024.916903184
-4024.916903184
-4024.37081900654
-4024.14025724094
-4024.54934616055
-4023.53283679048
-4023.7307485381
-4024.69532105111
-4024.41713317738
-4024.94271548265
-4024.41563293968
-4024.21585493691
-4024.916903184
-4023.45216213661
-4023.9609549961
-4024.58159080374
-4024.84400032199
-4024.25303530597
-4023.89801842346
-4024.31228316769
-4024.916903184
-4023.6239677101
-4024.06930889232
-4024.34702698753
-4024.77279115903
-4024.52692779763
-4024.75906163864
-4024.51663804107
-4024.34977863552
-4023.58278040703
-4023.77278651362
-4024.91648775491
-4024.25950084094
-4024.01900033901
-4024.916903184
-4024.19048851914
-4024.17879582155
-4023.67455949321
-4023.69426476652
-4024.19578436683
-4024.916903184
-4024.44700063145
-4024.33541136858
-4024.6188774465
-4024.916903184
-4023.717540497
-4023.7117165848
-4024.91648775491
-4024.04528993327
-4024.916903184
-4024.916903184
-4024.22177981735
-4024.66877083555
-4023.83738461227
-4023.5670718492
-4024.50584048235
-4024.22100192064
-4024.76353481613
-4024.52174553896
-4024.56280970571
-4024.916903184
-4023.62047714576
-4023.78135709671
-4024.58643274056
-4024.33135523945
-4024.916903184
-4024.24690905403
-4024.58388051139
-4024.574923004
-4023.94854976236
-4023.48668068766
-4024.916903184
-4024.00742987216
-4024.72551219937
-4024.44582325808
-4024.44564333908
-4024.81623811911
-4023.79559302651
-4023.95899442816
-4024.68283710981
-4024.49644207442
-4024.48861844482
-4024.41133087144
-4024.916903184
-4023.97314527539
-4024.916903184
-4024.1275901744
-4024.64559799628
-4024.75884902693
-4024.49307887183
-4024.26963776846
-4024.916903184
-4024.13941181009
-4023.7272362454
-4024.21882656745
-4024.50442180557
-4024.71623258923
-4024.49188804243
-4024.35761431946
-4024.15679372039
-4024.02136326545
-4023.55389871438
-4024.41649238418
-4024.51746585822
-4024.54149416866
-4024.31899894142
-4024.916903184
-4024.09711756928
-4023.81652204072
-4023.57466852225
-4024.12729561355
-4024.3130155898
-4024.81894141647
-4024.69659435302
-4024.67318501055
-4024.09153308178
-4024.916903184
-4023.48662113462
-4024.2142895202
-4024.22742797238
-4024.916903184
-4024.39832685349
-4024.26728374986
-4024.916903184
-4024.916903184
-4023.49885760174
-4023.67692220622
-4024.58028869587
-4024.84401436899
-4024.88325753803
-4024.65549964859
-4024.37730683259
-4024.9178526276
-4023.89888203829
-4024.916903184
-4024.63345711814
-4024.79461639857
-4024.48134771228
-4024.70713500479
-4024.54884137208
-4024.27463704091
-4023.83687154382
-4024.09244398948
-4024.24924389275
-4024.69040208692
-4024.48249112398
-4024.51592743405
-4024.916903184
-4024.916903184
-4023.75577272714
-4023.64705948981
-4024.916903184
-4024.65982921879
-4024.53559268434
-4024.73553915983
-4024.1914744448
-4024.65738746112
-4024.90272356914
-4023.82944821465
-4024.91785262761
-4024.916903184
-4024.59463406007
-4024.51556949949
-4024.77402898525
-4024.50261682326
-4024.04347452893
-4023.78298727769
-4024.72166057045
-4024.13189580086
-4024.33144704242
-4024.8438152103
-4024.42667640185
-4024.46472681609
-4023.69801638117
-4023.6040415447
-4024.56207776501
-4024.69759977508
-4024.4794851554
-4024.73243143236
-4024.916903184
-4024.43114924668
-4023.63419600355
-4023.92366238936
-4024.59693200954
-4024.58744766719
-4024.1508086504
-4024.43722241597
-4023.85813501326
-4024.27684623316
-4023.55998300869
-4023.64459062651
-4024.50666541531
-4024.58019424517
-4024.5080961521
-4024.39129967111
-4024.30048993638
-4024.916903184
-4023.60689337803
-4023.83915308829
-4024.62021670096
-4024.60993541094
-4024.3424516026
-4024.916903184
-4024.19416884917
-4024.35963361217
-4023.72501114275
-4023.81761015397
-4024.36901953714
-4024.53569654655
-4024.916903184
-4024.32523582647
-4024.57422205516
-4024.32823613558
-4023.82160144148
-4023.9477258075
-4024.51927592745
-4024.46700993161
-4024.12326854707
-4024.916903184
-4024.26470256461
-4024.36846797793
-4023.78739417112
-4024.27131992407
-4024.47396495312
-4024.41512013274
-4024.916903184
-4024.14207518568
-4024.3663331253
-4024.36655433778
-4023.60738233769
-4024.04171977922
-4024.50920237968
-4024.916903184
-4024.46815407511
-4024.31189534253
-4024.59142120216
-4024.64991069972
-4023.78928323942
-4024.20719861402
-4024.50940531701
-4024.51709713011
-4024.46356346538
-4024.0792699274
-4024.08823777208
-4024.916903184
-4023.46097240374
-4023.95694514083
-4024.916903184
-4024.30351771811
-4024.58397734507
-4024.7728033025
-4024.66775691555
-4024.72697310214
-4023.77308980224
-4023.85192188025
-4024.44065674112
-4024.59755665751
-4024.91648775491
-4024.916903184
-4024.15659849705
-4024.916903184
-4023.6027961736
-4023.59301596598
-4024.916903184
-4024.37789148459
-4024.25310301853
-4024.46837984364
-4024.25556878857
-4024.916903184
-4023.47876682604
-4023.66545138197
-4024.916903184
-4024.17793394122
-4024.24447618067
-4024.58361390815
-4024.65732075497
-4024.55418405368
-4023.96154122388
-4023.79183997047
-4024.56180473062
-4024.13111186788
-4024.62459965574
-4024.54702934984
-4024.08340063893
-4024.46591795142
-4023.46334271251
-4024.03583585547
-4024.18616890719
-4023.95491868215
-4024.916903184
-4024.916903184
-4023.96544210679
-4024.16188966156
-4023.59417647441
-4024.916903184
-4024.29332221532
-4024.01028904699
-4024.916903184
-4024.09688258538
-4024.31736110116
-4024.916903184
-4023.78443963487
-4024.4436195416
-4024.37558364792
-4024.55357819905
-4024.07312629974
-4024.916903184
-4024.15253130308
-4024.916903184
-4023.5545378034
-4024.916903184
-4024.10309155661
-4024.04044975016
-4024.91785262761
-4024.31426527294
-4024.05547767034
-4024.56096030934
-4024.91889498471
-4024.18053162217
-4024.37046068744
-4024.53226562403
-4023.79834459605
-4024.916903184
-4024.02041792469
-4024.916903184
-4023.32501827764
-4023.81794106787
-4024.30077455434
-4024.916903184
-4024.00853904245
-4024.22310876822
-4023.99249966283
-4024.916903184
-4023.70794266913
-4024.91785262761
-4023.46350847659
-4024.91648775491
-4023.42397216787
-4024.91648775491
-4024.91648775491
-4024.916903184
-4024.91785262761
-4024.9178526276
-4024.916903184
-4024.916903184
-4024.916903184
-4024.916903184
-4024.916903184
-4024.916903184
-4024.916903184
-4024.9178526276
-4024.916903184
-4024.9178526276
-4023.20624067121
-4024.916903184
-4024.91852296057
-4024.91648775491
-4023.98851765075
-4024.916903184
-4024.916903184
-4024.916903184
-4024.916903184
-4024.916903184
-4024.916903184
-4024.9178526276
-4024.916903184
-4024.916903184
-4024.91648775491
-4024.916903184
-4024.91648775491
-4024.916903184
-4024.916903184
-4024.91648775491
-4024.9178526276
-4024.916903184
-4024.916903184
-4024.916903184
-4024.916903184
-4024.91648775491
-4024.91648775491
-4024.91648775491
-4024.916903184
-4024.916903184
-4024.91648775491
-4024.91648775491
-4023.58337618425
-4024.916903184
-4024.91785262761
-4024.916903184
-4024.916903184
-4024.916903184
-4024.916903184
-4023.58429533221
-4023.66109755579
-4024.916903184
-4023.39082032877
-4024.916903184
-4024.91648775491
-4024.916903184
-4024.916903184
-4024.916903184
-4023.41151639019
-4023.73496527883
-4024.916903184
-4024.916903184
-4024.916903184
-4024.916903184
-4024.916903184
-4024.916903184
-4024.916903184
-4024.9178526276
-4024.916903184
-4024.9178526276
-4024.916903184
-4024.916903184
-4024.916903184
-4024.916903184
-4024.916903184
-4024.916903184
-4024.916903184
-4023.34945132359
-4024.91648775491
-4024.91648775491
-4023.33920591367
-4024.916903184
-4024.916903184
-4024.9178526276
-4024.916903184
-4024.91785262761
-4023.8360978584
-4024.916903184
-4024.916903184
-4023.25128407229
-4024.916903184
-4024.916903184
-4024.916903184
-4024.916903184
-4024.91785262761
-4024.916903184
-4024.916903184
-4024.91785262761
-4024.916903184
-4023.17087754678
-4024.916903184
-4024.91648775491
-4024.916903184
-4024.91648775491
-4023.52732559256
-4024.916903184
-4024.91648775491
-4024.91648775491
-4023.07528825496
-4024.91852296057
-4024.916903184
-4024.91648775491
-4023.67250971505
-4024.90262501443
-4023.53820174029
-4024.916903184
-4024.916903184
-4024.916903184
-4024.916903184
-4023.62014054602
-4024.916903184
-4024.916903184
-4024.90262501444
-4024.90262501443
-4023.29174520566
-4024.916903184
-4024.916903184
-4024.916903184
-4023.28019310701
-4024.90262501443
-4024.9178526276
-4024.91785262761
-4024.91852296057
-4024.916903184
-4024.9178526276
-4024.916903184
-4024.916903184
-4024.916903184
-4024.916903184
-4024.90262501443
-4023.35916250338
-4024.91785262761
-4024.916903184
-4024.91785262761
-4024.916903184
-4024.916903184
-4023.32290875019
-4023.44476315285
-4024.9178526276
-4023.5834666662
-4024.91648775491
-4024.916903184
-4024.916903184
-4024.916903184
-4023.26307107999
-4024.916903184
-4024.91852296057
-4024.9178526276
-4024.916903184
-4024.916903184
-4024.916903184
-4024.91690318399
-4024.91648775491
-4024.91852296057
-4023.2698231736
-4024.916903184
-4024.916903184
-4024.916903184
-4023.24998193431
-4024.916903184
-4024.916903184
-4023.51140539205
-4024.91852296057
-4024.916903184
-4024.916903184
-4024.90262501443
-4024.916903184
-4024.9178526276
-4024.90324936963
-4024.916903184
-4024.916903184
-4024.916903184
-4024.91902715757
-4024.90262501443
-4024.916903184
-4024.91557816326
-4024.916903184
-4023.56377476579
-4024.916903184
-4024.91785262761
-4024.91690318399
-4024.916903184
-4024.91557816326
-4024.91785262761
-4024.91557816326
-4023.34291961695
-4024.916903184
-4024.91785262761
-4024.04052621673
-4024.916903184
-4024.90272356914
-4024.916903184
-4024.916903184
-4024.91785262761
-4024.916903184
-4024.91648775491
-4024.916903184
-4024.916903184
-4024.91648775491
-4024.916903184
-4023.79409070012
-4023.68952179962
-4023.83993846746
-4024.91648775491
-4024.916903184
-4024.91648775491
-4024.916903184
-4023.55097330741
-4024.9178526276
-4024.916903184
-4024.9178526276
-4024.916903184
-4024.9178526276
-4024.916903184
-4024.9178526276
-4023.6067368054
-4023.65687964323
-4024.9178526276
-4024.91852296057
-4024.9178526276
-4024.916903184
-4024.916903184
-4024.916903184
-4023.61320497103
-4024.916903184
-4023.37116231138
-4024.916903184
-4024.916903184
-4024.916903184
-4024.916903184
-4024.90262501443
-4024.90272356914
-4023.20888134488
-4024.9178526276
-4024.9178526276
-4024.9178526276
-4024.916903184
-4024.916903184
-4024.91785262761
-4024.916903184
-4024.91648775491
-4024.91648775491
-4024.91648775491
-4024.91785262761
-4023.88971152138
-4024.916903184
-4024.9178526276
-4024.9178526276
-4024.91648775491
-4024.9178526276
-4024.916903184
-4024.91785262761
-4024.916903184
-4024.916903184
-4023.36223680008
-4024.916903184
-4024.91648775491
-4024.91648775491
-4023.20365983869
-4024.91648775491
-4023.87647846965
-4024.916903184
-4024.9178526276
-4023.37647659387
-4023.4430855264
-4024.916903184
-4024.916903184
-4024.9178526276
-4023.95442548029
-4024.91648775491
-4024.916903184
-4024.916903184
-4024.916903184
-4024.91785262761
-4024.916903184
-4024.916903184
-4024.91648775491
-4024.91648775491
-4023.28790102642
-4024.916903184
-4023.51403022692
-4024.916903184
-4024.916903184
-4024.916903184
-4024.916903184
-4024.916903184
-4024.90262501443
-4024.90340708136
-4024.90272356914
-4024.9178526276
-4024.90262501443
-4024.91673027654
-4024.91673027654
-4024.91785262761
-4024.91673027654
-4024.916903184
-4024.91889498471
-4024.916903184
-4024.91889498471
-4023.23426650123
-4024.916903184
-4024.9178526276
-4024.91631900074
-4024.91648371687
-4024.9179434612
-4024.90262501443
-4024.9179434612
-4024.91673027654
-4024.916903184
-4023.78138583656
-4023.53562715622
-4024.90262501443
-4024.91945720333
-4024.90262501443
-4024.9179434612
-4024.91902715757
-4024.9179434612
-4024.91648775491
-4024.9179434612
-4024.91852296057
-4024.9179434612
-4023.82148520483
-4023.83032039164
-4023.67129841864
-4024.91852296057
-4024.91557816325
-4024.916903184
-4023.2270196025
-4024.91852296056
-4024.91945720333
-4024.91945720333
-4024.916903184
-4024.22765891339
-4024.91557816326
-4024.9178526276
-4023.72335576489
-4023.64973360617
-4024.91785262761
-4024.91852296057
-4024.91852296057
-4024.916903184
-4024.916903184
-4024.916903184
-4024.91852296057
-4023.36018853071
-4024.9178526276
-4023.50689086111
-4023.66701946942
-4024.916903184
-4024.9178526276
-4024.91785262761
-4024.91648371687
-4024.916903184
-4024.916903184
-4023.42946977522
-4023.38371522357
-4024.916903184
-4024.91648775491
-4024.916903184
-4023.38899864298
-4024.9178526276
-4024.91852296057
-4024.91852296057
-4024.91852296057
-4024.916903184
-4024.9178526276
-4024.9178526276
-4024.91785262761
-4024.91902715757
-4024.9178526276
-4024.9178526276
-4024.91785262761
-4024.916903184
-4024.916903184
-4024.916903184
-4024.91785262761
-4023.4451175775
-4023.23598828779
-4024.91785262761
-4024.916903184
-4024.916903184
-4024.916903184
-4024.91785262761
-4024.91785262761
-4024.9178526276
-4023.35305411369
-4024.9178526276
-4024.9178526276
-4024.03281186592
-4024.916903184
-4024.91648775491
-4024.9178526276
-4024.9178526276
-4023.40876395774
-4024.916903184
-4024.916903184
-4024.91785262761
-4024.91648775491
-4023.4502331743
-4024.91785262761
-4023.40551877531
-4024.916903184
-4024.916903184
-4024.916903184
-4024.916903184
-4024.91785262761
-4024.91648775491
-4024.916903184
-4024.91648775491
-4024.916903184
-4024.916903184
-4024.916903184
-4024.90262501444
-4024.91648775491
-4024.916903184
-4023.64464647739
-4024.91648775491
-4024.916903184
-4024.916903184
-4024.916903184
-4024.916903184
-4024.916903184
-4024.916903184
-4024.91648775491
-4023.52607703582
-4024.916903184
-4024.916903184
-4024.916903184
-4024.90262501444
-4024.91785262761
-4024.9178526276
-4023.46771233309
-4024.91648775491
-4024.9179434612
-4024.91889498471
-4023.25145409639
-4024.916903184
-4024.9178526276
-4024.91690318399
-4023.46587541125
-4023.54124844056
-4024.916903184
-4024.916903184
-4024.916903184
-4023.96306327292
-4024.916903184
-4024.91997783607
-4023.39793032331
-4024.92054656348
-4024.91945720333
-4023.29723234418
-4024.9179434612
-4023.68786778361
-4024.91902715756
-4023.31208019806
-4024.916903184
-4024.916903184
-4024.9178526276
-4024.916903184
-4024.9178526276
-4024.916903184
-4024.916903184
-4023.12484863902
-4024.91852296056
-4024.91852296057
-4024.91708882523
-4024.91852296057
-4024.91852296057
-4023.87199668947
-4024.916903184
-4024.91648775491
-4024.91785262761
-4024.91750326139
-4024.91785262761
-4024.91785262761
-4024.916903184
-4024.91852296057
-4024.916903184
-4024.91785262761
-4024.916903184
-4024.91785262761
-4024.91852296057
-4024.9178526276
-4024.91852296057
-4024.916903184
-4024.9178526276
-4024.916903184
-4024.91648775491
-4024.91785262761
-4023.15146002474
-4024.91785262761
-4024.916903184
-4024.916903184
