# type 2 occupying energies
-3970.75062920887
-3971.21298305996
-3971.58538559872
-3971.5678304414
-3971.95642029054
-3971.76274264085
-3971.3995078287
-3970.99895448166
-3970.75162860421
-3971.53886430429
-3971.89463590305
-3971.30870907107
-3971.64130208986
-3971.8256578577
-3971.5288336727
-3970.99395653328
-3971.19317013044
-3971.68736442554
-3971.81209142062
-3971.76721062198
-3971.73239103715
-3972.03433240998
-3971.73544308262
-3970.94828140648
-3970.88714056171
-3971.40071953034
-3971.95424481181
-3971.95431079741
-3971.6411390588
-3971.82689939787
-3971.67218059103
-3971.04896460982
-3971.05181375401
-3971.49279107381
-3971.93831416525
-3971.99038449581
-3971.88802169711
-3972.03575438844
-3971.7465884697
-3970.97675342243
-3971.27473572062
-3971.32583590427
-3971.71861729051
-3971.79276698283
-3971.72740957765
-3972.01855048479
-3971.77628109091
-3970.99284552628
-3970.91162916988
-3971.6373824324
-3971.98930452921
-3971.8428097199
-3971.75393685803
-3971.95642029054
-3971.50246113577
-3970.56119846227
-3971.55179961674
-3971.27172648815
-3971.80878825011
-3971.78194849938
-3971.70630676318
-3971.85443594816
-3971.46919312977
-3970.89002155136
-3971.06502744179
-3971.56660241087
-3971.8163406181
-3971.77129264412
-3971.74442454998
-3971.83570849149
-3971.51371920713
-3970.88953322687
-3970.7676386941
-3971.58159482101
-3972.06149807555
-3971.93651023723
-3971.72494292972
-3971.78033415414
-3971.31636320821
-3970.67453664654
-3970.80845540608
-3971.5973712658
-3971.95431063484
-3971.783390141
-3971.82165161821
-3971.95434865142
-3971.77178848154
-3970.89533481458
-3970.92360567527
-3971.9543107974
-3971.62668508918
-3971.60776817659
-3971.96031729385
-3971.65248989538
-3971.63557963021
-3971.01819204366
-3971.08530760983
-3971.75449625823
-3972.05490223417
-3971.95815107969
-3971.90815553084
-3972.11219268361
-3971.51830648579
-3970.99558067332
-3971.02455370022
-3971.79419372017
-3971.84933105952
-3971.65244069094
-3971.77933173587
-3971.72701921235
-3971.76185872075
-3970.8951799444
-3970.85469730587
-3971.95429647512
-3971.82772495595
-3971.30272886823
-3971.91399710759
-3971.95431079741
-3971.41172399109
-3970.5896697709
-3970.7952751028
-3971.78393515776
-3971.73273223888
-3971.71720839499
-3971.75584959332
-3971.9108843269
-3971.34751420022
-3971.14119486697
-3970.8039105608
-3971.68922560867
-3971.63083378364
-3971.70108422608
-3971.95425184029
-3971.80742262243
-3971.54281957262
-3970.98350332919
-3970.83295819036
-3971.63694484425
-3971.74687522976
-3971.86674070055
-3971.79764390585
-3972.02224650698
-3971.7949388687
-3970.9417934458
-3970.81068162073
-3971.51171437504
-3971.82455287417
-3971.79222869896
-3971.49262347433
-3971.77368312043
-3971.82168505971
-3970.82463776621
-3970.8523300269
-3971.63302371906
-3971.8402116359
-3971.84690688949
-3971.93651503706
-3971.58689148644
-3971.58423749045
-3970.59992032577
-3970.6839178239
-3971.5517987774
-3971.37894732322
-3971.68765103753
-3971.81746397172
-3971.66349295196
-3971.83953257799
-3970.81810391969
-3970.53613739877
-3971.52111686381
-3971.60584829298
-3971.86041793757
-3971.75528204637
-3971.58786926272
-3971.95601981474
-3970.65926907888
-3970.53044344455
-3971.52069137808
-3971.95642029052
-3971.72753634628
-3971.73012451169
-3971.74325095824
-3971.8116273275
-3970.78346493633
-3970.74517056553
-3971.63903446539
-3971.62831218843
-3971.81590965568
-3971.87432284585
-3971.99024687571
-3971.77394411704
-3970.84402951378
-3970.95936412788
-3971.81935194292
-3971.99463043809
-3971.98969248939
-3971.74884897809
-3971.56843825572
-3971.95787191293
-3970.57319109374
-3970.77420541547
-3971.66091398804
-3971.91208150686
-3971.75431239006
-3971.94163604613
-3971.78256120501
-3971.81655223738
-3970.74525655635
-3970.71390939533
-3971.95642029054
-3971.67022983338
-3971.36417972019
-3971.85933234555
-3971.95642029054
-3971.56765419918
-3970.54653887467
-3970.76418669624
-3971.566339519
-3971.56089481096
-3971.93722654398
-3971.51938395745
-3971.9172649366
-3971.55332706564
-3970.65813575906
-3970.65145930192
-3971.95431079741
-3971.26464731504
-3971.63181915811
-3971.95642029054
-3971.6530177377
-3971.43495210537
-3970.91477057578
-3970.59435715176
-3971.57518175501
-3971.55787260258
-3971.87325952635
-3971.84179243942
-3972.02012267019
-3971.46810880016
-3970.87114954853
-3970.73694112886
-3971.51686983861
-3971.55655295323
-3971.95431079735
-3971.63548379173
-3971.5788069994
-3971.85354180276
-3970.91783590668
-3970.72903161138
-3971.72404569333
-3971.47788838481
-3971.92650404643
-3971.70404772148
-3972.05137497824
-3971.69792184772
-3970.86188439196
-3970.87180380752
-3971.65295743207
-3971.86374577179
-3971.8067276125
-3971.83700335262
-3971.50602038821
-3971.51731694624
-3971.95642029053
-3970.95267387503
-3971.66031292541
-3971.82104074576
-3971.86347958093
-3971.7175533782
-3971.95431079741
-3971.37401379187
-3970.58793402579
-3970.87242727785
-3971.59961816273
-3971.77437763367
-3971.74666277011
-3971.85926473781
-3971.65096381356
-3971.50672092936
-3970.8551879673
-3971.0948418052
-3971.73881008154
-3971.81378188356
-3971.78562731578
-3971.57502881748
-3971.64497476803
-3971.32515805054
-3970.97627353248
-3970.89881858183
-3971.6604260593
-3971.79978946717
-3971.75994656694
-3971.73431274687
-3971.5997234429
-3971.9543107974
-3970.82807437566
-3971.14776459713
-3971.54405230436
-3971.78918230711
-3971.78397952153
-3971.84523536645
-3971.79199336036
-3971.68634960626
-3970.94798786182
-3970.88995174427
-3971.62351591905
-3971.78261406799
-3971.79318769333
-3971.80175857203
-3971.7457007598
-3971.54262977315
-3971.10415758252
-3970.95876723283
-3971.59196290856
-3971.80214715405
-3971.74366132718
-3971.73345978603
-3971.80320338248
-3971.65533208042
-3971.28628216009
-3970.88101760625
-3971.76958426246
-3971.78196728446
-3971.75594274888
-3971.58576534812
-3972.16145913089
-3971.3847394276
-3971.07979187443
-3970.9787794015
-3971.73843448799
-3971.8209139097
-3971.71264507009
-3971.63863524187
-3971.57718649245
-3971.53759215895
-3971.18751932843
-3970.81237325457
-3971.95325219103
-3971.6941007357
-3971.77081708492
-3971.72684484739
-3971.79345047095
-3971.48650631879
-3971.01465567045
-3971.1079520227
-3972.05755575193
-3971.73030420638
-3971.44259439802
-3971.82130426704
-3971.55883429148
-3971.48748477576
-3970.83957786285
-3970.70978921785
-3971.67399043234
-3971.70601951931
-3971.81941294564
-3971.66874394009
-3971.95324793719
-3971.44920824836
-3970.82939427686
-3971.16880286308
-3971.77141692569
-3971.73802308875
-3971.55751472185
-3971.44434504886
-3971.35121490581
-3971.45971935178
-3970.95050480942
-3970.97781307605
-3971.70411433008
-3971.89094421624
-3971.86185495102
-3971.72590432612
-3971.99462939531
-3971.47947126908
-3970.92478950114
-3971.00901291745
-3971.59556673759
-3971.96046923141
-3971.64766676341
-3971.82151892909
-3971.73361135433
-3971.4924143623
-3970.98369777059
-3970.83122633393
-3971.55499941703
-3971.8775610739
-3971.95642029054
-3971.55280133981
-3971.71427633527
-3971.565836341
-3970.98542062862
-3970.9214865567
-3971.78880093748
-3971.54371363624
-3971.44573172026
-3971.95431079741
-3971.66229522325
-3971.32527558612
-3970.86087147718
-3971.13949299122
-3971.44021327074
-3971.53411720871
-3971.95431079723
-3971.11669267865
-3971.95431079741
-3971.24481764063
-3970.68078949961
-3970.96754733666
-3971.68243680551
-3971.54254116506
-3972.02017265003
-3971.41918541368
-3972.02757763082
-3971.4655363326
-3970.95639424092
-3971.07777604512
-3971.73014585212
-3971.68976711544
-3971.71302216511
-3971.39780144528
-3971.76373134703
-3971.45930759617
-3970.97058030535
-3970.92163586236
-3971.70863051967
-3971.75215421929
-3971.91642309082
-3971.54539082869
-3971.99219912488
-3971.46096630014
-3970.80947693327
-3970.86735755356
-3971.56027724081
-3971.90286977349
-3971.92068103432
-3971.82022984882
-3971.87661631486
-3971.71493951876
-3970.84764178294
-3970.8929385815
-3971.78161041303
-3971.93279661934
-3971.93298115086
-3971.8807155252
-3971.83745066308
-3971.68789402922
-3970.84519433853
-3970.77413349767
-3971.95431079546
-3971.80373604522
-3971.53894396011
-3971.73325739214
-3971.43456762657
-3971.66154588928
-3970.74575995013
-3970.73752338941
-3971.38814559536
-3971.75098644593
-3971.82139431972
-3971.98204412331
-3971.75764482655
-3971.69047155221
-3970.71273409683
-3971.16889402907
-3971.76115012662
-3971.63035896657
-3971.56481915686
-3971.95431079741
-3971.27573512865
-3971.50102503483
-3970.66480390457
-3970.88267115942
-3971.57394046617
-3971.80509458719
-3971.7679262737
-3971.72988045005
-3971.81999126787
-3971.95601981474
-3970.77590562939
-3971.11693851401
-3971.57056409983
-3971.91593826573
-3971.42099857154
-3971.95375380065
-3971.40017530476
-3971.57737895663
-3970.70827214406
-3971.04883660819
-3971.59350389094
-3972.07424705646
-3971.73341865704
-3972.08831803144
-3971.54298213091
-3971.40752847788
-3971.95431079741
-3970.90707086733
-3971.55348104895
-3971.69961584783
-3971.13348375579
-3971.95431079741
-3971.30852311978
-3971.3917371814
-3970.59606907461
-3970.63609609468
-3971.39804502772
-3971.95325117916
-3971.44687611245
-3971.16704793046
-3971.28880560138
-3971.95601981474
-3970.69999409207
-3971.95431079741
-3970.20072474573
-3971.95642029054
-3970.27842421964
-3971.95642029054
-3971.95431079741
-3971.95431079741
-3971.95431079741
-3971.95431079741
-3971.9543107974
-3971.95642029054
-3971.95431079741
-3971.95431079741
-3971.95431079741
-3971.95431079741
-3971.95431079741
-3971.95375380065
-3971.95431079741
-3971.95642029054
-3971.95642029054
-3971.95431079741
-3971.95431079741
-3971.9543107974
-3970.98153262029
-3971.95642029054
-3971.95431079741
-3971.95431079741
-3971.95642029054
-3971.95431079741
-3971.95431079741
-3971.95431079741
-3971.95431079741
-3971.95431079741
-3971.55180017611
-3971.95012552095
-3971.95642029054
-3971.95431079741
-3971.95642029054
-3971.95431079741
-3971.95431079741
-3971.95430925313
-3971.95431079741
-3971.95431079741
-3971.95431079741
-3971.95431079741
-3971.95642029054
-3971.95431079741
-3971.55179980166
-3971.95431079741
-3971.55180017612
-3971.94662208214
-3970.42114855495
-3971.55180007743
-3970.32336695255
-3971.55180017606
-3971.95431079741
-3971.94524919053
-3970.2083798542
-3971.95642029054
-3971.95375380065
-3971.95431079741
-3971.95642029054
-3971.95642029054
-3971.95601981473
-3971.95642029054
-3971.94606301886
-3971.9313077947
-3971.95431079741
-3970.5924027633
-3971.95431079741
-3971.95642029044
-3971.95642029054
-3971.95601981474
-3971.95431079741
-3971.95122828658
-3971.95431079741
-3971.95642029054
-3970.30239508579
-3971.95431079741
-3971.95197981658
-3971.95431079741
-3971.95404779715
-3971.9543107974
-3971.95431079732
-3971.95375380065
-3971.95431079741
-3971.95642029054
-3971.95642029054
-3971.95642029054
-3971.95431079741
-3971.94689219712
-3971.95431079741
-3971.95431079741
-3971.95642029054
-3971.95431079741
-3970.83287093057
-3971.95642029054
-3971.95431079741
-3971.95431079741
-3971.95431079732
-3971.95431079741
-3971.95642029054
-3971.95642029054
-3971.95431079741
-3971.95431079741
-3971.95431079741
-3971.9564202905
-3971.95431079741
-3970.31891700575
-3971.95642029054
-3971.95642029054
-3971.95431079741
-3971.95431079741
-3971.95642029054
-3971.95642029054
-3971.95642029054
-3971.95642029054
-3971.95431079741
-3971.95642029054
-3971.95325119967
-3971.95431079741
-3970.39918353034
-3971.95431079737
-3970.51115224196
-3971.95642029054
-3971.95431079741
-3971.95642029054
-3971.95431079741
-3971.95431079741
-3971.95431079741
-3971.95642029054
-3971.95642029054
-3971.95431079741
-3971.95431079741
-3971.95431079741
-3971.95431079741
-3971.95601981474
-3970.19218916095
-3971.95642029054
-3971.95642029054
-3971.95601981474
-3971.55178752799
-3971.95325189585
-3971.95431079741
-3971.95431079741
-3971.95431079741
-3971.95642029054
-3971.95642029054
-3971.95431079741
-3971.95431079741
-3971.95431079741
-3971.95642029054
-3971.55179986408
-3971.95431079741
-3971.95642029054
-3971.95642029054
-3970.32050144974
-3971.55177565504
-3971.9543107974
-3971.95642029054
-3971.95642029054
-3971.95375380065
-3971.95431079741
-3970.25520268466
-3971.95431079741
-3971.95375380065
-3971.95431079741
-3971.95431079741
-3971.95431079741
-3971.95431079741
-3971.95431079741
-3972.16149723125
-3971.95431079741
-3970.38905492933
-3971.95431079725
-3971.95642029054
-3971.95429930075
-3971.95213615284
-3971.95431079741
-3971.95642029054
-3971.95642029054
-3971.95642029054
-3971.95642029054
-3971.95431079741
-3971.95431079741
-3971.95416754358
-3971.9543107971
-3971.95424204945
-3971.95431079741
-3972.16501335063
-3971.95431079741
-3971.95431079741
-3971.95431077929
-3971.95431079741
-3971.94459379986
-3971.95431079741
-3971.95642029054
-3971.95642029054
-3971.95642029054
-3971.95642029054
-3971.95375380065
-3971.95430896747
-3971.95642029054
-3971.95642029054
-3971.95642029054
-3971.95642029054
-3971.95642029054
-3971.9543107974
-3971.95431079739
-3971.9543107974
-3971.94674680949
-3971.95431079741
-3971.95431079741
-3971.95642029054
-3971.95642029054
-3971.95642029054
-3971.95431079738
-3971.95431079741
-3971.95308766339
-3970.79250060263
-3971.95431079741
-3970.60870888615
-3971.95642029054
-3971.95642029054
-3971.95642029054
-3971.95431079741
-3970.39217194765
-3971.95431079741
-3971.95431079741
-3971.95431079741
-3971.95642029054
-3971.95642029054
-3971.95431079741
-3971.95431079741
-3971.95431079741
-3970.52844233429
-3971.95325219103
-3971.95430265393
-3971.95642029054
-3971.95642029054
-3971.95431079741
-3971.95642029054
-3970.61657853558
-3971.95431079741
-3970.46319199378
-3971.95324875854
-3971.95642029054
-3971.95431079741
-3971.95642029054
-3971.95642029054
-3971.95431079741
-3971.95642029054
-3971.95642029054
-3971.95431079741
-3971.95325166702
-3971.95642029054
-3971.95642029054
-3971.95642029054
-3971.95642029054
-3971.95642029054
-3971.95431079741
-3971.95431079741
-3971.55180017612
-3971.95642029054
-3971.95431079741
-3971.95642029054
-3971.95642029054
-3971.95642028934
-3971.9543107974
-3971.95430324891
-3971.95601981474
-3971.95431079737
-3971.95375380065
-3971.95430399534
-3971.95431079741
-3971.95642029054
-3971.9543107974
-3970.27204453196
-3971.55179847934
-3971.95642029054
-3971.95431079739
-3971.95431079741
-3971.95642029054
-3970.44323776643
-3971.95431079739
-3971.95431079741
-3971.95431079736
-3971.03844022081
-3971.95431079741
-3971.95431079741
-3971.95431079741
-3971.95642029054
-3971.95431079741
-3971.95429277098
-3971.9543107974
-3971.95431079741
-3971.95431078849
-3970.40688722646
-3971.95431079741
-3971.95431079737
-3971.95642029053
-3971.55164343104
-3971.95431079741
-3971.95431079734
-3971.95431079741
-3971.9543107974
-3971.95431079741
-3971.95362804005
-3971.954253742
-3971.95431079128
-3971.95642029054
-3971.95431079739
-3971.95375380065
-3971.95427127402
-3971.95601981474
-3971.95429942404
-3971.95431079741
-3971.95642029054
-3971.95430557343
-3971.95642029054
-3971.95427840033
-3971.95431079741
-3971.95642029046
-3971.95431079741
-3971.95431079741
-3971.95392232216
-3971.95642029054
-3971.95427021682
-3970.96430738645
-3971.95431079741
-3971.95431079504
-3971.95431079741
-3971.95431079729
-3971.95430326734
-3971.95375380065
-3972.16145913089
-3971.95431079522
-3971.95431079741
-3971.95431079741
-3971.95429284419
-3970.58445515461
-3971.95642029054
-3971.95642029054
-3971.95431075524
-3971.95431079741
-3971.95431079741
-3970.3123417163
-3971.95429753259
-3971.95431079738
-3971.9543107974
-3971.95642029054
-3970.94822831539
-3971.95431079741
-3971.95642029054
-3970.58052033869
-3971.95431079741
-3971.95431079741
-3971.9543107974
-3971.95642029054
-3971.95431079741
-3971.95515248143
-3971.95431079741
-3971.95642029054
-3971.95642029054
-3971.95642029054
-3971.95431079741
-3971.95431079741
-3971.95642029054
-3971.95431079737
-3971.95431079741
-3971.95642029054
-3971.95601981474
-3971.95642029054
-3971.95431079741
-3970.31589257157
-3971.95642029054
-3971.95431079741
-3971.95642029054
-3971.95642029054
-3971.95642029054
-3971.95642029054
-3971.95324684194
-3971.95642029054
-3971.95431079741
-3971.9129725618
-3971.95431079741
-3971.95642029054
-3971.95642029054
-3971.95325219103
-3971.95431079741
-3971.95431079741
-3971.95431079739
-3971.95041994869
-3971.95642029054
-3971.95642029054
-3971.95642029054
-3970.28044302629
-3971.95431079741
-3971.95431079741
-3971.95375380065
-3972.08236247554
-3971.95642029054
-3971.71341074257
-3971.95642029054
-3970.44586560166
-3971.95431079734
-3971.9543107974
-3971.55180017612
-3971.95431079741
-3971.95642029054
-3971.95642029054
-3971.95431079724
-3971.95431079741
-3971.95431079741
-3971.9543095883
-3971.95431079741
-3971.94369252899
-3970.44688340268
-3971.95642029054
-3971.95431079734
-3971.95642029054
-3971.9543107974
-3971.954285985
-3971.95431055071
-3971.95431079736
-3971.95641908466
-3971.95431079632
-3971.95429178793
-3971.95642029054
-3971.95642029054
-3971.95431079739
-3971.95642029054
-3971.95285005651
-3971.92795890379
-3971.9543107974
-3971.95431079739
-3971.95431079741
-3971.95424570286
-3971.95415306401
-3971.95419693663
-3971.95425530742
-3971.93015454034
-3971.94852264369
-3971.95642029054
-3971.95431079736
-3971.95428941588
-3971.9543107974
-3971.95642029054
-3971.95431079741
-3971.95336904235
-3971.95431070212
-3971.95431079737
-3971.95431079741
-3971.95642029054
-3971.95642029054
-3971.95642029054
-3971.95642029054
-3971.55180017611
-3971.95431079741
-3970.51877727348
-3971.55180017612
-3971.94637195864
-3971.95642029054
-3971.95431079741
-3971.95431079741
-3971.95295796703
-3970.4091789344
-3971.95642029053
-3971.95642029054
-3971.95431079741
-3971.95431079741
-3971.95424804184
-3971.95642029054
-3970.33293672442
-3971.95431079737
-3971.9543107973
-3971.95431069982
-3971.95642029054
-3971.95431079741
-3971.95642029054
-3971.95642029054
-3971.95642029054
-3971.95558475623
-3971.95431079741
-3971.95431079741
-3971.95325178189
-3971.95431079733
-3971.95242072296
-3971.95642029054
-3971.95431079741
-3971.55131903677
-3971.95431060154
-3971.95515248143
-3971.95642029054
-3971.95431079741
-3971.95431079739
-3971.95431079741
-3971.95642029054
-3971.95642029054
-3971.95642029046
-3971.95642029054
-3971.95325164147
-3971.95325181722
-3971.95642029054
-3971.95642029054
-3971.95642029054
-3971.95515248143
-3971.95642029054
-3971.95515248143
-3971.95642029054
-3971.95431079741
-3971.95431079741
