# type 1 occupying energies
-3951.86583590707
-3951.86583590707
-3951.86583590707
-3951.86583590707
-3951.85835552437
-3951.86583590707
-3951.86583590707
-3951.86583590707
-3951.86583590707
-3951.86583590707
-3951.86583590707
-3951.86583590707
-3951.86583590707
-3951.86583590707
-3951.86583590707
-3951.86583590707
-3951.86583590707
-3951.86583590707
-3951.86583590707
-3951.86583590707
-3951.86583590707
-3951.86583590707
-3951.86583590707
-3951.86583590707
-3951.86583590707
-3951.86583590707
-3951.86583590707
-3951.93786006641
-3951.86583590707
-3951.86583590707
-3951.86583590707
-3951.86583590707
-3951.86583590707
-3951.86583590707
-3951.86583590707
-3951.86583590707
-3951.86583590707
-3951.86583590707
-3951.86583590707
-3951.86583590707
-3951.86583590707
-3951.86583590707
-3951.86583590707
-3951.86583590707
-3951.86583590707
-3951.86583590707
-3951.86583590707
-3951.86583590707
-3951.86583590707
-3951.86583590707
-3951.86583590707
-3951.86583590707
-3951.86583590707
-3951.89104923868
-3951.86583590707
-3951.86583590707
-3951.86583590707
-3951.86583590707
-3951.86583590707
-3951.86583590707
-3951.86583590707
-3951.86583590707
-3951.86583590707
-3951.86583590707
-3951.86583590707
-3951.86583590707
-3951.86583590707
-3951.86583590707
-3951.86583590707
-3951.86583590707
-3951.86583590707
-3951.86583590707
-3951.86583590707
-3951.86583590707
-3951.86583590707
-3951.86583590707
-3951.86583590707
-3951.86583590707
-3951.86583590707
-3951.86583590707
-3951.86583590707
-3951.86583590707
-3951.80315649672
-3951.86583590707
-3951.86583590707
-3951.86583590707
-3951.86583590707
-3951.86583590707
-3951.86583590707
-3951.86583590707
-3951.86583590707
-3951.86583590707
-3951.86583590707
-3951.86583590707
-3951.86583590707
-3951.86583590707
-3951.86583590707
-3951.86583590707
-3951.86583590707
-3951.86583590707
-3951.86583590707
-3951.86583590707
-3951.86583590707
-3951.86583590707
-3951.86583590707
-3951.86583590707
-3951.86583590707
-3951.86583590707
-3951.86583590707
-3951.86583590707
-3951.86583590707
-3951.86583590707
-3951.86583590707
-3952.07556218447
-3951.86583590707
-3951.86583590707
-3951.86583590707
-3951.86583590707
-3951.86583590707
-3951.86583590707
-3951.86583590707
-3951.86583590707
-3951.86583590707
-3951.86583590707
-3951.86583590707
-3951.86583590707
-3951.86583590707
-3951.86583590707
-3951.86583590707
-3951.86583590707
-3951.86583590707
-3951.86583590707
-3951.87415576599
-3951.86583590707
-3951.86583590707
-3951.86583590707
-3951.86583590707
-3951.86583590707
-3951.86583590707
-3951.86583590707
-3951.86583590707
-3951.86583590707
-3951.86583590707
-3951.86583590707
-3951.86583590707
-3951.86583590707
-3951.86583590707
-3951.86583590707
-3951.86583590707
-3951.86583590707
-3951.86583590707
-3951.86583590707
-3951.86583590707
-3951.86583590707
-3951.86583590707
-3951.86583590707
-3951.86583590707
-3951.86583590707
-3951.86583590707
-3951.86583590707
-3951.86583590707
-3951.86583590707
-3951.86583590707
-3951.86583590707
-3951.86583590707
-3951.86583590707
-3951.86583590707
-3951.86583590707
-3951.86583590707
-3951.86583590707
-3951.86583590707
-3951.86583590707
-3951.86583590707
-3951.86583590707
-3951.86583590707
-3951.86583590707
-3951.86583590707
-3951.86583590707
-3951.86583590707
-3951.86583590707
-3951.86583590707
-3951.86583590707
-3951.86583590707
-3951.86583590707
-3951.86583590707
-3951.86583590707
-3951.86583590707
-3951.86583590707
-3951.86583590707
-3951.86583590707
-3951.86583590707
-3951.86583590707
-3952.90154937075
-3951.86583590707
-3951.86583590707
-3951.86583590707
-3951.86583590707
-3951.86583590707
-3951.86583590707
-3951.86583590707
-3951.86583590707
-3951.86583590707
-3951.86583590707
-3951.86583590707
-3951.86583590707
-3951.86583590707
-3951.86583590707
-3951.86583590707
-3951.86583590707
-3951.86583590707
-3951.86583590707
-3951.86583590707
-3951.86583590707
-3952.3007998818
-3951.86583590707
-3951.86583590707
-3951.86583590707
-3951.86583590707
-3951.86583590707
-3951.86583590707
-3951.86583590707
-3951.86583590707
-3952.36116019408
-3951.86583590707
-3951.86583590707
-3952.07360091139
-3951.86583590707
-3951.86583590707
-3952.08878173219
-3951.86583590707
-3951.86583590707
-3951.86583590707
-3951.86583590707
-3951.86583590707
-3951.86583590707
-3951.86583590707
-3951.86583590707
-3951.86583590707
-3951.86583590707
-3951.86583590707
-3951.86583590707
-3951.86583590707
-3951.86583590707
-3951.86583590707
-3951.86583590707
-3951.86583590707
-3951.86583590707
-3951.86583590707
-3951.86583590707
-3951.86583590707
-3951.86583590707
-3951.86583590707
-3951.86583590707
-3951.86583590707
-3951.86583590707
-3951.86583590707
-3951.86583590707
-3951.86583590707
-3951.86583590707
-3951.86583590707
-3951.86583590707
-3951.86583590707
-3951.86583590707
-3952.95054884679
-3951.86583590707
-3951.86583590707
-3951.86583590707
-3951.86583590707
-3951.86583590707
-3951.86583590707
-3951.86583590707
-3951.86583590707
-3951.86583590707
-3951.86583590707
-3951.86583590707
-3951.86583590707
-3951.86583590707
-3951.86583590707
-3951.86583590707
-3951.86583590707
-3951.86583590707
-3951.86583590707
-3951.86583590707
-3951.86583590707
-3951.86583590707
-3951.86583590707
-3951.86583590707
-3951.86583590707
-3951.86583590707
-3951.86583590707
-3951.86583590707
-3951.86583590707
-3951.86583590707
-3951.86583590707
-3952.19756938098
-3951.86583590707
-3951.86583590707
-3951.86583590707
-3951.86583590707
-3951.86583590707
-3951.86583590707
-3951.86583590707
-3951.86583590707
-3951.86583590707
-3951.86583590707
-3951.86583590707
-3951.86583590707
-3951.86583590707
-3951.86583590707
-3951.86583590707
-3951.86583590707
-3951.86583590707
-3951.86583590707
-3951.86583590707
-3951.86583590707
-3951.86583590707
-3951.86583590707
-3951.86583590707
-3951.86583590707
-3951.86583590707
-3951.86583590707
-3951.86583590707
-3951.86583590707
-3951.86583590707
-3951.86583590707
-3951.86583590707
-3951.86583590707
-3951.86583590707
-3951.86583590707
-3951.86583590707
-3951.86583590707
-3951.86583590707
-3951.86583590707
-3951.86583590707
-3951.86583590707
-3951.86583590707
-3951.86583590707
-3952.05334306597
-3951.86583590707
-3951.86583590707
-3951.86583590707
-3951.86583590707
-3951.86583590707
-3951.86583590707
-3951.86583590707
-3951.86583590707
-3951.86583590707
-3951.86583590707
-3951.86583590707
-3951.86583590707
-3951.86583590707
-3951.86583590707
-3951.86583590707
-3951.86583590707
-3951.86583590707
-3951.86583590707
-3951.86583590707
-3951.89111279211
-3951.86583590707
-3951.86583590707
-3951.86583590707
-3951.86583590707
-3951.86583590707
-3951.86583590707
-3951.86583590707
-3951.86583590707
-3951.86583590707
-3951.86583590707
-3951.86583590707
-3951.86583590707
-3951.86583590707
-3951.86583590707
-3951.86583590707
-3951.86583590707
-3951.86583590707
-3951.86583590707
-3951.86583590707
-3951.86583590707
-3951.86583590707
-3951.86583590707
-3951.86583590707
-3951.86583590707
-3951.86583590707
-3951.86583590707
-3951.86583590707
-3951.86583590707
-3951.86583590707
-3951.86583590707
-3951.86583590707
-3951.86583590707
-3951.86583590707
-3951.86583590707
-3951.86583590707
-3951.86583590707
-3951.86583590707
-3951.86583590707
-3951.86583590707
-3951.86583590707
-3951.86583590707
-3951.86583590707
-3951.86583590707
-3951.86583590707
-3951.86583590707
-3952.00761184304
-3951.86583590707
-3951.94717250085
-3951.86583590707
-3951.86583590707
-3951.86583590707
-3951.86583590707
-3951.86583590707
-3951.86583590707
-3951.86583590707
-3951.86583590707
-3951.86583590707
-3951.86583590707
-3951.86583590707
-3951.86583590707
-3951.86583590707
-3951.86583590707
-3951.86583590707
-3951.86583590707
-3951.86583590707
-3951.86583590707
-3951.86583590707
-3951.86583590707
-3951.86583590707
-3951.86583590707
-3951.86583590707
-3951.86583590707
-3951.86583590707
-3951.86583590707
-3951.86583590707
-3951.86583590707
-3951.86583590707
-3951.86583590707
-3951.86583590707
-3951.86583590707
-3951.86583590707
-3951.86583590707
-3951.86583590707
-3951.86583590707
-3951.86583590707
-3951.86583590707
-3951.86583590707
-3951.86583590707
-3951.86583590707
-3951.86583590707
-3951.86583590707
-3951.9735294373
-3951.86583590707
-3951.86583590707
-3951.86583590707
-3951.86583590707
-3951.86583590707
-3951.86583590707
-3951.86583590707
-3951.86583590707
-3951.86583590707
-3951.86583590707
-3951.86583590707
-3951.86583590707
-3951.86583590707
-3951.86583590707
-3951.86583590707
-3951.86583590707
-3951.86583590707
-3951.86583590707
-3951.8603843746
-3951.86583590707
-3951.86583590707
-3951.86583590707
-3951.86583590707
-3951.86583590707
-3951.86583590707
-3951.86583590707
-3951.86583590707
-3951.86583590707
-3951.86583590707
-3951.86583590707
-3951.86583590707
-3951.86583590707
-3951.86583590707
-3951.86583590707
-3951.86583590707
-3951.86583590707
-3951.86583590707
-3951.86583590707
-3951.86583590707
-3951.86583590707
-3951.86583590707
-3951.86583590707
-3951.86583590707
-3951.86583590707
-3951.86583590707
-3952.94725189032
-3951.86583590707
-3951.86583590707
-3951.86583590707
-3951.86583590707
-3951.85485584707
-3951.86583590707
-3951.86583590707
-3951.86583590707
-3951.86583590707
-3951.86583590707
-3951.76812263999
-3951.86583590707
-3951.86583590707
-3951.86583590707
-3951.86583590707
-3951.86583590707
-3952.74600182306
-3951.86583590707
-3953.25427896082
-3951.86583590707
-3953.35299585108
-3953.45019235715
-3953.56299905886
-3952.75731813781
-3952.74405953279
-3953.52297445668
-3953.35223573268
-3953.45914207018
-3953.33454958114
-3953.43075653518
-3953.51571267095
-3952.78472856692
-3952.68717301176
-3953.59862299828
-3953.32357600551
-3953.44873274164
-3953.34392944666
-3953.45824316218
-3953.39189575115
-3951.86583590707
-3952.7371374674
-3953.57732207976
-3953.46962108657
-3953.62500187994
-3953.33515239611
-3953.43065382059
-3953.36451361438
-3952.76146623558
-3952.78456536542
-3953.5316849818
-3953.64776796689
-3953.56493367299
-3953.48422366091
-3953.41473850772
-3953.38729106314
-3952.68982207768
-3952.77435541611
-3953.50240790083
-3953.62438158304
-3953.4840467511
-3953.45523013345
-3953.4031795736
-3953.35333750988
-3952.78858688489
-3952.74584385916
-3953.54615593894
-3953.35511473631
-3951.86583590707
-3953.39899115087
-3953.1817091151
-3953.46092536331
-3952.7356861432
-3952.75191085515
-3953.50358168153
-3953.38285600124
-3953.4045471861
-3953.39131168676
-3953.42086793752
-3953.4460463647
-3952.94703366939
-3952.7662759167
-3953.49518557259
-3953.22797398924
-3953.12300696065
-3951.86583590707
-3953.42352456816
-3953.32755840261
-3952.85678801856
-3952.80079638006
-3953.55259663672
-3953.3644230806
-3953.50329329715
-3953.25518600079
-3953.55810016527
-3953.41851392025
-3953.11460796383
-3952.64674504176
-3951.86583590707
-3953.17705512021
-3953.35718734049
-3953.24607727794
-3953.38779326085
-3953.60974400431
-3952.91963796515
-3952.70753979237
-3953.27306858699
-3953.35732009492
-3953.24397487317
-3953.37908144137
-3953.41554168274
-3953.36050808854
-3951.86583590707
-3952.83328995147
-3953.5489098095
-3953.34168597697
-3953.37633196862
-3953.40907595735
-3953.33529274001
-3953.6205007275
-3952.77280657905
-3952.66950479319
-3953.37406189445
-3953.28455592526
-3953.11848855134
-3951.86583590707
-3953.19843755626
-3953.45789214545
-3952.86895757695
-3953.13160496416
-3953.56996312489
-3953.51781888185
-3953.41908660458
-3953.49356214396
-3953.44934957829
-3953.57443264348
-3952.94314577332
-3952.99878471164
-3953.64513164597
-3953.5531857669
-3953.38278706975
-3953.28906428681
-3953.30343192819
-3953.51842104686
-3952.75441054515
-3952.86901785782
-3953.41560356601
-3953.6420813255
-3953.58949916976
-3953.3809274485
-3953.41564804514
-3953.4767544724
-3952.75167746867
-3952.63104578644
-3951.86583590707
-3953.34291900201
-3953.48677818599
-3953.48706552942
-3953.44360692199
-3953.44969235552
-3952.71601708939
-3952.82940266339
-3953.53293655
-3953.65270347891
-3953.47977463169
-3953.47534279529
-3953.38992580107
-3953.48995168011
-3952.74799883426
-3952.61865420113
-3953.39836346214
-3953.44875252031
-3953.46727929773
-3953.50202567155
-3953.34054811438
-3953.44864103438
-3952.71618147215
-3952.75533137156
-3953.26309427587
-3953.4395108637
-3951.86583590707
-3953.41289659483
-3953.27513092061
-3953.47451693088
-3952.762023643
-3952.78868487356
-3953.45823682555
-3953.43877413268
-3953.39270092711
-3953.19341916734
-3951.86583590707
-3953.32419822386
-3952.73146626099
-3952.81656834758
-3953.4427223872
-3953.45685283931
-3953.48925371131
-3953.26619743467
-3953.38465810207
-3953.44778507174
-3952.93708478566
-3952.73717703992
-3953.46714448642
-3953.27353870358
-3953.48835719629
-3953.19976049719
-3953.49411375864
-3953.32755294485
-3952.79239532591
-3952.83271016217
-3953.47572948818
-3953.52926851042
-3953.48696090322
-3953.47408635391
-3953.51650285875
-3953.46962067635
-3953.0979883206
-3952.69682596513
-3953.48336299122
-3953.46096394436
-3953.36920431051
-3953.51121377338
-3953.44646315149
-3953.43058417029
-3952.79594827197
-3952.80047326502
-3953.30427589942
-3953.4673698534
-3953.35890207356
-3953.47366012574
-3953.4751853338
-3953.38431528758
-3952.69103053071
-3952.82664820752
-3953.3365363255
-3953.42554390859
-3953.23057224497
-3953.47019292183
-3953.34542045474
-3953.46512720266
-3952.76144647054
-3952.7414183631
-3953.30687329907
-3951.86583590707
-3953.24998974957
-3953.27382820837
-3953.30966514479
-3953.44234447453
-3952.99250879122
-3952.70902175657
-3953.32970974538
-3953.31370158301
-3953.35271357547
-3953.44897462594
-3953.43749412773
-3953.54828528726
-3952.74958260787
-3952.80975973005
-3953.48403890986
-3953.49769057424
-3953.40319453902
-3951.86583590707
-3953.28246857572
-3953.52288676648
-3952.73954325327
-3952.73403001586
-3953.3824831673
-3953.41874560266
-3953.46877830958
-3953.36741090936
-3953.43618071427
-3953.46637707335
-3952.76997113634
-3952.84984464919
-3953.53317142026
-3953.3092963455
-3953.47173387137
-3953.51380246971
-3953.48783681175
-3953.45259095108
-3952.7957439312
-3953.15711407723
-3953.67742503105
-3953.49379321717
-3953.53416758881
-3953.52859524016
-3953.56327460645
-3953.56577120394
-3952.72941567153
-3952.83332009842
-3953.57948736601
-3953.35007994902
-3953.47548141825
-3953.35255858164
-3951.86583590707
-3953.31746522667
-3952.77804473925
-3953.09956790924
-3953.63052026186
-3953.55059241844
-3953.51334963267
-3953.36560709523
-3953.44964619709
-3953.25771034907
-3951.86583590707
-3952.91050637014
-3953.37158637143
-3953.52845393561
-3953.45349414929
-3953.19186787166
-3953.41660310502
-3953.18090436746
-3952.80273804469
-3952.67948781816
-3951.86583590707
-3953.42165176613
-3953.38736161476
-3953.31630684729
-3953.51049813518
-3953.21638970437
-3952.8216181469
-3952.71259218572
-3953.32840521537
-3953.46135857984
-3953.47149971322
-3953.3910100227
-3953.5675124499
-3953.37762504683
-3952.80384960345
-3952.58266662128
-3953.21568788144
-3953.31708422063
-3953.47039256266
-3953.47793337877
-3953.51439264004
-3953.5287595099
-3952.78371414954
-3952.75076461088
-3953.22841599306
-3953.40963921182
-3953.19016118606
-3953.44901217781
-3953.46194831037
-3953.44821371406
-3952.72883370104
-3951.86583590707
-3953.24225584409
-3953.3286600997
-3953.327529741
-3953.51665323055
-3953.630969552
-3953.49928416045
-3952.71833452371
-3952.74580509423
-3953.24215238961
-3953.21264426708
-3953.09777355553
-3951.86583590707
-3953.54246929724
-3953.42971959482
-3953.09513994979
-3952.75091054651
-3953.39134124604
-3951.86583590707
-3953.35947291956
-3953.4453803801
-3953.64034713168
-3953.39981824433
-3951.86583590707
-3952.81755177019
-3953.37305174669
-3951.86583590707
-3953.33248588807
-3953.42338381857
-3953.58198689391
-3953.49894568102
-3952.87207640314
-3952.77187876492
-3953.55111033941
-3953.24098703145
-3953.51474041682
-3953.4905297664
-3953.60804646119
-3953.49796004279
-3952.94892109978
-3952.75779449255
-3953.55403520825
-3953.3106112281
-3953.47173321762
-3953.49363065948
-3953.60610882091
-3953.46283491536
-3952.83671997915
-3952.84893276746
-3953.60492013644
-3953.46080710325
-3953.52457187155
-3953.53619677733
-3953.58027906107
-3953.70445106023
-3952.95278899692
-3952.84459640671
-3953.68093163018
-3953.51571933954
-3953.55446016518
-3953.54455486915
-3953.50784527035
-3953.68116489627
-3952.86859017268
-3952.87863173375
-3953.56850877547
-3953.51535092094
-3953.41850680439
-3953.51797830338
-3953.45782555472
-3953.57713476369
-3952.85074563954
-3952.91102540339
-3953.6933466831
-3953.5715538712
-3953.55712400036
-3953.52405471459
-3953.49366973611
-3953.47092681488
-3952.81517694757
-3952.80876974533
-3953.56907248951
-3953.59145252831
-3953.53875075556
-3953.5201880059
-3953.45934029896
-3953.57938983601
-3952.74239599679
-3952.71232462043
-3953.37152760989
-3953.45496122587
-3953.51130404783
-3953.48154238088
-3953.46142653445
-3953.4530352296
-3952.77478244395
-3952.84138626492
-3953.47830896585
-3953.60130340302
-3953.54588689572
-3953.50033614931
-3953.43636105318
-3953.55559955335
-3952.80353466057
-3952.62441137415
-3953.47597466976
-3953.33886117108
-3953.47119371774
-3953.49009999078
-3953.48559493319
-3953.57535371487
-3952.75546200254
-3952.72055502255
-3953.48786170595
-3953.4434491656
-3953.17930398145
-3953.50145538341
-3953.32250155286
-3953.50733513441
-3952.76449892468
-3952.72130348077
-3953.53204354899
-3953.41871908462
-3953.38744677201
-3953.53157643907
-3953.65648108693
-3953.57275789486
-3952.96947633084
-3952.7803273464
-3953.53476331243
-3953.2936055321
-3951.86583590707
-3953.31510808089
-3953.44204795223
-3953.48199446551
-3952.8457622609
-3952.81840133549
-3953.55670119676
-3953.36452711659
-3953.51136131742
-3953.53673543495
-3953.57344799572
-3953.45286005326
-3952.79117541281
-3952.83460560406
-3953.44505416401
-3953.32064437381
-3953.3942587243
-3953.3924903941
-3953.53586182696
-3953.54129041659
-3952.78431167215
-3952.80620672661
-3953.58208763294
-3953.47225270415
-3953.52022966176
-3953.52919765144
-3953.51413588338
-3953.54884021927
-3952.85938966024
-3953.01855701718
-3953.59367827503
-3953.48579424929
-3953.51357437225
-3953.52753772722
-3953.48452890004
-3953.65386855292
-3952.90210089992
-3952.8688299994
-3953.62337580175
-3953.49229687783
-3953.52476381864
-3953.53151619118
-3953.49818916201
-3953.69184298019
-3952.84445116846
-3953.23686322727
-3953.59267321365
-3953.50482160528
-3953.50376121962
-3953.5149331942
-3953.45866165088
-3953.61467996038
-3952.80508728785
