# type 2 occupying energies
-3950.10262695454
-3950.92328097428
-3951.0175567941
-3951.09814634735
-3951.28391471643
-3950.99499707668
-3950.81992626491
-3950.19850797946
-3950.28833474154
-3951.14037213321
-3951.08094393025
-3950.8072833367
-3951.16233845758
-3950.98442765792
-3950.98452586578
-3950.18779342215
-3950.76920483934
-3951.19784350644
-3951.35693369631
-3951.2776749338
-3951.08842863947
-3951.16853115174
-3951.01075177652
-3950.16889335444
-3950.73306766326
-3951.09831582371
-3950.97524086154
-3951.28401871639
-3950.99728585675
-3951.0531894412
-3950.89353880829
-3950.15453725631
-3950.4840917958
-3951.08331998965
-3951.2978205794
-3951.33386751498
-3951.19133348729
-3951.28694599961
-3950.92809532554
-3950.15001351271
-3950.76173746215
-3950.97425880268
-3951.12634934928
-3951.21261115855
-3951.0022818027
-3951.16542764825
-3950.94635544466
-3950.16478055142
-3950.4104698237
-3951.07112495031
-3951.41019845352
-3951.09530532004
-3951.12368369721
-3951.28391471643
-3950.85312831244
-3949.93919303219
-3950.36708614895
-3950.91301318466
-3951.31035529675
-3951.29639140867
-3950.99815432935
-3951.3124760389
-3950.78305999205
-3950.16111146086
-3950.39333668688
-3950.89729204616
-3951.22634692969
-3951.13295134429
-3951.10458930963
-3951.23242686757
-3950.76615871098
-3950.13610607151
-3950.14640225463
-3950.89586994504
-3951.3789220675
-3951.22655278855
-3951.06693387242
-3951.21777809484
-3950.81410733186
-3950.10265658596
-3950.13066018441
-3950.87287463995
-3951.28401871639
-3951.07110970396
-3951.12471178297
-3951.27008001812
-3951.08340624866
-3950.21001144313
-3950.49702272246
-3951.10954085828
-3951.05734244532
-3951.03978615771
-3951.2491655789
-3951.01834464362
-3950.96744858003
-3950.27634358506
-3950.30945801261
-3951.18149709997
-3951.3257707985
-3951.2648102353
-3951.25617944979
-3951.27388954087
-3950.7993546735
-3950.35601228408
-3950.52942073757
-3951.07696002899
-3951.25837218974
-3950.95106941825
-3950.98928439761
-3951.02494629135
-3950.94588051642
-3950.31624104454
-3950.21404907126
-3951.28401871639
-3951.18828657625
-3950.81199196535
-3951.36411194349
-3950.96926420348
-3950.87409817082
-3950.28458743375
-3950.19881196678
-3951.07780263192
-3950.88552253796
-3950.99386102811
-3951.23953736846
-3951.04590068161
-3950.94399650523
-3950.29083697978
-3950.33398241486
-3950.87353274367
-3951.02103516919
-3950.97054440109
-3951.28401871639
-3950.96724807356
-3950.84030637015
-3950.29534294297
-3950.16728017854
-3950.93436604799
-3951.11178232851
-3951.10341108588
-3951.21847025284
-3951.22064791734
-3951.03163194602
-3950.36044482917
-3950.37915698246
-3950.98223887952
-3950.96228839562
-3951.02181303267
-3950.84065311323
-3951.11562782505
-3950.97070532403
-3950.23220595039
-3950.23690058587
-3950.96575978965
-3951.07681657981
-3951.13248245984
-3951.08084232428
-3950.94804527731
-3950.96090841438
-3950.1229640762
-3950.42813440882
-3950.94269811653
-3950.99830405496
-3951.18461898583
-3950.97702377921
-3951.10660594803
-3950.94476931374
-3950.21055968357
-3950.29241957072
-3950.93328432784
-3951.14939682423
-3951.19034207085
-3951.13568497831
-3951.0355008927
-3950.94545125222
-3950.13377769725
-3950.26238395514
-3950.84994853294
-3951.31556930027
-3951.19977452727
-3951.18724898819
-3951.19580451028
-3950.94693734018
-3950.20228303227
-3950.23439279305
-3951.00347058549
-3951.22787886109
-3951.23528678059
-3951.17143313104
-3951.27673646249
-3951.01484809739
-3950.29279264302
-3951.28401871639
-3950.85905953936
-3951.02835811992
-3951.26432516412
-3951.14040423256
-3951.0915752001
-3950.9600351096
-3950.11225997975
-3950.20267601341
-3951.0973777485
-3951.33725617888
-3951.26895408914
-3951.25390304282
-3951.09494924534
-3951.08425763116
-3950.22881935495
-3950.42909170191
-3950.88568562263
-3951.2845560479
-3950.87624747087
-3951.07913453227
-3951.28401871639
-3950.77901216032
-3949.87644270071
-3950.18198686788
-3950.84000006135
-3951.18664113862
-3951.27103445309
-3950.87961940768
-3951.19494590031
-3951.28391471643
-3950.19001778784
-3950.28489825679
-3951.28401871639
-3950.89006784091
-3950.84692258658
-3951.28485419496
-3950.96458859465
-3950.70551034621
-3950.4323321979
-3950.03836927194
-3950.9327141076
-3951.03856318681
-3951.23041542807
-3951.08709832019
-3951.42314154335
-3950.79511031821
-3950.45117390154
-3950.08944087309
-3951.03026204069
-3951.00197025678
-3950.94695527151
-3951.09477964884
-3951.02070114948
-3951.05464827432
-3950.35904290235
-3950.0296716458
-3950.94238474322
-3950.93474085692
-3951.07302522389
-3951.27613043549
-3951.20375708693
-3951.06994206092
-3950.37918660115
-3950.14989633851
-3950.97071069842
-3951.128795501
-3951.12824476326
-3951.21362877507
-3950.9862597769
-3950.8972944039
-3951.28401871639
-3950.23445910904
-3950.98118493212
-3951.18055019591
-3951.25631425964
-3951.24377770659
-3951.33490570595
-3950.86820196571
-3950.06627087014
-3950.24335539996
-3951.01286359723
-3951.12247612426
-3951.21929237413
-3951.15489780268
-3951.08161843757
-3950.83165636885
-3950.11287310969
-3950.46030350078
-3951.24030020394
-3951.23659823028
-3951.19745636818
-3951.19503541541
-3951.18485830154
-3950.8548909097
-3950.1602999679
-3950.2942392132
-3951.01811415338
-3951.18212352156
-3951.26806787708
-3951.04916109225
-3951.16430390459
-3951.28401871639
-3950.10965951984
-3950.58603959207
-3951.00390355827
-3951.31275490509
-3951.25371819894
-3951.29532141767
-3951.25932018101
-3951.06951917436
-3950.17482314507
-3950.27142895673
-3951.09912100364
-3951.31744064298
-3951.30306041664
-3951.26211684304
-3951.36482332577
-3950.89712027673
-3950.38693307473
-3950.24307111421
-3951.04327681675
-3951.40816700846
-3951.26293471362
-3951.28370566248
-3951.33926827402
-3951.0297177381
-3950.30231307838
-3950.19535482821
-3951.10573480743
-3951.35572610673
-3951.29314916574
-3951.26337784382
-3951.38569649774
-3951.04050744083
-3950.54980052614
-3950.25090423455
-3951.10714417639
-3951.34893531393
-3951.08218620195
-3951.34372237249
-3951.18202063761
-3951.24530857624
-3950.47637912093
-3950.03081742213
-3951.28391471643
-3951.0837093948
-3951.14230139345
-3951.27089257023
-3951.23563611123
-3951.05629734899
-3950.32943467178
-3950.36734454587
-3951.28308009333
-3951.1036585746
-3951.09101929802
-3951.34135019463
-3951.21898875063
-3951.07488885536
-3950.22125819655
-3949.88719070453
-3950.86650317614
-3951.04682090579
-3951.05100244532
-3951.11324292884
-3951.28391471643
-3950.95755871296
-3950.11204918805
-3950.41590535999
-3951.1102818376
-3951.0535721064
-3951.12671578453
-3951.12520528707
-3951.04494371498
-3950.74414190643
-3950.42163588022
-3950.17843632395
-3950.95867200321
-3951.12405438647
-3951.25600746169
-3950.99920019152
-3951.4209569187
-3950.82116990081
-3950.24532212823
-3950.12508595514
-3950.98076306231
-3951.30243020218
-3951.06747372332
-3951.15458132628
-3951.12500697157
-3950.97669442087
-3950.34370888834
-3950.18920560976
-3951.13378449359
-3951.31183872992
-3951.34274697035
-3951.26806120383
-3951.36755539964
-3951.07313776189
-3950.2089181265
-3950.26918356001
-3951.01331436397
-3951.29317556264
-3950.99845469944
-3951.20206993712
-3951.02300173053
-3951.04296227276
-3950.20922830237
-3950.43904514222
-3950.88895189748
-3951.15726872293
-3951.28361383787
-3950.92348436626
-3951.28361383787
-3950.8072506358
-3949.91806932109
-3950.41633606925
-3951.12598670057
-3951.10069328647
-3951.34475330295
-3950.91933679921
-3951.32850474048
-3950.73156546027
-3950.16138605894
-3950.50370796081
-3951.08169588708
-3951.13484417279
-3951.11037393636
-3950.85567597719
-3951.16668516164
-3950.79629467466
-3950.17098766071
-3950.46917058894
-3951.04828168651
-3951.20851032971
-3951.22524593725
-3950.96574813381
-3951.27605968825
-3950.83351317486
-3950.10406666005
-3950.28518330397
-3950.83625990709
-3951.41001687702
-3951.29813475184
-3951.32715776428
-3951.31709038995
-3951.10901406643
-3950.20984175566
-3950.23053679139
-3951.03323853904
-3951.4184485402
-3951.27631040585
-3951.24728239538
-3951.21583262227
-3950.98809226407
-3950.17308536359
-3950.07304243355
-3951.2815583909
-3951.21139677151
-3950.7996096585
-3951.12883437242
-3951.16409541228
-3951.02309237597
-3950.21955216259
-3950.01676716913
-3950.68292432613
-3951.18403432794
-3951.12105836726
-3951.33048974679
-3951.34455820797
-3951.04907972877
-3950.11524844038
-3950.15469131082
-3951.12522575105
-3950.83202206952
-3951.12049724306
-3951.28361383787
-3951.23638339265
-3950.86521155289
-3950.25132609692
-3950.11220198474
-3950.797299989
-3951.23547754299
-3951.068782307
-3951.17623931476
-3951.4055908572
-3951.05187493956
-3950.24669576777
-3950.44326057635
-3950.8586806308
-3951.39360763302
-3950.8730420312
-3951.12645549854
-3951.16253948939
-3951.07922681142
-3950.2750833675
-3950.28944340301
-3950.77776231124
-3951.37528012423
-3951.02499559294
-3951.31182107825
-3951.0998149087
-3950.87348673758
-3951.28401871639
-3950.18348810007
-3950.83484339881
-3951.05038202154
-3950.86383572107
-3951.28361383787
-3951.1028954532
-3950.92679917554
-3950.31032431609
-3949.94641872161
-3950.72185159311
-3951.28391471643
-3950.93279689873
-3951.0215021601
-3951.1124244786
-3950.95121161423
-3950.24894395061
-3951.28401871639
-3949.69916487829
-3951.28361383787
-3949.65290174491
-3951.28361383787
-3951.38605415429
-3951.28361383787
-3951.3860541543
-3951.28401871639
-3951.28401871639
-3951.38605415429
-3951.28361383787
-3951.28401871639
-3951.3860541543
-3951.28279131979
-3951.3860541543
-3951.28401871639
-3951.28361383787
-3951.28361383787
-3951.28401871639
-3951.28401871639
-3951.28361383787
-3951.28401871639
-3950.43939438489
-3951.28401871639
-3951.28361383787
-3951.28401871639
-3951.28361383787
-3951.38807035966
-3951.28361383787
-3951.3860541543
-3951.28391471643
-3951.28401871639
-3951.28401871639
-3951.28401871639
-3951.28401871639
-3951.28401871639
-3951.2815583909
-3951.28401871639
-3951.28401871639
-3951.28401871639
-3951.28401871639
-3951.28401871639
-3951.28401871639
-3951.2815583909
-3951.28401871639
-3951.3860541543
-3951.28401871639
-3951.28401871639
-3951.28401871639
-3951.28401871639
-3949.81294335077
-3951.28401871639
-3951.2815583909
-3951.2815583909
-3951.28361383787
-3951.28391471643
-3951.28401871639
-3951.28401871639
-3951.28401871639
-3951.28361383787
-3951.28401871639
-3951.28401871639
-3951.28391471643
-3951.28361383787
-3951.28401871639
-3951.28401871639
-3951.28401871639
-3949.90834579563
-3951.28401871639
-3951.28401871639
-3951.28361383787
-3951.28401871639
-3951.28401871639
-3951.28401871639
-3951.28401871639
-3951.28401871639
-3951.28391471643
-3951.2815583909
-3951.28391471643
-3951.28401871639
-3949.5547440857
-3951.28361383787
-3951.28401871639
-3951.28401871639
-3951.28361383787
-3951.28401871638
-3951.28361383787
-3951.28361383787
-3951.28401871639
-3951.28401871639
-3951.28361383787
-3951.28401871639
-3951.28391471643
-3951.28401871639
-3950.40352088089
-3951.28401871639
-3951.28361383787
-3951.28361383787
-3951.3860541543
-3951.28401871639
-3951.38605415429
-3951.28361383787
-3951.3860541543
-3951.28401871639
-3951.28361383787
-3951.28361383787
-3951.28391471643
-3949.66410566323
-3951.28391471643
-3951.28401871639
-3951.28391471643
-3951.28401871639
-3951.28401871639
-3951.28361383787
-3951.28361383787
-3951.28361383787
-3951.28361383787
-3951.38605415429
-3951.3860541543
-3951.28401871639
-3951.28361383787
-3951.28401871639
-3951.28278321783
-3951.28391471643
-3951.28278321783
-3951.28319881503
-3951.28279131979
-3951.28401871639
-3951.28361383787
-3951.28361383787
-3951.28361383787
-3951.3860541543
-3951.2827913198
-3951.3860541543
-3951.2827913198
-3951.28391471643
-3949.59685120194
-3951.28391471643
-3951.28391471643
-3951.28374090123
-3951.3860541543
-3951.28278321783
-3951.28401871639
-3951.28401871639
-3951.28361383787
-3951.28361383787
-3951.28361383787
-3951.38605415429
-3951.28401871639
-3951.2827913198
-3951.3860541543
-3951.28391471643
-3951.28361383787
-3951.28361383787
-3951.28361383787
-3951.28401871639
-3951.28391471643
-3951.3860541543
-3951.3860541543
-3951.28401871639
-3951.28361383787
-3951.28361383787
-3949.65407512701
-3951.28361383787
-3951.28391471643
-3951.28401871639
-3951.28401871639
-3951.28391471643
-3951.28391471643
-3951.28361383787
-3951.28391471643
-3951.28401871639
-3949.61934143278
-3951.28391471643
-3951.28391471643
-3951.28391471643
-3951.28401871639
-3951.28401871639
-3951.28401871639
-3951.28401871639
-3951.28391471643
-3951.28391471643
-3951.28401871639
-3951.28401871639
-3951.28391471643
-3951.28361383787
-3951.28401871639
-3951.28401871639
-3951.28401871639
-3951.28391471643
-3951.28401871639
-3951.28391471643
-3951.28391471643
-3951.28401871639
-3951.28391471643
-3951.28401871639
-3951.28391471643
-3951.28391471643
-3951.28361383787
-3951.28361383787
-3951.28361383787
-3951.28391471643
-3951.28401871639
-3951.28391471643
-3951.28391471643
-3951.28391471643
-3951.28401871639
-3951.28401871639
-3951.28391471643
-3951.28391471643
-3951.28391471643
-3951.28391471643
-3951.2847328725
-3951.28391471643
-3951.28411635642
-3951.28361383787
-3951.28401871639
-3951.28391471643
-3951.28444356141
-3951.2847328725
-3951.2847328725
-3951.28391471643
-3951.28401871639
-3951.28391471643
-3951.28391471643
-3949.6701783904
-3951.28413969751
-3951.2847328725
-3951.28413969751
-3951.28319881503
-3951.28278321783
-3951.28391471643
-3951.28401871639
-3951.2847328725
-3951.2847328725
-3951.2847328725
-3951.2847328725
-3951.28278321783
-3951.28401871639
-3951.28391471643
-3951.28278321783
-3951.28391471643
-3951.28391471643
-3949.91724986325
-3951.38671052377
-3951.28319881503
-3951.28315898215
-3951.28391471643
-3951.28391471643
-3951.28413969751
-3951.2847328725
-3951.38671052377
-3951.28413969751
-3951.28278321783
-3951.28315898215
-3951.28401871639
-3951.28361383787
-3951.28361383787
-3951.28361383787
-3951.2847328725
-3951.28361383787
-3951.28401871639
-3951.28361172103
-3951.28401871639
-3951.28361383787
-3951.28361383787
-3951.28361383787
-3951.28361383787
-3951.28361383787
-3951.28401871639
-3951.28361383787
-3951.28302254995
-3951.28391471643
-3951.28361383787
-3951.28361383787
-3951.28401871639
-3949.59658042853
-3951.28361383787
-3951.28401871639
-3951.28391471643
-3951.28361383787
-3951.28361383787
-3951.28361383787
-3951.28361383787
-3951.28401871639
-3951.28361383787
-3950.33162244759
-3951.28361383787
-3951.28391471643
-3951.28361383787
-3951.28361383787
-3951.28361383787
-3951.28401871639
-3951.28391471643
-3951.28401871639
-3951.28361383787
-3949.5661542098
-3951.28361383787
-3951.28361383787
-3951.28361383787
-3951.28401871639
-3951.28361383787
-3951.2815583909
-3951.28401871639
-3951.28361383787
-3951.28361383787
-3951.28401871639
-3951.28401871639
-3951.2815583909
-3951.28391471643
-3951.28401871639
-3951.28401871639
-3951.28361383787
-3951.28361383787
-3951.28361383787
-3951.28361383787
-3951.28361383787
-3951.2815583909
-3951.28361383787
-3951.28391471643
-3951.28361383787
-3951.28401871639
-3951.28361383787
-3951.28401871639
-3951.28361383787
-3951.28401871639
-3951.28401871639
-3950.29259878419
-3951.28361383787
-3951.28401871639
-3951.28361383787
-3951.28361383787
-3951.28361383787
-3951.2815583909
-3951.28361383787
-3951.3860541543
-3951.28401871639
-3951.28361383787
-3951.28444356141
-3949.64800268548
-3951.28444356141
-3951.28391471643
-3951.28401871639
-3951.28361383787
-3951.28361383787
-3949.60747520551
-3951.28361383787
-3951.28361383787
-3951.28361383787
-3951.28361383787
-3950.30365579352
-3951.28401871639
-3951.28391471643
-3949.4331493146
-3951.28444356141
-3951.28444356141
-3951.28485419496
-3951.28391471643
-3951.2815583909
-3951.28391471643
-3951.28401871639
-3951.28361383787
-3951.28361383787
-3951.28485419496
-3951.28361383787
-3951.28401871639
-3951.28401871639
-3951.28401871639
-3951.28361383787
-3951.28485419496
-3951.28361383787
-3951.28485419496
-3951.28444356141
-3951.28319881503
-3951.28401871639
-3951.28361383787
-3951.28361383787
-3951.28401871639
-3951.28361383787
-3951.28485419496
-3951.28361383787
-3951.28401871639
-3951.28401871639
-3951.28361383787
-3951.28361383787
-3951.28361383787
-3951.28361383787
-3951.28361383787
-3951.28361383787
-3951.28361383787
-3951.28401871639
-3951.28401871639
-3951.28361383787
-3951.28361383787
-3951.28361383787
-3951.28361383787
-3951.27616366356
-3951.28361383787
-3951.28361383787
-3951.28401871639
-3951.28361383787
-3951.28361383787
-3951.28361383787
-3951.28361383787
-3951.28401871639
-3951.28361383787
-3951.2815583909
-3951.28401871639
-3951.28361383787
-3951.28361383787
-3951.28401871639
-3951.28401871639
-3951.28401871639
-3951.28361383787
-3951.28361383787
-3951.28401871639
-3951.28391471643
-3951.28361383787
-3951.28361383787
-3951.28361383787
-3951.28401871639
-3951.28401871639
-3951.28401871639
-3951.28401871639
-3951.28361383787
-3951.28361383787
-3951.28401871639
-3951.28361383787
-3951.28401871639
-3951.28361383787
-3951.28401871639
-3951.28391471643
-3951.28391471643
-3951.28361383787
-3951.28361383787
-3951.28361383787
-3951.28401871639
-3951.28401871639
-3951.2815583909
-3951.28361383787
-3951.28391471643
-3951.28391471643
-3951.28401871639
-3951.28401871639
-3951.28401871639
-3951.28361383787
-3951.2815583909
-3951.28391471643
-3951.28391471643
-3951.28361383787
-3951.28361383787
-3951.28361383787
-3951.28361383787
-3951.28361383787
-3951.2815583909
-3951.28391471643
-3951.28361383787
-3951.28361383787
-3949.78223284699
-3951.28401871639
-3951.28401871639
-3951.2815583909
-3951.2815583909
-3951.28361383787
-3951.28361383787
-3951.28361383787
-3951.28361383787
-3951.28361383787
-3951.28361383787
-3951.28361383787
-3951.28401871639
-3951.28391471643
-3951.28361383787
-3951.28361383787
-3951.28361383787
-3951.28361383787
-3951.28401871639
-3951.28361383787
-3951.2815583909
-3951.28361383787
-3951.28401871639
-3951.28361383787
-3951.28361383787
-3951.28361383787
-3951.28401871639
-3951.28361383787
-3951.2815583909
-3951.28361383787
-3951.28391471643
-3951.28361383787
-3951.28361383787
-3951.28361383787
-3951.28361383787
-3951.28361383787
-3951.3860541543
-3951.28361383787
-3951.28361383787
-3951.28401871639
-3951.28361383787
-3951.28361383787
-3951.28401871639
-3951.28401871639
-3951.28183647336
-3951.28391471643
-3951.28361383787
-3951.28361383787
-3951.28361383787
-3951.28361383787
-3951.28361383787
-3951.28401871639
-3951.2815583909
