# vacant energies
-4101.85696763692
-4102.63269879
-4101.97000827152
-4102.20575245925
-4103.59583413027
-4101.88642432726
-4102.49927066609
-4103.06714652018
-4101.61212506464
-4102.81642830582
-4102.07483485874
-4102.09337161034
-4101.62560202622
-4103.27283228905
-4103.32852793656
-4101.77810884204
-4103.1191522014
-4101.96848156663
-4101.77992475815
-4101.70615060279
-4102.94630955137
-4101.91905281258
-4102.24649013846
-4103.06928224087
-4101.87802664812
-4102.78998590706
-4103.1342390521
-4102.89670544281
-4102.04188641282
-4101.9239064516
-4103.20426924043
-4101.80095297458
-4102.12979938106
-4102.07081325347
-4102.70103948345
-4101.67590528783
-4102.47160468206
-4102.60579195629
-4102.07668356965
-4101.97018182932
-4103.25696103925
-4102.02357844838
-4103.277321307
-4103.12819422568
-4102.65220877467
-4103.03565993533
-4101.97212634251
-4102.85330386372
-4101.94820158456
-4102.85975338576
-4102.59157655676
-4101.78513009349
-4101.88869282275
-4102.62994276289
-4102.92502208925
-4102.17488364911
-4102.31714182012
-4101.93300139526
-4102.43198267965
-4101.9622722213
-4101.86220547061
-4102.78326836143
-4101.7530617666
-4101.94346015915
-4101.92278543853
-4102.7302274336
-4101.75908613581
-4101.97292232336
-4102.39961143874
-4102.05612080942
-4103.85161602934
-4101.82036077513
-4101.77933753386
-4102.02984856262
-4101.88360486128
-4102.1324462353
-4102.56506083288
-4102.93058390995
-4101.99828093685
-4101.84836123685
-4101.83262256151
-4101.94013225122
-4102.97036399088
-4102.81412064443
-4102.34183192802
-4102.19954244109
-4102.39454826589
-4101.83369692857
-4101.71143252565
-4102.51766833422
-4103.0576396648
-4103.28753844944
-4102.29814225765
-4101.9459296561
-4101.95270288954
-4102.0396086663
-4101.88707812588
-4101.91471584127
-4103.11238475343
-4103.13164642469
-4101.96454694449
-4102.87102623679
-4102.63368217162
-4101.87890485427
-4101.75119266903
-4101.90002950842
-4102.68013465785
-4102.06536421193
-4102.09224105453
-4102.43573026341
-4101.96001765194
-4102.10201998544
-4101.80962906889
-4101.8044262718
-4101.95937310025
-4101.88577190541
-4102.63563819043
-4103.00577684076
-4102.02607343256
-4101.9149399651
-4101.67020679316
-4102.57500891279
-4102.13277296112
-4102.05227419758
-4102.77648790319
-4102.37122368024
-4102.15958416854
-4103.04790255865
-4101.72150025224
-4102.10272248883
-4101.80492694505
-4102.74267080653
-4101.64020840115
-4102.39766629987
-4101.81819382574
-4102.85507450754
-4101.69068384091
-4102.30218884991
-4101.68426328802
-4102.32447525374
-4101.62644421228
-4103.10928189034
-4101.91022050326
-4102.12030061108
-4101.62506388259
-4102.27376772424
-4101.45216786403
-4102.78833408248
-4101.61832453523
-4102.65460916349
-4102.74492123534
-4102.34483085529
-4101.74400990131
-4102.07476385453
-4101.69846798419
-4101.89162205172
-4101.88861834318
-4101.78315245546
-4102.17809182695
-4101.87710791124
-4101.86139427525
-4103.43741698889
-4101.86275343755
-4102.03075308967
-4102.04727029573
-4101.65944815723
-4102.05676688789
-4101.86274912276
-4101.58760463659
-4102.32427084337
-4101.9934758541
-4102.13663999624
-4102.71018749777
-4101.72113074743
-4102.01523069958
-4101.86233767311
-4102.96165646795
-4102.39444073378
-4103.43727103429
-4102.87206461073
-4103.12466317912
-4101.99897230261
-4103.11606350606
-4101.82166261517
-4101.86359677287
-4102.35368819215
-4102.03688749121
-4101.77056534908
-4102.31767637325
-4101.91355094542
-4102.40793819843
-4101.71934533387
-4102.03193149073
-4102.78620199677
-4102.36908543268
-4101.90734283796
-4102.31213244258
-4102.12456955948
-4102.35711551679
-4101.92203420414
-4102.10465049504
-4102.69461319894
-4102.86821737488
-4102.84177631264
-4102.66324272078
-4102.18966110864
-4102.31692005247
-4102.17095183474
-4101.70943765471
-4103.11550157803
-4102.00129710877
-4103.18117106384
-4102.66454818176
-4101.80663857032
-4103.13067803974
-4102.85551978873
-4101.86283892384
-4103.22716094634
-4103.04339487056
-4103.07348052805
-4102.13372316165
-4102.80758825408
-4102.61966913891
-4101.97544526066
-4101.67162195586
-4102.70873596754
-4103.29069004635
-4103.35570983995
-4103.35125964642
-4103.08895475143
-4102.8714322619
-4102.02586767866
-4101.78070000469
-4102.23731854415
-4102.11280743628
-4101.66786683867
-4102.51447596764
-4102.35401557743
-4102.66679134798
-4101.92172175051
-4101.92765560416
-4102.18239294248
-4102.75082786951
-4102.13495247752
-4102.141751553
-4102.13460506966
-4101.80431282356
-4102.55383901336
-4101.77856186533
-4102.39797532994
-4102.09146167306
-4102.04821326011
-4102.55419402059
-4102.35426812102
-4102.45783950891
-4102.48057388459
-4101.8063886849
-4102.21560483184
-4101.81495166726
-4101.89105324377
-4101.77230720809
-4103.03771433056
-4103.22573287701
-4103.10065531336
-4101.88356740615
-4102.01442128219
-4101.91384969377
-4101.96991668328
-4101.94892229657
-4103.15412986249
-4102.75973335259
-4101.80844332583
-4101.60334947639
-4101.70283879401
-4101.71194270537
-4101.55109841505
-4102.71156778867
-4101.76212092287
-4101.97255775578
-4101.80866761312
-4102.72223176149
-4102.9113207709
-4101.86341685762
-4102.03424109609
-4102.44731547361
-4101.74238326252
-4102.77410263348
-4101.93742239474
-4101.85717888675
-4102.97007365147
-4102.25533135362
-4101.86599057927
-4102.09314360671
-4101.9476944791
-4102.406208905
-4101.68063320977
-4101.75194808533
-4102.05216201429
-4102.67985577598
-4101.91038916515
-4102.62056992089
-4102.75015426304
-4102.11357238061
-4101.5716023932
-4102.19056736455
-4101.98334572531
-4102.38336312349
-4102.53044407179
-4102.02197007165
-4103.08354087978
-4103.04320557701
-4101.90237229324
-4103.16447683038
-4102.40854557031
-4102.17428801856
-4101.92596172886
-4103.19513212328
-4103.05350835767
-4101.666216349
-4101.79620356194
-4102.1848770705
-4102.07736500691
-4101.9807536071
-4102.7079358486
-4102.11911504399
-4102.46937891385
-4102.20395027936
-4102.16210041019
-4101.90490452688
-4102.50982015361
-4101.9071530222
-4102.67994546195
-4102.02614351898
-4101.87930643053
-4102.06270748223
-4102.58612276978
-4101.86239865042
-4102.62176606561
-4103.27566057552
-4103.04895641001
-4101.63934376877
-4102.44463602843
-4102.31379613753
-4102.41718713966
-4101.93987466972
-4101.81110657164
-4102.01505446165
-4102.88518819121
-4101.76228744172
-4101.66395523357
-4101.77063419126
-4101.94816903584
-4101.76961840496
-4102.35817598856
-4101.8032240966
-4102.18187895375
-4102.74898677798
-4102.80683386545
-4101.92577169398
-4101.62360713161
-4101.87124605999
-4101.78909572211
-4102.79521430941
-4102.67580928862
-4101.96964763932
-4101.69325881002
-4101.80618865612
-4101.95477129205
-4101.76741212069
-4102.87578239568
-4101.5001071508
-4101.99788907584
-4102.06945574469
-4102.09515243524
-4102.88530915911
-4101.61332823652
-4103.30037629845
-4103.24745882746
-4101.94136904701
-4102.41419350492
-4103.22304993467
-4101.82152116471
-4102.85868561875
-4101.6790737655
-4102.84410478599
-4102.11317248929
-4103.23740491679
-4104.156971336
-4102.3636234655
-4102.45065744518
-4102.32996648586
-4101.64543944167
-4102.06441971676
-4102.67706879602
-4102.23567045012
-4103.4589299768
-4102.24442430767
-4101.91048509172
-4102.11250570697
-4101.89422096191
-4102.74829765375
-4101.83076375247
-4103.33184101733
-4103.3972883937
-4102.98145242226
-4102.3256884862
-4102.26686965562
-4101.66915938859
-4102.34627750988
-4102.36308285807
-4102.85925776079
-4101.87179583603
-4102.61404229831
-4103.29799132643
-4102.24561364926
-4102.05075253421
-4101.84579594776
-4102.55132519473
-4103.18695801548
-4103.46388533204
-4101.98464390156
-4102.84367214821
-4102.13417775381
-4101.71851430651
-4101.78986256506
-4102.28564421628
-4102.189389093
-4102.02165809306
-4102.03935140143
-4102.38794113691
-4103.07760511293
-4102.08900078731
-4101.91774476751
-4102.59696291137
-4101.71107747101
-4102.67880949931
-4103.45947410802
-4102.14655164575
-4102.76644853178
-4102.05327144501
-4101.56657529183
-4103.00017914183
-4101.98243707233
-4102.41970111206
-4103.49858677712
-4103.04641055329
-4103.85161602934
-4103.8146056007
-4101.57273561624
-4102.63591503883
-4101.69211633268
-4102.2649125486
-4102.98136140391
-4101.89790468675
-4101.90713778896
-4102.84446315908
-4101.7161141195
-4102.48265810193
-4102.09190546628
-4102.13364681882
-4102.03968084555
-4101.93989152895
-4102.0287175547
-4101.7386610935
-4101.7035737433
-4102.22445446394
-4102.16611947693
-4102.05593166503
-4102.75063797108
-4102.3078174499
-4102.53958939536
-4101.75206037762
-4102.19408658977
-4102.25357933931
-4102.85820904332
-4102.23401559783
-4101.90576431268
-4101.97955827978
-4102.73836751165
-4101.81402612356
-4102.09406550155
-4102.82152079198
-4102.3856456793
-4101.93543301554
-4102.64178440042
-4101.79322523331
-4101.81287279449
-4102.03914851558
-4102.67331915655
-4102.88229153161
-4101.94385770417
-4102.02596821699
-4101.79303221569
-4102.89612172707
-4101.88981137408
-4101.81561402661
-4102.81466878703
-4102.21511893869
-4102.31991931454
-4102.15587210271
-4103.07194959379
-4101.65734796015
-4102.17149972056
-4101.57509327177
-4101.67439712712
-4103.02209365193
-4102.81356135238
-4101.74807486734
-4103.14177305538
-4101.88594882005
-4102.32122604993
-4101.80546213746
-4102.91571299129
-4102.04959786755
-4103.03633170275
-4101.88261300757
-4102.92324377662
-4101.74926006862
-4103.08158268489
-4103.28327109206
-4102.01683153687
-4103.15322399137
-4101.80902967009
-4101.84091988112
-4103.41704366723
-4103.38592265319
-4102.93186820624
-4102.64880870864
-4103.06119939351
-4103.17460011468
-4102.74446294467
-4101.6309015271
-4102.6317718678
-4103.12647556387
-4102.87496853433
-4103.22341120588
-4103.05073623761
-4101.70921099365
-4103.03716680632
-4103.28299798407
-4103.22655837289
-4103.32364741362
-4103.5105358156
-4103.20545926485
-4102.81872965942
-4103.42804920387
-4102.89221959057
-4102.10626417913
-4103.03486995592
-4103.11477389632
-4101.82094398484
-4102.49600269642
-4103.13228533297
-4101.77206006021
-4103.04219664725
-4102.98200658422
-4103.37328311311
-4101.823560534
-4101.85555504676
-4102.21593128636
-4103.19496501787
-4101.71470591872
-4103.31270121183
-4102.1899934521
-4101.81088293846
-4102.86301425403
-4102.97132819039
-4102.32478943771
-4102.44319928457
-4101.79803810481
-4102.70762586713
-4101.96307543184
-4103.0550570123
-4102.07957979669
-4102.25622994066
-4102.96572374999
-4103.50981804544
-4101.94586259225
-4102.37950347836
-4101.9153701769
-4101.96222914335
-4102.75471888183
-4101.87086776374
-4102.8899960848
-4102.84155714408
-4103.08071850987
-4102.74762449785
-4101.88801622488
-4102.80172264534
-4102.31418383381
-4103.01404668445
-4102.58584520777
-4102.69799313512
-4102.70387982274
-4102.56651490512
-4102.63175046292
-4102.8760352441
-4101.95073519676
-4101.827584309
-4102.52120539196
-4102.40696760264
-4101.67151771736
-4102.88077528505
-4103.05751654876
-4102.11772355757
-4102.549078821
-4101.88479547109
-4101.86832623069
-4102.69452327812
-4102.89720051103
-4101.81389384264
-4102.9081477875
-4101.9697721663
-4102.8378460545
-4102.74120218491
-4102.50445241203
-4101.82064288841
-4102.83862764193
-4101.55296875378
-4102.85336726564
-4101.68418522271
-4102.62604473703
-4102.97555614075
-4102.28427960185
-4102.54516047119
-4101.7970920957
-4103.18387186548
-4103.43103410392
-4103.28635287587
-4101.75068887788
-4103.00097258353
-4102.00164475663
-4103.07220794212
-4103.14174020558
-4103.28387994908
-4103.04043683874
-4101.80678419586
-4102.65311645333
-4101.8619860899
-4102.87446795956
-4101.77781537043
-4102.36765292611
-4103.29284435736
-4103.58493514482
-4103.60340436793
-4103.00742947216
-4101.82169792044
-4102.65175259089
-4102.04513804919
-4101.88098226884
-4102.18670144405
-4102.008242211
-4103.14818718866
-4103.1512233304
-4101.82906320361
-4102.39441217634
-4103.00280075805
-4101.5621806765
-4103.23153939478
-4103.30341735024
-4103.24207936435
-4101.78943456577
-4101.78544842157
-4103.309734901
-4103.33831432358
-4103.0671463843
-4103.58493514482
-4102.02775200001
-4102.08595244
-4103.25816174358
-4101.62603094322
-4103.30590961778
-4102.36753870012
-4103.09702219374
-4103.02188746895
-4101.84305974761
-4103.02339204576
-4101.68839618719
-4103.11862750064
-4103.08507702312
-4102.01570663775
-4103.28516619768
-4103.03926842639
-4102.06838570165
-4103.13006930025
-4103.19794457881
-4103.30871264535
-4101.89990212769
-4102.69204581909
-4101.9625871913
-4102.06286542323
-4103.01673058449
-4102.69950848524
-4101.79738222047
-4103.06594505319
-4103.22564966857
-4103.00687358711
-4101.90977107009
-4103.2647972707
-4102.94707024444
-4103.1383534618
-4103.33641313032
-4103.22115566311
-4102.6379920879
-4103.06164688874
-4101.79142713362
-4103.05959318054
-4101.80218068098
-4102.39389911304
-4102.84491841439
-4102.79092097365
-4103.12610389617
-4102.55154454067
-4102.82575232051
-4101.86778560882
-4103.0282584141
-4101.91461353133
-4103.12573549376
-4101.97799695307
-4102.13698633766
-4103.39907347402
-4103.39907347402
-4103.29233980105
-4101.85919851252
-4102.58654618769
-4102.09592375353
-4102.0121058125
-4102.7418169849
-4102.26763527141
-4103.02754455374
-4103.12974481512
-4101.93093203856
-4102.11808746436
-4101.86199636323
-4103.30446995262
-4102.82117446844
-4103.39907347402
-4103.07886361239
-4101.88864861681
-4102.65416840801
-4103.1453189182
-4101.75260142042
-4103.05516995278
-4103.06583461195
-4102.05767623249
-4101.93543408123
-4102.87937670325
-4101.85199960492
-4102.38434237828
-4102.02678067883
-4103.00208101583
-4102.86401136737
-4103.09532639957
-4102.90840907532
-4101.67871867
-4102.83246204952
-4101.79260640761
-4102.66774973594
-4101.89559508678
-4102.35970410443
-4102.87092054329
-4102.93754169639
-4101.78984749552
-4101.88918691104
-4102.16843498906
-4103.21408187886
-4103.33073135777
-4102.43339188126
-4102.91984881309
-4101.65773637258
-4102.35715602125
-4101.59426932338
-4102.95933058863
-4103.35751846841
-4101.83347373055
-4102.5811055093
-4102.63935767778
-4101.7943839842
-4101.7562899708
-4101.91265698206
-4102.52050089138
-4103.2310322453
-4102.91505056767
-4101.75188703927
-4102.79385098744
-4101.78134987
-4103.09963617188
-4103.05918969564
-4103.21060970641
-4101.88237128163
-4101.68112769421
-4102.13228386573
-4102.71955308142
-4102.37378906718
-4102.49839068194
-4102.1780241717
-4103.33674956712
-4103.24739605507
-4102.91013266398
-4102.88627285208
-4102.77965429357
-4102.85058354253
-4101.95580794371
-4103.24151110827
-4103.20163061089
-4103.17358440259
-4103.10338961937
-4102.64179201563
-4101.99680319739
-4101.9272765284
-4102.10477258603
-4101.99922821896
-4103.1410756065
-4103.16220128293
-4101.77091075805
-4102.55864210689
-4103.04399137999
-4103.10883488419
-4102.23519271532
-4103.25780055084
-4101.99683534789
-4103.45730464897
-4101.89777685268
-4103.15228346077
-4102.40252036251
-4103.11212726464
-4103.06356068771
-4103.20598115242
-4103.55817678503
-4102.76204272888
-4103.31174973095
-4101.98809924892
-4102.09702850439
-4102.44471454719
-4101.68642572211
-4103.29804825116
-4103.36231509564
-4103.13736039937
-4103.09622624913
-4102.77400024453
-4102.02201242907
-4102.09466657136
-4101.85339074089
-4102.75509087812
-4103.36958361616
-4101.91382159012
-4101.97002321822
-4102.68826394755
-4102.47008581777
-4101.90573490083
-4103.05658850864
-4101.94639864497
-4101.9270780083
-4101.80220828818
-4101.96091197793
-4102.8276302742
-4102.18836110062
-4103.47647015904
-4102.62886353304
-4102.09308294385
-4103.02696395868
-4102.82530363453
-4103.00923426511
-4101.86250319262
-4102.77348968791
-4101.67848938785
-4102.91691631445
-4101.80306803956
-4102.35031827912
-4102.60699822758
-4101.87004789504
-4103.18130200164
-4103.15536838001
-4103.0173408009
-4103.47647015903
-4101.82823189959
-4102.84539251328
-4102.01785067431
-4101.9448241826
-4102.83768223104
-4102.82668404341
-4101.57700979583
-4102.49802803635
-4101.68634759041
-4103.36884993189
-4101.8007491353
-4102.02567822154
-4102.00192643841
-4102.45883516225
-4102.76600850715
-4101.78955126526
-4101.91896705146
-4102.52299709686
-4102.75083495943
-4102.4939464982
-4102.81094787224
-4102.69160464122
-4101.65451036301
-4103.0449107404
-4101.74481172758
-4102.74295485055
-4102.74586632678
-4101.84981756581
-4102.98370701799
-4102.48293053298
-4101.65340935403
-4103.09733668558
-4101.62290004739
-4101.92448122987
-4102.02098504811
-4103.01308706313
-4102.0074157426
-4102.23409718917
-4101.68743981951
-4102.57620573592
-4101.91730132387
-4102.05986173657
-4102.03613176607
-4103.0443848621
-4102.19294399071
-4102.68185896845
-4101.59911462584
-4102.27066618114
-4101.94671497324
-4102.56093284032
-4101.97301999382
-4101.99881809271
-4102.93444509967
-4101.88196810028
-4102.14614894221
-4102.42782550177
-4101.93634427211
-4102.92081973808
-4103.09469388153
-4101.89828363
-4102.73162284276
-4102.19235904495
-4101.81582041626
-4102.9301037068
-4103.02756263687
-4102.81297487782
-4103.01678512972
-4103.1928829606
-4102.01896167663
-4102.3259122419
-4103.13778235659
-4102.27787778547
-4102.10330926924
-4102.80757698112
-4102.12088902273
-4101.95014497886
-4102.50799853974
-4101.95917417308
-4103.28004172834
-4102.70740306089
-4102.20681061864
-4102.26894874388
-4102.98891277347
-4102.78355353478
-4102.20749515574
-4103.15859389036
-4103.36582374115
-4101.94113363177
-4103.13295811313
-4103.35352186005
-4103.00958822078
-4102.01803745832
-4103.13246107775
-4103.49498820339
-4101.95016491958
-4101.90991462791
-4101.96430032591
-4103.08217476372
-4102.93478881994
-4101.71106443923
-4101.97337593639
-4103.4642288508
-4101.94973502981
-4102.35747518413
-4102.12473243757
-4103.07656579321
-4101.93630257896
-4102.94876778938
-4102.05979220762
-4103.03121679609
-4101.71846417729
-4102.76845569339
-4101.67127554124
-4102.83594986863
-4102.14621037719
-4103.22731047041
-4102.80737597891
-4102.60625786651
-4102.00494822726
-4103.25542122207
-4102.76484029089
-4102.53771579562
-4102.96253079558
-4102.74358426249
-4101.94841317802
-4102.40891234153
-4101.7435138316
-4102.93212348653
-4102.92796643542
-4102.29402227495
-4102.14783807478
-4103.3459071446
-4103.08804973507
-4101.90937236956
-4101.8270384032
-4102.77612748448
-4102.80420393862
-4101.91889310796
-4102.51596809871
-4101.82005198165
-4102.06326990667
-4102.53743033993
-4102.9438375336
-4101.7771017678
-4103.26324293463
-4101.86442314898
-4101.72681509
-4102.85550129395
-4102.72175628101
