# vacant energies
-3983.21919542744
-3982.96500748613
-3982.50963487743
-3982.84789971238
-3983.09029142677
-3982.87478110595
-3983.05156603933
-3983.01548334882
-3982.95291651079
-3982.51563305205
-3982.75036325975
-3982.91385746252
-3983.08908833568
-3983.19883090877
-3983.43313769169
-3983.16356886425
-3983.36397748901
-3982.47831332245
-3982.46057806452
-3982.60359521177
-3982.78162063572
-3982.46825713571
-3982.93483138333
-3982.91101899051
-3982.96744239795
-3982.92514504966
-3983.0607952693
-3983.3031833716
-3982.77567532008
-3982.6955235791
-3982.91933887238
-3983.07694876663
-3983.1236709473
-3982.89689766845
-3982.81957851604
-3982.84756887158
-3982.75696010425
-3983.02446228799
-3982.78859888982
-3983.06637206408
-3983.12713261107
-3983.05523565301
-3983.14281228594
-3983.45408186082
-3982.80044446189
-3982.56898978837
-3983.03296587533
-3983.00966202791
-3983.0391448909
-3983.0150762454
-3982.55128303107
-3982.67873613253
-3982.82435241513
-3982.87991385793
-3983.24580804265
-3983.21959833416
-3983.78475551041
-3982.91461081655
-3983.03876774891
-3983.03451587353
-3982.95758240216
-3983.18831016319
-3982.83354081677
-3983.17752755697
-3983.05391199727
-3982.75408845708
-3982.62677333427
-3982.79042377267
-3982.61665113095
-3983.18450778705
-3983.09732237237
-3983.09049449032
-3982.87456397818
-3982.96786810641
-3982.682487484
-3982.87680400322
-3983.14650540128
-3983.09256390876
-3983.55590233868
-3983.30881491831
-3983.19904432146
-3982.7442794276
-3982.70020567263
-3982.68896933387
-3982.88864314076
-3982.49502433064
-3983.03241101014
-3983.2717181685
-3982.8956504444
-3983.78201867117
-3982.65628150589
-3983.03768107628
-3982.52903675636
-3983.03709971811
-3983.10381772709
-3982.95940889356
-3983.00188840719
-3982.66295487007
-3982.55495742288
-3982.75732066835
-3982.67588207393
-3983.28134637579
-3982.59935573625
-3983.13790510744
-3983.32141738869
-3983.09647094104
-3983.39432581778
-3982.80203669395
-3983.10541135863
-3982.87847486634
-3983.08652229171
-3983.13356522572
-3983.18441245913
-3982.94252483091
-3982.68274139834
-3982.619033218
-3982.49799740757
-3983.25308400999
-3983.22609877216
-3982.94265886888
-3982.84859044375
-3983.31623119201
-3982.43365700914
-3983.10873365977
-3982.6200244336
-3982.98773332842
-3982.93438937129
-3983.10823800849
-3982.90709963309
-3983.1316167176
-3982.49726345046
-3983.31627206395
-3983.2923263372
-3983.4920716996
-3983.67430296185
-3982.96289987142
-3983.13225985108
-3982.84326791226
-3982.77047931712
-3982.75346478847
-3982.69412365534
-3982.8459158531
-3982.98546466487
-3983.15293317165
-3982.9834818404
-3982.74579719834
-3982.94139463221
-3982.77809406618
-3983.21717423608
-3982.91693933022
-3983.07655178622
-3983.0749914338
-3982.85336598884
-3982.99878192126
-3982.77557810325
-3982.83295762793
-3983.00710263578
-3982.89065071356
-3983.6303343108
-3983.00099356205
-3982.76039061193
-3983.40995597429
-3982.92000016156
-3983.04586340006
-3982.67278332627
-3982.89703365699
-3983.10120364414
-3983.04074239646
-3982.94117684318
-3983.01390618171
-3982.9539570982
-3982.7269403629
-3982.90264911626
-3983.0148753026
-3983.3853482891
-3982.94696575314
-3982.95393678646
-3983.06753807756
-3983.5636824322
-3983.12868648602
-3983.1776055413
-3982.84957320272
-3983.16528664849
-3982.88109218406
-3982.89941143202
-3982.90748922293
-3982.99461297476
-3983.02376154581
-3982.99253014566
-3982.62598280675
-3982.91577094094
-3982.96009257972
-3982.97027227478
-3983.12181618161
-3982.98708306097
-3983.05575664577
-3983.01829365645
-3983.16879966579
-3983.51803782437
-3983.1266575308
-3983.13437126506
-3983.13238205213
-3983.63221226343
-3982.8597770374
-3983.06949471514
-3982.96309270844
-3983.32734749614
-3982.96067131759
-3983.15004197057
-3983.93775963376
-3983.00192921919
-3982.80017780349
-3983.06255741363
-3983.45311538807
-3983.41134470236
-3982.94878537599
-3983.05058100635
-3983.0953576039
-3983.44153983701
-3982.85419606508
-3982.95246304079
-3982.77259233347
-3983.56852968644
-3982.94427234105
-3982.77373034694
-3983.49760966697
-3982.80118287213
-3983.12744266401
-3982.852454533
-3983.28461800134
-3982.92224182705
-3982.99397442544
-3982.99801034248
-3983.11074794398
-3983.05270260923
-3983.06151584231
-3982.85249917401
-3983.07020550602
-3983.42712473297
-3983.11782173859
-3982.9907552005
-3982.96175107414
-3983.26195192688
-3983.1483417179
-3983.33452696671
-3982.94517223753
-3983.15847865977
-3983.07106193201
-3983.01308045584
-3983.09390832977
-3982.99740811955
-3982.99522945863
-3983.09316326848
-3982.81341316165
-3983.17165093255
-3982.99644063234
-3982.97095506197
-3983.17635875378
-3982.89437324285
-3982.62093233362
-3982.96833320154
-3982.72674731713
-3983.2223764285
-3983.74920728615
-3983.13223464915
-3983.18279916278
-3982.70291464135
-3983.03408353442
-3982.57490446687
-3982.79662154183
-3982.84087864695
-3983.46511909936
-3983.20502980077
-3983.00845008235
-3982.4911041899
-3982.88768708518
-3983.45951260562
-3983.46045960015
-3982.87851804867
-3983.30481875756
-3983.2146537245
-3982.66228876084
-3982.82879763169
-3982.65875047052
-3983.17486603989
-3982.75384902556
-3983.15297497419
-3982.98399834342
-3982.94497390435
-3982.73058346401
-3982.87476454764
-3982.62353556407
-3983.01320601618
-3983.02162184618
-3983.58343369244
-3982.95259252251
-3982.50914918457
-3982.98705232015
-3982.59578595339
-3982.87758199797
-3982.49255979243
-3983.07922955731
-3982.89739584918
-3983.08792806652
-3982.83030690254
-3982.92788179701
-3982.49250331092
-3982.90321237449
-3982.60616826491
-3983.05032555563
-3982.86738133748
-3983.27885716652
-3982.96311410073
-3982.8106423772
-3982.78324366867
-3982.7684560455
-3983.28648479418
-3982.60348075901
-3982.86148150536
-3983.23864761601
-3983.10037723718
-3983.09327733384
-3982.85988034787
-3982.86018101057
-3983.01645324568
-3982.60619024979
-3983.00299525673
-3983.55400235738
-3983.05055770774
-3983.09161207276
-3982.64888045959
-3982.70963844325
-3982.69860518685
-3982.76491465204
-3982.84395549399
-3983.82759415218
-3982.97989209608
-3983.76862586199
-3983.26144938792
-3983.02871439686
-3982.68656174277
-3983.11585471445
-3982.85068399136
-3983.08616422041
-3983.06502030804
-3982.89310724853
-3982.97686781742
-3982.79446793765
-3982.92554688849
-3982.4608320442
-3982.84783755852
-3983.06804337695
-3983.05257844742
-3983.04957784418
-3982.96434580429
-3982.75885954239
-3982.90706637055
-3982.44841504931
-3983.19867151418
-3982.85792730641
-3982.99248855959
-3983.32918628106
-3982.80453832841
-3982.87078472381
-3982.68044045777
-3982.6719531005
-3982.71233745708
-3983.05707392742
-3982.92764601788
-3982.95521697486
-3982.61458751657
-3982.89215512401
-3982.94086352131
-3982.91934585216
-3982.69706117561
-3983.19508134033
-3983.05599938529
-3982.89976255128
-3982.76963548242
-3982.50873234627
-3982.83222064263
-3982.36084527697
-3982.80671849419
-3982.92352633816
-3983.07217827898
-3982.80912023259
-3982.80174401794
-3982.66501719731
-3982.78651337769
-3982.51102144125
-3983.10778487937
-3983.09557423761
-3983.02511700283
-3983.10545043998
-3982.73732993498
-3982.83684013726
-3982.98803412815
-3982.66609414422
-3983.17303379655
-3982.94868519137
-3983.12564385311
-3983.05145897798
-3982.43680784293
-3982.80271502319
-3982.59840298893
-3983.28117256377
-3983.01432413779
-3983.01390961379
-3983.01731165649
-3982.75197930546
-3982.71236481636
-3982.48844847035
-3983.0110230803
-3982.99391867607
-3982.86384559739
-3983.13405699825
-3982.90396212067
-3982.61271925512
-3983.02019860347
-3982.64094179781
-3983.01689299172
-3983.12139791401
-3983.41163311535
-3982.98656166869
-3982.6455350785
-3982.81707939419
-3982.54848803944
-3982.7009430804
-3982.4913850229
-3982.79416964487
-3983.27799513914
-3982.98263528241
-3982.89545573664
-3983.13397404728
-3982.4543519953
-3982.64745416889
-3982.54365905244
-3983.00629539593
-3983.50702342785
-3983.21063948716
-3982.99245102019
-3982.79833004233
-3982.64611867302
-3982.59994441363
-3983.03781748398
-3983.23225450475
-3983.02107421904
-3983.12533081102
-3983.00849864636
-3983.13331195041
-3982.85239383873
-3982.69889692419
-3982.80147229802
-3982.9227216075
-3983.00233066547
-3982.87095404191
-3983.10620870819
-3983.17901453958
-3982.78526041247
-3982.79899887134
-3982.54337014583
-3982.57627154724
-3983.42471531976
-3983.51538319565
-3983.00382770709
-3983.25481556149
-3982.8132923066
-3982.64158306016
-3982.58171069983
-3982.83907556208
-3983.05685059555
-3983.94334840682
-3982.99934293443
-3983.13552389252
-3982.98413038791
-3982.84671473875
-3982.79353595756
-3982.91549151841
-3983.83585123484
-3983.05301926128
-3983.2873393121
-3983.15010038855
-3982.78194153768
-3982.67765247415
-3982.95495642837
-3982.58925180201
-3982.70038824002
-3983.0575863346
-3983.08187338239
-3982.92785515534
-3982.88147779982
-3982.62533717295
-3982.40367536114
-3982.59697244117
-3982.90005275451
-3984.03314117595
-3982.93904318253
-3983.20874825998
-3982.8138587449
-3983.02129019137
-3982.7258311024
-3982.87134310187
-3983.00298089421
-3983.12758964805
-3983.162374344
-3983.08404216145
-3982.70280187791
-3982.78849144511
-3982.94310297724
-3982.8187189412
-3983.11207068043
-3983.21663480885
-3984.8979366388
-3982.83046325055
-3984.44634882431
-3982.99552778322
-3984.55855079591
-3984.83284303518
-3984.85457539799
-3984.37766281678
-3983.50755687467
-3984.31235153096
-3984.71011959953
-3984.55595267367
-3984.48849868309
-3984.94667612727
-3985.03299979321
-3983.93014922302
-3983.97046256052
-3984.40157601872
-3984.31674800071
-3984.63298795422
-3984.88878419901
-3984.88950964641
-3984.75865442107
-3983.25493620415
-3984.01602573702
-3984.59180275678
-3984.33330281408
-3984.79109498848
-3984.79622333595
-3985.10340921752
-3984.91254380528
-3984.07060101294
-3984.07168903319
-3984.40621450806
-3984.61737950254
-3984.40296196126
-3984.83542833927
-3984.93819489939
-3984.92047803686
-3984.10862529023
-3984.04285136272
-3984.32635572913
-3984.50789892656
-3984.29341312234
-3984.84443851903
-3985.02074259165
-3984.93840934362
-3983.97870981384
-3983.9313586216
-3984.47290134484
-3984.27037236986
-3983.20923125585
-3984.36981542141
-3983.05063622434
-3985.0311291539
-3984.48006735563
-3984.02212231187
-3984.36149523965
-3982.95289672763
-3983.03046586498
-3984.28835785668
-3983.08334418243
-3985.38019809456
-3984.074192896
-3984.47714973187
-3984.57827381642
-3984.16135573431
-3984.56083551915
-3983.15690520573
-3984.96607419079
-3984.51711739095
-3984.15695979597
-3984.05791792657
-3984.6735270582
-3984.28124892796
-3984.67970423702
-3984.01629248662
-3983.07929930808
-3984.21546931001
-3983.68338986163
-3984.15009704667
-3984.8480172981
-3984.66875685712
-3984.68857679984
-3984.61871008009
-3984.59728464474
-3984.65841249972
-3983.99718528596
-3984.01299666086
-3984.77048797679
-3984.85538169751
-3984.67544046459
-3984.57991311704
-3984.42731492166
-3984.55757773059
-3983.05530179681
-3984.32321678567
-3984.6923726919
-3984.74678213035
-3984.63274922912
-3984.80789913979
-3984.73054084394
-3984.68156245506
-3984.1857083358
-3984.27515045188
-3984.29391589572
-3984.65788532529
-3984.65788532529
-3983.1096000115
-3984.50834124474
-3984.53766596017
-3983.67118760605
-3984.45651994263
-3982.81685989227
-3984.67172762401
-3984.37891019542
-3984.64012070141
-3984.75657361045
-3984.73848168736
-3984.56571869148
-3983.83134289172
-3982.88072551428
-3984.04710637404
-3983.01120380472
-3984.54034253207
-3984.67781808315
-3984.73027301916
-3985.03300388957
-3984.15742430543
-3984.54102019946
-3985.11138386089
-3984.72238336352
-3984.51356170791
-3984.57348329363
-3984.63580854144
-3984.12348702627
-3983.82075849398
-3983.79002628894
-3985.31305298972
-3984.75674334911
-3984.95095528761
-3984.65006768837
-3984.58230478739
-3984.17538392064
-3984.06943983603
-3984.55730017316
-3984.62997179132
-3984.51061074891
-3984.91281540699
-3984.64069769103
-3984.72122425362
-3983.97813245652
-3984.08397261644
-3984.50597954762
-3984.65343285254
-3984.58200871157
-3983.05293213008
-3985.25626818595
-3984.67605068359
-3984.11907033861
-3984.03203313526
-3984.40898998667
-3984.4428085578
-3983.11988793673
-3984.65319367963
-3984.49210730751
-3984.71970238476
-3984.21338247547
-3984.19506340031
-3984.6487166149
-3984.5376513487
-3984.71173004721
-3984.36400371418
-3983.11397069352
-3984.64072206311
-3983.78354625278
-3983.94063554179
-3982.90613910179
-3984.08571742867
-3984.72699170065
-3984.61198413523
-3984.85436864144
-3984.68788467134
-3983.98362965589
-3984.01693172204
-3984.68217358751
-3984.64148555995
-3984.70319637212
-3984.49478983507
-3984.90478992402
-3984.68102831807
-3984.08280932058
-3984.15829894735
-3984.65679389146
-3984.64666890387
-3984.52676319615
-3984.51775032492
-3984.77787915355
-3984.5548822858
-3984.11339858749
-3983.75057865759
-3984.71263054888
-3984.79815495424
-3984.92035928467
-3984.87665456716
-3984.470927728
-3984.77120975694
-3984.08403021131
-3983.94500219883
-3984.46056120697
-3984.78093237229
-3984.48062041586
-3984.59916218251
-3984.52853799966
-3984.25312957163
-3983.85389870399
-3984.24984633904
-3985.14512205054
-3984.48886098631
-3983.97092393174
-3983.32603908861
-3982.95287832278
-3984.4093946299
-3983.88652693833
-3983.97892488167
-3984.17363333564
-3983.02084287076
-3984.14288330423
-3984.44794635563
-3984.49155184494
-3984.39092972808
-3984.235916736
-3984.14150442089
-3985.12255929494
-3983.13918574062
-3983.8536831769
-3984.24236265793
-3984.29042553354
-3984.3391716157
-3983.9685160093
-3983.95792185915
-3984.70878365385
-3983.01182695306
-3984.1898357705
-3982.97132238245
-3984.5394081163
-3984.45488195927
-3983.97819884836
-3984.00501780952
-3984.64545412768
-3984.33617362189
-3984.91035758115
-3984.51488553525
-3984.51328734626
-3984.36104596493
-3984.10317176008
-3984.18476375855
-3984.95135650119
-3985.014634742
-3984.95432852452
-3984.97917486731
-3984.67913237473
-3984.59453130063
-3984.0789908586
-3984.50862496165
-3985.02157733107
-3985.18073062967
-3985.15314246097
-3984.84354045207
-3984.60593939387
-3984.6334958878
-3984.06728438627
-3983.86906908938
-3983.07931243434
-3984.72404152846
-3984.62453435552
-3985.34322294266
-3982.95967424423
-3984.55754874997
-3983.16315395414
-3984.53633203197
-3984.73156009791
-3984.84001567296
-3983.00948503335
-3984.69514213794
-3984.52759489197
-3984.39162416069
-3983.16858958938
-3983.99533859334
-3984.74208818183
-3984.80048853864
-3984.67637845359
-3984.55002370712
-3984.51860010148
-3984.37321847985
-3983.74225861403
-3984.74208818183
-3982.9516567771
-3984.54123012854
-3984.60485495792
-3984.42057964957
-3984.61517445268
-3984.16138338213
-3983.82274590249
-3983.93352855278
-3984.88686807635
-3984.91737070456
-3984.82480230026
-3984.62209076484
-3984.48109318218
-3984.31323577483
-3983.91941036566
-3984.88686807634
-3984.4380078108
-3984.61376891049
-3984.52447731864
-3984.59269649451
-3984.47606540916
-3982.94827415237
-3983.92016390506
-3984.14379379127
-3984.56901071837
-3984.80424863513
-3985.02692734389
-3984.90797974525
-3984.47935068353
-3984.55215443932
-3983.99676030206
-3983.11807410101
-3984.386141374
-3984.47908850608
-3984.55678218533
-3984.88256032973
-3984.63002013713
-3984.35099429618
-3983.87105905432
-3984.06850649769
-3985.49623432244
-3985.10993877794
-3984.84259162249
-3983.15605401986
-3984.3501157585
-3984.36691685157
-3984.19727848169
-3984.32884689387
-3984.9708932279
-3983.28877431998
-3984.74588390205
-3984.68561302872
-3984.65586485826
-3984.46359183514
-3983.11370340551
-3985.02991584077
-3984.95656758866
-3983.32993136663
-3984.91963831406
-3984.37831277185
-3984.47417412073
-3984.19920499427
-3983.88115262999
-3984.19336109061
-3985.72490474909
-3985.11981801947
-3984.97496291641
-3984.6331794187
-3984.62708015366
-3984.50035452564
-3984.10013299598
-3985.11396512845
-3985.11396512846
-3985.48157573074
-3985.16194463951
-3984.68546837469
-3984.59099235645
-3983.02304179708
-3983.99769674953
-3984.26567468666
-3985.02768233194
-3985.74656646527
-3985.0686204437
-3984.76856410222
-3984.71915540363
-3984.48761577518
-3984.10711148425
-3984.3224788867
-3984.71946797489
-3984.89972763519
-3984.61401141982
-3984.77069022927
-3984.35159779098
-3984.66413660592
-3984.19606018513
-3984.20365923747
-3984.54631849939
-3984.74128669078
-3984.85709192405
-3983.09799302589
-3984.42495358245
-3984.55921728613
-3984.25990013216
-3984.12427117728
-3984.4883503506
-3984.80536090007
-3984.59134880836
-3983.47968157633
-3984.84234633879
-3984.63377518307
-3984.25446261762
-3984.10123419359
-3984.54771849942
-3984.55199848409
-3984.69069506038
-3983.35733024872
-3984.73309559954
-3984.72136080581
-3984.12185867816
-3984.34285892169
-3982.98791188765
-3984.32761590991
-3984.64831959978
-3984.60555772014
-3984.9228571499
-3984.74321851213
-3983.91177232346
-3983.78223729703
-3984.25604565355
-3984.52285195508
-3984.54189073184
-3984.83279505612
-3985.0142714923
-3984.88598208426
-3983.97835209622
-3983.63290624682
-3984.14928873147
-3984.20970658288
-3984.40837149005
-3984.70037679676
-3984.66085045783
-3984.43328866341
-3983.99020803131
-3983.22626033769
-3984.31617072437
-3984.34145451935
-3983.04555801507
-3984.79503626721
-3984.81154848236
-3984.70947256469
-3984.16530638369
-3984.34118803556
-3984.25981370297
-3982.93163138188
-3984.68561274208
-3984.56393124127
-3984.70356720411
-3984.5198093496
-3985.04657856562
-3983.84602186148
-3984.46290659506
-3984.38739449984
-3983.15289248835
-3984.44853137453
-3984.52693766504
-3984.6116033134
-3984.12139618623
-3984.39111369245
-3984.91168590411
-3983.38639301077
-3984.82253908964
-3984.63992557164
-3984.64355766717
-3984.50640247509
-3983.85425984809
-3984.91467162864
-3983.20590435576
-3984.75930693277
-3984.80317176205
-3984.8440872096
-3984.75230267029
-3984.63541796328
-3984.2205323721
-3984.54298713423
-3985.18841772846
-3985.18169233851
-3984.78517886825
-3984.72528947152
-3984.53715969537
-3984.41180201085
-3983.13452422464
-3984.23368334395
-3985.07342111701
-3984.89773610178
-3984.69623114261
-3984.76270608016
-3984.51023392404
-3984.47510411476
-3983.99281743226
-3985.43406334797
-3984.9452083952
-3985.07172825167
-3984.5801033679
-3984.77164214228
-3984.40203510733
-3984.49026558464
-3983.99547512716
-3984.77266739797
-3984.8979366388
-3985.02180917161
-3984.50263029771
-3983.07643991161
-3984.42042630184
-3984.44534062631
-3984.06717932014
