# vacant energies
-3967.73983383214
-3967.65805359923
-3967.22338854464
-3967.55433770386
-3967.74225551969
-3967.49364003919
-3967.47413977355
-3967.40390814851
-3967.41527513605
-3967.25927595857
-3967.48868790964
-3967.5369437059
-3967.61497914875
-3967.29711915333
-3967.61295607054
-3967.482527302
-3967.70871392867
-3967.18305667791
-3967.29322513544
-3967.23970243662
-3967.436998522
-3966.99376213732
-3967.44418228911
-3967.4708103624
-3968.05611537991
-3967.63837931078
-3967.62729295592
-3967.7704840479
-3967.21695867096
-3967.28989817095
-3967.50935983357
-3967.54697341905
-3967.57090666733
-3967.29326994916
-3966.94230887009
-3967.18411925835
-3967.24853871654
-3967.37951304072
-3967.36015829226
-3967.56385755747
-3967.63714326742
-3967.03882700157
-3967.37255710397
-3967.21027147878
-3967.36927492061
-3967.04250214726
-3967.57124121078
-3967.55283324475
-3967.53908770219
-3967.21507899215
-3966.88336858332
-3967.17691521962
-3967.33809066328
-3967.10544478415
-3967.66068075599
-3967.543237474
-3968.16098372062
-3967.44015050623
-3967.10675987246
-3967.31065821641
-3967.17692164571
-3967.78069673432
-3967.37592187074
-3967.47494040795
-3967.6369023053
-3967.21570681925
-3966.97718614767
-3967.15962369992
-3967.2299575456
-3967.42514419938
-3967.43148062591
-3967.60137122913
-3967.40347831839
-3967.39236963319
-3967.14867146158
-3967.08670029837
-3967.49572048678
-3967.33078906836
-3967.85350224324
-3967.72574144274
-3967.7802299162
-3967.42074008049
-3966.94289667378
-3967.11626768011
-3967.1226357216
-3967.01197930111
-3967.61441682109
-3967.61755639664
-3967.40290314814
-3967.67757223881
-3967.32079246502
-3967.41038021774
-3967.1125492717
-3967.32438952427
-3967.50837811262
-3967.51105921795
-3967.6496520535
-3967.31337652796
-3967.05622902051
-3967.25537010403
-3967.06528845197
-3967.36487574791
-3967.20254852221
-3967.52830155062
-3967.59500376235
-3967.60444888563
-3967.43469683066
-3967.40929618973
-3967.53254433166
-3967.43712886022
-3967.38299883354
-3967.41580683728
-3967.5641878259
-3967.69745029707
-3967.20355798346
-3967.26384620616
-3967.1724843894
-3967.52474091235
-3967.63779114509
-3967.50747320043
-3967.41662339657
-3967.52865531202
-3967.34407566304
-3967.98016885566
-3967.2830225205
-3967.36093115817
-3967.47486784113
-3967.32569177784
-3967.45238440004
-3967.66850939881
-3967.24168858267
-3967.51944245531
-3967.60460646121
-3967.27483344407
-3967.56730072344
-3967.31357699968
-3967.59482159292
-3967.37768013742
-3967.29169119586
-3967.18326064678
-3967.34535388149
-3967.53116141984
-3967.19706242777
-3967.67219934535
-3967.46181286072
-3967.29526104692
-3967.4734052411
-3967.20908112616
-3967.64267628443
-3967.38190842507
-3967.35686458101
-3967.55426384134
-3967.42037676244
-3967.45385462997
-3967.00197210761
-3967.37694785687
-3967.22398888094
-3967.354877466
-3967.68209628782
-3967.46168538356
-3967.20853607143
-3968.07751142065
-3967.39334256171
-3967.47307527171
-3967.16909042813
-3967.5860547897
-3967.44206341927
-3967.6124470257
-3967.49469797836
-3967.32501595228
-3967.51785878455
-3967.16852805734
-3967.39320531825
-3967.36832141251
-3967.9741796777
-3967.44958681651
-3967.5814443924
-3967.27347114654
-3967.51927341447
-3967.24267425409
-3967.65233439556
-3967.34627793717
-3967.71585172232
-3967.54797357987
-3967.50191880241
-3967.59599933383
-3967.23818479721
-3967.37328452446
-3967.25727910276
-3967.25444325192
-3967.51661599903
-3967.61533051188
-3967.34689562287
-3967.62438397627
-3967.20439150006
-3967.33064028047
-3967.46320280969
-3967.84688901368
-3967.78173200068
-3967.7275756348
-3967.71065894936
-3967.54583593374
-3967.34978066465
-3967.53676213979
-3967.52972581405
-3967.77849373402
-3967.90401456401
-3967.6809099675
-3967.62814676225
-3968.19415670809
-3967.37246943078
-3967.32192156012
-3967.50723314471
-3967.85111793501
-3968.01048324239
-3967.76007850796
-3967.55644778109
-3967.55992836613
-3967.56259796145
-3967.16612132991
-3967.5069277841
-3967.33975982621
-3968.30607391062
-3967.54923432174
-3967.30758016182
-3967.80271084593
-3967.28713169485
-3967.7622174208
-3967.61033285211
-3967.58668644624
-3967.44932835686
-3967.48339160727
-3967.51845776302
-3967.64266705436
-3967.34566835324
-3967.65497553435
-3967.50150815721
-3967.66078416989
-3967.53780587207
-3967.81728503122
-3967.49256622804
-3967.59063834314
-3967.80350889875
-3967.6825077368
-3967.870163599
-3967.42906226322
-3967.18442253152
-3967.49985137553
-3967.53255275232
-3967.45519213733
-3967.54402050726
-3967.42721102466
-3967.57452672535
-3967.17990223085
-3967.58811575927
-3967.20846792094
-3967.51835609923
-3967.4108299657
-3967.25320877022
-3967.11721080727
-3967.40014376836
-3967.23073111728
-3967.60901461758
-3968.33981679928
-3967.4933669863
-3967.68208252501
-3967.12417482634
-3967.59788758045
-3967.11923577218
-3967.41790653155
-3967.27223951152
-3967.89812713373
-3967.48994343278
-3967.51058683539
-3967.15851981632
-3967.36529068574
-3967.15139680975
-3967.45687499231
-3967.43346269197
-3967.60919189754
-3967.50733340395
-3967.33477368379
-3967.27382498928
-3967.21724876301
-3967.56812167821
-3967.35298062291
-3967.58778259411
-3967.56377303444
-3967.38889343242
-3967.20396012387
-3967.21648744256
-3967.23950979315
-3967.38877688917
-3967.44933310275
-3967.94178940774
-3967.42889101425
-3968.16639181367
-3967.49175528204
-3967.2175956925
-3967.21921861089
-3967.15424110901
-3967.13281387641
-3967.34200864475
-3967.61562567293
-3967.52170248071
-3967.48080951347
-3967.1405373645
-3967.6210391269
-3967.30450342724
-3967.68302191713
-3967.39678619235
-3967.26379119037
-3967.61827441023
-3967.42180112352
-3967.12763413407
-3967.16142415857
-3967.63841595429
-3967.03398420858
-3967.58769716235
-3967.86916835228
-3967.67329325414
-3967.51634124736
-3967.44837789018
-3967.24497943362
-3967.80174378775
-3967.19120805408
-3967.68944915226
-3967.65605917401
-3967.59451453753
-3967.6360866908
-3967.193012909
-3967.11363243274
-3967.12099194203
-3967.20462057139
-3967.88578439098
-3967.67740749495
-3967.4780900472
-3968.05530665533
-3967.49371273277
-3967.62189424422
-3967.128110232
-3967.64153252643
-3967.38575977302
-3967.46180400879
-3967.59921176822
-3967.29466648909
-3967.48901466452
-3967.26972057017
-3967.11253444827
-3967.03027260265
-3967.25221664428
-3967.57048021108
-3967.619771557
-3967.46880695025
-3967.55901735386
-3967.19557381797
-3967.67419019638
-3967.04436726262
-3967.6424746048
-3967.40485372342
-3967.50288182669
-3967.68328101811
-3967.19567700299
-3967.40618086208
-3967.15479335569
-3967.18749997729
-3967.59826022111
-3967.34940637763
-3967.41774449715
-3967.51426345217
-3967.11842557045
-3967.3771163237
-3967.12695602509
-3967.42522239783
-3966.94002380509
-3967.55699629484
-3967.58627066601
-3967.3385376065
-3967.366769066
-3966.99287380512
-3967.41375033731
-3966.93670275749
-3967.21634252673
-3967.39932616253
-3967.58737025572
-3967.3605340993
-3967.29678986106
-3967.29271026411
-3967.63226314465
-3967.14422718856
-3967.61824968779
-3967.50961132625
-3967.54149937311
-3967.36916661992
-3967.43087482946
-3967.41943698187
-3967.60317801073
-3967.1300392413
-3967.62672524141
-3967.47169054791
-3967.53081424399
-3967.48749830427
-3967.10625270648
-3967.61235131474
-3967.19915908595
-3967.53090770702
-3967.50833372101
-3967.56718824208
-3967.38683612382
-3967.58707619274
-3967.26494437874
-3967.26211526644
-3967.25197456415
-3967.28888385443
-3967.36189264839
-3967.56220585403
-3967.33815192202
-3967.14543817608
-3967.32635611718
-3967.29123968303
-3967.35217526548
-3967.37179022812
-3967.7075129815
-3967.52811290853
-3967.41184886994
-3969.03574067419
-3967.28186962235
-3967.09843762313
-3967.28448331432
-3967.05904783476
-3967.57767853796
-3967.50153584548
-3967.66774575833
-3967.55533244208
-3966.9548317047
-3967.07915429383
-3967.1433914223
-3967.2387181596
-3967.51285589179
-3967.48853387614
-3967.58386477497
-3967.3663046459
-3967.00713244478
-3967.10443837923
-3967.20308969399
-3967.36762804584
-3967.35348077667
-3967.60563409929
-3967.57503310983
-3967.67555589694
-3967.07855553207
-3967.20447451517
-3967.11811261182
-3967.36211824055
-3967.48615635098
-3967.57869404555
-3967.70954559411
-3967.59245754429
-3967.13534934327
-3967.15013996866
-3966.97779002406
-3966.96733069194
-3967.55544582033
-3967.57594760177
-3967.60829142954
-3967.63694720935
-3967.07974379391
-3967.20249591246
-3967.01236946731
-3967.41606938762
-3967.66362249428
-3967.65882258673
-3967.58818924826
-3967.559998858
-3967.26558121584
-3967.08358729811
-3967.21423023643
-3966.99557993608
-3967.80495936456
-3967.58231571533
-3967.8012036763
-3967.34019830162
-3967.35837150919
-3967.21518911239
-3967.50687355134
-3967.09699153245
-3967.3134314439
-3967.43177753282
-3967.50794169022
-3967.37453311829
-3967.22143847824
-3967.19955888474
-3966.92803017238
-3967.00611943173
-3967.38423427506
-3968.36246610031
-3967.47261826172
-3967.58226922507
-3967.24771500222
-3967.59817642668
-3967.2934601807
-3967.38955204454
-3967.42173478136
-3967.50415352285
-3967.68771871818
-3967.63255239957
-3967.15844002507
-3967.1664521433
-3967.56306179186
-3967.41883765337
-3967.64563490314
-3967.50530554969
-3968.41222522223
-3967.46125903002
-3968.84188961188
-3967.64580684231
-3969.01939843433
-3969.08025189386
-3969.2073577366
-3968.58700959279
-3968.18818333906
-3968.74595814999
-3968.69419790489
-3969.12485760249
-3969.01821844374
-3969.2198479545
-3969.29069654928
-3968.40985203988
-3968.47134967321
-3968.89721235936
-3968.85519892639
-3969.07646373103
-3969.22369052323
-3969.45451543174
-3969.09185156661
-3967.36171986908
-3968.3910548987
-3969.11005146027
-3968.83676417814
-3969.29559718742
-3969.26396737679
-3969.36567302603
-3969.00706286689
-3968.78254471645
-3968.56742085314
-3969.11204549665
-3969.11567460965
-3969.12849020411
-3969.3803989346
-3969.40001226137
-3969.49064909764
-3969.49781028298
-3968.61097228207
-3968.91269646141
-3969.09103116385
-3969.04176570071
-3969.3678262365
-3969.54371962551
-3969.09014253081
-3968.4272770892
-3968.58552946783
-3968.94802942919
-3968.98821556551
-3967.53191918781
-3968.88789839162
-3967.54346820633
-3969.51223279224
-3969.14571368997
-3968.47445871276
-3967.48960899854
-3968.79516178614
-3969.05494464962
-3968.964257657
-3969.36719642137
-3969.40706522564
-3968.70107554353
-3968.54268788734
-3969.06571973329
-3968.88731647815
-3968.83304651329
-3967.53826612799
-3969.05355109981
-3969.15849835381
-3968.7580006414
-3968.39090558937
-3968.99294082173
-3968.85312778759
-3969.26476520293
-3968.8079639104
-3967.73435622383
-3969.29351071769
-3969.29351071768
-3968.59729905482
-3969.15968563729
-3968.94785174368
-3969.09971759248
-3968.99302661014
-3969.12724379232
-3969.33238277426
-3968.60874670758
-3968.70392883327
-3969.12911565737
-3969.13686764941
-3969.02556529154
-3969.02244185075
-3968.94609051583
-3968.96995698067
-3967.56180584587
-3968.79495179302
-3969.27168879653
-3969.22702888056
-3969.145236913
-3969.20479840532
-3969.13380551417
-3969.23731229717
-3968.71526329657
-3968.67026240255
-3968.96194248334
-3969.11589364224
-3968.57233563414
-3967.6138306726
-3968.99188666532
-3969.09475048998
-3968.26333808501
-3968.66077110418
-3968.72982362054
-3969.40732394216
-3969.05189785951
-3969.2927282349
-3969.1910622807
-3969.26379485763
-3968.97254796068
-3968.2742292284
-3967.43615769959
-3968.73569162039
-3967.60921781312
-3968.93970660717
-3969.06811001312
-3969.23862826874
-3968.43000346845
-3968.36871541974
-3968.95035084851
-3968.98131497715
-3969.32620961905
-3968.90867014352
-3969.08291268928
-3969.09547519106
-3968.5266011933
-3968.27052479015
-3967.78162654564
-3969.25558618782
-3968.98769680596
-3969.36171739805
-3969.12933557662
-3969.02788519736
-3968.53488581725
-3968.59589731582
-3969.01471632456
-3969.13445317554
-3969.11639309941
-3969.29647518939
-3969.13777383444
-3969.23370356359
-3968.38622360866
-3968.46998776299
-3968.99876954048
-3969.11593415362
-3969.00059847315
-3967.5433901232
-3969.24346963017
-3969.02103676077
-3968.5933625618
-3968.53919096665
-3969.07776134839
-3968.9878285744
-3967.6673864206
-3969.24261626645
-3968.96887328024
-3969.28142528563
-3969.03497724206
-3968.73580461917
-3969.17114635955
-3969.15574898383
-3969.22042400831
-3968.91548576087
-3967.61920291068
-3969.3048818559
-3968.5270476165
-3968.48273336945
-3968.9672097234
-3968.84147399145
-3969.19781270998
-3969.19571718001
-3969.22419723597
-3969.26147628807
-3968.54336673711
-3968.58634194403
-3969.22565995191
-3969.0756545932
-3969.25735905434
-3969.04520749859
-3969.18707196747
-3969.16523152322
-3968.76721483925
-3968.70987983368
-3969.10009688015
-3969.01694530267
-3969.30264440555
-3969.14606604064
-3969.18575042121
-3968.96920760695
-3968.63471498719
-3968.40379100419
-3969.16723980231
-3969.23502099539
-3969.11076948378
-3969.23772620301
-3968.90858491012
-3969.20516161655
-3968.74518422422
-3968.51432486686
-3969.07109269346
-3969.10898407046
-3969.02871207478
-3969.15523566686
-3969.01806035423
-3968.78796937168
-3968.3981969505
-3968.93242492281
-3968.91409934574
-3969.02757303784
-3967.52501558459
-3968.7980867757
-3967.53149620173
-3968.94274330034
-3968.42372664845
-3968.67085952377
-3968.80816603471
-3967.56404150656
-3968.7463483357
-3968.94628752171
-3968.97731628002
-3968.89839423736
-3968.72751651916
-3968.34593021143
-3969.37232662482
-3968.83914339432
-3967.56301662221
-3968.83206035551
-3968.81241526805
-3968.87201100301
-3968.52636184033
-3968.20674299918
-3969.07107416371
-3967.59005555547
-3968.70756090772
-3967.50879625009
-3969.06936379617
-3968.9213016747
-3968.46538855958
-3969.14909764751
-3969.15176819977
-3968.8688917406
-3969.19146838587
-3969.06363936525
-3969.012904038
-3968.89092447575
-3968.53133087931
-3969.11207106051
-3969.34586503172
-3969.11491079845
-3969.20130256153
-3969.26420741854
-3969.12579514111
-3968.99509953632
-3968.482658743
-3968.83413637988
-3969.29048100364
-3969.34359217992
-3969.05951844965
-3969.28010973594
-3968.97678138817
-3969.07383246882
-3968.3628754796
-3968.60508122974
-3969.34735192941
-3969.15227967683
-3969.18409337957
-3969.28180027334
-3967.70541498413
-3968.90325039909
-3969.09986585192
-3969.08800868185
-3969.09795869807
-3969.18701648178
-3967.59133234266
-3968.99003658986
-3969.05288548026
-3968.83243615068
-3967.47822267053
-3968.63656202472
-3969.32580464812
-3969.40394405687
-3969.22595702931
-3968.99054375056
-3969.18288165436
-3969.05098803764
-3968.63990400998
-3969.32370167368
-3967.48894279632
-3969.04263525014
-3969.12704400743
-3968.97083562941
-3969.28918388947
-3969.09986585192
-3968.74759796666
-3968.45857857358
-3969.26455221171
-3969.43746664552
-3969.3790681528
-3969.1648633949
-3969.25684181663
-3969.15709050966
-3968.73673038765
-3968.65867153006
-3969.27662490928
-3969.26910659425
-3969.30282131465
-3969.25653863659
-3969.2592451636
-3969.36424884699
-3968.76191707081
-3968.55411251381
-3969.1647791727
-3969.47614729187
-3969.03151080532
-3969.18622280165
-3969.00969539454
-3969.18132229091
-3968.58567427884
-3967.68921876672
-3969.08609517116
-3969.29239920395
-3968.95108644485
-3969.28206311541
-3969.17086878848
-3969.19643083178
-3968.48386501738
-3968.49626336636
-3969.39131725842
-3969.2654598431
-3969.1718783082
-3967.54471880088
-3968.81488371287
-3968.94497742145
-3968.73012264914
-3968.74347748701
-3969.42503107825
-3967.63755233199
-3969.05312961543
-3969.09493065111
-3969.19208804519
-3969.02010198177
-3967.61061885871
-3969.5252952915
-3969.50751581469
-3967.74105644101
-3969.10178040502
-3969.2418765771
-3968.98070783696
-3968.76258948573
-3968.4104907745
-3968.72074454744
-3969.76681389982
-3969.38420614769
-3969.38470921887
-3969.1356778881
-3969.14207437694
-3969.02186304516
-3968.63057616887
-3969.1498082389
-3969.21986247356
-3969.35333724797
-3969.54374018597
-3969.07519609629
-3969.04017524476
-3967.45676606989
-3968.46718832815
-3968.43299364223
-3969.19245360693
-3969.76935865223
-3969.287395916
-3969.24577953854
-3969.16718399151
-3968.94042098903
-3968.56188847919
-3968.69928138554
-3969.17977743578
-3969.14100394827
-3969.01159135764
-3969.09896229731
-3968.92456951706
-3969.02479060946
-3968.57092517617
-3968.53310118867
-3968.91526543021
-3969.02008425303
-3968.99105893171
-3967.62120703596
-3969.04713889525
-3969.05774646178
-3968.66805865331
-3968.66719778294
-3968.96658566671
-3969.07231567194
-3969.02326628276
-3967.62374478055
-3969.23965071299
-3968.80965966875
-3969.57324490067
-3968.57283966435
-3969.07331735723
-3969.10449519335
-3969.35966487167
-3969.15228185459
-3969.59263972826
-3969.15252715535
-3969.49064909764
-3968.35260322721
-3967.4577941137
-3968.7482501656
-3969.18199551378
-3969.00624343011
-3969.44854925452
-3969.26172725259
-3968.78678860522
-3968.47130024538
-3968.99369043529
-3969.05352069858
-3969.27068529427
-3969.35536215833
-3969.43228783165
-3969.58804256033
-3968.88400623563
-3969.27662490928
-3969.11557752774
-3968.98467489523
-3969.28529055991
-3969.35125510773
-3969.28970320411
-3969.40306534297
-3968.70784498253
-3968.44793444586
-3969.10627828641
-3969.09625817371
-3968.878792719
-3969.26268347801
-3969.1478755217
-3969.41706624324
-3968.82664417423
-3968.67965668845
-3969.10131783777
-3969.26845755595
-3969.07635180143
-3969.29915831921
-3969.25853849466
-3969.23089483274
-3969.02059533632
-3968.65431318375
-3969.08592086204
-3969.03960165171
-3967.52691887086
-3969.04691674374
-3969.16665974603
-3969.29070502083
-3968.68491983903
-3968.75695807647
-3969.23726968276
-3967.70315719556
-3969.20949249365
-3969.19502040761
-3969.20549141189
-3969.10457531391
-3968.5683554636
-3968.90106890398
-3967.52365544697
-3968.8949450629
-3969.14855813852
-3969.11351636984
-3969.19812723854
-3969.19870842166
-3968.66812697682
-3969.0776209188
-3969.41064920324
-3969.56525952436
-3969.40957628374
-3969.26167162538
-3969.1949581782
-3969.00924015274
-3968.57508582801
-3968.74373844602
-3969.36404884313
-3969.26632864804
-3969.3367020017
-3969.33337103455
-3969.16092189382
-3969.12556789498
-3968.70902935378
-3969.76951349487
-3969.05995281398
-3969.50229107498
-3969.08255085379
-3969.27014633014
-3969.03786463265
-3969.12823745926
-3968.5961358694
-3968.8632511925
-3969.15888216475
-3969.40749654486
-3969.10579364861
-3969.10670846936
-3969.03381817504
-3969.1079057542
-3968.56377296023
