# vacant energies
-4152.06496025339
-4151.20475580975
-4150.46329238271
-4151.64972318184
-4151.84500472102
-4150.67864360648
-4151.62830833716
-4150.37270848084
-4150.5563680627
-4151.38583864452
-4150.37114936776
-4151.27214105821
-4150.64022836364
-4151.61204848334
-4151.82173172247
-4150.52357007966
-4150.72670012172
-4150.92458647766
-4150.65565818527
-4151.9937066409
-4151.93231468814
-4150.64489780728
-4151.37848258144
-4150.44913876772
-4150.58586189435
-4151.7435789929
-4150.63302853148
-4151.95983973446
-4150.62997401953
-4151.94252150799
-4151.34240063862
-4150.52688804795
-4150.79244643427
-4150.71612046809
-4151.86602435403
-4150.70048542619
-4152.03141527575
-4151.96229669314
-4151.57937065324
-4150.51204406454
-4151.79177969197
-4150.73906908637
-4152.06067078791
-4151.83970145941
-4152.13956002713
-4150.84279691093
-4150.91568300375
-4150.41130600312
-4150.57761046757
-4151.98348240218
-4151.77626503739
-4150.55980496347
-4150.8188593919
-4151.87100442599
-4151.82594262428
-4150.48579520232
-4152.07623318532
-4150.97788886832
-4151.5943189193
-4151.46074191107
-4150.93851528452
-4150.51339037277
-4151.34473562159
-4150.35090228762
-4150.46011949785
-4151.75273754592
-4151.94780499758
-4150.63824561245
-4151.68324999352
-4150.58899088497
-4151.67230051762
-4150.4008623044
-4150.55971210107
-4151.53819497115
-4152.00719985207
-4151.03173466324
-4151.46290396733
-4150.78864195373
-4151.6292257237
-4150.3472644044
-4150.45733123084
-4151.32249719039
-4150.50860049569
-4151.32636780503
-4150.84326294212
-4150.50036192891
-4151.14001828819
-4150.33398934921
-4150.36821531113
-4151.38466477204
-4150.60312452276
-4151.59934974273
-4150.74995408555
-4150.50163319639
-4151.09215042922
-4150.57402863217
-4150.35448003877
-4151.22942740942
-4150.48779356056
-4150.62099180958
-4151.44012415863
-4150.37874183865
-4151.32875465462
-4150.58457256593
-4150.35056359597
-4151.07337782786
-4150.44587083153
-4150.79801804648
-4151.49501061604
-4150.54219077562
-4151.43481681301
-4151.62174245854
-4150.66200170204
-4151.56157493549
-4150.70692658665
-4151.64653435154
-4151.50683564751
-4150.71737450692
-4151.42893351567
-4151.85282656479
-4150.50458308286
-4151.53672955315
-4150.56139375705
-4151.36268475695
-4151.51008748497
-4151.72489860127
-4150.81701403059
-4151.56922067738
-4150.37849408263
-4151.27892040621
-4150.38253570234
-4151.53066718999
-4150.36268852899
-4151.44400611472
-4150.53722616227
-4150.87616056851
-4150.33484421218
-4151.35761895255
-4150.34185880746
-4151.3093891222
-4150.41372393741
-4150.91360151061
-4150.7358891918
-4150.51773406576
-4150.34411627322
-4151.45540457894
-4150.32716291317
-4151.3671467796
-4150.59368208173
-4150.86604151674
-4150.94650516859
-4150.46441533545
-4150.37093166651
-4151.46906104178
-4150.47031750595
-4150.76738535286
-4150.8621514445
-4150.42472443871
-4151.42895363991
-4150.30041246602
-4150.76740196633
-4151.95353678163
-4150.75751265734
-4151.8747354423
-4150.8581308145
-4150.58839868333
-4151.53183457748
-4150.34519062459
-4150.40515935443
-4151.63987867677
-4150.66909626486
-4150.68059428171
-4151.43327856596
-4150.3231609377
-4151.41477962131
-4150.34897082136
-4152.01447776458
-4151.63947679665
-4150.61589826632
-4151.81831493955
-4150.57697490691
-4150.69379535197
-4151.30411777
-4150.38392687715
-4150.54148752281
-4151.69105822157
-4152.08044501857
-4151.99761986089
-4152.07337989553
-4150.54739023502
-4151.32539484611
-4150.33891562528
-4150.75920097544
-4151.70423164584
-4150.70527463729
-4151.65762660132
-4150.74108455917
-4151.9777346507
-4151.40784755646
-4150.49975779621
-4150.49245650548
-4151.32869021115
-4150.50739809981
-4151.50304505332
-4151.92804837256
-4150.75816863166
-4151.64041669158
-4150.69866541736
-4150.34664940226
-4151.27892365408
-4150.68565220728
-4151.66456004544
-4151.91690739389
-4150.644635905
-4151.82871147851
-4150.7656078621
-4150.36373198452
-4151.29848395298
-4150.36201804515
-4151.70445081695
-4150.74242697712
-4151.59465889608
-4151.44911400191
-4150.82669423262
-4150.35594004623
-4151.39802763011
-4150.5437023106
-4151.56193507761
-4151.48966301689
-4150.73452711419
-4151.45455120616
-4151.72283352645
-4150.33089024595
-4151.28147659056
-4150.39191155526
-4151.35808993302
-4150.73178909559
-4151.08486101132
-4151.56207657156
-4150.80793078642
-4150.33206066241
-4151.27642731795
-4150.48678474559
-4151.35231811475
-4150.74429290261
-4151.16068467944
-4150.52779007059
-4151.0254390951
-4150.33306521881
-4151.24056525258
-4150.29809904956
-4151.40582287799
-4150.50400300263
-4151.52002463789
-4150.88306170698
-4151.75646386049
-4150.31409803744
-4151.5087856489
-4150.37990893181
-4151.84086525281
-4150.73667724921
-4150.54032467263
-4151.57088445717
-4150.34109029325
-4150.50043333185
-4150.77107623105
-4150.63241457035
-4150.58547525592
-4151.62179343458
-4150.44747016196
-4151.37361667651
-4150.34673885618
-4150.36909329245
-4151.80182990557
-4150.64780890573
-4150.52231212783
-4151.42932477717
-4150.33568275767
-4151.47211771051
-4150.39274258097
-4150.54632428383
-4151.79628602048
-4151.90463719257
-4150.77201734477
-4151.4452656921
-4150.51665280209
-4151.39762827611
-4150.31999991575
-4150.59659638676
-4150.76265706121
-4151.5901574473
-4150.60715048944
-4151.44503517599
-4150.37216313014
-4151.26048381282
-4150.33662764012
-4150.55246064088
-4151.47119825346
-4151.8390511727
-4152.01467694716
-4151.63638417022
-4150.59462613395
-4151.35858840415
-4150.53047321176
-4150.52808830545
-4151.14324959955
-4150.69585355792
-4151.6853322844
-4151.4851818753
-4150.62454614881
-4151.27946242919
-4150.63289697332
-4150.46556256019
-4151.35780984913
-4150.50944808611
-4151.51818492835
-4152.11519064458
-4151.84044006365
-4151.68159006859
-4152.18778025714
-4150.29336831895
-4151.3787302366
-4150.38947444719
-4151.72170224298
-4150.72781137238
-4151.61525398064
-4151.66822534954
-4151.91669900119
-4150.32476923585
-4151.07328176598
-4150.37961287568
-4151.43250247356
-4150.55057152619
-4151.8749080135
-4150.70173847171
-4151.4794488099
-4150.38064310724
-4151.11147237123
-4150.35855971763
-4151.56970609511
-4150.46876101019
-4152.03343456063
-4150.89352263793
-4151.70324161051
-4150.55111019735
-4151.48581786879
-4150.7781298932
-4150.88579775162
-4151.99173393231
-4150.82500549387
-4150.68835020728
-4150.7300818752
-4150.28520791524
-4151.39810301348
-4150.42997188963
-4151.50199404721
-4151.81181602744
-4150.8143198666
-4150.77662396368
-4150.49926831258
-4150.60154769251
-4151.7117727481
-4150.43484028195
-4151.75604788503
-4150.88659350171
-4151.85936223068
-4151.79732571875
-4150.47371238084
-4150.34581328692
-4151.10537671843
-4150.34642756856
-4151.45194687301
-4150.85148817668
-4150.77930290406
-4151.47504120532
-4150.38611482157
-4150.73880419222
-4150.89513297525
-4150.4557984898
-4150.75011243625
-4150.84585847291
-4150.51833455672
-4151.55537887916
-4150.40369040378
-4150.59640443263
-4151.52520433586
-4152.19822152973
-4150.79517934054
-4151.27804887058
-4150.43903317252
-4151.40750983359
-4150.34854846351
-4150.65597703594
-4151.77917360999
-4151.00290021739
-4151.64860055219
-4151.48673953132
-4150.40020030565
-4151.27030766089
-4150.4003430526
-4150.53745137418
-4151.75978017022
-4151.81984169972
-4151.81599691954
-4150.76505756125
-4150.71030185196
-4151.12784318619
-4150.33241892607
-4150.56345563319
-4151.30537690603
-4150.82726421104
-4151.03385819819
-4151.77594768415
-4150.53486146417
-4151.52551887817
-4150.30723873107
-4150.3497491136
-4151.1985925114
-4150.63388219675
-4151.64171699456
-4151.80333000798
-4151.65882255755
-4151.64519087672
-4150.58184318468
-4150.55443139772
-4151.83896344963
-4150.59619785192
-4151.64756716103
-4150.78226299829
-4150.88817144758
-4151.44849398012
-4150.35776736557
-4150.28790545179
-4151.39127093322
-4150.37353421456
-4151.04176510473
-4150.5738301938
-4151.93800305697
-4150.85780213264
-4150.76965679945
-4150.32500767262
-4151.6766348013
-4150.49753227631
-4150.80133694501
-4150.62254338208
-4151.77436063759
-4151.76566886463
-4150.52420386413
-4150.37876780109
-4151.52127078951
-4150.35566932553
-4151.40431677541
-4150.50747420398
-4150.77903906658
-4152.20913574586
-4152.0231494249
-4150.37442744755
-4151.62754957575
-4150.51849903919
-4151.88593713167
-4150.78527077026
-4150.84903275509
-4151.91726412926
-4150.46701585992
-4150.57319585299
-4151.63173606427
-4150.62327216806
-4150.85017042212
-4150.78780746328
-4150.4234081256
-4151.62863122774
-4150.47043666243
-4150.53834038411
-4151.43393445576
-4150.57488973344
-4151.67138639586
-4151.66977158088
-4150.39358971347
-4151.77370106949
-4150.40971330812
-4152.37754424685
-4152.37957082524
-4151.83776920515
-4150.5487976741
-4151.26342099846
-4150.3669716033
-4151.75309825531
-4150.37460926964
-4150.63468353409
-4151.41172571007
-4150.86931769406
-4150.66117970818
-4151.41811731629
-4150.32449729158
-4151.16728273349
-4150.33631920161
-4152.10574756647
-4152.19822152973
-4151.05467378711
-4150.63000908278
-4151.34182705744
-4150.32919462541
-4151.63707322512
-4150.35461373003
-4150.48196234509
-4151.60987715459
-4151.81835926877
-4150.74945330594
-4151.45061870718
-4150.41292632712
-4151.23406533463
-4150.41683230776
-4151.6376137544
-4150.48691439503
-4151.65161869179
-4150.7471493854
-4151.78333369275
-4151.66113150923
-4151.78996541957
-4152.07858763736
-4151.59750875724
-4150.83915676768
-4150.8027980874
-4151.30380258354
-4150.75133221463
-4151.71589032463
-4151.83134277108
-4151.50570309684
-4151.23389905409
-4150.29001992668
-4151.54385109191
-4150.73608997274
-4151.51404457595
-4150.96783203261
-4152.08824214821
-4151.70862057109
-4151.50536035277
-4150.47835813487
-4151.26298589139
-4150.74086951822
-4150.83773537586
-4151.58693010104
-4150.4841692851
-4151.7399312357
-4151.36944995815
-4150.37775580254
-4151.2153419011
-4150.62042145723
-4150.74150103457
-4151.36560712888
-4150.60289621953
-4151.89658965531
-4150.96917795067
-4150.37312141518
-4151.48240142675
-4150.37617056373
-4151.65814271337
-4150.55867029921
-4150.79397206076
-4150.86325735636
-4151.28498903611
-4150.42514415697
-4151.63616954522
-4151.95767964916
-4150.62777193232
-4151.83086751949
-4150.41348611817
-4151.63990781601
-4151.35613693248
-4150.37619694225
-4151.60881072646
-4150.52626549153
-4151.5506151011
-4150.62063650407
-4150.75232792943
-4151.79833849263
-4151.28076484466
-4150.51452181791
-4151.68345690977
-4150.68581439401
-4151.76170691185
-4151.45616508829
-4150.66167917809
-4151.72827525311
-4151.45371638211
-4150.73584423821
-4151.64805479786
-4151.66953598309
-4150.84701836321
-4150.80398470387
-4150.55655820646
-4151.68118887273
-4151.35991748492
-4150.53662620427
-4151.57724318288
-4151.71658901922
-4151.6639260058
-4151.6556707972
-4152.05227205128
-4151.51866681275
-4151.5485439204
-4151.91280438576
-4150.82904781533
-4151.66131235969
-4150.67088675796
-4151.44434410827
-4150.48133829223
-4151.43755122287
-4151.32719919149
-4150.71794699643
-4151.5532348684
-4151.69806394188
-4150.81926830838
-4151.60966982818
-4150.51757209063
-4151.35622190819
-4151.8366887895
-4151.51604726499
-4150.64903474786
-4151.36343861982
-4150.28331178571
-4151.31565384037
-4150.3569830244
-4151.39159539771
-4151.48765133584
-4150.83043483916
-4151.95426017275
-4151.74994055846
-4150.8263291297
-4150.75983606399
-4151.64304917982
-4150.67102369
-4150.68536176971
-4151.32189404541
-4150.5257730127
-4151.56332438037
-4150.45576858238
-4151.46108076155
-4150.51377382812
-4151.44613407953
-4150.68073053572
-4151.3757161502
-4150.41591905254
-4151.80830547675
-4150.4287112612
-4151.6308340996
-4150.41554144558
-4151.28148520081
-4150.55152023842
-4150.72049127582
-4150.58009609547
-4150.62895269104
-4151.87713325831
-4151.68553398616
-4150.50798433962
-4151.3720345706
-4151.02400152791
-4150.45579451903
-4150.97014663592
-4150.6214529212
-4150.5608496921
-4151.47811554946
-4150.34489640392
-4151.3477247705
-4151.5243843236
-4150.31137723682
-4151.49169750082
-4150.64354087765
-4150.83366129883
-4151.65620465545
-4150.36694292968
-4151.4191601181
-4151.4703724125
-4150.3301810247
-4151.04882326031
-4150.30422017366
-4151.51906889696
-4150.57295738117
-4150.69863195038
-4151.86420040898
-4151.23687868023
-4150.44896448557
-4151.53407241185
-4150.77215461997
-4151.4115886103
-4150.77934168042
-4150.55321184103
-4151.60545683518
-4151.24541904813
-4150.45742004738
-4151.22965634434
-4150.59019520725
-4151.30604901651
-4150.61797499579
-4151.44942012668
-4150.82332164751
-4151.3884922006
-4150.79426856067
-4151.48336196152
-4151.46937570127
-4151.67167708202
-4151.81505220634
-4151.89489573836
-4151.47909302652
-4151.3882345578
-4150.63946252958
-4151.25179643198
-4150.56294404231
-4151.52784733428
-4151.62769996474
-4151.73497798766
-4151.51211196119
-4150.86024067986
-4150.72628314489
-4150.81287158695
-4151.72365908188
-4150.6580978696
-4151.37669108466
-4150.58551250728
-4151.42554752955
-4151.61347007645
-4152.02413944536
-4151.98228113245
-4150.84502863179
-4151.87035001397
-4152.05082953328
-4150.65599685203
-4151.27623164461
-4150.89515280386
-4150.50190892794
-4151.90872707799
-4150.748048985
-4150.74982540405
-4151.73905206841
-4150.38128920939
-4151.36416955369
-4150.70192904277
-4151.72673152846
-4150.66077784245
-4151.90209690125
-4150.67868952305
-4151.74915436583
-4150.40394369771
-4151.37516628001
-4151.7953765023
-4150.71305413456
-4152.01842889485
-4150.52145548059
-4151.97057713932
-4150.70138490511
-4150.50411163437
-4151.0931911486
-4150.33281389076
-4151.34278561489
-4150.29481881071
-4151.52172990363
-4150.46410208476
-4151.65572741308
-4150.3455785142
-4151.32797024472
-4150.57360489569
-4151.60278554539
-4150.71403177666
-4150.60804957794
-4151.70301207418
-4150.69971039454
-4150.58926794922
-4151.12488647955
-4151.62869934335
-4150.35846193745
-4151.54821286628
-4150.30194298322
-4151.47564751778
-4150.5753560404
-4150.59899126834
-4151.11771897796
-4151.24145203159
-4150.32917828632
-4151.25762431617
-4150.34164454582
-4150.98151885291
-4150.66496197743
-4150.57012425317
-4150.95685130949
-4151.35211099841
-4150.36544410495
-4151.55116852148
-4150.45457069675
-4151.3780113156
-4150.76422875398
-4150.55727335641
-4151.15574750115
-4151.28000254443
-4150.31163117851
-4151.2574890081
-4150.31539531584
-4151.09616281763
-4150.51340343103
-4150.47086920191
-4151.14819470797
-4151.36485806351
-4150.82911168473
-4151.33160637039
-4151.68027292048
-4150.99793847132
-4151.64584807172
-4150.67306209767
-4151.22899220032
-4151.42369534766
-4150.65238984167
-4151.54662821016
-4150.67659820206
-4151.63210306141
-4151.77312296798
-4150.60347360911
-4151.44293122224
-4151.40631287089
-4151.65324744888
-4151.05099121142
-4150.79426174865
-4151.60906990608
-4151.22497933377
-4150.63670179215
-4151.39889238299
-4151.9023841636
-4151.90959967561
-4150.89917812492
-4151.43451541534
-4150.64178828113
-4151.4780168074
-4150.36053620448
-4151.2965692995
-4151.96950237033
-4151.96359168119
-4150.66650892542
-4151.63126027405
-4150.67715952849
-4150.76831063441
-4150.47653524964
-4151.60739661583
-4150.8136903639
-4150.77597817401
-4150.67101063595
-4151.72730376245
-4150.65909760766
-4150.67451036202
-4150.5731068133
-4151.73053762114
-4151.46390204068
-4150.85307122026
-4150.9405284179
-4150.57964910617
-4151.66464172543
-4150.60469196048
-4150.65060575639
-4151.54890754871
-4151.00665908565
-4151.7942928387
-4151.92916012559
-4150.45076228026
-4151.54315612546
-4150.51376962761
-4151.62094188495
-4152.37754424685
-4151.81246656619
-4150.4044640701
-4151.1935497555
-4150.26927466008
-4151.60881123287
-4150.61053325558
-4150.6146710929
-4151.32676002221
-4151.73359662058
-4150.39379499901
-4151.61563297489
-4150.34497600145
-4150.93787379335
-4150.5139103436
-4150.89033275316
-4150.99525130153
-4151.77753593594
-4150.44593841553
-4151.41286550247
-4150.34390291227
-4151.1161180917
-4150.5668796296
-4150.53603448542
-4151.37646398707
-4151.25957162939
-4150.34810879399
-4151.37750887443
-4150.33659096671
-4151.31214378672
-4150.55995318443
-4151.63682688407
-4151.59913437923
-4151.34033963433
-4150.32058083629
-4151.37831252834
-4150.51620934729
-4151.47993755844
-4151.9378726312
-4150.54481895427
-4151.69660716162
-4151.3210135758
-4150.33305767607
-4151.37337201997
-4150.68281782538
-4150.8796306289
-4150.64922379758
-4150.51665661944
-4150.85815759914
-4151.2970839639
-4150.37684046255
-4151.24111646735
-4150.36282527773
-4151.50232040059
-4150.60426681126
-4150.57791449956
-4151.67035525825
-4151.30515090408
-4150.37164836337
-4151.445493867
-4150.50150483011
-4151.7619557605
-4151.77165018108
-4151.9991075094
-4150.88202272074
-4151.46538918279
-4150.44866101161
-4151.38976963755
-4150.44457658216
-4151.39626967992
-4150.80015219808
-4150.67908604569
-4151.49249615944
-4151.2996897302
-4150.34067714556
-4151.36034617003
-4150.53043247849
-4151.63052987343
-4151.8154876227
-4151.90880622426
-4151.63151628911
-4151.79233544645
-4152.02938882353
-4151.69858079576
-4151.96865999131
-4152.06796435456
-4151.93116205482
-4150.50166488802
-4151.34942263735
-4151.70308559925
-4150.50577343451
-4151.74914485587
-4150.70560806676
-4152.00849749115
-4151.88813706075
-4150.66882415304
-4151.34147309726
-4150.83609271299
-4150.62526846895
-4150.78332742898
-4150.70569157794
-4150.66831461604
-4151.88321808931
-4150.55336061826
-4151.69970027402
-4151.91213825387
-4150.38904337546
-4151.66269245734
-4150.42948274924
-4152.07597361928
-4150.74209242785
-4150.62731279713
-4151.71581640775
-4150.8645110239
-4150.58570219449
-4151.4124599339
-4150.38588153737
-4151.70351060881
-4150.43385403934
-4151.96927173811
-4151.0043280929
-4151.5009165317
-4150.32755528229
-4151.3606976725
-4150.47535720988
-4151.53664634396
-4150.73683846295
-4151.83636057115
-4151.55496226928
-4151.33411391631
-4150.33906108744
-4151.53449543414
-4150.43702536853
-4151.71112391985
-4151.00118974055
-4151.56757230064
-4151.81604793391
-4151.36700693096
-4150.33699357371
-4151.45082530546
-4150.7621769768
-4151.3143234516
-4151.46342847727
-4150.82626316759
-4151.79250450741
-4151.30141949703
-4150.35788571165
-4151.34182643481
-4150.55938204781
-4151.20806447253
-4151.4038388791
-4150.82892073383
-4151.81486185901
-4151.30833670507
-4150.41247553871
-4151.48697754016
-4151.90341470005
-4151.06882310483
-4150.87489549248
-4151.90161471031
-4151.72234039672
