# vacant energies
-4097.93569811278
-4098.6951178124
-4097.86307996292
-4098.03145297456
-4099.48754026099
-4097.98795266527
-4098.26037237673
-4099.20605539199
-4097.60976778211
-4098.0029913134
-4097.88865837874
-4097.93317992235
-4097.71800995367
-4098.65039762049
-4099.43666160807
-4097.95878691178
-4099.47144718552
-4098.19893975344
-4098.04092301218
-4097.88565068588
-4098.42842522013
-4097.97585260177
-4098.24392094616
-4099.20825440761
-4098.09508872943
-4098.6694756137
-4098.91716419635
-4099.22319784292
-4098.0370209496
-4098.06526090524
-4098.71213329862
-4097.92415357848
-4098.40613563288
-4098.21682163482
-4098.89511171514
-4097.86093104745
-4098.58873950029
-4098.8318715529
-4098.43092129637
-4097.97029160998
-4099.53278351086
-4098.78724993579
-4099.34871000058
-4099.29596928368
-4098.86792771561
-4099.04968746722
-4098.16990566981
-4099.34577002782
-4098.02026610036
-4098.13094801853
-4099.29529827631
-4098.589807118
-4098.17206496463
-4098.63725729925
-4098.79616431091
-4098.3653905445
-4098.31192558191
-4097.94044111961
-4097.84589245098
-4098.00424208588
-4098.01764669662
-4098.04245918604
-4097.8220678436
-4097.87194090444
-4097.92088330125
-4098.83651368511
-4097.8874038612
-4098.03141345303
-4098.32544861938
-4098.58652907174
-4099.12848049314
-4097.81008145887
-4097.82876684013
-4098.25336202795
-4098.04367976714
-4098.52251852381
-4099.09337450819
-4099.26725452684
-4098.72204995585
-4097.92490959818
-4097.79616204609
-4098.04548856628
-4098.98233169347
-4098.76375581362
-4097.83159721489
-4097.86202668786
-4098.29304605276
-4098.00890739321
-4097.99453329569
-4098.6037722699
-4099.14975697114
-4099.41901345213
-4098.19839716968
-4098.54993552954
-4097.88729373973
-4098.02667831063
-4097.98202201532
-4097.97260910422
-4099.12583634125
-4099.12583634125
-4097.9447132396
-4098.92074737717
-4098.78041494422
-4098.00688714679
-4098.01464724676
-4098.16888642682
-4098.74223736914
-4098.17461034356
-4098.38492315823
-4098.47453974391
-4097.95747111764
-4098.16120998654
-4097.6835071661
-4098.30506543739
-4097.67219748144
-4098.55976132762
-4098.68678253595
-4099.22882938104
-4098.11487829351
-4098.35983532105
-4097.91645021405
-4098.31490804041
-4098.2558881163
-4098.38139053377
-4099.02227763101
-4098.58911143193
-4098.32754493653
-4099.27362615014
-4097.85876246905
-4098.11207909998
-4098.01820778466
-4098.80505237914
-4097.77846976898
-4098.43824412717
-4097.98023611737
-4098.90316610797
-4097.69363412117
-4098.41263255396
-4097.71821748837
-4098.26037519603
-4097.67649241045
-4099.20908671896
-4098.11495500243
-4098.09318485389
-4097.62660044674
-4098.36282905612
-4097.56456172412
-4098.71673066986
-4097.59537551067
-4098.29689049058
-4097.87524400651
-4098.44045187498
-4097.86393171578
-4098.18411650566
-4097.69469076124
-4097.88207401652
-4097.99544224555
-4097.84879645891
-4098.30804168041
-4097.99520442753
-4097.93219590228
-4099.33863848384
-4098.0252017508
-4098.05382030278
-4098.25828743562
-4097.86505117361
-4098.11460299758
-4097.87377382777
-4097.63018309366
-4097.84587233248
-4098.64464911745
-4098.12944149846
-4098.65582709371
-4097.57411591588
-4098.72705036149
-4097.76575920821
-4099.0943786921
-4098.01026655769
-4099.46916087305
-4098.7859739192
-4098.8618605952
-4097.7913144366
-4099.01300810589
-4097.7433233709
-4097.94017319045
-4098.311649485
-4098.158274445
-4098.04033902369
-4098.4977224566
-4097.77588276852
-4098.42071017851
-4097.77288196665
-4097.92626345416
-4099.09042478518
-4098.49830084563
-4097.87544924047
-4098.40199274805
-4098.09153513967
-4098.33533692309
-4098.05307588866
-4098.13847979448
-4098.62077883343
-4098.89649337325
-4098.70702994793
-4098.78567500134
-4098.35229995108
-4098.19808067181
-4098.02482522245
-4097.91811561248
-4099.36325438732
-4098.18462508535
-4099.13569128812
-4098.68826006555
-4097.84722009057
-4099.19021825653
-4099.27848731354
-4097.99221150115
-4099.29050909146
-4099.26880909104
-4099.2688138791
-4098.14246337779
-4098.82622401855
-4098.69400465187
-4098.05059621761
-4097.88648639999
-4098.788151536
-4099.4649336508
-4099.28799376757
-4099.28338744023
-4098.86601945854
-4098.94740605755
-4098.09144385787
-4097.81091033957
-4098.37253038212
-4098.12492638632
-4097.67136853552
-4098.44141232376
-4098.46289912829
-4098.999518277
-4097.85543957967
-4097.98302014808
-4098.2330998844
-4098.80182581715
-4098.29194185892
-4098.25986865053
-4098.19961054873
-4098.07257571254
-4098.91655324269
-4097.78933306656
-4098.27301125026
-4098.08584276421
-4098.10332901882
-4098.56973116438
-4098.29154112103
-4098.42318539795
-4098.19978124252
-4098.01854849583
-4098.3458095168
-4097.80779487286
-4097.95309966616
-4097.82865631119
-4099.00919945515
-4099.18036735415
-4099.11419236295
-4097.76037864074
-4097.93962939605
-4097.88555745
-4097.92234285523
-4097.94385815272
-4098.92737009487
-4098.74172910176
-4097.78049781426
-4097.87737341053
-4097.93107405991
-4097.7044303182
-4097.65894393267
-4098.71985160941
-4097.8347641056
-4098.338409638
-4097.93369136446
-4098.70831420269
-4099.02729933955
-4098.1095239123
-4098.15857851994
-4098.67135660258
-4097.77242415237
-4098.78244458983
-4097.98767051848
-4097.99362816765
-4099.06022491744
-4098.08883380716
-4097.98584806119
-4098.19593092487
-4097.95717942875
-4098.61305621494
-4097.97330196307
-4097.79856645769
-4098.31707956851
-4098.86055702381
-4097.94285739707
-4098.62258025518
-4098.83711839655
-4098.50918922302
-4097.65576316729
-4098.27658151332
-4098.00390163522
-4098.71759485155
-4097.95970283289
-4098.63642526631
-4098.84167625555
-4098.95572180147
-4098.11593199099
-4099.34812451022
-4098.36993208271
-4098.09979114075
-4097.87913001383
-4097.9810567569
-4098.79434156801
-4097.89220087741
-4097.751756014
-4098.31976774115
-4098.15910737889
-4097.93045399994
-4098.68574939257
-4098.15223922978
-4098.26266635443
-4098.2627887216
-4098.12136967626
-4098.04306515939
-4098.53839346902
-4097.90732969484
-4098.86401876822
-4098.22920197743
-4098.20172269069
-4098.11501099393
-4098.71734747386
-4097.93949568316
-4098.78501906405
-4099.25745218705
-4099.15669800641
-4097.738675102
-4098.47386044101
-4098.36666914332
-4098.33511425172
-4097.90659792843
-4097.76371664016
-4097.9098421603
-4098.91633331544
-4097.73685990717
-4097.7747076571
-4097.97194304702
-4098.03022937382
-4097.7109108599
-4098.66315503026
-4097.96518131532
-4098.32191412439
-4098.85933965161
-4098.94680658881
-4097.96118086325
-4097.60220104541
-4097.77023884274
-4098.02935807768
-4098.9019968579
-4098.95681971573
-4098.07128623012
-4097.75627099254
-4098.0635749142
-4098.00632660331
-4098.01780496874
-4098.97202389125
-4097.52013471229
-4098.36999842164
-4098.20352602649
-4098.09914028772
-4098.82250511146
-4097.56485432709
-4099.32033632302
-4099.19179205724
-4098.02394952682
-4098.37464319947
-4099.2948444168
-4097.85370460165
-4098.85345561033
-4097.6578283081
-4098.88562814143
-4098.16682042699
-4099.08088388735
-4099.40367161742
-4098.34754866665
-4098.22301154366
-4098.33185462743
-4097.68089548223
-4098.13015479568
-4099.43342257672
-4098.3320576125
-4099.21798228818
-4098.30797147822
-4098.22046177251
-4098.02276705758
-4097.91175601572
-4098.82357281393
-4097.81236826612
-4099.0923123411
-4099.03667478406
-4098.7769189008
-4098.0951319774
-4098.17627600494
-4097.72866238192
-4098.4423258544
-4098.53473461772
-4098.88150905903
-4097.95296229572
-4098.42212604901
-4099.20183339533
-4098.05408873538
-4097.94075090122
-4098.12043126336
-4098.55180488077
-4099.30368702141
-4099.74713383864
-4097.94494499343
-4098.97243200612
-4098.13731487695
-4097.79847541752
-4097.86122978315
-4098.51836180214
-4098.11382305714
-4097.96742125335
-4098.0536634867
-4098.42860913443
-4099.00057842316
-4098.05422599263
-4098.13615544029
-4098.66003634217
-4097.75455927846
-4098.71862600965
-4099.30549542146
-4098.03783410579
-4098.67670876476
-4098.11097002924
-4097.53489313752
-4098.85492732674
-4098.04977277098
-4098.05117454847
-4099.81291772811
-4099.82511396198
-4099.18238493655
-4099.70526787754
-4097.81361020995
-4098.5294598798
-4097.61945215267
-4098.20893343168
-4099.04179298064
-4097.86535846882
-4097.94314688152
-4098.91478253468
-4097.7204056149
-4098.45485824102
-4097.98926002742
-4098.00812796706
-4098.10744986109
-4097.91655062995
-4097.99537864969
-4097.8800636221
-4097.70998590501
-4098.29392436695
-4098.22063666885
-4098.03378157411
-4098.85898952853
-4098.70137563103
-4098.92126657872
-4097.8907050605
-4098.08649351653
-4098.04294276112
-4098.71168330904
-4098.32392063199
-4097.89145113167
-4097.90821704521
-4098.58189792231
-4097.79931019496
-4098.26894719805
-4098.3911826889
-4097.92872960671
-4098.03583967353
-4098.74035066466
-4097.65091711021
-4098.42337339369
-4097.93905599663
-4098.04859789825
-4097.65007737043
-4098.03417372797
-4099.16644328502
-4097.84708785599
-4099.01254505858
-4098.16792765654
-4098.01188716692
-4098.02994508936
-4098.18532886441
-4098.42057546275
-4098.31666548295
-4098.29486362276
-4097.86916218262
-4098.44264690181
-4097.79147837697
-4097.72265721299
-4098.78523780516
-4098.57685350374
-4097.90332744928
-4099.20195283503
-4097.97246776628
-4098.55959249573
-4097.84230920972
-4098.85512963291
-4098.35335809035
-4099.07797392211
-4098.0902132559
-4098.78125869642
-4097.85766212127
-4099.13308837532
-4099.54123794786
-4098.35363152442
-4099.37170934283
-4097.74389642842
-4097.81213457563
-4099.34124433145
-4099.51148427788
-4099.30339514183
-4098.58403573622
-4098.93935544223
-4099.44535820468
-4098.82832290248
-4097.78878809519
-4098.6318930525
-4099.19496905568
-4099.4869349934
-4099.4869349934
-4099.45602825246
-4097.8360191914
-4099.08494954278
-4099.49313681494
-4099.46385526798
-4099.56890534754
-4099.62660383588
-4099.45151299985
-4098.75987763197
-4099.45631028188
-4099.12743221511
-4098.04420249004
-4099.11689530072
-4099.16765042944
-4097.82884306116
-4098.73082291602
-4099.34577002782
-4097.79859084218
-4099.15607981034
-4099.14489525262
-4099.47848788895
-4097.85070916038
-4097.98865861955
-4098.41514199922
-4099.07534275498
-4097.8240682869
-4099.21131001456
-4097.83588231147
-4097.88972370065
-4098.924800306
-4099.21321021199
-4098.32387033087
-4098.71053130348
-4097.85653469959
-4098.76073531285
-4097.9821763775
-4099.03740715691
-4098.03381674884
-4098.30095566613
-4098.97452588027
-4099.41333253841
-4097.73730823787
-4098.53710033677
-4098.00581074136
-4097.92035532637
-4098.84575200187
-4097.8927139825
-4098.64590471825
-4098.76082820089
-4098.95865768715
-4098.82259159482
-4097.97725468936
-4098.66860834962
-4098.46105392144
-4099.11732707636
-4098.8441026891
-4098.67549608908
-4098.99419957758
-4098.64892540398
-4098.84863868715
-4098.97521261777
-4098.19153371049
-4097.86575159612
-4098.52508002274
-4098.52578794938
-4097.93260726155
-4098.88250201491
-4099.49554976272
-4098.31357035787
-4098.69194722255
-4097.97347433651
-4098.1572811477
-4098.79626427076
-4099.1262667799
-4097.88009290357
-4099.28096137013
-4098.07163990614
-4099.01421143192
-4098.96516175912
-4098.8900888057
-4098.04036678083
-4099.17825463477
-4099.11123426657
-4098.22453044793
-4097.88422619101
-4098.80771478685
-4099.16923099988
-4098.57352720908
-4098.86780059539
-4097.80136571435
-4099.15531012034
-4099.48816563392
-4099.18581381182
-4098.08131301582
-4099.2311207346
-4099.21873269105
-4099.24501265003
-4099.39433522459
-4099.33819315946
-4098.78205031162
-4098.06703728776
-4098.64611483661
-4097.9623537966
-4099.28426866784
-4098.03358576234
-4098.05781111487
-4099.33904982713
-4099.77281881392
-4099.55227935692
-4099.06313843993
-4097.79517947069
-4098.7655582243
-4099.08563743332
-4097.85312703646
-4098.30860215106
-4098.1627765541
-4099.77448850906
-4099.1360912272
-4097.89561665311
-4098.25075477776
-4099.08047761243
-4097.87355049924
-4099.34467718892
-4099.39693720082
-4099.47946706016
-4098.03649950901
-4097.96307566348
-4099.45485897716
-4098.99871255308
-4099.31574474473
-4099.11990803395
-4097.97804193715
-4098.25451512259
-4099.21621366246
-4097.63783531584
-4098.37271031469
-4098.54823939759
-4099.10200957968
-4099.23676000124
-4097.85606378337
-4099.00426553753
-4097.76090766348
-4099.57227161571
-4099.31788011465
-4098.09386613638
-4099.29720532473
-4099.10102663417
-4098.20123179012
-4099.12825110462
-4099.33704088041
-4099.47868764085
-4098.01484633898
-4098.65259032461
-4097.96898837696
-4097.97235983377
-4099.0228401393
-4098.69985461243
-4098.01487813419
-4099.07654210922
-4099.12327943935
-4099.01528459172
-4097.98096039668
-4099.35815462823
-4099.35338631083
-4099.17278638571
-4099.54062625561
-4099.43711292256
-4098.93296712996
-4099.09872911758
-4097.8001668597
-4099.2202834942
-4098.05387965496
-4098.5585423765
-4099.08292564548
-4099.0865870058
-4099.23457227948
-4099.28345972217
-4099.28345972217
-4098.09279683103
-4099.12721661158
-4098.14589152811
-4099.29106500834
-4098.28931926518
-4098.13288792775
-4098.74870301911
-4099.44002564753
-4099.34253730618
-4097.87810534186
-4098.89571540404
-4098.27240487193
-4098.26836875942
-4098.91497747933
-4098.13802772733
-4099.34605716399
-4099.12538448566
-4097.82549644213
-4098.39868504747
-4097.96687770726
-4099.29055903481
-4098.86753997906
-4098.97951921615
-4099.27225339167
-4098.06269104849
-4098.87768416946
-4099.54468452746
-4098.05095352289
-4099.22590979243
-4099.19892679189
-4099.34920731081
-4097.75106971655
-4098.95297302827
-4098.02648133116
-4098.86561721843
-4099.25063684319
-4099.2711797006
-4099.14381253477
-4099.26997697046
-4099.13620289958
-4097.92649275666
-4099.17969030199
-4098.04615251644
-4099.09668445068
-4097.77357016917
-4098.41178153392
-4099.13282242512
-4098.96365455243
-4097.94554434752
-4098.00806017902
-4098.33347762765
-4099.3326880958
-4099.50926756329
-4098.68560632651
-4099.01383770056
-4097.89670259229
-4098.46050356662
-4097.84337867168
-4099.29021266244
-4099.30753668468
-4098.07373348551
-4097.95951910777
-4099.00154980404
-4097.88872503592
-4098.03104588322
-4098.16981012504
-4099.15908294019
-4099.28685524126
-4098.96014429844
-4097.86129543059
-4098.9625705211
-4097.94416135602
-4099.18553149215
-4099.45099837576
-4099.38461943436
-4098.06838644539
-4097.77513817605
-4098.19377779006
-4098.9750545966
-4099.41378431069
-4098.8719026822
-4097.99219742487
-4099.28677619693
-4099.39449088576
-4099.17724082407
-4098.96672428533
-4099.45483357464
-4099.4691517248
-4098.13638476928
-4099.53440691541
-4099.29627939013
-4099.36906742753
-4099.18396109846
-4098.74137055313
-4098.32002688986
-4098.09590177729
-4099.41378431069
-4098.14912910376
-4099.4197187593
-4099.28866667575
-4097.92234344504
-4098.58472484325
-4099.20125386525
-4099.47168284615
-4098.27086687002
-4099.45656855235
-4098.19772321242
-4099.58826875016
-4097.9534881527
-4099.1270568655
-4098.56264728217
-4099.12463881276
-4099.28167989275
-4099.244330132
-4099.70603771326
-4098.82068069377
-4099.37278818932
-4098.04263284344
-4099.36395934478
-4098.70518740745
-4099.5498891345
-4099.6144514787
-4099.53436049463
-4099.32222376684
-4099.13430329664
-4098.58893449915
-4098.08526562849
-4098.10341307314
-4097.85359507039
-4098.85358419254
-4099.50886971057
-4098.02596913576
-4098.06390085107
-4098.78823694358
-4098.61958563457
-4097.94435538733
-4099.61649372928
-4097.99762725091
-4098.0196694862
-4097.94087432245
-4098.06214949069
-4098.95550647478
-4098.03206105852
-4099.35281113003
-4098.35253823175
-4098.16910390701
-4099.17462394848
-4098.91186508437
-4099.25997258917
-4098.13409652294
-4098.54153995085
-4097.78433068317
-4098.94744873708
-4097.91816080889
-4098.45734414882
-4098.96835215788
-4097.8528020381
-4099.11335441887
-4098.78122042495
-4099.16095262991
-4098.72872022645
-4097.84168255478
-4099.08586727361
-4098.06062089349
-4098.10881034235
-4098.80252706764
-4098.85988805448
-4097.83154011206
-4098.60354703142
-4097.87986448514
-4099.29149641869
-4098.13164228217
-4097.89132703688
-4098.12522711616
-4098.88972166394
-4099.18472077173
-4097.99457382396
-4099.20487703805
-4098.89883934254
-4098.97195437343
-4099.00366809086
-4098.8553837182
-4098.90358016683
-4097.70048828646
-4099.22047100144
-4097.8313992489
-4098.89007919151
-4098.89398519351
-4098.05136855615
-4098.85151127047
-4098.57903542043
-4097.86382583416
-4099.18899188168
-4097.78499354873
-4097.92902592671
-4097.91044030447
-4098.95652446647
-4097.98273644467
-4098.30876978521
-4097.673790231
-4099.52496621121
-4099.35453913807
-4098.16573211108
-4098.11010909533
-4099.11219220774
-4098.30655684843
-4098.60450909502
-4097.74942683655
-4099.35453913807
-4098.07316459887
-4098.6760994534
-4097.98981563806
-4097.97439753483
-4098.92374013314
-4098.01245421004
-4098.13430534937
-4098.77110920775
-4097.9891466229
-4099.40942591591
-4099.12278253571
-4097.94267577295
-4098.72571549443
-4098.29830925042
-4097.87452933174
-4099.34786538956
-4099.08630706157
-4099.10135809636
-4099.07151475821
-4098.97946639933
-4098.11773979347
-4098.71923812033
-4099.0943643202
-4098.26816237369
-4098.02939297755
-4098.90388174105
-4098.15379143349
-4098.04366190911
-4099.1207790356
-4098.15873948812
-4099.10659612686
-4098.69009987462
-4098.12001493035
-4098.26752190739
-4098.93454511951
-4099.00714968291
-4098.23981131792
-4099.19208784291
-4099.18135850311
-4098.06236208656
-4099.28258350995
-4099.38856532896
-4099.05439622114
-4098.1002029798
-4099.01330928572
-4099.70526787754
-4097.94443782355
-4098.03586729367
-4097.99867832404
-4099.05951002153
-4098.88638110286
-4097.79076626796
-4097.8986510267
-4099.46331851097
-4097.91144613364
-4097.9972298595
-4098.04396099315
-4099.14986961617
-4097.920791618
-4099.06471559597
-4097.98334185985
-4099.10163550248
-4097.71534232783
-4098.72295189366
-4097.70995811307
-4098.89848763787
-4098.18926350196
-4099.19637898109
-4098.67897606219
-4098.79435015065
-4097.99526250728
-4099.21148625414
-4098.93498851451
-4098.71402622271
-4099.01334348469
-4098.79739872827
-4097.78532627022
-4098.58239271704
-4097.9047497926
-4098.98119461748
-4098.81930462885
-4097.96399310485
-4098.06669511621
-4099.20440293062
-4098.72237773763
-4098.08699304369
-4098.00317417858
-4098.93919772481
-4098.92886086661
-4097.95680389788
-4098.6448009133
-4097.79083741668
-4097.85098186216
-4098.6119175519
-4099.10416033143
-4097.88236431185
-4099.15765081351
-4097.88166820156
-4097.80089733493
-4098.86590713702
-4098.66285258711
