# vacant energies
-4066.29728643127
-4067.32156959212
-4066.02659190797
-4066.51877046096
-4067.28059509118
-4066.54870708542
-4066.49416622871
-4067.17321683353
-4066.25074536525
-4066.15007049806
-4066.55505479447
-4066.93174020187
-4066.47112505362
-4066.53491873713
-4066.71823302116
-4066.36222334174
-4066.3130384315
-4066.14860002777
-4066.47042164082
-4065.88923106786
-4066.74075206613
-4066.01981522671
-4066.70467648978
-4066.00876121035
-4067.32259245838
-4066.40728495197
-4067.19336853254
-4067.06751416015
-4066.04322087502
-4066.16576219271
-4066.20262718032
-4066.50773423138
-4066.93196700694
-4066.62001683932
-4066.37598855283
-4066.44958487175
-4065.95596465842
-4065.54795735801
-4065.98234975321
-4066.22571887266
-4066.69848069557
-4066.53648198589
-4066.70567056358
-4066.36223884515
-4066.45886404958
-4066.14525338402
-4066.33213114176
-4067.65241158954
-4066.45824080966
-4066.82464363815
-4066.54828481472
-4065.95730672091
-4065.98193884245
-4066.87262051957
-4066.02602519552
-4066.18439834845
-4067.35905062864
-4066.33890106223
-4066.22029535285
-4066.1345311045
-4066.03288716295
-4066.70729337267
-4066.22569991536
-4066.2727329727
-4066.59373620027
-4066.36647575956
-4066.71739994413
-4066.20656831421
-4066.56298378681
-4066.12293453749
-4067.38034863232
-4066.10358691612
-4066.18305444412
-4066.6944168701
-4066.69960703716
-4066.51695350761
-4066.32590997444
-4066.92311110274
-4066.48018372724
-4066.23328972146
-4066.31917284258
-4066.32891038025
-4067.03305329694
-4067.28287373819
-4065.9824514058
-4066.33707272244
-4066.45185505062
-4066.17889873193
-4066.75482088237
-4067.03057316809
-4067.08101605277
-4067.38599424667
-4066.71493126418
-4066.44233188805
-4066.3945350875
-4066.30812668704
-4066.41307125779
-4066.19861259842
-4066.84133086626
-4067.18614943953
-4066.32554112043
-4066.3537374801
-4066.60716007227
-4066.2255495145
-4066.2559764287
-4066.43326540836
-4067.297936502
-4066.45848415757
-4066.3703797139
-4066.69380440726
-4066.15518542301
-4066.51730739003
-4066.16778466324
-4066.80902553561
-4066.3041014021
-4066.8985616068
-4066.79415191827
-4067.29446404349
-4066.4478430956
-4066.27524678881
-4065.99172100862
-4066.21121825777
-4066.53801377369
-4066.7292871852
-4066.82739337917
-4067.17814259704
-4066.26003762331
-4067.56930097293
-4066.04772977336
-4066.27742185906
-4066.0761067424
-4066.7927354295
-4067.36451352314
-4067.40180926301
-4066.4845828685
-4067.53455220283
-4065.96934229546
-4066.55841721282
-4066.4508366141
-4067.02860909509
-4066.4340929138
-4067.61375612918
-4066.4877127698
-4066.27087383616
-4066.35317367486
-4066.03415579435
-4066.06112246738
-4067.4567259674
-4066.25200164607
-4066.81952806209
-4066.45576683116
-4066.51815010683
-4065.9524742787
-4066.48414422039
-4066.41241774105
-4066.95097259982
-4066.18398895567
-4066.28224500822
-4066.50273236469
-4066.50294521897
-4066.09653229578
-4066.69399363079
-4066.19353873852
-4066.42022269351
-4065.89624741282
-4066.27702584067
-4066.33986458795
-4066.37449913726
-4066.05800314204
-4066.16979148935
-4066.39486990661
-4066.14828089723
-4067.4192470624
-4066.02525278277
-4066.79197718205
-4066.0672679527
-4066.44019172556
-4066.42959078758
-4066.54089777702
-4066.70319017761
-4066.40182134369
-4066.21620486191
-4066.95332780238
-4066.18138424046
-4065.88946032744
-4066.31397445389
-4066.24708955264
-4066.32367152182
-4066.29478707736
-4066.48686558653
-4066.95798780853
-4066.23641476826
-4066.33842355538
-4067.08843164615
-4067.15021738491
-4066.52352142112
-4066.43868267581
-4066.7644846681
-4066.33377534153
-4066.52481360963
-4066.37382546548
-4066.85757421587
-4066.56449133169
-4066.35557020977
-4066.73350498499
-4066.43927988823
-4066.77841861713
-4066.32089953717
-4066.36607741607
-4067.29510157673
-4066.46420829845
-4067.55967642281
-4066.95428099901
-4066.200212367
-4066.71003799091
-4067.48795891566
-4066.32359442888
-4066.68702715851
-4067.38707312667
-4067.1156203039
-4066.5669191985
-4066.9016959949
-4066.93077070189
-4066.40792586017
-4065.96992151898
-4067.0122858844
-4067.43061636855
-4067.89292243077
-4067.25199335353
-4066.34515886498
-4067.05695294549
-4066.25454756294
-4066.3294281848
-4066.38723479227
-4066.48175782913
-4066.18503646491
-4066.94881205001
-4066.60166968691
-4067.00490015099
-4066.35546982989
-4066.43055086372
-4066.48209455595
-4067.10278707887
-4067.72795296046
-4066.89506374848
-4066.30277285252
-4066.92319851715
-4066.26194347445
-4066.24332482538
-4066.71047086691
-4066.66525715602
-4066.69655780019
-4067.35071987429
-4067.16330805883
-4066.12592619768
-4066.4136663355
-4066.45089083642
-4066.48668903439
-4066.17245860205
-4066.41900538317
-4066.26451790851
-4067.3506564881
-4067.32445449575
-4067.70867798573
-4066.20750897056
-4066.49721500803
-4066.54614690404
-4066.44899652696
-4066.31803167224
-4067.20714530492
-4066.45563005369
-4066.19945048078
-4066.28014075522
-4066.50701286054
-4066.3964264512
-4066.30259246319
-4067.42578300842
-4066.20419269384
-4066.56913012759
-4066.38614825727
-4066.57349547695
-4066.313757086
-4066.48139789463
-4066.93124319099
-4067.19601850567
-4066.21138782783
-4067.16272537071
-4066.36878544202
-4066.47439547959
-4067.44421358447
-4067.03495229159
-4066.49554402803
-4066.2007774115
-4066.29042787065
-4067.16964020381
-4066.22523386703
-4066.48833962109
-4067.03617771826
-4067.1110793386
-4066.44295319878
-4066.64132751331
-4067.30567002169
-4066.84274154379
-4066.33006827108
-4066.31606843377
-4066.29199304238
-4066.58087374052
-4066.11508795067
-4066.55643160488
-4066.89183544282
-4067.04248668847
-4066.75131587369
-4067.66276498244
-4066.49347248617
-4066.46752228402
-4066.44824580877
-4066.17376868285
-4067.12665824192
-4066.31339779328
-4066.3816772929
-4066.4185182344
-4066.62418382031
-4066.48732105731
-4066.31173193385
-4066.43614698967
-4066.37773699907
-4066.84940305095
-4066.94206249184
-4066.30485394137
-4066.67822123604
-4066.32388517677
-4066.62630435343
-4066.13869443133
-4066.40990418716
-4066.2897446123
-4066.98326310988
-4066.59166948125
-4066.91211963737
-4067.17712815243
-4065.95119078781
-4066.21008127751
-4066.58276821556
-4066.65430686434
-4066.28251656512
-4066.41066729621
-4066.12574521006
-4066.19831008804
-4066.32674250441
-4066.20421116442
-4065.89309691222
-4066.48936356144
-4066.3954936069
-4066.18271183118
-4066.43032224519
-4066.42890858687
-4066.70428196626
-4066.75030726677
-4066.65627121515
-4066.52864390523
-4066.27946805383
-4066.08870777812
-4066.51040926893
-4066.19276757629
-4067.00061605943
-4066.70510083209
-4066.27692943959
-4066.20669780901
-4066.11593109418
-4066.3636996225
-4066.72095807064
-4067.05258713247
-4066.31921906864
-4066.87884232598
-4066.37426354284
-4067.55998900423
-4066.1782717616
-4066.74660532918
-4066.80118306909
-4066.58055383322
-4066.77563727854
-4066.95666513908
-4066.39926862891
-4067.00198899356
-4066.1741735692
-4066.61653326483
-4066.42946837762
-4066.85972962974
-4067.29079093139
-4066.70047795593
-4066.49793374338
-4066.78023527572
-4066.12193814255
-4066.16165303629
-4067.30618515839
-4066.57607576421
-4066.39955214225
-4067.0192271354
-4066.5283299014
-4066.51512298474
-4066.20799446041
-4067.09741297285
-4066.57696983728
-4066.99977227837
-4067.26594778597
-4066.50760115776
-4066.2600402047
-4066.46089845033
-4066.21427629896
-4066.40549811283
-4066.71192006652
-4067.16975122594
-4066.03514098815
-4066.67259201698
-4067.63526272747
-4066.52140996778
-4065.93969729893
-4066.48307852267
-4067.52282768448
-4067.86423582489
-4067.52443649264
-4066.68077358976
-4067.53380572341
-4066.96125867406
-4066.02122312006
-4066.41883608023
-4067.03592366757
-4066.38152350721
-4067.31813906771
-4066.21057596271
-4066.20888920698
-4066.94154015986
-4066.21240639585
-4066.38747721115
-4066.75140723978
-4066.08251293096
-4067.60466006534
-4067.19385168866
-4066.39681543083
-4067.19425295838
-4066.20851368279
-4066.34732915197
-4067.03410597267
-4066.28409270774
-4066.40811801908
-4068.28824948093
-4067.18520070091
-4067.23451599358
-4066.16646365085
-4066.14392660055
-4067.01809119784
-4066.47994049017
-4066.4255338784
-4066.69714829794
-4066.70366867188
-4066.20868596619
-4065.86828233747
-4066.12971067544
-4066.99123458739
-4066.01344855688
-4066.60207312636
-4065.92329810357
-4065.94033017088
-4065.93759913826
-4066.30730818214
-4066.13318067044
-4066.97964506201
-4066.43845371729
-4067.03345344488
-4066.72478648995
-4066.5001301073
-4066.56274723626
-4066.2460441505
-4066.63393961053
-4066.53453158543
-4066.71348643121
-4066.76346067314
-4066.46211301533
-4065.83485878593
-4066.39352731091
-4066.19499157142
-4066.19548257549
-4066.34584919644
-4066.97964506194
-4066.35849640515
-4067.30166639737
-4066.24747543886
-4066.77851748211
-4066.14302636977
-4066.75540583616
-4066.33912555224
-4066.28111865936
-4067.45491390506
-4066.1993477086
-4066.62257467373
-4066.34047725127
-4066.39742228955
-4066.00189448015
-4066.92227528675
-4066.57825486771
-4066.89461281399
-4067.03247515385
-4066.608045125
-4067.08592813579
-4066.07674746151
-4066.5050319067
-4066.5050288389
-4066.41917042841
-4066.10458206718
-4067.70900003834
-4066.21185072873
-4066.80446888559
-4066.25774346995
-4067.2087433941
-4066.33090107594
-4067.63335946962
-4066.20221484341
-4067.61615100834
-4066.35642107305
-4067.58770210098
-4067.67917977396
-4067.45778294536
-4067.7387613388
-4067.52554012796
-4066.2921819588
-4067.57464537157
-4067.84723587643
-4067.71326134416
-4067.98292502102
-4067.8014860459
-4067.79487619467
-4067.56007468335
-4066.3700678984
-4068.09255731396
-4067.99515860936
-4067.48004141202
-4066.59691562268
-4067.9131723743
-4067.87939687905
-4067.67523074604
-4068.0789185919
-4067.64920280748
-4067.9637485112
-4067.97543465019
-4067.44374152676
-4067.09059532338
-4067.90988205966
-4067.92309802296
-4068.10431279461
-4066.56168672387
-4067.69710342343
-4067.62794825985
-4067.51684225685
-4067.65203636141
-4066.29163967939
-4068.08014034859
-4067.53698746313
-4068.09052486815
-4066.44295559981
-4067.54062023845
-4066.27413812153
-4066.13264979057
-4067.68126031155
-4068.084169344
-4066.22507971702
-4067.57531154993
-4067.64036058163
-4067.81476446729
-4067.86536482917
-4067.27065883428
-4067.7640814909
-4067.60945152767
-4066.22286574406
-4068.11738127902
-4066.26312279285
-4067.65272987103
-4067.44527396179
-4067.33028136116
-4066.03721516745
-4067.68186049923
-4066.46112857977
-4066.38497119538
-4067.64460790018
-4067.59876485376
-4067.0083630859
-4067.05664472705
-4067.48411442759
-4067.62206171514
-4066.4909262643
-4067.37457526205
-4067.64155593738
-4067.49527618463
-4067.34520384239
-4066.96327532356
-4067.43977536573
-4067.62740191323
-4067.55445533911
-4067.73453192432
-4067.70220007617
-4066.12136230981
-4067.71595474125
-4066.92507091793
-4066.19970235023
-4067.47329775775
-4067.50108365049
-4066.56875852923
-4067.44702301152
-4066.16308629393
-4066.41391723914
-4067.24487858297
-4067.41338732458
-4066.24050342281
-4067.54612938023
-4066.40324738596
-4067.98384154431
-4067.96121918651
-4067.34324371672
-4066.14195989211
-4067.10927471474
-4067.39279202551
-4067.20929570744
-4066.29695392292
-4067.93511583117
-4067.70728823598
-4067.05497619161
-4067.00682168778
-4066.11438574193
-4067.60468173323
-4067.67623833662
-4067.89595760935
-4066.39742737443
-4067.7844457813
-4067.9352396467
-4067.60572912231
-4066.25377712513
-4066.14583345492
-4067.56567266095
-4067.68898304948
-4066.42839976872
-4067.9352396467
-4067.93366995101
-4066.39260556058
-4066.31515425153
-4067.85005012008
-4067.91730221933
-4067.72371519351
-4066.35142384886
-4067.60799297512
-4067.93427039393
-4067.33011978359
-4066.14721302946
-4067.62713760306
-4067.88658180198
-4067.82178364371
-4067.75314409588
-4067.81810939066
-4067.12629435183
-4067.35994127716
-4066.08979697422
-4067.88353287067
-4067.8661850816
-4067.89172907778
-4067.89976935983
-4066.45917928624
-4067.17968217747
-4067.67214378722
-4067.48970438643
-4067.67047449183
-4066.29323079658
-4066.35611746582
-4067.67267701521
-4066.48503250323
-4066.72959587583
-4067.90675466488
-4067.88995109532
-4068.0356094401
-4066.12794144171
-4067.41839085623
-4066.41044040569
-4067.94232043116
-4067.60062756909
-4066.57098963985
-4067.92212621578
-4067.58728347004
-4067.46185827837
-4067.71682012919
-4067.56960334064
-4067.63822224606
-4066.18284444351
-4067.73683886289
-4066.31973918751
-4066.49730527234
-4067.04875524159
-4066.58948787362
-4067.79695265158
-4067.62514928867
-4067.57482995084
-4067.71409188293
-4067.9598602379
-4067.87345451547
-4067.74762843859
-4067.66466976459
-4067.62315960072
-4067.72374298405
-4067.02109963702
-4067.49357115208
-4066.10509878013
-4067.0426124245
-4066.50920955454
-4066.59137050522
-4067.81341321042
-4067.86287990824
-4067.79229971981
-4067.26330012754
-4067.84358340884
-4067.67635171095
-4067.5205740236
-4066.3792557085
-4067.49802126507
-4068.05406788875
-4066.45691678011
-4066.99089082454
-4067.81512367933
-4067.51817404409
-4066.21330625679
-4067.5497365357
-4066.56046569201
-4066.57170923608
-4067.99324905284
-4066.50668903861
-4067.67591645172
-4067.83752254146
-4066.59403630218
-4066.82328372168
-4066.28382476254
-4067.56586911731
-4067.5025153988
-4067.11150642873
-4067.54275650714
-4066.37632062538
-4066.25845850198
-4067.55075459826
-4066.08199040746
-4067.95806354521
-4067.5140713292
-4067.58474255627
-4067.43153906018
-4067.26491727943
-4066.37752484185
-4067.03649270825
-4067.75556253539
-4067.44004197449
-4067.12255263206
-4068.03101552621
-4067.94615052017
-4066.47167810357
-4067.76552354411
-4066.42272510296
-4066.45190954294
-4067.47303490854
-4067.81635765338
-4067.35541811671
-4067.55594810132
-4067.61534471871
-4066.18174804613
-4067.24706778951
-4067.79171732798
-4067.62025063595
-4067.54424354848
-4067.20611857543
-4066.2800748682
-4067.76007836266
-4066.20734934821
-4067.71857214039
-4067.79326583994
-4067.5626637881
-4066.34906738376
-4067.43374160303
-4067.57640987636
-4066.2974973956
-4066.6321878216
-4067.61925298525
-4067.84894968994
-4067.52587153934
-4067.36475199484
-4067.49011101619
-4066.78815803741
-4067.97251865856
-4068.00780257658
-4068.01339668071
-4066.22007085021
-4066.19973996155
-4066.57020154598
-4067.54420947347
-4067.40758653328
-4066.32985264522
-4066.48666811115
-4067.62848412818
-4067.16024911735
-4066.84926527145
-4066.46953202902
-4067.15464300843
-4067.55877551191
-4066.73737987626
-4067.76635955906
-4067.66445519568
-4067.29627733512
-4067.35852146147
-4067.10581014617
-4066.72497712251
-4066.75509799114
-4068.09149241609
-4066.40245670625
-4067.37747124606
-4066.10017779631
-4066.4393126744
-4067.40045864251
-4067.70837059569
-4068.19515862176
-4066.49052132884
-4067.80879514269
-4066.2049876572
-4067.4198905541
-4066.1615576988
-4067.46008524689
-4068.09511446304
-4067.43316034838
-4067.85286827074
-4067.6821547492
-4067.75136911065
-4067.76430016896
-4066.06802771667
-4067.25235070766
-4067.66757978523
-4067.61466707846
-4068.13347815269
-4067.95651591306
-4067.78074284109
-4067.75781851194
-4067.56095588257
-4066.9390128003
-4066.50357537677
-4066.44730035948
-4066.32582451862
-4067.33321292951
-4067.88865416164
-4067.59401262156
-4066.18568871915
-4067.41752155568
-4067.03349815889
-4067.57997746795
-4067.73321702633
-4067.76152282452
-4066.40832312166
-4066.35795915015
-4066.29434115736
-4067.6401749828
-4067.69073445809
-4067.27007942184
-4066.6067226411
-4066.28558202056
-4067.85787549387
-4067.98746747677
-4067.69835693994
-4066.31562228475
-4067.27224653023
-4066.2736165716
-4066.56928778914
-4066.36846034055
-4067.49753978943
-4067.48081896469
-4067.51906128693
-4067.54675961839
-4067.31474279805
-4067.79502553751
-4067.34678390419
-4066.30198079137
-4067.6535482244
-4066.58934058091
-4066.51996562595
-4066.84691882365
-4067.25863271724
-4066.18723816817
-4066.95738835208
-4067.6527132217
-4067.69998260975
-4066.22106273047
-4067.49778350152
-4065.95949070488
-4067.33898857573
-4067.57622131166
-4066.4003327107
-4067.67969772726
-4067.39075317585
-4067.72178117101
-4067.44570546572
-4067.51926213831
-4067.51800515684
-4066.15643235893
-4067.57492170783
-4066.48412894755
-4067.5023864159
-4067.27666516415
-4067.84736565654
-4067.30605807505
-4066.92527754996
-4066.33721701815
-4067.58253330981
-4066.40848567129
-4066.46474500429
-4067.945967
-4067.53891405808
-4067.34238122572
-4066.97962013395
-4067.67694528934
-4067.70900111408
-4067.65788762296
-4066.50021638604
-4066.14203686353
-4067.40221658751
-4066.39798561825
-4067.40407053418
-4067.8014860459
-4067.51989064562
-4068.05137855383
-4066.86783691218
-4066.12045373605
-4066.13549354784
-4066.75220478863
-4066.49822106697
-4066.75758416817
-4067.39268422099
-4066.24721662246
-4067.52161220585
-4067.32969159486
-4067.41273269117
-4067.08473525056
-4067.17980488495
-4066.28995461913
-4067.88715352221
-4067.560861591
-4068.05142256556
-4067.4909278809
-4067.09734711657
-4066.45299385242
-4066.85800671463
-4067.59144799614
-4066.75650966155
-4066.3323021302
-4067.00312689183
-4066.2555251079
-4067.26410223438
-4067.53978576425
-4066.73842107844
-4067.45699161611
-4067.48802084011
-4066.36043329057
-4066.33916131048
-4067.38796658414
-4067.6147255393
-4067.22964070918
-4067.45538539825
-4067.53637842321
-4066.35779384071
-4068.36974491038
-4067.76174663912
-4067.5659707616
-4066.06570727826
-4067.27840919255
-4066.81837135193
-4066.40878786526
-4066.70084130857
-4066.36732774721
-4067.12774598249
-4067.59466401422
-4067.46055100365
-4066.55000346825
-4066.98942717079
-4067.9100331199
-4066.34324936946
-4068.05219022203
-4067.84618059796
-4066.28412131354
-4067.61756625815
-4066.42699387918
-4067.60443456679
-4066.25359081766
-4067.6207741717
-4067.78347002702
-4068.44688387513
-4068.41048130158
-4067.49930566232
-4067.21012632192
-4067.51085178925
-4066.27351539992
-4067.84557984665
-4067.7080212035
-4068.35943072609
-4067.49170253125
-4067.30831611206
-4066.12313968754
-4067.16873254236
-4067.63668593397
-4067.86734060766
-4067.77074596565
-4066.47759109772
-4067.80673021102
-4067.57705282099
-4067.52352216542
-4067.07812091697
-4067.90861051232
-4067.84006893195
-4067.71760597628
-4066.37859276674
-4067.38659417318
-4067.75291028225
-4067.13023789198
-4067.53703952058
-4067.62929729745
-4067.86837411853
-4067.78368379362
-4066.40323377219
-4066.48830766205
-4067.58643651338
-4067.09986370674
