# vacant energies
-3945.09244394157
-3944.96111483783
-3944.68701116502
-3944.43692316064
-3944.46210589175
-3944.67880337577
-3944.89071590317
-3945.00722676805
-3944.94480719396
-3944.72685323781
-3944.50460738486
-3944.85446320108
-3944.63683842846
-3944.76619353203
-3944.83111981563
-3944.89412553037
-3944.9405703334
-3945.10534373368
-3944.42559044248
-3944.82953680268
-3944.67882328616
-3944.6936111098
-3944.69387535748
-3944.9378950948
-3944.96528544689
-3945.06268119538
-3944.77946624385
-3944.62992785325
-3944.73624636244
-3944.50399683317
-3945.02736919925
-3944.81007418582
-3945.03811348115
-3944.94520700002
-3944.71315361648
-3944.59182122385
-3944.85533663187
-3944.70839431807
-3944.99071124935
-3944.83908923457
-3944.98168081482
-3944.73901791833
-3944.51521278387
-3944.86612638836
-3944.54978905409
-3944.63959566655
-3944.757526123
-3944.95563209312
-3944.79815649699
-3944.6378552341
-3944.57288627103
-3944.69617385041
-3944.78056806266
-3944.77929044952
-3944.99292209632
-3944.96877389168
-3944.81612805133
-3944.82578961912
-3944.6989263799
-3944.72674296729
-3944.82682647106
-3944.80773960658
-3944.99566798698
-3944.93966614668
-3944.86396115993
-3944.88771568747
-3944.52731530898
-3944.79262151132
-3944.61154859846
-3944.80079362624
-3944.96785459252
-3944.84152189208
-3944.99191659022
-3944.80046994533
-3944.71491933597
-3944.58256195533
-3944.84995709178
-3944.60387951289
-3945.00204284443
-3945.02006957641
-3945.16700663596
-3944.93707027282
-3944.59616513702
-3944.56718726856
-3944.86087545251
-3944.58964934029
-3944.99266697846
-3944.81221179021
-3944.90800742062
-3945.33002667356
-3944.61695449681
-3944.84699605779
-3944.52101671693
-3944.88259106403
-3944.86142403743
-3944.87811040213
-3944.96880613561
-3944.88125316558
-3944.46054824476
-3944.60200465169
-3944.4992564064
-3944.77295473534
-3944.85079554465
-3944.86142906436
-3945.07311290601
-3944.85683524732
-3944.71800579802
-3944.5172858153
-3944.87320869493
-3944.64952055678
-3944.83227695163
-3944.89005569983
-3944.94349652051
-3945.02137196097
-3944.54464861792
-3944.62599808113
-3944.47797032453
-3944.49606838573
-3944.76576779861
-3945.0662207994
-3944.93054166205
-3944.81471663359
-3944.4660097026
-3944.50315803217
-3944.4096802361
-3944.42532699461
-3944.87444453929
-3945.05433896143
-3945.00516135096
-3944.86556381054
-3944.62432862157
-3944.54417425677
-3944.51956021991
-3944.59527026093
-3944.82507296657
-3944.7428897837
-3944.94864240847
-3944.93239778691
-3944.5009264642
-3944.73101073292
-3944.49290681805
-3944.54410607746
-3944.67569048472
-3945.01882041894
-3944.9201802256
-3944.97658693813
-3944.61294297305
-3944.96120157372
-3944.67505875425
-3944.77364277787
-3944.48935884843
-3944.94643160593
-3944.95893819521
-3944.89774108945
-3944.75442563477
-3944.52617386445
-3944.80040105577
-3944.65741253044
-3944.95542946907
-3944.68832286907
-3944.94823612006
-3944.89184624356
-3944.79098483231
-3944.62961288293
-3944.91906512127
-3944.53869706049
-3944.97932124792
-3944.86978492372
-3944.91927806327
-3944.82020264284
-3944.50920623168
-3944.69652905629
-3944.52317218067
-3944.90032840919
-3944.83986783251
-3945.00126682651
-3945.00574847356
-3944.70295685809
-3944.60978817974
-3944.67198101958
-3944.68277321066
-3944.53941793226
-3944.83299342645
-3944.92217057053
-3944.88173643961
-3944.77537571949
-3944.64553106625
-3944.70720500935
-3944.849584595
-3944.55622656145
-3944.88696004762
-3944.90933858005
-3945.67914389702
-3944.82714950457
-3944.5876180029
-3944.70652303998
-3944.80339703923
-3944.99976888359
-3944.96265711958
-3944.98834441869
-3944.9762176803
-3944.63425123418
-3944.65624561936
-3944.57403539722
-3944.74216289413
-3944.7458589873
-3945.03045733145
-3944.89685907254
-3945.16807916722
-3944.983695589
-3944.66220945425
-3944.46872732556
-3944.9247469143
-3944.9684748611
-3945.18063465212
-3944.85799003699
-3944.89606872832
-3945.14375096332
-3944.47694696489
-3944.75937293273
-3944.59460317034
-3944.90464004533
-3945.31397742696
-3944.96945308925
-3944.91903006333
-3945.03063010579
-3944.60367609681
-3944.66663372091
-3944.74433397208
-3944.717984154
-3944.9002170812
-3944.85028058439
-3944.97880886344
-3944.87753764844
-3944.79955924096
-3944.5873961437
-3944.64185662732
-3944.42707246419
-3944.98660687613
-3944.96948043628
-3944.90577814133
-3944.83207045761
-3944.53424416062
-3944.51437779334
-3944.5682962112
-3944.39708230636
-3944.52092442025
-3944.96653183072
-3944.89824451869
-3944.80534525226
-3944.57884765726
-3944.55491035554
-3944.43246526104
-3944.27385244615
-3944.75095612486
-3944.96313339569
-3944.9502565377
-3944.74841371751
-3944.62077032701
-3944.5325907557
-3944.59421099831
-3944.43538427275
-3944.75074338249
-3945.69780080052
-3944.83328447012
-3945.09081124833
-3944.51175055883
-3944.69392847737
-3944.47185762752
-3944.54646539784
-3944.79091865922
-3944.8855774598
-3944.91922692279
-3945.15735240419
-3944.53203506746
-3944.77412052175
-3944.43535011845
-3944.82720105775
-3944.79427566582
-3944.84662506897
-3945.09462823878
-3944.77734927784
-3944.7710622335
-3944.56442796828
-3944.77696490157
-3944.60568432953
-3944.87063406337
-3944.78753587957
-3945.01081942253
-3944.67395077699
-3944.6996498804
-3944.53764295081
-3944.83481016416
-3944.71924716726
-3945.286706581
-3944.8417899485
-3944.95191713602
-3944.99973030009
-3944.45579476891
-3944.77096842638
-3944.46478769536
-3944.78512251379
-3944.8263680712
-3944.98403181203
-3944.82669767869
-3944.613326712
-3944.52116131908
-3944.69620071812
-3944.58437981395
-3944.6362985682
-3944.85650204627
-3944.97458129317
-3944.8922358589
-3944.63313045322
-3944.63324746537
-3944.73277130887
-3944.79670985139
-3944.62944196896
-3945.01838920932
-3944.96628194544
-3944.82975034271
-3944.80792116035
-3944.52231930103
-3944.75366185136
-3944.70498447509
-3944.7973991835
-3944.8353884579
-3945.12491589105
-3944.85728498801
-3944.82443197609
-3944.73017250062
-3944.4673664006
-3944.71927873162
-3944.5077848489
-3944.92575903042
-3944.86843210797
-3944.9994099453
-3945.23645926599
-3944.69450398241
-3944.56575847499
-3944.8030878378
-3944.56672548023
-3945.05423326945
-3944.78540554559
-3944.90049676198
-3945.03123598116
-3944.34176228234
-3944.55665768022
-3944.48984445005
-3944.55154558352
-3944.71599170424
-3945.01071459696
-3945.0660856662
-3944.92801478748
-3944.5976857047
-3944.60470049797
-3944.43726826174
-3944.4362716221
-3944.60798372414
-3945.00199898331
-3944.97565926022
-3944.93107192209
-3944.68649564508
-3944.53068083446
-3944.56561110316
-3944.69130768501
-3945.04513955957
-3944.87580408228
-3944.8907001603
-3944.87510135436
-3944.42872087155
-3944.60368614044
-3944.61273149628
-3944.30981772935
-3944.63643353855
-3944.97161948599
-3945.01897908028
-3944.68905096589
-3944.50979691137
-3944.56095128836
-3944.58164422957
-3944.47970787074
-3944.80013503561
-3945.06346587819
-3944.98855736143
-3944.60882222541
-3944.54375281479
-3944.42098540122
-3944.56054419083
-3944.57955347127
-3944.60176939161
-3944.8051243774
-3944.93431112274
-3944.857073508
-3944.50207708029
-3944.74840327603
-3944.59715958105
-3944.67092590713
-3944.84857491694
-3944.93305284071
-3944.96566515828
-3945.19226229274
-3944.48714656854
-3945.05808834091
-3944.44868613878
-3944.9478981766
-3944.71132384508
-3944.9385999658
-3944.93408318913
-3944.84409231457
-3944.70439574519
-3944.47799097056
-3944.43604197
-3944.47788829938
-3944.80496293812
-3944.78612156438
-3945.03537484661
-3944.61778034898
-3944.79430385108
-3944.64024528302
-3944.89088146132
-3944.58634029592
-3945.05442250496
-3944.81448545359
-3944.8267170908
-3944.72369392571
-3944.52447621967
-3944.80686769106
-3944.52272313908
-3944.7354099169
-3944.86545351657
-3945.03900503559
-3944.89517342945
-3944.72136375231
-3944.52264177255
-3944.56688902635
-3944.61116739407
-3944.55232410962
-3944.74505791188
-3944.87880235347
-3944.8759338277
-3944.67934126473
-3944.56748853559
-3944.83001738088
-3944.72785938922
-3944.82782948943
-3944.87349688471
-3944.9309796814
-3944.77125958635
-3944.94855785448
-3944.55887811873
-3944.83326974731
-3944.65847414816
-3944.78113325892
-3944.80975860541
-3944.89505370856
-3944.93968363776
-3944.74799326162
-3944.8567144349
-3944.5173677603
-3944.74197967667
-3944.44067139003
-3944.97765424551
-3944.98913598141
-3945.19068558863
-3944.87298142167
-3944.72157279018
-3944.41131709458
-3944.77199382837
-3945.23537623633
-3945.05182822402
-3944.79782439073
-3944.8337958677
-3944.90598117295
-3944.56511233508
-3944.64694487016
-3944.55398822524
-3945.23537623633
-3944.73034470912
-3945.0020367166
-3945.08259877116
-3944.86299820752
-3944.41974892921
-3944.62185548318
-3944.54590248391
-3944.95862929217
-3944.46500181252
-3944.87981345112
-3944.94905108144
-3944.66131657261
-3944.65245721168
-3944.54753369413
-3944.55022112038
-3944.62360468112
-3945.23537623633
-3946.04085731544
-3944.91501229853
-3944.89511455008
-3944.70667532723
-3944.63567580324
-3944.48432292116
-3944.45461251837
-3944.87599540889
-3945.03603211068
-3945.04945106205
-3944.91426166035
-3944.39886258706
-3944.60399312987
-3944.65964843589
-3944.48840278835
-3944.79762376761
-3945.10864746996
-3946.17330080439
-3944.99161894002
-3946.40879253811
-3945.04610372837
-3946.51157963465
-3946.55314015946
-3946.71187695871
-3945.95572967057
-3946.06043008111
-3946.78417621885
-3946.4751466859
-3946.61383942527
-3946.5099649896
-3946.58078199374
-3946.61573644489
-3946.07767956545
-3945.79867764149
-3946.46694318602
-3946.58538989858
-3946.69064243781
-3946.53436177274
-3946.54616385279
-3946.5333828437
-3945.10508045923
-3945.88533699852
-3946.55196985883
-3946.68079231253
-3946.76309774641
-3946.55522954349
-3946.62526608274
-3946.51886231332
-3946.13211368087
-3945.91883960666
-3946.45373496455
-3946.60516903246
-3946.66209622397
-3946.70645806858
-3946.6463233697
-3946.53041355016
-3945.92780818296
-3945.90582937718
-3946.50288597991
-3946.6750151784
-3946.64360607843
-3946.70581520177
-3946.75462779505
-3946.53273385258
-3946.04203042084
-3945.9597246257
-3946.5230762559
-3946.3931542098
-3945.06658231122
-3946.69469702167
-3946.73817222806
-3946.66032480817
-3945.87965085483
-3945.96803255379
-3946.54053154161
-3946.43397435773
-3946.62842633991
-3946.79248549346
-3946.89946697243
-3946.64200405902
-3946.16846403383
-3945.92421342184
-3946.21119986372
-3946.32549430499
-3946.38694929244
-3945.10308699645
-3946.62396953768
-3946.49060896476
-3946.04362097469
-3945.9648058843
-3946.53684735419
-3946.44728566651
-3946.73556467184
-3946.68506771464
-3946.69531500831
-3946.6534885919
-3946.1884194799
-3945.82041268502
-3944.94967783378
-3946.30453740877
-3946.54079834131
-3946.52053889282
-3946.48930335671
-3946.63791294417
-3946.02671459745
-3945.77436447811
-3946.28734848216
-3946.42992016482
-3946.50448324859
-3946.57352405029
-3946.40999727191
-3946.48079329735
-3945.18438578065
-3946.02295765104
-3946.77169872191
-3946.6387766056
-3946.53297742415
-3946.57452649794
-3946.43714804222
-3946.53614757548
-3946.01448213994
-3945.8094854956
-3946.66539494278
-3946.51669307532
-3946.36113595981
-3945.05244830755
-3946.2730814065
-3946.40577192711
-3945.90733000444
-3946.47039215876
-3946.62724635811
-3946.72375951648
-3946.54452648544
-3946.64726985575
-3946.59305186635
-3946.62205614878
-3946.33421771728
-3946.16835704695
-3946.89803967118
-3946.63721298898
-3946.52919330781
-3946.43066429678
-3946.44437784523
-3946.51313346756
-3945.95956020494
-3946.26579043181
-3946.79687098038
-3946.7994893826
-3946.78106942147
-3946.56352969517
-3946.59550024803
-3946.49741441564
-3946.0131273233
-3946.01476550734
-3945.1699138886
-3946.74367553523
-3946.70720959138
-3946.65318245714
-3946.6199858477
-3946.55148735707
-3946.0511768334
-3945.87725204167
-3946.51137799484
-3946.88946294745
-3946.70047494029
-3946.77313335753
-3946.56264208656
-3946.58631354256
-3946.06401977952
-3946.78016161667
-3946.58196695157
-3946.71710680711
-3946.55617503654
-3946.69708669923
-3946.23657209135
-3946.50049583478
-3945.98345230321
-3945.96448047112
-3946.49127444199
-3946.556211537
-3945.02071865514
-3946.59493916073
-3946.50482845338
-3946.59763978915
-3946.02525179631
-3945.89131165285
-3946.64532039465
-3946.53941133396
-3946.46510686046
-3946.42125158289
-3945.02374445983
-3946.36047226699
-3945.95993945462
-3946.02105690713
-3946.57072058951
-3946.50054872459
-3946.6459600623
-3946.71888113843
-3946.88526084737
-3946.66606041326
-3946.11630395021
-3946.12881651581
-3946.65525616318
-3946.50807557946
-3946.75677461755
-3946.57898891777
-3946.8555657911
-3946.49804904951
-3945.89737766474
-3946.07687893372
-3946.6090821252
-3946.60997564546
-3946.75090179816
-3946.92411546331
-3946.78368559176
-3946.63327119413
-3946.26052578297
-3945.96999385197
-3946.63169950288
-3946.64378626302
-3946.5402642942
-3946.85814877152
-3946.62506780697
-3946.62175702222
-3945.98814069406
-3945.84761525581
-3946.45297891032
-3946.6042092782
-3946.63895749736
-3946.72364793964
-3946.5448247817
-3946.53962957508
-3945.93671731803
-3946.18109269315
-3946.49156494718
-3946.63429208675
-3946.52898191115
-3946.65396648742
-3946.43998847597
-3946.50567169194
-3946.06688098705
-3945.91896333583
-3946.74491674239
-3945.11828766626
-3946.47120505601
-3946.39508048498
-3946.46183422898
-3946.45486146734
-3946.31749615245
-3945.90865616855
-3946.6994698977
-3946.7798499294
-3946.66779505152
-3946.62545151551
-3946.56292784535
-3946.55739293378
-3946.00557476177
-3946.18621966403
-3946.92508089103
-3946.60987729372
-3946.55521814035
-3945.00058939291
-3946.45322439013
-3946.5415213696
-3945.95568865991
-3946.12587565257
-3946.84425137942
-3946.78040117997
-3946.65362273453
-3946.55988956987
-3946.58996388891
-3946.52430229372
-3946.04012214762
-3946.21804567541
-3946.7884795332
-3948.58053194197
-3946.69207026676
-3946.6386320484
-3946.5043007234
-3946.526406199
-3945.98465742789
-3946.56675185743
-3946.98815161556
-3946.83180274873
-3946.75781218107
-3946.65933718882
-3946.55010785551
-3946.53116049687
-3945.98179653249
-3945.72955560476
-3946.53602953514
-3946.60847300018
-3946.66465735921
-3946.52048575194
-3944.9795291368
-3946.40314688564
-3946.01563304737
-3946.13635751651
-3946.40267337141
-3946.94024776166
-3946.65189813651
-3946.49412313508
-3946.44849450739
-3946.34584348011
-3945.08292381668
-3946.28523644967
-3946.48507960097
-3946.69036395785
-3946.65376253669
-3946.43942374706
-3946.51757126776
-3946.3032821235
-3945.95103345879
-3945.77330558418
-3944.89266479114
-3946.56191902013
-3946.70480417847
-3946.57810133525
-3946.6912723972
-3946.37107479258
-3946.00841031536
-3945.99012800803
-3946.5101014546
-3946.63997948115
-3946.805323293
-3946.73343580132
-3946.90458480859
-3946.49410661823
-3945.8840017851
-3945.87084820222
-3946.3735546634
-3946.47258467763
-3946.78981746536
-3946.86533490719
-3946.93622429652
-3946.64858216127
-3945.90596269161
-3946.04565747761
-3946.33533719305
-3946.54584836741
-3946.4098312285
-3946.81209172148
-3946.6526368733
-3946.53408681323
-3945.95839364582
-3945.06938435154
-3946.34928744823
-3946.47260166971
-3946.59323702568
-3946.84271632466
-3946.80924705828
-3946.60811378955
-3945.79474387393
-3945.86694568506
-3946.33370713054
-3946.39153743947
-3946.51892085234
-3945.05019676618
-3946.44567280632
-3946.55561757765
-3946.3253632326
-3945.78844366274
-3946.49704763151
-3944.97584627939
-3946.65179014481
-3947.58790927842
-3946.57394672651
-3946.47051579518
-3945.05778055746
-3945.84051779216
-3946.75337084096
-3945.15983086262
-3946.61731079109
-3946.51279355394
-3946.5937479248
-3946.54515948835
-3946.0078263894
-3945.92039159415
-3946.77196091573
-3946.75561286214
-3946.80087246331
-3946.60757464801
-3946.55933367496
-3946.52222223418
-3946.10136703492
-3946.12695818399
-3946.94069112931
-3946.69847476301
-3946.69453792464
-3946.69784633762
-3946.61831740579
-3946.54078924088
-3946.01386273168
-3946.05938286899
-3946.9854672761
-3946.87596361112
-3946.68712562807
-3946.68377671279
-3946.6231595056
-3946.57293247062
-3946.00212985658
-3946.22388396096
-3946.80277615101
-3946.82986444204
-3946.7683175608
-3946.67348255235
-3946.64980510697
-3946.62348500535
-3946.06371165773
-3946.18015998247
-3946.74240215151
-3946.73518506066
-3946.59529019262
-3946.65930008918
-3946.59246010384
-3946.62274437044
-3946.16258745983
-3945.89826404031
-3946.54139215145
-3946.85179002697
-3946.72510731323
-3946.69152402552
-3946.59612742923
-3946.56008985064
-3946.09714013024
-3945.94705986491
-3946.53271485082
-3946.87946618318
-3946.75656981509
-3946.70145209246
-3946.58729572044
-3946.67354276559
-3946.03453349975
-3945.76996943931
-3946.35246897309
-3946.50036475748
-3946.67603798752
-3946.7238763832
-3946.7137806275
-3946.56590432713
-3945.97136268663
-3945.88838261464
-3946.50859071842
-3946.62980313391
-3946.71007322035
-3946.72878003369
-3946.7549772398
-3946.65972850907
-3945.98600549151
-3945.90903557545
-3946.53684957513
-3946.47725068728
-3946.78446255738
-3946.85051200677
-3946.86921146967
-3946.55448745029
-3945.85375259973
-3945.99706099411
-3946.4559990576
-3946.59649755041
-3946.52856489936
-3946.82389960633
-3946.79478491515
-3946.60165730199
-3945.94662631272
-3945.93351383544
-3946.52188191432
-3946.56521538187
-3946.67147269832
-3946.97147754566
-3946.75001488664
-3946.74131933399
-3946.33567872906
-3945.98670154228
-3946.45756051876
-3946.41652637731
-3945.0777785094
-3946.5773559965
-3946.53455179183
-3946.75556931767
-3945.93740434752
-3945.9744206424
-3946.64594773366
-3946.62570563735
-3946.77276938941
-3946.83562568254
-3946.7672298271
-3946.52868395113
-3945.9458648786
-3945.93508732643
-3946.43640905397
-3946.55764941861
-3946.64586459935
-3946.59240420323
-3946.55761730344
-3946.67972835827
-3946.0887046596
-3945.92113736413
-3946.95407445081
-3946.92761751339
-3946.73597127023
-3946.67457928593
-3946.6287306844
-3946.49566240153
-3946.00610418143
-3946.25314537813
-3946.8427414077
-3946.85380306731
-3946.72646611095
-3946.70324103665
-3946.58550844824
-3946.60717686722
-3946.02830503625
-3946.33438003835
-3946.87567833814
-3946.83358683838
-3946.71418372902
-3946.67886167833
-3946.6210155896
-3946.62359283562
-3946.02203995877
-3946.50954681629
-3946.88269764122
-3946.77617823974
-3946.71329014734
-3946.67760552987
-3946.64200676702
-3946.65561802786
-3945.94716562407
