# vacant energies
-4124.70041057764
-4125.67954044376
-4124.66508470173
-4126.57457893823
-4126.54387466728
-4124.94085423944
-4125.51011328463
-4124.84797512852
-4124.64736083508
-4125.51803293554
-4124.71943221042
-4125.64383399487
-4124.6928211522
-4125.34606381978
-4125.68584207509
-4125.86029829395
-4124.75691701048
-4124.86100559694
-4124.75192940173
-4124.71404400434
-4125.50133052597
-4125.68993356346
-4124.9287469864
-4124.62105851975
-4124.98026141771
-4125.98462423108
-4126.10632928011
-4125.68054976608
-4124.98844736497
-4125.04539952912
-4125.81706117335
-4124.52956905668
-4124.86358638891
-4124.6588342799
-4125.29192725913
-4124.8083221731
-4125.85821124183
-4125.49510878137
-4124.8162980122
-4124.51302810855
-4125.80685599596
-4124.85230002073
-4125.97789093818
-4126.13198714892
-4125.89005762212
-4125.85710837942
-4124.69794375564
-4124.56379525344
-4124.5539454516
-4126.00675687272
-4125.87636737499
-4126.24367033293
-4126.16186997354
-4125.88425672642
-4125.17203052546
-4124.97847163561
-4125.94976324835
-4124.8702427011
-4125.89231013956
-4124.78844824999
-4124.959682119
-4125.55774732982
-4124.74035192103
-4124.74495976088
-4124.96563363583
-4125.6896518266
-4124.55904193424
-4125.01737066554
-4126.13110902495
-4124.84504122753
-4125.99256734675
-4125.88290163698
-4124.72451689293
-4125.94497610135
-4126.11336803788
-4124.88305899583
-4125.4817068386
-4125.19266689566
-4125.04276801711
-4124.61055648939
-4124.80535030668
-4124.80771989607
-4125.880539338
-4125.46330719322
-4124.74076305227
-4125.65050371774
-4126.16839305199
-4124.55812480336
-4124.63049938261
-4125.38691646254
-4124.91919278459
-4125.91496182105
-4124.89357124679
-4124.76914995392
-4125.67129792593
-4124.72361359413
-4124.93338584461
-4124.86857292601
-4125.93548116265
-4124.77644207362
-4124.73560612267
-4125.77706282032
-4125.51337906637
-4124.6102331316
-4124.7394007177
-4125.61867513665
-4125.40997721497
-4125.03708440853
-4125.00603016238
-4124.92708743542
-4125.22384421798
-4125.18950921496
-4124.83744342514
-4125.12746842834
-4124.90681457598
-4124.82446105598
-4125.98007844017
-4126.02076473369
-4124.77451697664
-4124.68782410079
-4124.57377722342
-4125.72049483942
-4124.96835006083
-4125.53141442161
-4125.66170842136
-4125.38789721265
-4124.86541794905
-4125.66722486141
-4124.58959429635
-4125.35334325746
-4124.59239282823
-4125.47878655717
-4124.54404377009
-4125.6028352506
-4124.58158867671
-4125.5225357028
-4124.56595713453
-4125.45230663088
-4124.69073552676
-4125.1001316783
-4124.46598359251
-4125.10764593113
-4124.61829218515
-4124.93047989633
-4124.55369268003
-4125.72052417385
-4124.74388060696
-4125.77156076061
-4124.6555938672
-4125.58642067043
-4124.85358601595
-4124.9566784366
-4124.55143489378
-4125.47710544259
-4124.70246237116
-4124.81001973379
-4124.67553542025
-4124.74122217614
-4124.88662694099
-4125.06567331377
-4125.11856145201
-4125.60532376751
-4124.74752816603
-4125.92072130232
-4124.82919768801
-4124.51084908566
-4125.72556867836
-4124.56918064923
-4124.64380925703
-4125.48515467204
-4124.79628109023
-4124.53676286961
-4125.85409054324
-4124.56123077252
-4125.36124441384
-4124.75253385952
-4125.959989159
-4125.92550220136
-4126.03002258869
-4124.91171483119
-4124.81449722319
-4124.76347547005
-4125.91112420041
-4124.46139469409
-4124.63146703709
-4125.82922740281
-4124.76118204667
-4124.80510953417
-4125.78617952075
-4124.71789464617
-4125.37245794195
-4124.49683804731
-4124.91464213594
-4125.75417602565
-4125.60289639707
-4124.98173903228
-4125.10690205343
-4126.06494475189
-4125.58427998516
-4124.60108019943
-4124.65438337284
-4125.62364683145
-4126.17452430102
-4125.82287732551
-4125.72535992442
-4124.77380339414
-4125.71644343134
-4124.64873375637
-4124.75439355413
-4125.54071183255
-4124.90238827245
-4125.77716083129
-4125.90261487837
-4126.15175375587
-4126.13222670526
-4126.0115950047
-4124.53566450114
-4125.62091622686
-4124.66675064947
-4125.39492136832
-4124.97399553933
-4125.60180195004
-4125.5526967746
-4124.72888515994
-4124.84737155699
-4125.65116606102
-4124.68087746085
-4125.65733556335
-4125.85223112194
-4125.96194604064
-4125.88574018776
-4124.59838900858
-4124.49936413658
-4125.59654915924
-4124.70176620785
-4124.6826894515
-4124.81965034224
-4124.93146244447
-4125.70549559188
-4125.16172523961
-4124.59762284006
-4125.56568236639
-4125.86497787319
-4125.61462716926
-4124.67880077035
-4125.36800709545
-4124.63588024979
-4125.24397010833
-4124.5456924376
-4125.72194396339
-4124.69462165764
-4125.72940031537
-4124.84083723437
-4124.9522750181
-4124.58617191296
-4125.86908946466
-4124.51769380051
-4125.04773897384
-4124.73584609992
-4125.57013119386
-4124.37786434709
-4126.050562535
-4124.82153812579
-4125.98076240023
-4124.47935550861
-4124.84489595059
-4124.7921816667
-4124.70103688195
-4124.73045981112
-4126.11963243128
-4125.61026728296
-4124.77517166451
-4124.51441480668
-4124.80898016539
-4124.45157250694
-4124.97669565445
-4124.85805353347
-4124.74234532527
-4124.92131945266
-4124.82373815586
-4124.77770318658
-4125.71562453993
-4124.88433054363
-4125.08292627188
-4126.1684034928
-4124.77936121287
-4125.61705574387
-4124.5884428494
-4124.55270546031
-4125.76673672685
-4125.72046599908
-4124.55657670634
-4125.08281406194
-4124.50997170422
-4125.38415641431
-4124.65518251696
-4124.56847238153
-4125.74423330372
-4125.75623730509
-4125.02953366472
-4125.22747467769
-4124.67680005211
-4125.56675338089
-4124.4927945449
-4124.52142994239
-4125.57860852689
-4125.89245274172
-4124.77583210295
-4125.64029074181
-4126.0261329265
-4125.75032165747
-4124.74995050388
-4124.47086492227
-4125.17078377916
-4124.79854673591
-4124.97202575255
-4125.45939039264
-4125.93299797794
-4125.62405597727
-4124.82764934336
-4124.52820458911
-4125.57307798174
-4124.68368270536
-4125.30172259751
-4124.7924476249
-4125.27283365985
-4125.53412654183
-4125.81958737242
-4124.46044064762
-4125.16812495951
-4124.73498587819
-4125.90037588296
-4124.85354537194
-4124.65181826473
-4124.74906626293
-4125.67993701509
-4124.52972080466
-4125.03063429287
-4124.59622568103
-4124.92460836266
-4124.64080374956
-4125.947374173
-4124.7725413046
-4125.23975734362
-4124.57890607838
-4124.71485995279
-4124.86089143134
-4125.79498268752
-4125.65984562027
-4124.70883814304
-4124.8096546088
-4124.78034691757
-4124.5329156092
-4125.44522677276
-4124.83170213832
-4125.42319274512
-4125.25921400087
-4124.55568922892
-4124.78647631199
-4124.64447471867
-4124.68157780564
-4124.80936351871
-4124.66662136469
-4125.63951853525
-4124.98689047596
-4124.61512032461
-4125.12199151158
-4124.81220018874
-4124.63553677936
-4125.54090009168
-4125.72929220127
-4125.8193324607
-4124.88256070535
-4124.61083081124
-4125.02982525227
-4124.62087924984
-4124.63891372912
-4125.645252393
-4124.52610005427
-4125.92591283293
-4125.05805826986
-4124.69804591919
-4125.7915504109
-4126.02342919125
-4125.940503401
-4124.49823653137
-4125.31088765353
-4124.82342214102
-4125.36177138247
-4124.83731268962
-4126.11963243128
-4124.63896855077
-4124.7582277335
-4124.83898803677
-4124.73298937326
-4126.5518677218
-4125.40476543866
-4124.80405957542
-4125.87648393613
-4124.66043385347
-4125.41927099358
-4124.96118683775
-4125.53256194718
-4125.32297883443
-4126.07505249772
-4125.94306098155
-4125.03568756897
-4124.66340764103
-4124.60578749957
-4125.3540511057
-4124.59999847411
-4124.69354137846
-4124.91985624621
-4125.85475438292
-4125.59776754025
-4124.63852975653
-4124.59659425876
-4126.0201122915
-4126.19778309525
-4125.74166639863
-4124.85023893454
-4125.605849142
-4125.72755811288
-4124.56406566523
-4125.95900943919
-4125.61011928902
-4124.83921728239
-4124.62332676966
-4124.77869004488
-4125.09559034754
-4125.81174562149
-4124.60973968256
-4124.56147104975
-4125.53906731452
-4124.80354078226
-4125.48425699044
-4125.72347595515
-4124.77161398768
-4125.67346716826
-4124.72208723618
-4124.69991999916
-4125.84392589326
-4124.73729144151
-4124.62541189612
-4124.86821068416
-4126.26950034538
-4125.86561815227
-4125.08476530282
-4124.40953039967
-4125.5673693908
-4124.84482563436
-4124.89355799939
-4126.25237654675
-4124.95198528882
-4124.77752208018
-4125.73308141938
-4124.60077702293
-4125.66584189351
-4125.11863575239
-4125.18814442233
-4125.55503894719
-4126.0218240259
-4124.92964657585
-4124.83091316312
-4124.59987837558
-4124.98283781265
-4125.02690523545
-4125.02160496621
-4125.70318810301
-4125.99063312415
-4125.37241025043
-4124.57429684484
-4125.07807366078
-4126.05259049808
-4125.65619890595
-4125.1272683879
-4124.90517688924
-4124.89809206017
-4126.03367620828
-4124.70877927166
-4125.35827540015
-4125.82958604601
-4125.80718721215
-4124.91440055647
-4125.63966320985
-4125.21830290808
-4125.10246398006
-4124.88622422883
-4125.92043234607
-4125.89572682701
-4124.88391042095
-4125.24900941233
-4125.19548964516
-4125.69957529446
-4125.6202203949
-4124.70791677226
-4126.21533310404
-4124.83595468967
-4124.99122701863
-4124.52613925506
-4125.6656463445
-4124.79278019711
-4125.53634455587
-4124.63851949057
-4124.74570450171
-4125.38610644574
-4125.67716077743
-4125.40170341532
-4126.19910528609
-4125.16930913555
-4125.85554469259
-4124.71892644766
-4125.54356528207
-4124.70082709444
-4125.82429917895
-4124.71146835928
-4125.36385384726
-4124.5952735626
-4125.61466625137
-4125.62026734468
-4124.68015578463
-4125.71255914829
-4124.88245290179
-4124.97074814852
-4126.06140173266
-4125.8058648064
-4125.71624290033
-4125.53024648324
-4125.15424123959
-4124.49996451306
-4125.52262619858
-4124.61372709487
-4125.30877263506
-4125.65008927374
-4125.38572189976
-4125.83177664351
-4125.83354234103
-4124.65165240767
-4125.53396953382
-4125.66943393218
-4124.742902379
-4126.00263626069
-4124.72360524297
-4126.28733264448
-4125.34229658468
-4124.67304064473
-4125.42073132724
-4124.71199161696
-4124.66691577151
-4125.27819892623
-4124.78626840183
-4125.39439231206
-4125.02767943182
-4124.64012396237
-4125.70180464356
-4124.6291101344
-4125.47353926239
-4124.70219475681
-4124.92648599018
-4125.01440098155
-4124.94448259292
-4124.4932697331
-4125.05019176516
-4125.67354712795
-4124.8488158486
-4125.73515353586
-4125.23713998104
-4124.91077416118
-4125.43129820199
-4124.43483251964
-4125.35488868266
-4124.51189059332
-4125.67112852515
-4124.64688515358
-4124.71903331875
-4125.93524792642
-4125.09853058256
-4124.75572145816
-4125.44943531209
-4124.60452218877
-4125.97033351622
-4124.87622844332
-4125.88419805016
-4125.49131157176
-4125.37771651849
-4124.80577739454
-4125.58065675547
-4125.15220804763
-4125.52132954845
-4124.88498692671
-4124.77582347278
-4125.51621396545
-4125.55270945838
-4124.7405369122
-4125.68863802001
-4125.76070043224
-4125.62342354123
-4125.98309495762
-4124.94273527165
-4125.58681044192
-4125.12372021423
-4124.94653271885
-4124.6571567138
-4126.18512415181
-4125.03376130544
-4125.75126732032
-4124.81976360858
-4124.81632386303
-4125.41002967746
-4125.80983409374
-4124.84729715875
-4125.83183072988
-4124.82426723221
-4125.81200987876
-4126.04821655668
-4125.59722841643
-4124.87645963668
-4125.84547608806
-4124.87011800461
-4125.51984004798
-4124.54445827979
-4125.83745403282
-4126.14369050385
-4125.43605842196
-4125.30864137934
-4124.79552289514
-4125.9205429429
-4126.01095260229
-4124.96377613505
-4124.73372653342
-4125.66875512121
-4124.83922267551
-4125.64289575391
-4125.61769557872
-4124.69179875556
-4125.43223863665
-4124.82790470438
-4125.68485044349
-4124.68013757314
-4125.35390629897
-4124.61275918603
-4125.77878942782
-4124.71348209041
-4126.07910787439
-4124.76503242112
-4125.77882479489
-4124.5534823073
-4125.55818087008
-4124.6732496588
-4124.8470592906
-4124.76971290427
-4124.88197898541
-4125.87542313726
-4125.85439358547
-4124.74784495952
-4125.35839926238
-4125.82182961075
-4124.75125040506
-4124.9794592619
-4124.85219941055
-4125.90512933493
-4124.93661481138
-4125.05125881617
-4125.56279777936
-4125.90552135619
-4125.92944965769
-4125.855940349
-4124.9638235
-4124.94525628383
-4126.05496448934
-4124.64870791455
-4125.82649410894
-4125.26568515967
-4124.57042396585
-4125.43272883896
-4124.62695148036
-4125.73624691679
-4124.60873794787
-4125.9481652927
-4125.21274067215
-4124.96176263862
-4125.86858456861
-4125.79069573928
-4125.14451339754
-4125.70048884124
-4124.50065459049
-4125.94237561054
-4125.90998718542
-4125.49172889163
-4124.66728642235
-4125.47564057652
-4125.74803170618
-4125.60740933135
-4124.85860692456
-4125.48058662532
-4126.12109345829
-4125.33299425504
-4125.11591760194
-4125.93186271697
-4125.84846253155
-4125.57744752961
-4126.02135680183
-4126.29283418276
-4125.55611725157
-4125.59672887566
-4124.73714139892
-4125.12586939579
-4124.6291555417
-4125.56843361261
-4125.62991536285
-4125.93524792642
-4126.13548481963
-4125.33912091818
-4125.36284382783
-4124.82714417508
-4125.98150404199
-4124.81664315259
-4126.03582646971
-4124.73843083857
-4125.65770431424
-4125.53816498998
-4125.27922552206
-4124.73127846501
-4124.93168019027
-4125.55608836953
-4126.18512415573
-4124.95532209867
-4125.9262342631
-4124.73532119398
-4124.58700122142
-4125.59668954911
-4124.750392341
-4124.95289882069
-4124.91635604953
-4126.20978957496
-4125.72267888665
-4125.80877452091
-4125.7789482954
-4124.76920248226
-4125.80453512024
-4124.82865870505
-4124.74886721105
-4126.04224581615
-4125.96271318306
-4124.80020956472
-4124.84819594558
-4125.62200605716
-4124.57133385209
-4125.77678038669
-4124.63271990639
-4126.10742685143
-4125.74449371644
-4124.93764364367
-4125.49076307707
-4124.50826724787
-4125.72610849843
-4124.65701486668
-4125.64074508635
-4124.62622544913
-4125.70177473439
-4124.85748097058
-4125.8144672669
-4124.77298244494
-4124.63824302586
-4125.68994005152
-4124.80720326519
-4125.93965380393
-4125.56966930011
-4125.84475581825
-4124.68484691242
-4125.4692703744
-4124.54108427133
-4125.82442304875
-4126.16771427763
-4124.78071565062
-4125.62444337362
-4125.74057972029
-4124.6818626007
-4125.40242745916
-4124.72168784478
-4125.99378644509
-4126.19655878844
-4125.08966929354
-4124.77628155543
-4125.97864473625
-4124.64933595732
-4125.96578090362
-4126.10991402369
-4126.04291976423
-4124.88430039186
-4124.68710900455
-4125.41493659503
-4125.77763050455
-4125.94325048133
-4125.69277217753
-4124.54942584958
-4126.10507638468
-4124.64967653066
-4125.71901736594
-4125.77574100105
-4125.78712450369
-4124.81805400421
-4124.72932555374
-4126.13246734475
-4125.86857979928
-4125.67685767356
-4125.91969737276
-4125.50959441252
-4125.2207732673
-4124.68795866382
-4124.92627333449
-4124.72374811349
-4125.48086520546
-4125.67529014221
-4124.6832418891
-4125.39823178591
-4125.64151300081
-4126.48986385065
-4125.60199304397
-4124.56561378138
-4124.63478651063
-4126.28747545671
-4124.56593335548
-4125.25750712418
-4125.8829955128
-4125.77841600265
-4125.3507696327
-4124.78686101702
-4124.60910812129
-4125.33239638976
-4124.53023520472
-4125.36687545738
-4124.93677384909
-4126.11795347745
-4124.87658439792
-4126.14086624702
-4126.28747545671
-4124.79328709537
-4124.65426570048
-4125.48459475632
-4126.27935697654
-4124.67704466331
-4124.62836059547
-4125.27767938444
-4124.89514809377
-4124.77525141518
-4124.67054042687
-4125.64253013418
-4125.61026761353
-4124.92912791262
-4125.87522564359
-4124.7245044076
-4125.69577053688
-4124.85783319337
-4124.81571199816
-4125.4399016604
-4124.65218228955
-4125.85207991218
-4125.14341879347
-4124.89795471622
-4125.38117794532
-4124.5899425907
-4125.8432536687
-4124.9216362107
-4125.16177986375
-4124.62608175127
-4125.47605266084
-4124.45667560784
-4125.49361840582
-4125.87497859837
-4124.8190215988
-4125.74647365455
-4126.0848312028
-4125.823770206
-4125.5286564363
-4124.75161512127
-4125.4537949858
-4124.93863457042
-4124.87680787041
-4125.80303468983
-4125.53735580665
-4124.5457354073
-4125.42364305141
-4124.5127360801
-4125.45333220174
-4124.83578168469
-4124.7093168373
-4125.51341735438
-4125.61808115339
-4124.68714438413
-4125.61428259451
-4124.63673150107
-4125.82683422969
-4126.17257582632
-4126.05096225613
-4125.89218929614
-4125.76968544541
-4124.52784581214
-4125.70387966121
-4124.55285392017
-4125.70444106421
-4126.36126051951
-4124.74335289589
-4125.5236856212
-4125.37227017331
-4124.54331931343
-4125.44332262296
-4124.62941798322
-4125.35890705611
-4124.45040792707
-4125.52584553355
-4124.69630318708
-4125.27726925286
-4124.6627750268
-4125.75267238631
-4124.6240768874
-4126.01505025921
-4124.85380497444
-4125.96917397803
-4124.86804071366
-4125.49433623143
-4124.59760793621
-4125.39240762204
-4124.89251515434
-4126.3612605195
-4124.69777239095
-4124.67603319243
-4125.07513757625
-4125.68613096236
-4124.84361423587
-4125.18132531386
-4124.82151481547
-4125.65127767397
-4125.8500771216
-4124.90372196863
-4125.36446379909
-4125.1066295115
-4124.80486000401
-4124.86131455549
-4124.84942291153
-4124.6280341449
-4124.90610390745
-4125.38116779114
-4124.73226054728
-4125.57977863684
-4125.57366831003
-4124.82612899513
-4124.89420496231
-4125.3568581449
-4125.75527651382
-4124.53086977486
-4125.43215954784
-4126.1131645066
-4124.69048668397
-4124.95279420231
-4125.11578806068
-4125.16062532234
-4125.71639235068
-4124.58847985663
-4125.38839833572
-4125.49655805542
-4124.77754499953
-4124.67848126465
-4125.95351546318
-4124.76976718988
-4125.89748873367
-4124.57753706343
-4125.63431161608
-4125.34295595473
-4125.11611857209
-4125.38719540024
-4124.80920242352
-4125.53712727733
-4124.89630706043
-4124.84704092532
-4125.2031415938
-4124.78840739455
-4124.71507982815
-4125.5339517688
-4124.81626429431
-4125.82087801762
-4124.52527149725
-4125.88625228795
-4124.88403591057
-4125.78772458404
-4124.47925246289
-4125.68344266001
-4124.70005301441
-4126.03136451825
-4124.67774657204
-4125.82884101831
-4125.99545733725
-4125.10041119529
-4124.83082633792
-4125.01238721519
-4125.79916781575
-4125.47992889615
-4124.8124344307
-4125.4673103698
-4124.64815086418
-4125.75017841947
-4124.80118448415
-4125.42776011453
-4125.7355877623
-4125.61127498735
-4124.85297046771
-4125.54555962632
-4126.00691479753
-4125.88736719368
-4124.62093247782
-4125.67513391996
-4124.96069992432
-4125.03587308464
-4125.47751648314
-4124.85834318279
-4125.9059436837
-4125.07490259671
-4124.53418049764
-4124.84402590913
-4125.86876479915
-4124.91695448347
-4124.98176292732
-4125.01842219996
-4125.07410162848
