# vacant energies
-4019.37525713047
-4020.06659917109
-4019.2256790482
-4019.2740064442
-4020.1227243317
-4019.40582390757
-4019.23365584613
-4019.08346475348
-4018.94635884988
-4018.84176874337
-4019.01811530694
-4019.26474933726
-4019.16572995409
-4019.14601459541
-4019.4287413236
-4019.47671125598
-4019.27340325723
-4018.93333952422
-4019.604984479
-4019.16215192914
-4019.42799147363
-4019.06431616083
-4019.29330346216
-4019.09278787573
-4018.94975054825
-4019.09700232852
-4020.02911063567
-4020.22181307933
-4019.3159338982
-4019.02945864832
-4019.14724550532
-4019.40950505332
-4019.35746273181
-4018.92097426721
-4018.8404882342
-4019.21605994585
-4018.85246797815
-4019.38424964223
-4018.90896322891
-4019.40576777744
-4019.26073977915
-4019.21175277388
-4019.77249346177
-4019.54499726988
-4019.7579548603
-4019.06215317164
-4019.46148812505
-4019.30087158322
-4019.36174366698
-4019.19175964546
-4019.19430955173
-4018.81774073792
-4018.95512103943
-4019.75142879567
-4019.44424300816
-4019.19550169296
-4018.98485405163
-4018.8423045717
-4019.13233565183
-4019.40186826902
-4019.08376343102
-4019.17560397622
-4019.02594679357
-4019.27129224449
-4019.4567167381
-4019.00479238281
-4019.238462482
-4019.02091689085
-4019.13112795967
-4019.24607346275
-4020.14102149744
-4019.1484559773
-4019.12456801782
-4019.20245913873
-4018.90983568907
-4018.9152090402
-4019.60534581948
-4019.67359318551
-4019.50679838502
-4019.36840622129
-4019.47915496424
-4019.10136907314
-4018.99280893518
-4019.07573781406
-4018.95967565288
-4019.12424222508
-4019.40283243073
-4019.27712742534
-4019.13782004787
-4019.67940946357
-4018.97768407662
-4018.94957706379
-4019.00306447058
-4018.98716174166
-4019.24569142318
-4019.08152833125
-4019.5176869139
-4019.04822765409
-4019.07599217138
-4018.91745132796
-4019.08599945594
-4019.31196953916
-4019.28476367596
-4019.2373410484
-4019.25947053635
-4019.40865424316
-4019.46912357185
-4019.51023446036
-4019.23612147984
-4019.41623299076
-4019.0548081715
-4019.28691114113
-4019.19488007765
-4019.69878236363
-4019.69878231979
-4019.53115429547
-4019.32597101834
-4019.79518938852
-4019.4978447206
-4019.29131986994
-4019.18133552491
-4018.93817326204
-4019.47328896535
-4019.17426468916
-4019.1843856449
-4019.23690459853
-4019.40047508483
-4019.97431208133
-4019.06659136318
-4019.16480978966
-4019.09472508464
-4019.77326003795
-4019.82541846305
-4020.37007076489
-4019.49625224399
-4020.19593314093
-4019.06858072537
-4019.13369948885
-4019.09580345369
-4019.15800657627
-4019.03012329537
-4019.47846991719
-4019.28991369061
-4019.46785271769
-4019.06874523643
-4019.02825945795
-4019.0487366115
-4019.15687031811
-4019.77825015771
-4019.29142119758
-4019.2600284476
-4019.42526675622
-4018.87781046129
-4019.2647788644
-4018.99647075408
-4019.36081081178
-4019.22006092534
-4019.38508087923
-4019.4583972275
-4019.26268740352
-4019.01791398966
-4019.83084551073
-4019.04354122251
-4019.30886041207
-4018.88863870687
-4019.07718317974
-4019.06608312803
-4019.18331369909
-4019.29882024942
-4019.2235505009
-4019.34175677516
-4018.71459226785
-4019.2698410197
-4018.85129883553
-4019.67945900125
-4019.0721250406
-4019.20746451611
-4019.23564505815
-4020.1210384151
-4019.08601018363
-4019.22740524306
-4019.19687261358
-4019.53917401843
-4019.29443418443
-4019.20518185371
-4019.33472046433
-4018.79929714303
-4019.12202956991
-4018.95204143734
-4018.926197737
-4019.35721858432
-4019.14563501373
-4019.05662890378
-4019.30030128768
-4018.95627997919
-4019.37695588887
-4019.32496757668
-4019.18041786833
-4019.44334814043
-4019.14232434472
-4019.36352087542
-4019.07827491952
-4019.16568940653
-4018.98346726886
-4018.93082344834
-4019.1459580049
-4019.41686561374
-4019.30347101055
-4019.22983096654
-4020.20231720472
-4019.08885652629
-4019.03630982332
-4019.33967222621
-4019.16141765375
-4019.28982137446
-4019.37973459916
-4019.27561811435
-4019.46219371366
-4019.55730922501
-4018.94609471538
-4019.24003141984
-4018.98282049137
-4019.52663313218
-4019.11120482554
-4019.12483615271
-4019.63570633403
-4019.33354463833
-4019.44225828503
-4019.5892689138
-4018.99187216236
-4019.4537940239
-4019.26588125749
-4019.1822939824
-4019.34258961936
-4019.18527552501
-4019.2048883951
-4019.02321589015
-4019.37916763889
-4019.37517395328
-4019.32918505038
-4019.20886409935
-4019.13933275143
-4019.02959953922
-4019.66391627943
-4019.30186543609
-4019.62955832864
-4019.01488531236
-4019.51940624317
-4019.20914588618
-4019.49932820763
-4019.15022343309
-4019.07010098712
-4019.204529085
-4019.11076676086
-4019.49938117412
-4019.1273568912
-4019.17789705221
-4019.18542477924
-4019.14578665781
-4019.18258066504
-4019.01789519124
-4019.58497945277
-4019.47914876138
-4020.13306794752
-4019.21049368011
-4019.00470258188
-4018.70975216723
-4019.44016962779
-4019.28090549664
-4019.50142292835
-4019.0373497093
-4019.28582191585
-4019.07962676672
-4019.29199640599
-4018.97451582543
-4019.01669162124
-4019.44618050049
-4019.17645830833
-4019.33186020128
-4019.17452971699
-4018.92588585384
-4019.25268433267
-4019.23372084003
-4019.27173366996
-4019.71630599518
-4019.36819198688
-4019.21390573318
-4019.25740758147
-4019.27034159268
-4019.28401903301
-4018.93887871049
-4018.9380559913
-4018.7490268726
-4019.19244527946
-4019.72567896848
-4018.93487462489
-4019.4820362171
-4019.3114396114
-4018.95513238249
-4018.946751371
-4019.32642249076
-4019.3831553843
-4019.71627719777
-4018.99323287024
-4019.34733440991
-4019.14408857252
-4019.07003636394
-4018.86091568787
-4018.97160723772
-4018.98261127043
-4019.2916863922
-4019.13536803263
-4020.24552930952
-4019.25632587946
-4019.04618367032
-4019.10890399784
-4018.90370240397
-4018.70865006116
-4019.03255273002
-4019.29532728697
-4019.3194394265
-4019.62437736441
-4019.10343346327
-4019.00282158887
-4019.02011085849
-4018.92285709021
-4019.5823918604
-4019.14012790671
-4019.47366080525
-4019.6576115376
-4019.03314073756
-4018.95147614063
-4018.90872336473
-4019.0031535177
-4018.81360157662
-4020.93299748616
-4019.33782275292
-4019.68968756287
-4019.3155987545
-4019.17650251953
-4018.80906368986
-4019.21159648328
-4018.91741318236
-4019.15519244059
-4019.31400643258
-4019.03791762551
-4019.37192147503
-4019.16339898323
-4018.84889407019
-4018.66213354045
-4018.86049719691
-4019.2196901109
-4019.28714641456
-4019.24311190348
-4019.20901817329
-4019.07709570365
-4019.12653585455
-4019.41460075485
-4019.53580286313
-4019.08472309815
-4019.27341062373
-4019.24657587397
-4018.81047946715
-4019.16273585084
-4019.01187982626
-4019.24097570869
-4018.91233964535
-4019.20376416328
-4019.19058026366
-4019.28309686731
-4018.9638867384
-4019.01000058624
-4019.1262639672
-4019.36130749697
-4019.37802064134
-4019.23535312928
-4019.22739784098
-4019.09117026772
-4019.1023748709
-4018.94224580052
-4019.51800630491
-4019.29452168158
-4019.42609401093
-4019.25748694276
-4019.27104396494
-4019.14832394659
-4019.24727919095
-4019.58552209324
-4019.57748413873
-4018.9828282079
-4019.4423432277
-4019.18020551991
-4019.12502956492
-4019.09527633983
-4019.10510161134
-4019.28946294677
-4019.37671967783
-4018.792202293
-4019.37605419656
-4019.23421097323
-4019.04594197056
-4019.6533112263
-4019.2395723214
-4019.50277290389
-4019.40878749473
-4019.2190913892
-4019.4334887144
-4019.46356436419
-4019.24780120069
-4019.72805549067
-4019.22942063022
-4019.58534937008
-4019.2682639917
-4018.96249269622
-4019.1281414283
-4019.32377796461
-4019.40122881865
-4019.12381013061
-4019.2134555645
-4019.23852319695
-4019.11600165093
-4019.26213416018
-4019.61692433733
-4019.20627062157
-4019.27676848505
-4019.81010523877
-4019.52980217278
-4018.82863976735
-4019.34219576335
-4019.02735999121
-4019.54640357678
-4019.19475390744
-4019.36948443179
-4019.25642486137
-4018.91895329659
-4019.06938342424
-4019.45828111825
-4018.95900769204
-4020.18308095955
-4018.95892690817
-4019.30431744918
-4019.80547334951
-4018.97364944879
-4018.94381121321
-4018.98354306713
-4019.3338709442
-4019.25660080712
-4019.45004001973
-4019.07358147294
-4019.97172485044
-4019.37156544447
-4019.0553666788
-4018.87370163351
-4018.91398560196
-4018.72329423529
-4019.02029366503
-4019.33428760488
-4019.63477766311
-4019.36003853688
-4018.95278271154
-4018.83778744201
-4018.80118421039
-4019.23193145403
-4019.27822551016
-4019.01492990018
-4019.6393177588
-4019.28428224339
-4019.46408933339
-4018.80385123573
-4019.23134319517
-4019.12307326798
-4019.24611160741
-4020.38864536289
-4019.48717115401
-4019.41178449348
-4018.83795814542
-4019.14204420974
-4018.94818719366
-4018.9800987943
-4019.1391619206
-4019.40568621319
-4019.15057650509
-4019.51738608854
-4019.10543993799
-4019.74147154013
-4018.73098306808
-4019.63887307555
-4018.91628154445
-4019.89892586835
-4019.52240999988
-4019.3342939119
-4020.16229217453
-4018.91573001012
-4019.26152407893
-4019.25032661121
-4020.41349984576
-4019.20157212778
-4019.39223192032
-4018.9164331147
-4019.39554807115
-4019.07628538786
-4019.51178708655
-4019.86014226743
-4019.35473712809
-4019.48774827076
-4019.14070062731
-4019.37562008837
-4019.21503967123
-4019.68698133387
-4019.25069677528
-4019.76994589508
-4019.2931248884
-4020.07263057725
-4019.04382748229
-4020.33774678954
-4019.19749601126
-4020.75292750485
-4021.15313992475
-4020.91396334144
-4020.36283928692
-4019.9906996322
-4020.42501342209
-4020.19919314843
-4020.77450070874
-4020.90251267414
-4020.94468459199
-4020.97229971495
-4020.03505537913
-4020.0544479919
-4020.55799146471
-4020.50444781254
-4019.27788484944
-4021.19821179296
-4021.02932750355
-4020.87642613897
-4019.25557283272
-4020.11319876923
-4020.77364367857
-4020.42606747305
-4020.9336485661
-4021.03163845512
-4020.97217798892
-4020.72923163521
-4020.09575957518
-4020.20180322366
-4020.55328982777
-4020.88472422681
-4020.95484824535
-4021.08949395652
-4020.94595102211
-4020.92858059701
-4020.01363744073
-4020.19330351134
-4020.55043763104
-4020.65566842986
-4020.61671446533
-4021.01120741712
-4021.12226720657
-4020.74424864332
-4020.03416902258
-4020.0742504135
-4020.68717812326
-4020.94200341257
-4019.47194127251
-4020.64314568142
-4020.34136062161
-4020.98246700077
-4020.27478498985
-4020.18458747283
-4020.60290905634
-4019.13812011737
-4019.57096783631
-4020.61461054946
-4019.27129719228
-4020.79529495739
-4019.86853734397
-4020.51189076112
-4020.84723958227
-4020.06486449489
-4019.29666291224
-4019.16517615488
-4020.54572205306
-4020.58691930462
-4020.40834569822
-4020.15651092605
-4020.67587170472
-4020.45577960844
-4020.72692358717
-4020.43833640863
-4020.80335499544
-4020.66129793124
-4019.74090285556
-4020.40619247039
-4020.67319041521
-4020.74220405182
-4020.74850256391
-4020.38221740341
-4020.57227365282
-4019.1656453047
-4020.17137934926
-4020.10441987277
-4019.2887360109
-4020.65160284464
-4020.83853440284
-4020.82305867115
-4020.78675710876
-4020.52836070024
-4019.22206818819
-4020.93881981448
-4020.52332554571
-4019.35530348988
-4020.72231970816
-4020.88516208648
-4020.87176770601
-4020.8352736555
-4020.33025294893
-4020.13098100893
-4020.49666690287
-4020.71198723124
-4020.42348841999
-4019.31022357074
-4020.77988922645
-4020.79842196772
-4020.02557451598
-4020.36034847636
-4019.11643682375
-4020.92827079363
-4020.79793731739
-4021.03046049338
-4019.24074162575
-4020.82535167559
-4020.5232879175
-4020.24531768077
-4019.25776727903
-4020.26483146242
-4019.26652985038
-4020.6822142904
-4020.97987758909
-4020.91708704487
-4020.97229971495
-4019.44337321239
-4020.64126108532
-4020.40363960873
-4020.91657141042
-4020.9060650388
-4019.29631705033
-4020.65956011458
-4020.14859591434
-4020.41525380763
-4019.24013623341
-4020.59817830691
-4020.68692703513
-4020.68316254829
-4020.77545971139
-4020.84278028854
-4019.93344183773
-4020.54644789496
-4020.77992378875
-4020.74129230041
-4020.96091101259
-4021.03122600059
-4019.54542172378
-4020.41714183226
-4019.97509305399
-4020.41054725197
-4020.6581836536
-4020.60295358967
-4019.21312144212
-4019.43553536844
-4020.93277471795
-4019.29511801032
-4020.18102513316
-4020.28741209698
-4020.6413921627
-4020.75237880881
-4019.15885830586
-4020.67608887508
-4020.70989730236
-4020.76822025217
-4020.63870696496
-4021.07404650107
-4021.07404650107
-4020.82485047479
-4021.04280094516
-4021.02490400487
-4019.2750021395
-4020.9854231863
-4020.29687316669
-4020.07625740144
-4019.12767233999
-4020.44142663004
-4020.24129648533
-4019.23447841506
-4020.64167910111
-4020.71620984618
-4020.21602689575
-4020.40319541887
-4020.89542051513
-4020.71147982326
-4021.15541280607
-4021.15544795489
-4020.74998128531
-4020.77494582841
-4020.28674471744
-4020.5719700488
-4020.76556024695
-4020.6408822926
-4020.54515671879
-4019.18859875638
-4020.47489369721
-4020.38514037888
-4020.19046395689
-4020.89594168656
-4021.08603872152
-4020.88108320779
-4021.29683897636
-4019.33045080979
-4020.08003664491
-4020.62563184086
-4019.2658362163
-4020.16710762298
-4020.48740544223
-4020.77506419028
-4020.62029102361
-4020.94607820168
-4020.68632790703
-4020.70565892142
-4020.35234175509
-4020.75856405071
-4020.5682073764
-4020.68912888043
-4019.90330070933
-4019.34697092352
-4019.00353748785
-4020.36647548932
-4019.82929521149
-4020.15037313901
-4020.41309250987
-4019.34310712799
-4020.40582158545
-4020.71893784272
-4020.89915760936
-4020.81757213992
-4020.6099971597
-4020.28084535069
-4020.56238758247
-4019.34896987273
-4019.40725252185
-4020.60166956487
-4020.50188096494
-4020.68589564069
-4020.1709311122
-4020.36688173524
-4020.52241991426
-4019.42668851317
-4020.64715485079
-4019.23274678607
-4020.91507909889
-4020.80522829772
-4020.13254346307
-4020.12586177623
-4020.75520565237
-4020.67291867785
-4019.30802589665
-4020.74732353834
-4020.67905238059
-4020.85245085666
-4020.5488074635
-4020.30371843046
-4020.86845166902
-4020.87949885216
-4020.82854984162
-4020.76794745425
-4020.87824963132
-4020.49620033665
-4019.14658130495
-4020.52937870869
-4020.82966092278
-4020.92078929015
-4021.06804595313
-4020.77328048688
-4020.81662343542
-4020.53100515607
-4020.05974734587
-4020.36787181405
-4019.459415116
-4020.80102731665
-4020.70438833427
-4020.98285544281
-4019.14477804064
-4020.56306607564
-4019.30011232582
-4020.31827487336
-4020.80751324172
-4019.4246005675
-4019.18848636794
-4020.98682916672
-4020.76032478741
-4020.41373524719
-4019.32050384503
-4020.16170738688
-4020.96852314387
-4020.85643515308
-4020.97413882825
-4020.6635791483
-4020.67169711888
-4020.56658941071
-4020.4223091748
-4020.96701613231
-4019.45801953293
-4020.57993575403
-4019.58030231533
-4020.56667835201
-4020.62781720194
-4020.76738915086
-4020.44274196854
-4020.57136985644
-4021.02447835129
-4021.29088469102
-4021.15062116405
-4020.79267879532
-4020.7357699245
-4020.61172484109
-4020.53626180861
-4020.11385408296
-4020.86489340142
-4021.03584246419
-4020.73939656977
-4020.78170222349
-4020.51376493822
-4019.12925233081
-4020.3453727161
-4020.54506608053
-4021.05445966991
-4021.29683897637
-4020.7744679721
-4020.79975397971
-4020.31446097153
-4020.39639709879
-4019.86471460375
-4019.51586544927
-4019.51923512147
-4020.85341378201
-4020.73023796191
-4020.8885346081
-4020.62303981933
-4020.66224762312
-4020.22501139261
-4019.97339778275
-4021.09234152823
-4021.05689824019
-4021.06992136394
-4019.19526346124
-4019.17729710685
-4019.10391057491
-4020.22023366571
-4020.93298958702
-4020.87567879958
-4019.35366887286
-4020.58485999448
-4020.49901914074
-4020.21881481732
-4020.4579329802
-4019.14368828763
-4021.09260522972
-4020.75768950442
-4019.79604117142
-4019.53094419842
-4020.0015350913
-4019.91527271097
-4019.97183958368
-4020.07587177489
-4020.23897247404
-4020.85770210116
-4020.87333192339
-4019.35227049574
-4020.24046069201
-4019.13588076729
-4019.15552397151
-4020.11390406494
-4020.52299884405
-4020.8693148855
-4020.64167294235
-4020.72067426826
-4020.60720685512
-4019.24370988758
-4019.12969604822
-4019.98094387991
-4020.23745939835
-4020.78689708244
-4019.3430462993
-4020.91585621767
-4020.41528283908
-4020.71475958094
-4020.215738728
-4020.20793279733
-4020.35184883092
-4020.84184055542
-4021.09579757321
-4020.7357129742
-4020.90933448128
-4020.60709380219
-4020.78807688765
-4020.182515542
-4020.33166080578
-4020.6070416856
-4020.8253188167
-4019.30305182186
-4019.61732066319
-4020.80746530288
-4020.68854014374
-4020.28699013156
-4020.24951825231
-4020.86726026748
-4020.93019117216
-4020.96320023303
-4019.32585920562
-4020.54950408758
-4020.66063641204
-4019.47875807498
-4020.37898155076
-4020.84733675916
-4021.00987952542
-4021.19821179296
-4019.60811689118
-4020.94622095226
-4020.78298645476
-4020.2445026468
-4020.26316043413
-4019.42966202625
-4020.96320023303
-4019.35791525195
-4020.77397797994
-4020.88192272263
-4020.74281814676
-4020.34801047863
-4020.09600230974
-4020.7345162997
-4021.09932938747
-4021.08667980714
-4020.95991733513
-4020.94446776891
-4021.02710602842
-4020.73743424817
-4020.34967190632
-4020.67494418566
-4019.28214914813
-4020.55665125668
-4020.50616415382
-4020.69933845495
-4020.59739032031
-4020.19803143978
-4020.38548769459
-4020.39397916985
-4021.08667980714
-4019.35662132552
-4020.88955956495
-4020.72140939843
-4020.96583813627
-4020.60688391748
-4020.31686489694
-4020.75949007864
-4019.25172989973
-4020.53958452033
-4020.77501103556
-4020.57873159335
-4019.04104652387
-4020.28094805573
-4019.9109012794
-4020.6497652229
-4019.42755147351
-4019.20975517004
-4020.37988689282
-4020.57312910094
-4020.62940132282
-4019.32735207941
-4020.65634157009
-4021.16271562703
-4019.50927037281
-4020.70855197993
-4020.62738430959
-4019.1725678275
-4020.44226089034
-4019.19199191142
-4021.16280878936
-4019.3936035795
-4020.75753323674
-4020.92732689591
-4020.6328192451
-4020.63643459725
-4020.52691984422
-4020.3019514786
-4020.47752378958
-4019.22026974562
-4021.0710216696
-4020.84851755555
-4020.39070215055
-4020.5489652937
-4020.04875017598
-4019.29083986527
-4021.16271562703
-4020.93814561075
-4021.12539410742
-4021.13645780759
-4020.65054707642
-4020.77071057348
-4020.43044659051
-4020.70126935849
-4020.34218038113
-4020.9007475156
-4020.84729751536
-4021.03306314735
-4020.70741655864
-4020.72872862579
-4020.56779165115
-4020.21340514002
-4020.62570052869
-4020.72760527606
-4021.02459084932
-4020.87879979778
-4019.29158141549
-4021.03452666495
-4020.7970648301
-4020.29209070071
