# vacant energies
-4078.33098540078
-4079.54180411964
-4078.35365818471
-4078.91843367266
-4079.56709003775
-4079.03251712949
-4078.88510426707
-4079.78609328727
-4078.65986047928
-4078.72838339595
-4078.91089472914
-4079.33475108475
-4078.71117536477
-4078.68117500474
-4079.00001214695
-4078.93529783207
-4078.71895475434
-4078.42252875368
-4079.07677534294
-4078.45840460886
-4079.95317344185
-4079.05014195662
-4079.18491544443
-4079.47671196775
-4078.57856181415
-4078.95652249681
-4079.65643161935
-4079.89231953009
-4078.90420535921
-4078.6950252016
-4078.63004409893
-4078.76169000678
-4079.40878238501
-4078.97999327994
-4080.00205082733
-4078.67842785236
-4079.4031067009
-4079.16654263973
-4078.36394785136
-4078.61788046335
-4079.51524717012
-4079.18745738602
-4079.81054455927
-4079.5753432167
-4079.77091641186
-4078.83725448109
-4078.89010297431
-4079.91133358612
-4078.64003677247
-4079.04078339809
-4078.91514197023
-4079.00058432791
-4079.04563447662
-4079.2546677333
-4079.36245292835
-4079.64609718345
-4079.48155886261
-4078.66946975314
-4078.51316781642
-4079.27170424559
-4078.66176350333
-4078.59560129942
-4078.73074245351
-4078.88890171036
-4078.99431154877
-4078.98301974207
-4078.38718970131
-4078.75093545242
-4078.98877617506
-4078.5877200121
-4079.80228591732
-4078.75507790065
-4078.66604395989
-4079.05936876017
-4078.6924553566
-4079.23419392047
-4079.55022246228
-4080.05013005072
-4078.91700008212
-4078.79720500303
-4078.78793664606
-4078.63135584212
-4079.64044337956
-4079.48875403761
-4078.79627303923
-4078.77595855972
-4079.20909298641
-4078.77950508217
-4079.20615631123
-4079.34940263995
-4079.22059687414
-4079.76441880043
-4079.23415952006
-4078.65394015438
-4078.99587192853
-4078.81018342587
-4078.5661322657
-4078.65281453405
-4079.13732386144
-4079.73994713603
-4078.83329880644
-4079.06568317427
-4079.53321717773
-4078.55549611007
-4078.55474152194
-4079.11767090058
-4079.35240861309
-4079.1766848231
-4078.91404392124
-4079.0633285061
-4078.62389179046
-4078.9968444083
-4078.22359314377
-4079.05017481966
-4078.72765404273
-4078.84172761196
-4079.58340634864
-4079.49112487087
-4079.06230442118
-4078.91524430781
-4078.69143263002
-4079.20307912706
-4079.1299149819
-4079.12428994217
-4079.5776449198
-4079.82194057834
-4078.88275283769
-4079.98459314484
-4078.65907091734
-4078.98491966853
-4078.80989223454
-4079.53286918041
-4079.79232643282
-4079.49598487716
-4078.91598877622
-4080.3568977739
-4078.58894585266
-4079.11730310077
-4078.91660536523
-4078.54059371939
-4078.44661317027
-4079.45322911679
-4078.76400623622
-4078.90074637439
-4078.66513256819
-4079.18440844336
-4078.39109494281
-4079.85625477687
-4078.53255770901
-4079.29533553523
-4078.88660087495
-4079.23351216265
-4078.73222738109
-4079.38663362465
-4078.56808936067
-4078.66851885927
-4078.93468928061
-4078.53909573214
-4078.8385537177
-4078.64934018766
-4078.66273930711
-4079.4676924925
-4078.9555023709
-4078.94998630557
-4078.70575508047
-4078.58918714276
-4078.6444545291
-4078.65823090034
-4078.55993129148
-4078.71243164382
-4078.91732481802
-4078.8638984975
-4079.71153860135
-4078.63802327363
-4078.90976880285
-4078.55922168447
-4079.01403540231
-4078.83625287379
-4080.06503736324
-4079.43165562278
-4079.02888294989
-4079.02105015928
-4079.40569003749
-4078.56271829215
-4079.01960339146
-4079.07158900217
-4079.06384538223
-4079.24055494048
-4079.3080212075
-4078.71826741939
-4079.27615508028
-4078.47660155545
-4078.71030959543
-4079.77600626137
-4079.59825355063
-4078.96880565687
-4079.00641562622
-4078.63864262334
-4079.25243899504
-4078.68405185032
-4078.70509637629
-4079.3592001484
-4079.75448276965
-4079.43375061452
-4079.44291061197
-4079.0873847363
-4079.08181801709
-4078.76121674046
-4078.78995934711
-4079.98094709086
-4078.92097275573
-4080.0510404017
-4079.64995804997
-4078.70963644361
-4080.16660772247
-4079.99718742027
-4078.7333391445
-4078.81852433686
-4079.79880304105
-4079.71049340905
-4078.90049916879
-4079.33136827036
-4079.45299242309
-4078.71706568406
-4078.58522206539
-4079.34364788086
-4080.32986193062
-4080.10340643131
-4079.76217383124
-4078.67141665031
-4079.45459837792
-4078.60099859581
-4078.69738555397
-4078.98886662759
-4078.92363732792
-4078.74069237834
-4079.07813274203
-4079.17156633899
-4079.06369376856
-4078.862280064
-4078.59207204858
-4078.9699945459
-4079.45639594149
-4079.5121751096
-4078.98781910621
-4078.65563563696
-4078.48497882541
-4078.59649902996
-4078.74009633245
-4079.12622679906
-4078.8583193579
-4078.78942735965
-4079.2674735371
-4079.40703694206
-4078.79717756007
-4079.00045308128
-4078.83214587413
-4078.90625610245
-4078.795139376
-4078.66523513097
-4078.493619938
-4079.316670854
-4080.16767427589
-4079.87614408758
-4078.59251684441
-4078.93953080535
-4078.75828700584
-4078.6774673987
-4078.36262505091
-4079.32927892184
-4078.85786667336
-4078.52055321451
-4078.76592358082
-4079.32332735793
-4078.71047745727
-4078.77155848755
-4079.32164651869
-4078.52609410612
-4078.63519411196
-4078.45638882319
-4079.52909251322
-4078.69174621064
-4078.7379913708
-4078.92164537398
-4079.23107045176
-4078.41516535204
-4079.44922413057
-4078.58559948592
-4078.76018452828
-4079.69998482301
-4079.21734761116
-4078.35948325615
-4078.89124581584
-4078.84790210506
-4079.50368973801
-4078.40859825256
-4079.26702903606
-4078.97284397452
-4079.839885813
-4078.99623375425
-4079.08980071796
-4079.37529618846
-4079.07139258602
-4078.58430457061
-4079.1158484706
-4078.74942082952
-4079.21344800835
-4078.77345720511
-4078.94489410383
-4079.77797581409
-4079.24849200244
-4078.36667059259
-4079.94508197084
-4078.45419308622
-4078.68291752993
-4078.98142791113
-4078.61263078143
-4079.27917093758
-4078.68523934193
-4078.9407133215
-4078.95343314661
-4079.00046781298
-4078.99333521129
-4078.81093052676
-4078.66222990084
-4078.88800961478
-4079.18056985528
-4079.11927529233
-4078.8494835725
-4079.13493382201
-4078.80472456503
-4079.36633540026
-4078.90640452323
-4079.02842576988
-4078.90460298759
-4079.71268095874
-4078.91257391793
-4079.09403481994
-4079.51041287233
-4078.68053777369
-4078.46935323994
-4079.69304129332
-4078.96182923949
-4078.77200128322
-4078.66543573486
-4078.45688475059
-4078.66300029244
-4079.09481412438
-4078.6809978581
-4078.19936037628
-4078.71339982227
-4079.03478755357
-4078.56071012343
-4078.94734693913
-4078.62470385037
-4079.27529774009
-4079.31256560037
-4079.60025268353
-4078.65483772409
-4078.34794907766
-4078.74972510504
-4078.75374134373
-4078.51298886897
-4079.54169126229
-4078.38277527075
-4078.52351942183
-4078.80425906649
-4078.35869190585
-4078.66681104452
-4078.97748864214
-4078.25645824459
-4079.01664780412
-4078.78158251996
-4079.10254757268
-4080.00529382647
-4078.4434181747
-4079.88658799186
-4079.58007499599
-4079.02613809903
-4079.37409159422
-4080.19426072571
-4078.79068155533
-4079.37316021358
-4078.48904038783
-4079.03517538707
-4079.01758440043
-4079.75234982964
-4079.83756319629
-4079.10286349029
-4079.21358400941
-4078.97047472627
-4078.42798165675
-4078.75548605882
-4079.32591838094
-4078.78683843957
-4078.653661903
-4079.99520035869
-4079.03785759188
-4078.85210217206
-4079.47595981681
-4079.54056925754
-4079.29706649782
-4079.17581701832
-4079.75797906346
-4078.83076742204
-4078.59510847915
-4078.82061423171
-4078.41991802244
-4079.08559275862
-4079.41817930675
-4079.59177111814
-4078.69482277648
-4079.32744778019
-4079.98187111372
-4078.93951300172
-4078.5277465432
-4078.7913587793
-4080.13328248519
-4080.13328248519
-4080.39806741907
-4078.74707184516
-4079.96615574698
-4079.15198548049
-4078.7067316454
-4079.04915164562
-4079.05466202322
-4078.58837982507
-4078.81360375432
-4078.71604504257
-4079.07309675869
-4079.4742031215
-4078.98788580414
-4078.75970281644
-4078.85371590602
-4078.64520978671
-4079.66752699284
-4080.1233716709
-4078.89986265571
-4079.81372759586
-4079.01981805166
-4078.53477549808
-4079.47408321174
-4078.57191837231
-4078.69897624593
-4080.60012740633
-4079.69612304687
-4080.04028639124
-4080.45248895478
-4078.3821269495
-4079.43052322348
-4078.89566611822
-4078.81817632263
-4078.93952330636
-4078.73919501946
-4078.65632561282
-4079.47497805985
-4078.59633575059
-4079.33532686362
-4078.70592788759
-4078.72896099084
-4078.71683041047
-4078.68664459894
-4078.90993468675
-4078.65949332426
-4078.66317437056
-4079.03201939093
-4079.26347877071
-4078.74456016908
-4078.39295536057
-4078.68142705108
-4078.67338166563
-4078.84198729116
-4079.21421549574
-4079.03014581959
-4079.7192479873
-4079.65116384135
-4078.8132362226
-4078.57562777725
-4079.17855399978
-4078.49581887832
-4079.06297372245
-4078.88431441089
-4078.47781034464
-4078.84474210863
-4079.65975007275
-4078.75740566275
-4079.1283472866
-4078.64393310723
-4079.11897196164
-4078.6415622252
-4078.68329427422
-4079.74796298138
-4078.5511083764
-4079.90461145292
-4078.9086605352
-4078.78945317882
-4078.6118736201
-4079.11577571795
-4079.01168033044
-4078.91709392664
-4079.20591075643
-4078.60660234344
-4079.50817511626
-4078.56225749508
-4078.66748704823
-4079.41296085389
-4079.32914343714
-4078.77285556189
-4079.94968908535
-4078.87211317634
-4079.2995932828
-4078.81843467515
-4079.53979536186
-4078.84419240049
-4079.99116171297
-4078.76825583296
-4079.70367758674
-4078.52271355466
-4079.85585718108
-4079.62079624243
-4080.32398009616
-4080.39700675869
-4079.8350222583
-4078.47788075356
-4079.99534727605
-4080.13955422953
-4079.8070942437
-4079.60267929991
-4079.71529284158
-4080.27505881739
-4079.8151081563
-4078.74233380105
-4079.53720220426
-4080.37556159342
-4079.93885950692
-4078.6945019542
-4080.05017389432
-4080.125531953
-4080.02015219752
-4080.28237832202
-4079.95659227961
-4080.8007282115
-4080.0038283981
-4079.74775040771
-4079.40108406265
-4080.43192954043
-4080.22321651472
-4080.9011122022
-4080.18419004676
-4080.43207861712
-4079.91048714929
-4079.79645250225
-4079.92707819091
-4078.79228789267
-4080.55158479254
-4079.91364338008
-4080.76687145659
-4078.78285534112
-4078.92752229717
-4079.21187409349
-4079.0226845061
-4080.03070041241
-4080.89847558419
-4079.54305653913
-4078.96500845343
-4080.14579412071
-4080.13016006774
-4080.21919177178
-4079.46102223664
-4080.1129562438
-4079.98015760173
-4078.63268680754
-4080.13174930984
-4079.23505645291
-4080.29823277838
-4079.69724476877
-4079.70882089846
-4078.37729300959
-4079.43867190337
-4078.67015850271
-4078.88297429639
-4080.00058422102
-4078.78361997165
-4079.15668181637
-4079.60194924979
-4080.03353043018
-4079.61139139766
-4078.94701375542
-4079.95218278796
-4080.09498901367
-4080.14672033339
-4079.77313547777
-4079.26093716927
-4079.87083965449
-4079.62795785979
-4079.92586904579
-4079.58292197326
-4079.93557211095
-4078.60490361441
-4079.43789712748
-4079.33729923538
-4078.60416448352
-4079.57801038733
-4079.88196687395
-4078.71117899392
-4079.670484339
-4078.5221208567
-4078.82634972079
-4079.43534232243
-4080.1581391249
-4078.49735732977
-4080.16053235876
-4078.7703891569
-4080.1159233391
-4080.27126144031
-4079.58193636194
-4078.84078719967
-4079.69227725757
-4079.84177031142
-4079.84775626708
-4078.55910564599
-4080.18999636227
-4079.92309179378
-4079.11683078482
-4079.68350139654
-4078.68187206877
-4080.19034094533
-4080.28605449451
-4080.1527952151
-4078.64251467079
-4080.05863083871
-4079.57002697292
-4080.08735525406
-4078.89241053728
-4078.77417321676
-4080.20082870621
-4080.19274844347
-4078.81155587219
-4079.02538324133
-4079.40450113204
-4079.03876216771
-4079.02964566495
-4080.42180936807
-4080.51420355512
-4080.07566029873
-4078.7729656683
-4079.96137831472
-4079.80933039193
-4080.04871115942
-4078.49536461552
-4080.16648898477
-4080.37376156868
-4080.28387197941
-4080.21905209487
-4080.17997050533
-4079.38549848568
-4079.7292995518
-4078.43977130026
-4080.31533149507
-4080.4891965567
-4080.39146009833
-4080.37489014899
-4078.62313370195
-4079.81976172591
-4079.53339176705
-4080.03247592728
-4080.31168742178
-4079.04574299836
-4078.9505748173
-4080.16377491412
-4078.84719474188
-4079.30741557315
-4080.34523311642
-4080.37527921741
-4080.30419972075
-4078.68433372595
-4080.1453815617
-4078.64375282979
-4080.77030232088
-4079.51347914774
-4078.86061728886
-4080.3783825758
-4080.25060628006
-4080.09855294786
-4080.22330329333
-4079.86518059287
-4080.09387394919
-4078.92464910944
-4080.26564157037
-4078.78448274808
-4078.71446638163
-4080.18967190381
-4078.89297189817
-4078.64740738342
-4079.5154230386
-4079.69629587082
-4079.68805064455
-4078.57666699107
-4080.22628834724
-4080.33569921033
-4079.92999921981
-4079.82491010245
-4079.93414179115
-4079.8525589587
-4080.13217377031
-4078.68435150043
-4080.11091758023
-4078.73171388624
-4079.09387660912
-4079.74891738361
-4079.75966856127
-4079.78170917983
-4078.8984812714
-4080.08511996923
-4079.99147259343
-4079.79647871099
-4078.84368660403
-4079.6645807039
-4078.91320723234
-4079.01646467052
-4080.36912776081
-4080.39623831221
-4080.33621381489
-4078.79998485719
-4079.78271036058
-4078.98650130076
-4078.55475381488
-4080.32327490854
-4078.65288000137
-4080.14908554108
-4080.27297467049
-4078.7803922473
-4078.94835740944
-4078.50243426808
-4079.96553808609
-4079.50827014566
-4079.49478920532
-4080.00330415492
-4078.86858826553
-4079.25187407181
-4080.19866348842
-4079.38994746431
-4080.31879732394
-4079.94043722999
-4079.92911502822
-4080.34273922365
-4079.88711295836
-4078.75895525586
-4080.03784006052
-4080.37890728266
-4080.17163676856
-4079.81445384875
-4079.73654704236
-4080.56591046659
-4078.98413824253
-4080.17036177988
-4079.35606942255
-4078.64814182267
-4079.00471613585
-4079.49818995194
-4079.57906538798
-4080.19142961738
-4080.12522581164
-4078.6732874446
-4079.38994746431
-4080.48780043071
-4080.15580859628
-4080.02772856204
-4079.9216160512
-4078.55362001479
-4079.9064495522
-4078.51652203665
-4079.9971682175
-4080.10421550239
-4080.33596024273
-4079.24791226527
-4079.57721921895
-4078.80021620929
-4078.41053187692
-4078.86542248389
-4080.06678236944
-4080.25523828795
-4079.94687664693
-4079.84718251937
-4079.65115833214
-4078.69234747667
-4080.10171628999
-4080.26131570749
-4080.25319038932
-4078.70008140375
-4078.70243804819
-4079.04808072602
-4079.81960207356
-4079.99856726219
-4078.67432071216
-4078.77612163742
-4080.12196076263
-4079.88835160419
-4079.50131140271
-4078.45767591899
-4079.64255920624
-4080.00693822406
-4078.8773799938
-4080.01778422986
-4080.34994836661
-4079.75428978407
-4079.75039422271
-4079.45382449865
-4078.90542569745
-4078.99059646849
-4080.1066764773
-4078.54237340419
-4079.97278016983
-4078.84352466605
-4078.71951567712
-4079.4891669168
-4080.59286150352
-4080.48076002664
-4078.70056236556
-4080.19400051425
-4078.61958130536
-4079.76677719394
-4078.55187610151
-4079.87148603981
-4080.52218900154
-4079.96350964865
-4080.15465570064
-4080.09515941367
-4080.08367637739
-4078.99559814842
-4078.67353487719
-4078.81937580408
-4079.70886693067
-4080.30197489104
-4080.46822689648
-4080.304689624
-4080.20620049273
-4079.67905756531
-4079.57758300185
-4079.23290293531
-4079.20989547294
-4079.02183045065
-4078.5196780465
-4079.73598992861
-4080.39326121151
-4080.51242237954
-4078.60231877934
-4080.27384553154
-4079.27782589858
-4078.77101922181
-4080.26091444612
-4080.49685868083
-4078.71633010116
-4078.5470572622
-4078.72581929951
-4079.86731511773
-4079.18067311174
-4080.13948127187
-4079.28849281012
-4078.7658316807
-4080.29204067544
-4080.28807760772
-4080.24911164534
-4078.77262055482
-4079.55123345511
-4078.96908370818
-4078.77752095355
-4078.76949621756
-4079.97703917956
-4080.01314557951
-4079.71998362787
-4079.90385702035
-4079.51242769848
-4080.13533892263
-4080.46196380581
-4078.93222062598
-4080.30059600516
-4078.85266718541
-4078.76878760328
-4079.52267799169
-4079.82435386919
-4078.66147147359
-4079.5753622027
-4080.30560649956
-4080.17244976629
-4078.69574145288
-4080.25194168369
-4078.48190466313
-4080.13687036487
-4079.75855894717
-4078.67430839605
-4079.87416795617
-4079.55264513682
-4080.28921224454
-4079.80557427917
-4079.87598917526
-4079.79255958983
-4078.6321161015
-4079.94631595311
-4078.86594231106
-4080.21691943366
-4079.66645547113
-4080.06655456514
-4080.13264822456
-4079.49326209927
-4078.64338001816
-4079.97286854181
-4078.5536329584
-4078.90587719614
-4078.59359550107
-4079.92625745889
-4079.85094232058
-4079.02939494102
-4079.91671113925
-4079.81944815221
-4080.01219714143
-4078.74331838389
-4078.56566409999
-4080.01223797541
-4078.80284102441
-4079.92515789756
-4080.10537699583
-4079.90550795697
-4079.13082073919
-4079.37799403647
-4078.74598343853
-4078.63056669673
-4079.64258460244
-4078.88610864843
-4078.96939051704
-4079.58531398086
-4078.52105020859
-4079.77353510887
-4079.8479373324
-4079.49369380615
-4079.65837558673
-4079.69587617629
-4078.60459690921
-4080.33845445211
-4080.16688765303
-4079.81321444541
-4080.04507948818
-4079.90697391918
-4078.67104577987
-4079.32745192684
-4079.86345067482
-4078.8539697074
-4078.98690720189
-4079.60948210281
-4078.93690263093
-4078.798509636
-4079.6890769499
-4078.98011374062
-4080.80720769463
-4079.65189090498
-4079.75212625302
-4078.89581148332
-4079.9355424848
-4080.05753868548
-4079.49665834486
-4080.18731832233
-4080.08066271108
-4078.75207202248
-4080.02532122933
-4080.30198878867
-4079.70047946087
-4078.79207010514
-4080.08969606926
-4079.97527613907
-4078.8228723055
-4079.02004405674
-4078.52948843974
-4079.49960491935
-4079.66571335722
-4078.58626598862
-4078.92072638784
-4079.85807929404
-4080.37705119151
-4078.65644079839
-4080.18253753898
-4080.32731973306
-4078.92565735681
-4080.27384553155
-4078.76879724393
-4080.19438822421
-4078.54113439971
-4079.68019686103
-4078.5433352797
-4080.02243819058
-4080.22129518696
-4080.27337005823
-4079.88689104007
-4079.95088623077
-4078.53465027896
-4080.16734573423
-4080.28013209742
-4079.89742954441
-4079.83300031018
-4079.63683108012
-4078.7785197001
-4079.51210452818
-4078.42274365465
-4080.37584680745
-4079.96186980629
-4079.05119344477
-4079.07470458929
-4080.29570800181
-4079.4240219388
-4080.30424658734
-4080.38687617002
-4080.08978435101
-4079.70988288824
-4078.93070322418
-4080.00760122664
-4080.24728245009
-4079.65975634457
-4079.76199580838
-4080.0870013212
-4080.11782716094
-4080.20614424499
-4078.76867114811
-4078.8331746582
-4079.7914760453
-4079.58769807139
