# vacant energies
-3945.45709641309
-3945.4333129861
-3945.16509202582
-3944.92119751263
-3945.00976323175
-3944.99516131163
-3945.46801615416
-3945.16905582485
-3945.33762534104
-3945.19064428837
-3945.0320500381
-3945.37683815878
-3945.06985379257
-3945.11108086318
-3945.09433532437
-3945.17915043162
-3945.40374274117
-3945.53097295728
-3944.93308869664
-3945.23311960207
-3945.09828163344
-3945.07368559685
-3945.11092054818
-3945.37779855408
-3945.45352248079
-3945.46629192601
-3945.38521990851
-3944.93079026128
-3945.19739933119
-3944.91969957725
-3945.35692512972
-3945.18447516303
-3945.50253189193
-3945.19682726973
-3945.07584808613
-3944.98781585045
-3945.31144413992
-3945.08159620909
-3945.46056203833
-3945.21307694705
-3945.38211170133
-3945.17268337357
-3944.77365987431
-3945.36624617906
-3944.87382966674
-3945.19582328037
-3945.07544729267
-3945.36249902258
-3945.13825550835
-3945.26148474737
-3944.93137468082
-3945.33715694564
-3945.11635422626
-3945.36526250742
-3945.36469212055
-3945.44298151026
-3945.2516688498
-3945.23948642042
-3945.27703723537
-3944.93262784538
-3945.3900866993
-3945.16787921304
-3945.45655780258
-3945.1824402752
-3945.26249763761
-3945.27662583942
-3945.12025792618
-3945.11791569949
-3945.20745444884
-3945.0765504993
-3945.44500673857
-3945.19198396333
-3945.37784260594
-3945.51363843195
-3944.98431303876
-3945.23051339994
-3945.21327401479
-3945.23395812468
-3945.29562470236
-3945.39561246691
-3945.45798079426
-3945.4706587478
-3945.2474288063
-3945.11676477066
-3945.2051300924
-3945.01454458185
-3945.24860729803
-3945.17823124156
-3945.34585029069
-3945.4892156166
-3945.4918290616
-3945.2947646537
-3945.07911643787
-3945.27290744762
-3945.25042084783
-3945.28002094973
-3945.39159406154
-3945.49209226701
-3945.16110280377
-3945.21326559977
-3944.94651214728
-3945.02603501783
-3945.23410681895
-3945.29447224468
-3945.50162472453
-3945.34536262662
-3945.16751118237
-3945.01336907062
-3945.33413893426
-3944.93925407822
-3945.09435935584
-3945.17045191119
-3945.27289962425
-3945.57604568641
-3945.27506622275
-3945.00363851447
-3945.09160192332
-3944.96155642779
-3945.21539081012
-3945.27865763809
-3945.29656799942
-3945.32856376647
-3945.20765730248
-3944.93853737694
-3944.9216695801
-3944.88853907301
-3945.07838169592
-3945.20303425011
-3945.49194693209
-3945.23174047424
-3945.08954385779
-3944.95433308219
-3944.92210219083
-3944.89423143409
-3945.18182178017
-3945.408489644
-3945.38752175599
-3945.29101899711
-3944.95736942957
-3944.92588341412
-3944.93414523144
-3944.80994611417
-3945.31108233213
-3945.40946091294
-3945.34159298816
-3945.53673372818
-3944.98438584175
-3945.19737739458
-3945.05062393563
-3944.96406137808
-3944.98519812634
-3945.56993936363
-3945.40531327906
-3945.33055792881
-3945.12361583237
-3944.83276083809
-3944.88424006772
-3944.82541160082
-3945.43808251905
-3945.38733486383
-3945.51522466463
-3945.06088555498
-3945.07392216359
-3944.8899771309
-3945.25679841215
-3944.77161275917
-3945.21497522939
-3945.38423477609
-3945.38448451175
-3945.21171987184
-3944.78674665211
-3945.09312771359
-3944.84139976919
-3945.35364130208
-3945.33903480517
-3945.46641619881
-3945.30845534526
-3945.47091844727
-3944.93991451505
-3945.30047070618
-3944.97207856793
-3945.06424031894
-3945.10563775492
-3945.45587295097
-3945.32283606951
-3945.1642181035
-3945.27894046285
-3945.03627878111
-3945.32175512558
-3945.00578194656
-3945.53273407527
-3945.34389328369
-3946.30308796566
-3945.25747621758
-3945.27919504872
-3945.07061082075
-3945.35268075946
-3945.27570894313
-3945.25803665448
-3945.37345719839
-3945.35314482193
-3945.28551708213
-3945.02324526025
-3945.19383469214
-3945.06642873203
-3945.35632315326
-3945.47915430857
-3945.41589756578
-3945.50522742474
-3945.47181947429
-3944.990405195
-3945.02245437814
-3945.34319075743
-3945.33628739385
-3945.38406617672
-3945.24264046853
-3945.30947572257
-3945.42087827015
-3945.05685211102
-3945.25316975756
-3945.06744164324
-3945.30496557991
-3945.73237367268
-3945.35349192018
-3945.29514683969
-3945.45626130062
-3945.09095402524
-3945.06454690734
-3945.16022052507
-3944.99936458049
-3945.05174747651
-3945.17478400371
-3945.41785234191
-3945.2960984636
-3945.08767639983
-3944.94223475697
-3944.99248542256
-3944.88413180171
-3945.36192444506
-3945.27439480946
-3945.28547057003
-3945.29308122955
-3944.96667242003
-3944.94821867469
-3944.98647465084
-3944.83245761783
-3945.03877258079
-3945.52257609198
-3945.37219181976
-3945.33566788172
-3945.03208973963
-3945.00753027078
-3944.84109160467
-3944.7278838381
-3945.15561095134
-3945.49186386966
-3945.41076773918
-3945.41809098347
-3944.90131419339
-3944.96101266821
-3944.88989253371
-3945.04716567503
-3945.21609897358
-3946.45561231755
-3945.40501221086
-3945.11110179077
-3944.85164625818
-3944.86506264323
-3944.845568753
-3944.86480828266
-3945.44543810584
-3945.4082846236
-3945.4147724604
-3945.39100335858
-3944.82062026869
-3944.87287016063
-3944.78742736132
-3944.84210958239
-3945.31824808568
-3945.32876786541
-3945.63829558792
-3944.90588911257
-3944.82367233931
-3944.99187529534
-3944.92088122613
-3945.07600436014
-3945.38690108409
-3945.34935970762
-3945.71197510591
-3945.03307006084
-3944.92775163623
-3944.88516349323
-3945.0498104633
-3945.01546631484
-3945.57730319946
-3945.26020961079
-3945.38021202518
-3945.16731980029
-3944.78914669739
-3945.18116929744
-3944.84561342387
-3945.1955943248
-3945.26532008207
-3945.41781724157
-3945.2006950637
-3945.28902390637
-3944.96120528334
-3945.27199998734
-3944.96685146188
-3945.17832222491
-3945.30076918191
-3945.4220354912
-3945.24096831891
-3945.02185062152
-3945.09080086544
-3945.15090951428
-3945.24031509139
-3945.05775551893
-3945.43212441808
-3945.35473059795
-3945.36662919004
-3945.37870773255
-3945.06958268194
-3945.19112192307
-3945.31793750031
-3945.25814729513
-3945.40285768989
-3945.4166061344
-3945.35009801026
-3945.26447221935
-3945.1971496559
-3945.05533390414
-3945.18827273002
-3945.00374319554
-3945.37482392457
-3945.2773010759
-3945.32067032551
-3945.6832354862
-3945.25369864763
-3945.05820939896
-3945.25713664338
-3945.04900498744
-3945.56976312118
-3945.20349609153
-3945.40578294693
-3945.07081977709
-3944.80400007035
-3945.38177749446
-3944.96909962593
-3945.13601719847
-3945.12306168316
-3945.38326573567
-3945.4736339511
-3945.59617522804
-3945.03250610508
-3945.1076814673
-3944.94796054344
-3945.01206739069
-3945.09305058601
-3945.37664669981
-3945.56657580132
-3945.03809092998
-3945.02855078864
-3944.96073512547
-3945.2377957761
-3945.03767789179
-3945.47084377219
-3945.12252354319
-3945.40177535966
-3945.15681330979
-3945.02216680455
-3944.84760227302
-3944.98429053979
-3944.74274896574
-3945.05114132485
-3945.34289362576
-3945.42898090454
-3945.08633404393
-3944.74110931133
-3944.98965869641
-3944.92662668122
-3944.89545420243
-3944.9888033042
-3945.56807065637
-3945.22674370613
-3945.1027494266
-3944.81474177905
-3945.0802204024
-3944.94597583764
-3945.06147111731
-3945.1783426791
-3945.38973538422
-3945.29600717468
-3945.20123358467
-3945.14641826279
-3945.28680987548
-3945.26067711636
-3945.09086530079
-3945.44704732812
-3945.2904138404
-3945.22681776493
-3945.37495087281
-3944.99396622331
-3945.34961085978
-3944.99364478349
-3945.34179256383
-3945.30690691244
-3945.42334268886
-3945.2646904876
-3945.36855468432
-3945.04622807401
-3944.91326466501
-3945.05303682467
-3944.96166736206
-3945.38670886196
-3945.30861367404
-3945.14170056541
-3944.93990285976
-3945.10823837342
-3945.03833761074
-3945.23740806015
-3945.02085229835
-3945.44408953113
-3945.26620701351
-3945.3064062075
-3945.13557252462
-3944.93152845398
-3945.19526210409
-3945.03694942958
-3945.17774464073
-3945.30857874585
-3945.45870269678
-3945.34824841402
-3945.35938517104
-3944.97423292187
-3945.01435927901
-3945.04417069407
-3945.00940375279
-3945.19433042473
-3945.32334005613
-3945.15824729023
-3945.09623532699
-3944.987405805
-3945.10318376683
-3945.13491900597
-3945.15783083101
-3945.31225648137
-3945.2918753278
-3945.14815248214
-3945.38944646202
-3945.07703060485
-3945.31786612158
-3945.10257712178
-3945.19687513208
-3945.24488915198
-3945.28152066054
-3945.38726117674
-3945.53192650718
-3945.23228370957
-3945.15843341741
-3945.09113685329
-3944.91291817454
-3945.34673853419
-3945.40100671551
-3945.28754544531
-3945.30851253341
-3945.42916738149
-3945.03315529139
-3945.37105954515
-3945.02212150611
-3945.43737845042
-3945.25125101806
-3945.30028344144
-3945.50491044444
-3945.16808503186
-3945.35733630773
-3945.08916204144
-3945.66194560769
-3945.1957109987
-3945.39159245076
-3945.20959929292
-3945.35239519594
-3944.85804458261
-3945.44410642012
-3945.11832946496
-3945.50672779559
-3944.91996520403
-3945.26128450216
-3945.3338082685
-3945.22186989255
-3945.33285424774
-3945.08288094817
-3945.16902121837
-3944.99881739985
-3945.66171580216
-3946.12455159106
-3945.29662800788
-3945.12305063934
-3945.36194388545
-3945.0169780105
-3945.17682186282
-3944.8626489821
-3945.33553183223
-3945.34757961076
-3945.26827893823
-3945.49193937751
-3944.94153810378
-3945.31017915107
-3945.16210498986
-3945.05638744403
-3945.07401806534
-3945.49335795272
-3946.38272472203
-3945.29311457123
-3946.67502901902
-3945.42564558834
-3946.96430806288
-3946.96819880925
-3946.93280708591
-3946.36053044994
-3947.3929624041
-3947.35847107494
-3947.01412491428
-3946.96378276257
-3946.92937386671
-3946.971096755
-3946.96272602748
-3946.51879940301
-3946.20531563312
-3946.77370775583
-3946.67331946127
-3947.07701142799
-3946.96987822738
-3947.0034385594
-3946.83075175477
-3945.57722936977
-3946.25984345019
-3947.25050058847
-3947.07321491882
-3947.18342367343
-3946.93365894271
-3947.06673860458
-3946.85010763743
-3946.56937919791
-3946.36196152945
-3946.93486356512
-3946.99847346224
-3947.007459026
-3947.13269070071
-3947.07891276264
-3946.98111723331
-3946.46180583415
-3946.29328862143
-3947.21299583902
-3947.2752021663
-3947.07433506638
-3947.12468184917
-3947.1968089103
-3947.03292362158
-3946.65015575926
-3946.29264469811
-3946.82846457022
-3946.923002496
-3945.40803697527
-3946.86887430793
-3946.88993672713
-3947.09980793447
-3946.28895210454
-3946.3397341464
-3947.17775992856
-3947.01923877829
-3946.99429786294
-3946.98848514731
-3947.15410208113
-3947.20044503616
-3946.59027278555
-3946.28538437458
-3947.0533583355
-3947.06490050665
-3946.58235418363
-3945.35341106958
-3946.89520191423
-3946.81162563521
-3946.36098916702
-3946.33386643165
-3947.07583384944
-3947.02649551173
-3947.07714366499
-3946.77526452708
-3947.00078235739
-3946.9127355591
-3946.58418336322
-3946.19021968769
-3945.52139581796
-3947.06257454893
-3947.11822849451
-3947.06049956307
-3946.86168879561
-3946.91652211576
-3946.34455015113
-3947.0533583355
-3946.77246767869
-3946.92921580681
-3946.98858392818
-3947.03428960808
-3946.81879043727
-3946.78857602411
-3945.54952166054
-3946.38695402417
-3946.98025972858
-3946.97505151546
-3947.07536777782
-3947.03263790474
-3946.82878679836
-3946.88470389058
-3946.36844586136
-3946.1874620826
-3947.25299310519
-3947.17310820405
-3946.78115743405
-3945.51611112229
-3946.66692666247
-3946.7502584846
-3946.26824400157
-3946.62064383719
-3946.83779105336
-3947.08908694513
-3946.94026970275
-3947.09086963485
-3946.96194307674
-3946.9057275897
-3946.6522425252
-3946.28172635208
-3947.3929624041
-3947.31911808937
-3946.98205993916
-3946.81651516043
-3946.80132163558
-3946.86883523603
-3946.3592688257
-3946.80890028201
-3947.15067445257
-3947.25621436567
-3947.13021089724
-3946.93606406064
-3947.00271600936
-3946.90115256394
-3946.44827382344
-3946.46042257416
-3945.34771183207
-3946.96698839419
-3947.08348654615
-3947.0698918679
-3947.02941357176
-3946.97341778858
-3946.51254283393
-3946.5177880229
-3947.18573094733
-3947.28075654404
-3947.05629305063
-3947.10279486081
-3947.03491305414
-3946.97050645666
-3946.56166928566
-3946.54060244967
-3947.0387908726
-3946.92882187619
-3947.00845612999
-3947.07851354127
-3946.93138589222
-3946.94137871161
-3946.50957725399
-3946.63772399989
-3947.11448511909
-3947.11243207084
-3945.42423113019
-3947.00085559591
-3947.03434908806
-3947.16851746225
-3946.54643967924
-3946.51059490676
-3947.06512102128
-3946.94041179054
-3946.95793020392
-3946.83851972776
-3945.43538063354
-3946.96937374716
-3946.69030741086
-3946.51564151167
-3947.11184368429
-3947.06745167945
-3947.07017859592
-3947.0457105377
-3947.18629944462
-3947.23161368552
-3946.56056390469
-3946.61198186689
-3947.03559623275
-3946.90800803777
-3947.12419701358
-3946.93217741464
-3947.17022086018
-3947.12075994938
-3946.2991703502
-3946.60199685924
-3947.12253788096
-3947.12180701554
-3947.12215613586
-3947.13798220711
-3947.06034995248
-3946.98687358419
-3946.65831508552
-3946.43328223284
-3947.02463280737
-3947.05988218761
-3946.93150350451
-3947.06650841301
-3946.90983026602
-3946.96946001194
-3946.45202734999
-3946.29285515734
-3946.86134143242
-3947.061223305
-3946.9643543567
-3947.06503587013
-3946.94277150407
-3946.8573123365
-3946.26252001328
-3946.64818643126
-3946.82579945968
-3947.04052636801
-3946.84748942862
-3947.01476724452
-3946.83821637975
-3946.84273936111
-3946.45074148505
-3947.2523468807
-3947.25537836137
-3945.60129594637
-3946.83666882396
-3946.80308455777
-3946.84040210475
-3946.79515136349
-3946.68993894607
-3946.27820729707
-3947.11452070538
-3947.19482902512
-3947.0005147861
-3947.0272973252
-3946.97103998742
-3946.93581494218
-3946.46642575172
-3946.69395872596
-3947.41014677905
-3947.12336946273
-3946.9515622505
-3945.442642931
-3946.839594937
-3946.92697250787
-3946.36508221244
-3946.60021862242
-3947.13667577576
-3947.12213968414
-3947.04446551738
-3946.9694947545
-3946.99158013625
-3946.93414692133
-3946.50842578648
-3946.64570619662
-3946.9677163869
-3946.8876031433
-3947.03693479044
-3947.06805794452
-3946.94516850758
-3946.98419975065
-3946.52872753263
-3946.99490695553
-3947.06816849401
-3947.04569927841
-3947.10190863505
-3947.07964230811
-3947.11271092889
-3947.11653026914
-3946.44187552251
-3946.33746620254
-3947.02083596776
-3946.88182146483
-3947.0993213404
-3946.92633492933
-3945.38012901645
-3946.9528462647
-3946.65130445845
-3946.71822998962
-3946.83107767438
-3946.99706760824
-3947.00925353166
-3946.8929280497
-3947.02377534253
-3946.97439224235
-3946.44012502922
-3946.79026348711
-3946.91956765697
-3947.03062150056
-3947.00956752763
-3946.84182645304
-3947.15448304863
-3946.99999003855
-3947.56158353744
-3946.29540460322
-3945.30842285703
-3946.89290509228
-3947.07273164581
-3946.95019022456
-3947.33164079538
-3947.16585968934
-3946.57188527374
-3946.41519573421
-3946.86477019288
-3947.04790400347
-3947.16137169317
-3947.0406598
-3947.41498485549
-3947.19455326799
-3947.56127262625
-3946.27847194693
-3946.67610940344
-3946.82964239316
-3947.01914520232
-3947.12448650796
-3947.53697636786
-3947.56126561315
-3946.34838116702
-3946.46310243881
-3946.70569637043
-3946.96062100602
-3946.78273187371
-3947.11108921193
-3946.9507042806
-3946.97023577049
-3946.36977161343
-3945.50465678059
-3946.71710741487
-3946.82209988079
-3946.9535459597
-3947.15511495594
-3947.06145173477
-3947.04835276146
-3946.27749959927
-3946.33479337811
-3946.68259687342
-3946.69886583206
-3946.71422225235
-3945.45230181948
-3946.85218714398
-3946.98480633381
-3946.79296907973
-3946.24008925367
-3946.84499502449
-3945.40392718934
-3946.95468642574
-3946.79214837117
-3947.03544538251
-3947.00943668598
-3945.58791909919
-3947.17929268826
-3947.17929268826
-3945.46706060023
-3946.96859405989
-3946.90470348032
-3947.01070816279
-3946.97663054993
-3946.50595391632
-3946.21156572324
-3947.19084928231
-3947.12661295674
-3947.18181402502
-3947.00574507883
-3947.11351923083
-3947.04762004214
-3946.52621501337
-3946.60896107545
-3947.16819232308
-3947.01728130531
-3947.10779046775
-3947.09916779364
-3947.0488870214
-3946.97243269324
-3946.48813650215
-3946.47912969974
-3947.23998126312
-3947.18255711478
-3947.09961930061
-3947.12903094816
-3947.13432484396
-3947.13373328709
-3946.6567948468
-3946.5605625783
-3947.01114150664
-3947.07562168195
-3947.10587479017
-3947.14666273114
-3947.2166903057
-3947.20961920551
-3947.2501461954
-3946.4949274617
-3946.7181096897
-3947.05155599756
-3947.04022440508
-3947.05465258614
-3947.01146856967
-3946.92886026033
-3946.45035703847
-3946.4528449499
-3946.93342893561
-3947.00967655731
-3947.14601500959
-3947.13791035574
-3947.28739145706
-3947.25014619541
-3946.43206017003
-3946.44183056884
-3946.92640485009
-3947.0353000416
-3947.09321727966
-3947.08863949052
-3947.05147258311
-3946.99486154947
-3946.41336361717
-3946.28019063879
-3946.77111383246
-3946.8085321881
-3947.04228074685
-3947.11394755395
-3947.52810385793
-3947.30546818617
-3946.26790805968
-3946.4108991105
-3946.93410318821
-3947.03753194595
-3947.13827780439
-3947.17810698339
-3947.15618912863
-3947.0779768332
-3946.49235963192
-3946.3385676679
-3946.9302241608
-3946.8737091395
-3947.12451176452
-3947.22020152714
-3947.18789876411
-3947.28822023043
-3946.68648436416
-3946.42025542788
-3946.80464859372
-3946.93997980566
-3947.08996388518
-3947.20679542494
-3946.86883031371
-3947.03295918308
-3946.30811356062
-3946.30013019255
-3946.85333915342
-3946.89753897713
-3947.1076416825
-3947.30105256862
-3947.10513982418
-3946.97825670727
-3946.41972233796
-3946.36114390072
-3946.76343132642
-3946.84459244737
-3945.61598266494
-3946.98522245303
-3947.07985220709
-3947.15455172467
-3946.30447110688
-3946.37622978054
-3946.95651473873
-3947.00650412174
-3947.03728541123
-3947.11118234637
-3947.08766202464
-3946.95357019324
-3946.25950798355
-3946.33454119136
-3947.09761063891
-3946.92768740255
-3946.91460186178
-3946.92761684265
-3947.05194263942
-3946.96298754606
-3946.42048172962
-3946.30382663395
-3947.23386543052
-3947.20133506864
-3947.14787591808
-3947.14073134654
-3947.2212365835
-3946.9776178808
-3946.26987929323
-3946.53035116455
-3947.1180120977
-3947.14298927285
-3947.10786408722
-3947.05190927803
-3947.00161483833
-3946.91498493365
-3946.32679098843
-3946.66174486802
-3947.09977625757
-3947.15206881366
-3947.12818380892
-3947.13172580571
-3947.18077597163
-3947.28860070163
-3946.21002671348
-3946.76664443329
-3947.05506447514
-3947.1276221399
-3947.10630215245
-3947.08923747688
-3947.02641324041
-3946.93428445907
-3946.27162002065
