# vacant energies
-3945.73896599847
-3945.84257783244
-3945.44389388509
-3945.40352745183
-3945.33874982253
-3945.27890811342
-3945.69742997758
-3945.58625857787
-3945.64850993839
-3945.38660102108
-3945.60942813449
-3945.57458240364
-3945.74541518513
-3945.33558474759
-3945.5202742741
-3945.41956440018
-3945.67611389844
-3945.33689417103
-3945.286914851
-3945.29951238179
-3945.52086746375
-3945.05744820676
-3945.75434251836
-3945.64090752975
-3945.5354285684
-3945.87413458034
-3945.3318006615
-3945.67070483582
-3945.3182411154
-3945.54437876939
-3945.47405642726
-3945.571786733
-3946.32948268022
-3945.49979073047
-3945.21883092222
-3945.38221643995
-3945.2495052386
-3945.33673342633
-3945.52684084912
-3945.8908877785
-3945.65156401415
-3945.26654230102
-3945.50896714839
-3945.39246718451
-3945.55132087029
-3945.1872352112
-3945.48967320886
-3945.48266844066
-3945.85510745379
-3945.52888953133
-3945.11876449876
-3945.19556272655
-3945.25597765794
-3944.96098852419
-3945.84676461935
-3945.72423969213
-3945.67267602208
-3946.00393416729
-3945.10659409645
-3945.3831733679
-3945.14589521069
-3945.48014207698
-3945.2708787998
-3945.56706847307
-3945.66198872793
-3945.60372892573
-3945.24307577415
-3945.34575273257
-3945.24848236847
-3945.19535209363
-3945.59458833169
-3945.80108390588
-3945.79788594796
-3945.70015700432
-3945.42807532427
-3945.19805449315
-3945.36150356357
-3945.18563466945
-3945.48245146014
-3945.4712172216
-3945.7930528267
-3945.73551166698
-3945.18348371658
-3945.24787369872
-3945.27036818347
-3944.97769363576
-3945.68991008134
-3945.75805224785
-3945.61961183366
-3945.87239539261
-3945.56490259766
-3945.4865838467
-3945.14801320466
-3945.38536084476
-3945.4394227266
-3945.46924848614
-3945.73900337502
-3945.67791720349
-3945.27830727551
-3945.24047342303
-3945.12615552159
-3945.10245460709
-3945.34712683293
-3945.4841919804
-3945.7757881203
-3945.69422685681
-3945.3807840876
-3945.4476039624
-3945.42089089624
-3945.2810170452
-3945.2792712295
-3945.45567627391
-3945.60214260436
-3945.84779821436
-3945.3493985045
-3945.29004485879
-3945.16544970422
-3945.17522497454
-3945.44843688483
-3945.54818142757
-3945.56779952833
-3945.66531618045
-3945.53727647999
-3945.71269706331
-3945.1951593073
-3945.58266475392
-3945.3953418284
-3945.64472022617
-3945.71903276063
-3945.64939154523
-3945.40451903387
-3945.54243609301
-3945.45840534749
-3945.5853109056
-3945.50508277855
-3945.52512000796
-3945.65716380284
-3945.52852165722
-3945.27855113883
-3945.35676160794
-3945.54086460139
-3945.3474638563
-3945.55735724409
-3945.64345677124
-3945.52279359054
-3945.3898971395
-3945.75313781371
-3945.40649554739
-3945.83851870226
-3945.15297406026
-3945.61774475046
-3945.54927297922
-3945.52455035879
-3945.53196286357
-3945.24976349248
-3945.3660841686
-3945.34951172284
-3945.55252999406
-3945.55014266842
-3945.64993328201
-3945.471519694
-3945.55646064008
-3945.31693271703
-3945.59101745025
-3945.31693645313
-3945.47617082783
-3945.34232793155
-3945.60533528204
-3945.5524692851
-3945.45979214779
-3945.43466941896
-3945.32287515104
-3945.48436824837
-3945.39870323853
-3945.79119138583
-3945.6099460527
-3945.84134473923
-3945.65155987186
-3945.46007105761
-3945.45089188412
-3945.6434603477
-3945.23650382958
-3945.71500791618
-3945.56000947358
-3945.69275409929
-3945.65967444888
-3945.40712136853
-3945.58251107453
-3945.35958807261
-3945.4402501881
-3945.38055023074
-3945.71088033082
-3946.65919323473
-3945.63421463895
-3945.34914555382
-3945.58790572153
-3945.49010571435
-3945.80731969853
-3945.27852487214
-3945.77049446168
-3945.74459835523
-3945.65771269072
-3945.4358231847
-3945.60159547641
-3945.64452146051
-3945.78104930919
-3945.93718291258
-3945.78816236311
-3945.82970904046
-3945.94579955918
-3945.44392876502
-3945.4207833261
-3945.61655464565
-3945.7406725221
-3945.72136419241
-3945.5793844132
-3945.66545242271
-3945.59101215767
-3945.56842900006
-3945.55762344861
-3945.57897221714
-3945.58197110021
-3946.14275916127
-3945.77471571283
-3945.72908775198
-3945.92608001356
-3945.45457360734
-3945.71297760398
-3945.61402894052
-3945.7589005513
-3945.36194346868
-3945.64419485503
-3945.6724032109
-3945.75445273044
-3945.46316926328
-3945.74821120276
-3945.63806838675
-3945.70579653456
-3945.70799126656
-3945.63389666361
-3945.66671714527
-3945.67934781163
-3945.61733936015
-3945.46579582075
-3945.83819993766
-3945.38148186822
-3945.54366529398
-3945.50182394712
-3945.67012039551
-3945.4663262407
-3945.6682062679
-3945.36996425666
-3945.49557588817
-3945.35253808007
-3945.61438413052
-3945.53165673854
-3945.56971013438
-3945.33445340874
-3945.32700029536
-3945.27734700199
-3945.45406151765
-3945.30652616671
-3945.99014756891
-3946.70821639481
-3945.41884138455
-3945.52998340411
-3945.20742649184
-3945.53074167856
-3945.23514791037
-3945.53724989244
-3945.89163560764
-3945.77016267004
-3945.46624855463
-3945.77514906137
-3945.23145025433
-3945.38807376119
-3945.27274346809
-3945.48314974291
-3945.7705600982
-3945.74243045212
-3945.60821733408
-3945.26778558293
-3945.4142083646
-3945.30137131338
-3945.5306082158
-3945.37594008753
-3945.93134730394
-3945.60358003596
-3945.54286366028
-3945.30637629854
-3945.35884040455
-3945.33296068248
-3945.45208907442
-3945.48010021882
-3945.91503401899
-3945.62615907383
-3945.91070419143
-3945.46982807437
-3945.22942918421
-3945.44440581187
-3945.28844549077
-3945.51161282251
-3945.64075801772
-3945.65863103212
-3945.55041220706
-3945.57486305337
-3945.32447814114
-3945.64350543717
-3945.426334844
-3945.52905293101
-3945.72443537362
-3945.77356702989
-3945.45652773825
-3945.30815033258
-3945.41195751289
-3945.24676506839
-3945.60061140202
-3945.28697618717
-3945.82024064703
-3945.74931087377
-3945.65774553891
-3945.34053980679
-3945.53436872
-3945.29458586352
-3945.73018800427
-3945.40813831975
-3945.74855758273
-3945.71954439031
-3945.40747140961
-3945.42706200265
-3945.22445102787
-3945.23245187586
-3945.27252022916
-3945.49601046697
-3945.61920969681
-3945.75814949124
-3945.55470104222
-3946.01214266973
-3945.38266127943
-3945.68782223039
-3945.36878528489
-3945.72147652481
-3945.77977686614
-3945.83114305501
-3945.42781115434
-3945.15743717823
-3945.49904602894
-3945.15085862621
-3945.60464079233
-3945.07895318623
-3946.04717008979
-3945.74532828176
-3945.70500223753
-3945.43368248805
-3945.70685138221
-3945.38046834367
-3945.73900025626
-3945.50935629431
-3945.67130845359
-3945.55015702176
-3945.41605542503
-3945.53647561931
-3945.32511186249
-3945.57944070018
-3945.22171488763
-3945.67049824757
-3945.50374663785
-3945.49793988514
-3945.47170337704
-3945.59415787564
-3945.12308107842
-3945.52628352392
-3945.52292984962
-3945.73016354716
-3945.68378917352
-3945.77770726267
-3945.62192732095
-3945.28598941208
-3945.44079037265
-3945.17154497994
-3945.80055560394
-3945.09197871364
-3945.74106981966
-3945.55830565141
-3945.72639212231
-3945.5111933895
-3945.27999575858
-3945.24312760625
-3945.68758695987
-3945.2207431428
-3945.66369692481
-3945.59114952083
-3945.65306213438
-3945.44088269586
-3945.31920292265
-3945.58095427348
-3945.30307141206
-3945.41616063953
-3945.38517552298
-3945.59762531966
-3945.76994122144
-3945.77154027007
-3945.19415913312
-3945.57084692017
-3945.29766403885
-3945.56644765615
-3945.54964578219
-3945.69470372918
-3945.47474413925
-3945.64666001378
-3945.4490331282
-3945.28278010265
-3945.37038345477
-3945.3791941834
-3945.67530240203
-3945.7573012539
-3945.61852314701
-3945.28314537953
-3945.26789536997
-3945.38937779809
-3945.4630388074
-3945.35328660232
-3945.78198415448
-3945.59864856024
-3945.82343129806
-3945.27666799836
-3945.34726555091
-3945.17274742858
-3945.36535947386
-3945.22942612702
-3945.59959397677
-3945.77054851796
-3945.66287940867
-3945.47507792861
-3945.03164506336
-3945.18368978896
-3945.24018641644
-3945.2244865039
-3945.44964020338
-3945.60924252617
-3945.73713933018
-3945.78271858202
-3945.03783572435
-3945.2280533453
-3945.26509855757
-3945.48427674104
-3945.52377052904
-3945.67216621758
-3945.81981273198
-3945.58540678145
-3945.06644302885
-3945.33660069421
-3945.3481576811
-3945.30990375485
-3945.64251828498
-3945.61502853079
-3945.82578176406
-3945.68927573659
-3945.29272491974
-3945.23856467804
-3945.14297850919
-3945.14150406808
-3945.5340715115
-3945.76233203152
-3945.94410564485
-3945.76094569587
-3945.17357973813
-3945.19184106308
-3945.09995495425
-3945.18294794877
-3945.65051869818
-3945.98142088258
-3945.70852524299
-3945.57541132728
-3945.37621939433
-3945.23513164165
-3945.20943081365
-3944.99134856146
-3945.72150536055
-3945.68040268397
-3946.03681249899
-3945.52664138074
-3945.17044090482
-3945.28395258345
-3945.58612385202
-3945.1257487765
-3945.38565978225
-3945.45911076577
-3945.57168540047
-3945.50013687334
-3945.30605587004
-3945.26003242578
-3945.07936959377
-3945.18741632769
-3945.33270879953
-3946.39940819105
-3945.63747971835
-3945.71757433273
-3945.22500378164
-3945.55695332404
-3945.19078515145
-3945.43859430977
-3945.38812290462
-3945.59640555998
-3945.79012005553
-3945.71923842175
-3945.39036770966
-3945.26671705582
-3945.53937843303
-3945.21198224593
-3945.64392273054
-3945.57538327752
-3946.65010902837
-3945.60072111948
-3947.00986575481
-3945.74922543541
-3947.22470434303
-3947.11892767687
-3947.19908454021
-3946.45690296027
-3946.56303016528
-3947.23116935271
-3947.14117443006
-3947.25976058865
-3947.20772099066
-3947.26140869484
-3947.20853976224
-3946.62285987858
-3946.62192763746
-3947.22515100185
-3946.96620349016
-3947.23500001081
-3947.22914227935
-3947.26131822552
-3947.08166198439
-3945.60102534151
-3946.61213189913
-3947.48430504558
-3947.0574201473
-3947.4277548884
-3947.23854485529
-3947.47212989976
-3947.07461266357
-3946.52212866033
-3946.81040122991
-3947.42159927127
-3947.3208644833
-3947.35831282826
-3947.49260472844
-3947.36117435234
-3947.39588992815
-3946.94798676076
-3946.91059202222
-3947.46481822435
-3947.44538236152
-3947.27678253367
-3947.43346938408
-3947.46277367776
-3947.39994674686
-3946.87345806653
-3946.79952153342
-3947.40530805172
-3947.17646577531
-3945.69439065343
-3947.12174687969
-3947.14975922446
-3947.4530279299
-3946.82249801557
-3946.77185021975
-3947.51993678318
-3947.35392635315
-3947.32870039323
-3947.23366540381
-3947.29357676059
-3947.42479606759
-3947.14634562416
-3946.74541467389
-3947.2733991065
-3947.03730570996
-3946.9909889367
-3945.71624069299
-3947.12917141034
-3947.23623570917
-3946.72884331106
-3946.89911794841
-3947.4857454365
-3947.3058717677
-3947.45249864276
-3947.09413082527
-3947.28525721765
-3947.22219716398
-3946.95696204059
-3946.74383969447
-3945.77930092112
-3946.9898899656
-3947.20393216906
-3947.03426900175
-3947.10736099273
-3947.26376102839
-3946.63037499867
-3946.71828203429
-3947.5216074533
-3947.23064119192
-3947.08200901555
-3947.20425094025
-3947.09247850687
-3947.0972782831
-3945.79544829517
-3947.09715781611
-3947.60294553043
-3947.28878862703
-3947.22216843923
-3947.22777807194
-3947.08989166884
-3947.17739294621
-3946.6428861434
-3946.83921236244
-3947.74910522449
-3947.3918560191
-3947.06264049109
-3945.71554824544
-3946.93358620961
-3947.06153161282
-3946.55500572011
-3946.76775082723
-3947.07845097235
-3947.54922175518
-3947.34159312216
-3947.40020114558
-3947.21565565468
-3947.20939994797
-3946.91380111056
-3946.58650383891
-3947.30300885768
-3947.61571000996
-3947.46975029291
-3947.13342854595
-3947.07782103775
-3947.14778983801
-3946.63467074562
-3946.78879646973
-3947.45417839519
-3947.37120685113
-3947.31706104576
-3947.39386101786
-3947.51532214529
-3947.14578184078
-3946.64980892442
-3946.46006308652
-3945.64070547722
-3947.5789271322
-3947.6298363389
-3947.68910772572
-3947.60574174524
-3947.19148401371
-3946.60170095056
-3946.58108323348
-3947.19552627339
-3947.42040789216
-3947.25709635866
-3947.40906317818
-3947.4598405394
-3947.19551660836
-3946.67203214746
-3947.45417839519
-3947.09397819403
-3947.476074791
-3947.48160562197
-3947.32827152814
-3947.3193885045
-3947.55351637301
-3946.71170918901
-3946.57052400368
-3947.04485829778
-3947.32381745258
-3945.69963217497
-3947.26403036064
-3947.16368103906
-3947.50439738967
-3946.97932282564
-3946.62194333578
-3947.2486922815
-3947.2586182442
-3947.17548809519
-3947.14177928935
-3945.72888730894
-3947.43318321051
-3946.79739056214
-3946.68181748008
-3947.20522125983
-3947.30288434883
-3947.24718053807
-3947.22731689933
-3947.29608910939
-3947.4566760041
-3947.05524181153
-3946.70286055036
-3947.24895296241
-3947.1364524132
-3947.35556534879
-3947.10127936753
-3947.20075832871
-3947.29606580593
-3946.70844622144
-3946.58152723679
-3947.32335457512
-3947.49210238702
-3947.3658209048
-3947.4218354907
-3947.35313861653
-3947.27143058026
-3947.04261389131
-3946.66038770371
-3947.31403703539
-3947.33246830776
-3947.22979548775
-3947.32305105634
-3947.18119901477
-3947.25607897725
-3946.76610657233
-3946.59598522343
-3947.23829397878
-3947.53983710559
-3947.3742331286
-3947.37289649407
-3947.27065851364
-3947.26830067364
-3946.6743380235
-3946.94754001695
-3947.29379542792
-3947.38028190775
-3947.09149439516
-3947.48264388043
-3947.24323353955
-3947.23852606654
-3946.64701527347
-3947.74910522448
-3947.12249487389
-3945.88106978141
-3947.34710569398
-3947.09482520406
-3947.11476221096
-3947.06103217712
-3946.95145508507
-3946.57883220478
-3947.29228920395
-3947.32106336987
-3947.25222524139
-3947.29085030804
-3947.28175333489
-3947.3203172749
-3946.66006188136
-3946.53159498954
-3947.33615690157
-3947.58112651543
-3947.50521778216
-3945.82153126042
-3947.13093207126
-3947.19021600905
-3946.62129172612
-3946.86593760197
-3947.41097418453
-3947.2887763842
-3947.26952122114
-3947.39352006042
-3947.52980143975
-3947.25631769711
-3946.68350377086
-3946.79097182081
-3947.19441525741
-3947.48991410185
-3947.52202332868
-3947.31596728654
-3947.31369295766
-3947.45641317966
-3946.55480224478
-3946.9547358185
-3947.2753552769
-3947.46483057626
-3947.39721819295
-3947.39443318245
-3947.33440491038
-3947.34595804411
-3946.63885102492
-3946.85785029435
-3947.23880687637
-3947.16960093862
-3947.41530056872
-3947.42989048177
-3945.87801474319
-3947.18415725097
-3947.36641353945
-3947.08012707741
-3947.08656840423
-3947.25649377494
-3947.31370140774
-3947.59321586084
-3947.77957792236
-3947.09317861235
-3945.70327127125
-3946.99685298162
-3947.12809344659
-3947.30384899935
-3947.2700636724
-3947.63032953248
-3947.88183754313
-3947.2337861921
-3946.74230163558
-3946.57743300126
-3945.58806894268
-3947.13959833561
-3947.35775838341
-3947.50390915171
-3947.6224127586
-3947.36591593359
-3946.85144655313
-3946.72138527938
-3947.11860586016
-3947.33342601799
-3947.38793928068
-3947.47653925898
-3947.71246060479
-3947.21041312172
-3947.80827951093
-3946.69104366009
-3947.03869768413
-3947.13637764568
-3947.3232699984
-3947.38388741015
-3947.55724730862
-3947.80822908079
-3947.95287601216
-3946.70861035327
-3946.98448439004
-3947.279049252
-3947.0681162639
-3947.39044573806
-3947.35632976197
-3947.26728141748
-3946.52834819813
-3945.76660492054
-3947.06635656257
-3947.1681405943
-3947.17988575486
-3947.42154496277
-3947.41907569158
-3947.46960367629
-3946.75752678083
-3946.69578974024
-3947.17338522915
-3946.99644895203
-3946.92400674219
-3945.69592549263
-3947.30112883992
-3947.07749370833
-3946.87950017548
-3946.71963360548
-3947.2815175451
-3945.65570012911
-3947.21420098807
-3947.21307779431
-3947.35302779032
-3947.3282945648
-3945.74410724707
-3946.86434686985
-3947.38867716567
-3945.72327794642
-3947.23193431721
-3947.19775888895
-3947.46935710778
-3947.17575623055
-3946.50238722805
-3946.71400448238
-3947.52521259248
-3947.27739987516
-3947.4095722972
-3947.34025440957
-3947.37337110332
-3947.31061579806
-3947.02752417888
-3946.56511348027
-3947.2171175081
-3947.38193896017
-3947.34270648131
-3947.34262026063
-3947.41417373054
-3947.20941839286
-3946.57072367865
-3946.58352463698
-3947.21510733822
-3947.56654307953
-3947.36045461003
-3947.40347891829
-3947.37406994256
-3947.57317451708
-3946.8054012676
-3946.70001435185
-3947.24380523341
-3947.30427381322
-3947.39001577508
-3947.37533994844
-3947.3196765135
-3947.29887116754
-3946.74886467513
-3946.61783215426
-3947.04326245942
-3947.30819595286
-3947.21658213453
-3947.35241241848
-3947.28719784926
-3947.17797587329
-3946.68873044989
-3946.70600160378
-3947.24061301152
-3947.30067333458
-3947.43925523443
-3947.49921736491
-3947.59280890934
-3947.21662994885
-3947.59133268199
-3946.71648614445
-3947.24018874236
-3947.27681367723
-3947.41502796988
-3947.37216489654
-3947.54111682626
-3947.28393636192
-3947.61226088817
-3946.57468238937
-3947.11698353198
-3947.11779026407
-3947.33117580235
-3947.41139810798
-3947.57945762533
-3947.59396849881
-3947.22208640203
-3946.70908110563
-3947.28997889834
-3947.3159207552
-3947.39670348372
-3947.45973082421
-3947.52283808962
-3947.63682587678
-3946.82253327194
-3946.61593435803
-3947.25280402468
-3947.16958103012
-3947.3968855061
-3947.42027473686
-3947.42236464787
-3947.73546953747
-3946.84422163672
-3946.75021907696
-3947.20858486681
-3947.29930386711
-3946.99792530578
-3947.37271589622
-3947.14268614293
-3947.51996550838
-3946.94869447073
-3946.65038582947
-3947.24139219288
-3947.25998085944
-3947.25035200788
-3947.41078644402
-3947.29898358572
-3947.61102891993
-3947.20792913909
-3946.74442731176
-3947.24069069186
-3947.12135853564
-3945.70488132333
-3947.03717721082
-3947.12980024464
-3947.36714595814
-3946.6844551609
-3946.87480802292
-3947.48630598855
-3947.23567572758
-3947.36734450595
-3947.34568725334
-3947.30986224938
-3947.35392659758
-3946.71425386243
-3946.82652525401
-3947.3407075186
-3947.15436522751
-3947.21738085669
-3947.19474369233
-3947.22517336436
-3947.33368874978
-3946.73876571447
-3946.95601429586
-3947.48594187824
-3947.45968344142
-3947.45063619498
-3947.36960824131
-3947.31729427803
-3947.30998470365
-3946.78403565805
-3947.0630285126
-3947.66946389275
-3947.46113312013
-3947.44409454999
-3947.35953544128
-3947.27095274416
-3947.24103016622
-3946.74691024087
-3946.60428318527
-3947.19150653471
-3947.45704697054
-3947.35695687266
-3947.3988793685
-3947.2972132073
-3947.4139665694
-3946.74121886546
-3946.84402486632
-3947.24650793691
-3947.51690338313
-3947.34033206128
-3947.38887202655
-3947.27985197543
-3947.24428020925
-3946.66441139657
