# vacant energies
-3997.64813195026
-3997.63410746639
-3997.3751870265
-3997.50695584645
-3998.13186035142
-3997.38104254086
-3997.22691919067
-3997.20990341899
-3997.18592755083
-3996.99335208324
-3997.4438547697
-3997.47477581691
-3997.62737036489
-3997.53359448126
-3997.56615982299
-3997.43246971554
-3997.56542739634
-3996.94650011473
-3997.24477168122
-3996.97836111238
-3997.35181821373
-3996.77405105015
-3997.32338446213
-3997.21261306182
-3997.7275134565
-3997.55401222538
-3997.6092739518
-3997.84093876615
-3997.16142332515
-3997.0733907989
-3997.30686893223
-3997.44017376245
-3997.15228035275
-3996.99698024007
-3997.21525466359
-3997.1702401648
-3997.00472349496
-3997.21507713959
-3997.15275707461
-3997.41111490986
-3997.42260120444
-3996.90833327295
-3997.54167995162
-3997.49183531996
-3997.25624891626
-3996.83762653511
-3997.37127697247
-3997.34351550488
-3997.35556445187
-3997.10386165928
-3996.53984552354
-3996.98444582747
-3997.2124897611
-3997.54099473945
-3997.66744874478
-3997.3206095364
-3997.8408159127
-3997.24647846197
-3997.06243555172
-3997.57546099301
-3997.28529352346
-3997.49074762786
-3997.25361472624
-3997.37939102484
-3997.48051948598
-3996.93664677162
-3996.82777235613
-3996.96170878316
-3997.11090343567
-3997.54055437919
-3997.45980241054
-3997.33677990368
-3997.22062522425
-3997.17484998624
-3996.87165800034
-3996.93998893414
-3997.7814903226
-3997.61811493105
-3997.70389600656
-3997.40302956981
-3997.44659944351
-3997.13761852169
-3996.81245503675
-3996.97993988371
-3997.15206595894
-3996.66082662912
-3997.38545209898
-3997.40604060394
-3997.23737997992
-3997.93753535465
-3996.97015110489
-3997.31942579388
-3996.80539847752
-3997.31258975398
-3997.47037064152
-3997.36153408
-3997.43180950223
-3997.19803156339
-3996.95144977678
-3996.96037370845
-3997.05575139678
-3997.20371498423
-3996.99900981426
-3997.29140365941
-3997.42660488135
-3997.48461338586
-3997.52408700465
-3997.10029335643
-3997.33898082814
-3997.08904715261
-3997.14756192747
-3997.22462851099
-3997.35172274212
-3997.47945337235
-3997.33603997585
-3997.05004324141
-3997.27958361972
-3997.61197204156
-3997.45210848753
-3997.29945196206
-3997.12887957362
-3997.49554571971
-3997.31534351892
-3997.67317457277
-3997.08550476
-3997.39229417415
-3997.26958857711
-3998.29512207442
-3997.31378809275
-3997.51723583882
-3997.02446050248
-3998.23207128791
-3997.53687178767
-3998.23311836173
-3997.6467623695
-3997.30912643912
-3997.35947989097
-3997.20287829108
-3997.13642509032
-3997.22673470112
-3997.17860851711
-3997.47269308688
-3997.21246543787
-3997.77309468334
-3997.33123936133
-3997.03952426564
-3997.38460368113
-3997.11301393549
-3997.69140002334
-3997.39439410194
-3997.46709121799
-3997.44216684869
-3997.07680524044
-3997.4255791879
-3997.11184151604
-3997.15285035551
-3997.21098091812
-3997.36033616179
-3998.03398476617
-3997.28925761899
-3997.00119403421
-3997.88671243829
-3997.20689999446
-3997.58068485449
-3997.04052728315
-3997.24820434582
-3997.2350504159
-3997.25305580625
-3997.30064318378
-3997.14915345937
-3997.37011915354
-3996.94933585179
-3997.16993210694
-3997.14695547497
-3997.85619501681
-3997.24944768397
-3997.31498054979
-3997.45252081367
-3998.05808825541
-3997.22946743972
-3997.46110649829
-3997.42165751205
-3997.63240567575
-3997.36399466047
-3997.24337033273
-3997.39335111345
-3997.06673394306
-3997.39322635165
-3997.29504309532
-3997.07606220379
-3997.53749431602
-3997.33426324232
-3997.19581293316
-3997.53846648821
-3997.07660220389
-3997.49314770094
-3997.51000512769
-3997.53647261355
-3997.64680996444
-3997.3413193804
-3997.54483835398
-3997.54802260566
-3997.34806624245
-3997.29603410127
-3997.26775103976
-3997.3925137629
-3997.60000848118
-3997.34359994286
-3997.45895158461
-3998.33458130014
-3997.2245048366
-3997.02130750588
-3997.29269706302
-3997.58475457212
-3997.81950655384
-3997.47107092013
-3997.37484337625
-3997.45381101778
-3997.79588162162
-3997.09117879196
-3997.19096364887
-3997.0344499625
-3997.90553892419
-3997.36957237333
-3997.12581569722
-3997.60484212349
-3997.14995436723
-3997.37553230759
-3997.27722070713
-3997.40870045019
-3997.35468797331
-3997.26174799194
-3997.35338656307
-3997.55766283997
-3997.2412877784
-3997.45782554352
-3997.13446050137
-3997.4313690172
-3997.71244189692
-3997.41745473909
-3997.37183598922
-3997.38146870777
-3997.6157047811
-3997.55057123164
-3997.50410074084
-3997.09696555593
-3997.22909302994
-3997.30367504754
-3997.34229537931
-3997.29511613408
-3997.33700469578
-3997.22870768347
-3997.36862828282
-3997.14095899512
-3997.41258273569
-3997.1775833541
-3997.28028032517
-3997.37049124687
-3997.11763287767
-3996.85362469954
-3997.17505311695
-3997.0871272671
-3997.56384225012
-3998.0563830157
-3997.29632454212
-3997.43142819049
-3996.97455284964
-3997.44090013304
-3997.08535263267
-3997.48763599843
-3997.10084994021
-3997.5991888773
-3997.51084398663
-3997.19180031767
-3996.90732855616
-3997.21998392258
-3997.07472625448
-3997.34080832017
-3997.40313716529
-3997.64572917373
-3997.29709471083
-3997.13368168005
-3997.10377063277
-3996.96168263476
-3997.45605155997
-3997.21619774103
-3997.38441737571
-3997.26735333047
-3997.27744310425
-3997.07772407568
-3997.02891986664
-3996.94125336801
-3997.17762153559
-3997.31764052297
-3997.73685931879
-3997.17231594722
-3997.07147165313
-3997.33220713443
-3997.02160698384
-3997.28274456723
-3996.90066017496
-3997.80872000516
-3997.30114043011
-3997.3830035232
-3997.29485877288
-3997.33843487835
-3996.93779274823
-3997.45130403742
-3996.91731911894
-3997.46104667945
-3997.30007502329
-3997.95376119149
-3997.39510556716
-3997.21839520398
-3997.07435087361
-3997.31368472928
-3997.47000642191
-3997.03244484099
-3997.24285713554
-3997.53428150032
-3997.4767644345
-3997.47651835393
-3997.23917293639
-3997.17147086733
-3997.55837656275
-3996.89955531376
-3997.31287378808
-3997.87060207142
-3997.44716433153
-3997.55950620236
-3996.95606473941
-3997.03599405548
-3997.14066500489
-3997.21079138577
-3997.10760394882
-3998.21124254197
-3997.26021918051
-3998.21430127741
-3997.65698051611
-3997.44345491129
-3997.01040563916
-3997.44500499974
-3997.19845849231
-3997.33448057789
-3997.37877974761
-3997.04776742581
-3997.39185053715
-3997.18610837988
-3997.03495395214
-3996.7032119215
-3997.14902767541
-3997.36361748066
-3997.40458616767
-3997.29434536696
-3997.44176859279
-3997.00218530203
-3997.29734972902
-3996.95222415413
-3997.52595440207
-3997.17329162514
-3997.50708710128
-3997.39961651584
-3997.12080646948
-3997.37285687972
-3997.11168786721
-3997.17775188918
-3997.32510941518
-3997.19888391971
-3997.26394807088
-3997.17359587215
-3996.93645577153
-3997.31013043343
-3997.38486335573
-3997.62398248479
-3996.98442509583
-3997.49869233534
-3997.34900539891
-3997.09916987096
-3997.15679647279
-3996.88400022074
-3997.43750191912
-3996.8030314313
-3997.40549312466
-3997.16271124029
-3997.47731762069
-3997.22592003487
-3997.21808642509
-3997.32465935673
-3997.35551816424
-3996.95145446107
-3997.26496986855
-3997.37846764089
-3997.2528647427
-3997.24676443858
-3997.32170544276
-3997.60283307458
-3997.32424836909
-3996.88438157045
-3997.44117843842
-3997.28191902479
-3997.37290179793
-3997.50208123622
-3997.01694641885
-3997.42597980161
-3997.04996945907
-3997.61975707534
-3997.3114259274
-3997.23939483273
-3997.3137213492
-3997.56018455325
-3997.51604320061
-3997.31595135532
-3997.41930986099
-3997.19134583928
-3997.28920200107
-3997.48612496606
-3997.30391314072
-3996.92539463003
-3997.23785640499
-3997.11123563633
-3997.36299807114
-3997.41538377004
-3997.80499199806
-3997.57128697969
-3997.18156271167
-3997.07183677385
-3997.1486801749
-3997.06494656064
-3997.11479578127
-3997.10482645026
-3997.61251120005
-3997.44700295699
-3997.34602978772
-3997.52763462671
-3996.81150940941
-3996.93000316404
-3997.09070962695
-3997.39255749413
-3997.58907747344
-3997.60422608856
-3997.33787240971
-3997.17659727677
-3996.77397225082
-3996.99326949848
-3997.28650634604
-3997.18873423314
-3997.30589342303
-3997.40124440696
-3997.36404637181
-3997.563868195
-3997.38554636792
-3997.0405499422
-3997.09854944187
-3997.17406333451
-3997.34018663734
-3997.2683847413
-3997.42949816623
-3997.41288548459
-3997.02907441954
-3996.93718010272
-3997.01627629692
-3996.91032684863
-3997.52992558331
-3997.369781563
-3997.19077449697
-3997.93093884129
-3997.28122069155
-3997.12200361068
-3996.89397733843
-3997.16159076444
-3997.38948077928
-3998.07718906664
-3998.44212323755
-3997.42475423043
-3997.33821184786
-3996.70085459565
-3997.27680986451
-3996.85403265984
-3997.64418020953
-3997.39309425096
-3997.5438440904
-3997.23866941764
-3997.66620345953
-3997.06807108049
-3997.61066941016
-3996.91426461208
-3997.12389823922
-3997.29241900772
-3997.95491807562
-3997.515342878
-3997.41752634366
-3997.32688706557
-3997.00260749528
-3996.92526417775
-3997.02300292023
-3998.27683127684
-3997.34267047208
-3997.49483753108
-3997.1703199898
-3997.39472961431
-3997.07113053752
-3997.29029288265
-3997.19248921616
-3997.30758193872
-3997.61828756098
-3997.45267835627
-3997.48750727784
-3997.11417963834
-3997.39734326231
-3997.10602504078
-3997.3929521021
-3997.28901662628
-3998.123984179
-3997.14496127113
-3998.54096966
-3997.33104856695
-3998.77294454046
-3998.95977024211
-3998.93601926599
-3998.34946001205
-3998.1602271832
-3998.70432758296
-3998.3416977864
-3998.90193061889
-3998.79369452242
-3998.94245336931
-3999.00969564654
-3998.22448863615
-3998.2958698661
-3998.65829996994
-3998.50954343961
-3997.36597394532
-3998.81145379178
-3999.19079407153
-3998.88994854007
-3997.17302848749
-3998.25155432122
-3998.88544197029
-3998.47069250509
-3998.9862369655
-3998.92877653206
-3999.14731195818
-3998.85362146618
-3998.38248466251
-3998.42679234192
-3998.71885503834
-3998.8755027196
-3998.86572773248
-3999.18329452441
-3999.1049763733
-3999.16536774656
-3998.43252461104
-3998.36393934916
-3998.65057558466
-3998.60789324197
-3998.62589548207
-3998.98452335415
-3999.18851911843
-3998.94743648115
-3998.24985301537
-3998.21122122854
-3998.77929865681
-3998.78012302641
-3997.39201764718
-3998.53059576289
-3997.27860857776
-3999.26250129977
-3998.88381702789
-3998.34613721606
-3998.62156394846
-3997.25512055583
-3997.25436153486
-3998.53514371666
-3997.43118694108
-3999.06565147639
-3998.50338633731
-3998.31505190192
-3998.91773676457
-3998.43539191959
-3998.75047765444
-3997.38258234831
-3998.77158719144
-3998.95114904956
-3998.54561114492
-3998.30933271086
-3998.73414936268
-3998.55884015941
-3998.91955095448
-3998.26449345842
-3997.47568585232
-3998.78664005578
-3998.815745692
-3998.57435854758
-3998.87436939945
-3998.86857148547
-3998.90156704174
-3998.84196566822
-3999.02827463876
-3999.05083568287
-3998.42040842781
-3998.10952909227
-3997.26895111522
-3998.90203654636
-3998.91535728643
-3998.84508241636
-3998.78956669442
-3998.81588151764
-3997.35003913774
-3998.55505642409
-3998.99907385996
-3999.12443697603
-3998.8519120733
-3999.05890016544
-3998.88691407925
-3999.11321418654
-3998.46728233208
-3998.40031395001
-3998.66955377039
-3998.82002496072
-3998.34630790469
-3997.3857116021
-3998.89004838087
-3998.98680384527
-3998.0762758367
-3998.4483259747
-3997.20068899813
-3999.05412243665
-3998.79876423036
-3998.78327787555
-3997.36005801762
-3998.89971530623
-3998.7182663225
-3998.43361849042
-3997.39986355938
-3998.36134652945
-3997.41348249131
-3998.89004838087
-3998.8894303305
-3998.98795494382
-3998.23748928391
-3998.61349266127
-3998.81209094695
-3998.77862105009
-3999.02056094532
-3998.74492422749
-3997.44383356043
-3998.78549661914
-3998.28802843674
-3998.15754296517
-3997.53517467927
-3999.02926587218
-3998.88394846154
-3999.15607058097
-3999.19138613512
-3998.72873289428
-3998.16539657658
-3998.47007875097
-3998.8603501288
-3998.9076159392
-3998.91712529372
-3999.00802127071
-3997.28007841967
-3998.5714211334
-3998.08485327329
-3998.22680843634
-3998.82552786718
-3998.87810051088
-3998.78948213487
-3997.34324026874
-3999.01368910295
-3997.26162050007
-3998.24404749433
-3998.37459428459
-3998.76324910701
-3998.75193779198
-3997.39652350573
-3998.89672039223
-3998.97703852217
-3998.89900481066
-3998.77533331279
-3998.49636851331
-3999.03866076989
-3998.96602383668
-3999.08321124813
-3999.01368910295
-3997.50102988232
-3998.97892078921
-3998.33790260798
-3998.15521243501
-3997.21377211423
-3998.40327379631
-3998.82105945719
-3998.83349530387
-3999.16261455315
-3998.99462931003
-3998.39331118241
-3998.55686675574
-3998.91666004986
-3998.85679668005
-3999.19819175805
-3998.89634577003
-3999.22924691676
-3999.12916531803
-3998.6081507518
-3998.56581135326
-3998.79683380749
-3998.79986249912
-3998.87579517518
-3998.62517969294
-3998.88173378282
-3998.67684167026
-3998.48974268336
-3998.043446027
-3999.07331009241
-3998.96763456423
-3999.24339603587
-3999.05370477303
-3998.44908435014
-3999.100474441
-3998.29168948697
-3998.18235272904
-3998.56139473612
-3998.83345714641
-3998.65214532391
-3998.98255175677
-3998.7134444333
-3998.61913424218
-3998.27674934586
-3998.61501284323
-3998.56807456186
-3998.74267865385
-3998.10162766702
-3997.41072829264
-3997.75258301971
-3998.64407761474
-3998.12943786633
-3998.21609593789
-3998.50774490024
-3997.38002457269
-3998.43471057341
-3998.79053998946
-3998.85742654414
-3998.77268786213
-3998.58173269184
-3998.48226858599
-3999.22042329882
-3997.39146984777
-3997.42041809983
-3998.38652298326
-3998.64080886965
-3998.68747156709
-3998.31209377999
-3998.44882875166
-3998.84394544884
-3997.41772005069
-3998.59172642308
-3997.30538240566
-3998.74805682879
-3998.78211601767
-3998.31202654336
-3998.98383318504
-3998.98383318504
-3998.76433778082
-3999.06636084729
-3998.91191803715
-3998.8093625952
-3998.77575818273
-3998.35064250425
-3998.98383318504
-3999.10393909038
-3999.16875378797
-3999.10704395492
-3999.09025077893
-3999.04919224806
-3998.84529633833
-3998.22530288439
-3998.73148642575
-3999.11080742311
-3999.17602341355
-3998.97904698651
-3999.11206002236
-3998.85085903059
-3998.88104501733
-3998.20122575902
-3998.20039768558
-3997.454587114
-3998.86189549693
-3998.95874525269
-3999.11673407765
-3997.52360006042
-3998.54909735411
-3997.37161478735
-3998.67174326378
-3998.81586323173
-3998.89651710051
-3997.34272691637
-3998.89503888459
-3998.92585960744
-3998.5537357888
-3997.29962039821
-3998.38719971223
-3998.95984489446
-3999.09814653653
-3998.9138931506
-3998.86336464319
-3998.85016729839
-3998.7514039217
-3998.30070592152
-3998.96045011444
-3997.29342862571
-3998.59802857392
-3997.3887353755
-3998.62042089434
-3998.87600406097
-3998.72087100027
-3998.37413457728
-3998.16666368683
-3999.16151503077
-3999.33103513443
-3999.23939877388
-3999.01743101605
-3999.02582127423
-3999.01916539103
-3998.38044674316
-3998.47101411926
-3998.74358671629
-3998.90119013203
-3998.77073907538
-3998.9084461685
-3998.7231582381
-3997.42127575877
-3998.32889792376
-3998.55464047471
-3999.01747855627
-3999.30896137186
-3998.9131759522
-3999.03282520061
-3998.58345662927
-3998.90489846693
-3998.20903174119
-3997.44476342778
-3998.86176619003
-3999.11629550312
-3998.65532353678
-3998.98824888794
-3998.78092917431
-3998.819518487
-3998.19551160214
-3998.28804745107
-3999.27119161696
-3999.2462231922
-3999.14155175614
-3997.48303999951
-3997.28878855648
-3997.21787362779
-3998.43812653262
-3998.98937061084
-3999.28038703007
-3997.46230695455
-3998.85094402159
-3998.74654230897
-3998.80593764594
-3998.66035983854
-3997.3495822315
-3999.26206926586
-3999.26206926586
-3997.45195163326
-3999.05959937424
-3999.14155175613
-3998.70108782351
-3998.24431926666
-3998.21947954769
-3998.51421398679
-3999.5750819037
-3999.32172704461
-3999.23063520298
-3998.75526185374
-3998.92492405522
-3998.77259064937
-3998.52419592618
-3998.31154056104
-3999.13916085789
-3999.22039291898
-3999.4307175478
-3998.90444991705
-3998.89027825315
-3997.25459563247
-3998.29955615553
-3998.35786378581
-3999.05075521005
-3999.57155050763
-3999.13751926642
-3999.11353421173
-3999.03030169772
-3998.82180771775
-3998.4355157673
-3998.48710560168
-3999.00015588431
-3999.070848079
-3998.72027457379
-3998.89028697358
-3998.59010379211
-3998.92847735298
-3998.32775975002
-3998.35468384435
-3998.73449609931
-3998.85310659321
-3998.81579726467
-3997.34132264598
-3998.7114752053
-3998.86775360391
-3998.47152613026
-3998.43676914847
-3998.89557076251
-3998.98701412656
-3998.80427286148
-3997.48464341354
-3998.87461695903
-3998.65012291832
-3998.24385838478
-3998.45206709188
-3998.86847905952
-3998.91052715463
-3998.9846053276
-3997.39958756214
-3999.10669760383
-3998.83138176166
-3998.26580437413
-3998.59734527596
-3997.35304734515
-3998.36525591817
-3998.78624275058
-3998.72062752115
-3999.16376297825
-3999.03231906211
-3998.5251705079
-3998.06600123638
-3998.65181074134
-3998.97529012069
-3998.99731090161
-3999.16595876152
-3999.1913276954
-3999.27778728352
-3998.58180534478
-3998.74374436787
-3998.42820932252
-3997.40160887718
-3998.62721306862
-3998.94640415451
-3998.85841960972
-3999.00611801625
-3998.36315673734
-3997.56956473669
-3998.63695138131
-3998.62709538918
-3997.48953109301
-3999.07369549885
-3998.88060951314
-3999.13892425726
-3998.55930216135
-3998.64224260898
-3998.5805715036
-3997.39736482157
-3998.62856742561
-3998.95178133973
-3998.87913746175
-3997.23179197741
-3998.70540453933
-3998.22815985549
-3998.79042049982
-3997.45329447568
-3997.42415238878
-3998.6544836136
-3998.95055077058
-3998.94780973695
-3998.55330242886
-3998.61063733515
-3999.07593781741
-3997.52888628543
-3999.04649869524
-3998.92980918643
-3998.92483492529
-3998.73591069894
-3997.44003514681
-3998.68177942967
-3997.32001660441
-3998.72715549268
-3998.99845814414
-3999.03617885068
-3999.08369842007
-3998.97242078908
-3998.8098029233
-3998.89932468655
-3999.23056610377
-3999.32589505385
-3999.107107065
-3999.01966291227
-3998.85278118554
-3998.56376313501
-3997.48385981205
-3998.59458463703
-3999.1485949603
-3999.05906632992
-3999.04524059644
-3999.06344360264
-3998.85758956387
-3998.77900638068
-3998.72905954399
-3999.58051768797
-3998.91967100515
-3999.30071753437
-3998.77189318665
-3998.93999861417
-3998.72683862666
-3998.89199248289
-3998.37632947694
-3998.69097455908
-3998.91848565113
-3999.17210879065
-3998.71464812625
-3997.39017632018
-3998.65864924783
-3998.79196111522
-3998.40713479574
