# type 2 occupying volumes
14168.9584711182
14162.9243413044
14162.01631047
14162.1795842175
14159.4351343931
14163.341952652
14162.4110992567
14164.9668718927
14165.4843424491
14161.5925857595
14161.6542114452
14160.7783436987
14161.4927841863
14162.605062052
14162.7664210314
14166.1763528577
14163.4179751124
14163.0508623516
14162.9645535623
14162.0198301566
14162.5436883889
14163.3171528747
14162.35916793
14165.3731802377
14166.5966140503
14163.3579576363
14162.2342782473
14159.435134436
14162.0375485941
14163.210521766
14163.7113714118
14165.7255987312
14164.0041641194
14163.7600887318
14163.2601881031
14161.6439313696
14163.2499931433
14163.3014022117
14163.6269918336
14164.9353958102
14165.2871808577
14161.8594838126
14161.8389002257
14162.2409381247
14162.2396377639
14163.7156494164
14162.7632879114
14165.7138320793
14165.7662447522
14164.2266558973
14162.6162106402
14161.4239141586
14163.6427168592
14159.4351343994
14162.6671599797
14164.8844580528
14164.8143331393
14164.1148043519
14164.3854763239
14161.3421922353
14162.3609054216
14160.734746551
14163.3358850367
14164.7784839648
14165.7826250316
14163.6905247454
14160.7197958701
14162.8710526395
14162.1058920704
14161.581142893
14162.3670749586
14165.1020544818
14164.5432910936
14163.6887217783
14163.1644076163
14162.4072286312
14163.8604941605
14161.4013943176
14162.2729771982
14165.6422020859
14165.1955536151
14162.6451070176
14157.9002503306
14163.0241778527
14162.1505187129
14163.8140325703
14162.6649699755
14165.6336430711
14164.3471933605
14161.9333611647
14162.4584797006
14162.7169090864
14162.8391097742
14162.0357017372
14162.0857781102
14166.1519675651
14165.9387666224
14161.5812951214
14161.1813948974
14161.9235581815
14162.1621204947
14161.437582896
14162.3179339569
14164.7565802469
14165.8292518677
14161.6385494642
14161.485851531
14162.5585894096
14162.7626299595
14162.427379119
14162.7387442668
14166.0668685743
14166.0217831761
14159.4351344131
14161.3894467234
14162.8786176934
14161.3057156336
14161.9931719497
14162.7316965402
14164.891731766
14165.3877095221
14161.5635830928
14163.0593221523
14162.1162622133
14161.2769651184
14161.8220852189
14163.1624251144
14165.7666803741
14166.1788286815
14162.3343815833
14161.1407326896
14162.273536921
14159.4351344348
14162.1086476524
14163.4029727964
14166.183378922
14164.9200705753
14162.6846917879
14160.3187817424
14162.4080852975
14161.2070497577
14161.7999239751
14162.1456460824
14165.3418294516
14163.6513509462
14161.5902812277
14161.3754912766
14161.689023317
14163.14494538
14162.6874331488
14162.9253297145
14167.3833512219
14164.8917236817
14161.8338270515
14161.1718405888
14162.8704744856
14162.5531744892
14163.5120822588
14162.5392893672
14165.7421895112
14164.0328599441
14164.2016480691
14161.7072117604
14161.9041612776
14163.6566389762
14162.0120766643
14163.6008994545
14165.769036607
14163.3637040232
14162.3836122898
14161.5659450767
14163.3088487739
14162.9716183078
14163.460867984
14159.7906656183
14164.6824044933
14165.1343581513
14161.6505838076
14161.0720247516
14160.9448972276
14162.3591421202
14161.7752848564
14162.6902457904
14165.3958313092
14164.3805628134
14162.2547001357
14162.9422597523
14161.1805015413
14163.7175374769
14162.0431404171
14162.1568774127
14165.3992947263
14159.4351344738
14162.3436537623
14161.3716218492
14162.8508869666
14162.2785080981
14162.4091251335
14162.0537134826
14165.9090142898
14164.362430956
14162.3073360799
14162.4509912964
14162.2432269684
14161.8919424232
14162.0744509669
14162.3682225864
14166.2778158726
14163.3927983829
14161.5146335861
14161.9983675368
14162.9388699427
14162.521874451
14159.1490023531
14162.3127692075
14165.697165823
14164.8058709046
14161.2414154524
14162.4450897124
14161.6573172998
14163.0848415703
14162.2849608911
14159.1490023988
14166.9741189263
14163.8043949443
14159.4351343858
14162.3256266782
14162.1071943032
14158.7859926175
14161.1942261284
14163.6276965783
14165.6353105972
14165.5193915959
14161.2458751921
14161.836917918
14161.4495422458
14161.294822106
14160.6319133721
14162.3610576466
14165.4024733989
14165.8343458716
14161.3307150416
14161.3726720764
14162.458935913
14160.536832056
14161.6493774664
14161.8055412163
14165.8161708122
14165.1335280503
14161.8621778716
14161.6924047351
14162.2916987602
14161.5703798453
14161.5136541354
14162.3135579766
14164.9817179248
14164.0009524229
14162.4571181526
14161.8658742043
14162.5956167294
14161.8553303003
14162.2566162731
14162.0075072522
14159.4351343737
14165.1082099647
14163.224811977
14162.2253498784
14162.1254357005
14161.9906947826
14161.5008668892
14162.4001481051
14165.7450902209
14164.5242051264
14162.8268803789
14161.8817203288
14163.0252637632
14162.4023303786
14162.9129338684
14162.2743308815
14165.3942087743
14164.0525181639
14162.2091818323
14162.6176754003
14162.0605771289
14162.6400183226
14162.0757305943
14162.4506045655
14165.7500522501
14164.1603295061
14162.1977734604
14162.277671915
14162.2345899025
14162.900206277
14162.1335632447
14159.0708909261
14165.1977926199
14163.998723711
14163.4614137342
14162.3593499718
14163.388984333
14163.2372031731
14162.9602649551
14161.2005369805
14166.103808263
14164.0344761492
14161.7988144996
14161.4449772647
14162.0507244465
14161.8961481387
14161.9296090853
14161.3755829197
14163.4246109848
14164.507822006
14163.5245489479
14162.8484965717
14163.8808570453
14163.7109373562
14161.9402791515
14161.2270490699
14162.7813728895
14164.2180306251
14161.9964318644
14161.8447483048
14162.7783600379
14162.5137690818
14163.0148207435
14162.2598356701
14163.6799867996
14165.05188859
14162.896260215
14163.160056661
14161.6521757398
14163.168393745
14161.6626514643
14161.2192027439
14163.0908958386
14165.5304994573
14158.3966127377
14161.9282980001
14162.4547899572
14162.3596943814
14162.3784546002
14162.263905016
14164.5088589493
14164.8922693872
14161.1830488494
14162.6926408969
14162.8915108931
14162.1374589275
14162.6162332241
14161.679877309
14165.708954169
14165.824815759
14162.0255692413
14161.7052246952
14161.7689705633
14162.6879701232
14159.4351343999
14163.1698014853
14165.1936899609
14164.5746292004
14161.8403567835
14162.5778371474
14161.9679449926
14162.0563433383
14161.9907054612
14162.6272150297
14164.037309125
14165.1521038833
14162.7009596783
14161.4855482799
14161.8453242401
14162.2952913932
14160.544253588
14162.0756963873
14164.0736684097
14166.5665074633
14162.4377526829
14161.6013942254
14162.2178872983
14162.1537380864
14161.3856645138
14161.9969989177
14164.7042367781
14166.6564055824
14161.9494053193
14161.9219850195
14161.0688926253
14161.9225930992
14160.72541403
14161.7659732047
14165.1297073951
14166.1408404548
14162.5709191393
14161.6285624006
14162.4483814928
14162.0853233275
14162.1042426076
14161.9821310715
14165.0819142542
14163.3301485636
14163.8281173952
14162.8020042488
14159.0708912905
14163.1660052657
14159.070891245
14163.3604056788
14165.5361656062
14165.6922907636
14163.1032831375
14163.0511875263
14162.2057793672
14162.8835308301
14161.4611117763
14163.1205662813
14164.5928495689
14165.2938674903
14163.1579119496
14162.9589689608
14161.5543918658
14163.9411251495
14160.9465143046
14163.1769642698
14164.2277006929
14165.9249307398
14163.9239427629
14163.931184764
14163.7446744196
14162.6456086081
14162.6910175532
14162.3382704929
14165.4106739318
14166.2348323786
14161.7657997149
14162.3646169891
14161.7634094374
14162.1889275976
14161.5670885716
14161.5113145759
14164.4802509725
14165.5973538799
14163.3237883807
14165.1709984578
14164.0146043726
14161.9746165311
14160.7375202239
14162.7491131926
14164.8096241047
14165.4671316232
14157.9002480012
14161.9845445301
14163.3025557409
14161.7993891591
14162.3317160104
14161.6349878214
14163.6078704808
14167.0991916605
14163.4849716197
14163.3972743643
14163.0376708143
14162.9070818294
14161.4682948953
14161.9098168997
14164.4926014163
14165.5188509932
14161.3484624326
14162.6473026701
14162.162278139
14159.1490023561
14162.4548655892
14162.7040817823
14165.2204538361
14165.2144401725
14162.1684476841
14161.980947459
14162.6663290429
14161.3259753132
14161.5410594224
14160.732822977
14164.7296782356
14165.1848156643
14161.8945511009
14161.2853077812
14163.0491400638
14161.6370123039
14161.837789668
14162.0129955081
14164.73034237
14165.419292587
14162.16334255
14161.4008669659
14162.7061754111
14161.745580303
14162.6284745003
14163.2022919834
14159.0708912217
14165.5668090566
14162.234838067
14161.4173526716
14162.6028977637
14159.1490019376
14161.4206365843
14161.6431942502
14164.5984145568
14165.2777840765
14163.497398414
14159.1490023201
14162.5629197187
14162.1261686757
14161.3494235539
14162.8218476416
14164.7830384371
14159.0708904029
14167.8757038093
14159.070888968
14167.6657210403
14159.4351345789
14159.0708907532
14159.0708912346
14157.9002503767
14159.2923862993
14159.0708905524
14159.4351342438
14159.4351343932
14159.4351344204
14159.0708912222
14158.7859930697
14159.14900249
14159.4351337674
14159.0708912341
14159.1490023475
14159.4351348494
14159.4351344213
14159.070891277
14159.0708912602
14162.5871355736
14159.0708918178
14159.4351343978
14159.0708912335
14159.0708912498
14159.0708912389
14159.0708894831
14158.7859932269
14157.9002496434
14159.4351344121
14159.0708912143
14159.4351344205
14159.070891189
14159.4351364193
14158.7859926982
14159.0708899326
14158.7859928795
14159.4351344068
14159.0708909106
14159.0708912667
14158.7859929354
14159.0708908518
14157.9002503013
14158.7859923358
14158.7859929286
14159.4351343946
14159.4351344257
14158.7859953984
14166.8328764657
14159.4351343502
14158.7859912249
14158.7859929199
14159.4351344062
14159.0708899923
14159.4351203548
14159.0708912254
14159.4351341761
14158.7859951242
14158.7859928693
14159.0708904103
14159.0708911968
14159.070891169
14158.5460566185
14157.9002503222
14159.1490025772
14167.1164775013
14158.3966136469
14158.7859939228
14158.7859929008
14159.4351343927
14159.4351344037
14159.4351344385
14159.4351351706
14159.4351342579
14159.1490023947
14158.7859928627
14158.7859928542
14159.0708912379
14167.1640079145
14158.3966127433
14158.7859921307
14158.7578779732
14159.1490018337
14158.7859929626
14158.7859928915
14158.7859928932
14159.4351305303
14159.4351358452
14159.435134388
14159.4351344425
14158.785992933
14159.1490023304
14162.9097518559
14159.0708908893
14159.4351344063
14159.435130738
14159.4351344099
14159.1490025196
14159.1490023219
14159.1490023367
14158.3966127405
14159.4351343911
14159.4351344026
14159.1490017212
14158.7859928958
14167.3955563871
14159.149002314
14158.785992943
14158.3966127633
14159.0708912461
14159.0708912184
14159.4351344102
14159.4351344248
14159.0708912165
14159.0708851268
14159.0708909554
14159.0708912624
14159.1490019198
14159.4351343422
14159.1490023359
14159.1490023048
14159.4351343933
14159.435134407
14158.7859924661
14158.7859947921
14159.7360820678
14159.0708917287
14159.4351359227
14159.4351344123
14159.1490018941
14158.7859927587
14158.7859920747
14159.1490022733
14159.435135007
14167.972954653
14159.0708912157
14158.7859931847
14159.149002382
14158.7859932128
14158.7859925785
14158.7859930618
14159.0708912391
14159.0708912156
14159.0708912805
14158.7859928724
14158.7859929352
14158.7859928079
14158.7859929003
14158.7859929296
14159.4351343453
14159.4351343794
14159.4351344483
14159.4351344163
14159.1490023944
14158.7859929081
14158.7859929106
14158.7859929751
14159.4351344387
14159.0708900522
14159.0708909834
14167.827289156
14158.7859929286
14158.7859931078
14158.7859925757
14159.1490018106
14159.0708912135
14159.0708912108
14159.0708912296
14159.0708912631
14158.7859949244
14167.2317271597
14158.7859921668
14158.7859924812
14159.4351343897
14159.0708912054
14159.0708912187
14159.1490023214
14159.149002311
14158.3966127768
14158.7859929132
14159.4351344372
14159.4351344142
14159.0708912649
14159.070891225
14159.1490024641
14158.7859929252
14158.7859919898
14158.7859936519
14158.785994013
14159.435133991
14159.4351344303
14159.4351343926
14159.1490023222
14159.1490023396
14157.9002500052
14158.7859929356
14159.1490021489
14159.4351339511
14159.070889412
14159.4351337327
14159.1490023053
14158.7859929138
14158.7859929192
14158.3966130072
14158.7859928831
14159.4351303346
14159.0708922863
14159.1490023643
14158.78599358
14159.1490023981
14158.7859910219
14159.1490040313
14158.7859933675
14159.0708963751
14159.0708908895
14159.4351377911
14159.0708912655
14158.7859929342
14158.7859936234
14158.7859929173
14159.4351344353
14159.070895902
14159.0708904777
14168.4029138294
14159.4351345599
14159.1490023977
14158.7859928766
14158.7859931152
14157.9002397989
14159.0708912888
14159.0708910304
14159.0708940876
14159.4351387493
14159.4351344113
14158.7859920346
14158.785992899
14158.7859963604
14159.0708914485
14159.070891237
14159.4351344065
14159.4351347821
14167.5351856903
14158.7859929449
14158.3966130905
14158.7859926577
14159.4351344473
14159.0708913301
14159.070896149
14159.1490023494
14158.7859929137
14159.149002419
14158.7859913314
14159.1490023393
14159.0708934444
14158.7859928789
14159.0708912006
14159.0708912412
14158.7859903618
14159.0708912547
14158.7859914225
14159.0708913006
14158.7859929767
14158.7859930037
14158.3966127531
14159.0708912297
14159.0708909268
14159.0708981886
14159.4351343715
14159.4351344311
14159.4351352083
14159.0708912188
14159.1490023297
14159.0708912222
14158.785992476
14166.8935347589
14159.1490023676
14159.435134338
14159.0708913874
14158.3966131837
14158.7859929198
14159.0708912792
14158.7859927726
14159.0708912376
14159.0708926541
14162.4858554079
14159.0708912288
14158.785992822
14159.0708912001
14158.7859928973
14158.785992939
14158.7859928809
14159.1490023564
14159.0708912169
14158.7859931086
14167.0610450714
14158.7859941166
14158.3966127412
14159.0708912234
14159.0708910005
14159.0708912541
14159.4351337008
14159.0708912322
14159.0708912746
14159.0708909967
14159.0708912172
14158.7859933722
14158.7859926605
14159.1490023451
14159.4351343796
14159.0708912341
14157.9002599468
14158.7859936235
14157.9002515212
14159.0708912439
14159.0708912272
14159.4351343939
14159.4351350021
14158.3966127054
14159.0708912322
14159.0708912277
14158.4409395129
14158.7859929357
14158.7251499972
14158.7859929426
14158.4409396643
14163.3879202387
14158.1855594146
14158.1855593685
14158.3290649679
14158.8220559757
14158.8220558312
14159.0708911353
14159.070891186
14158.7859927941
14159.0708922071
14159.0708912377
14159.0708903829
14167.4869538857
14158.8220554717
14158.78599292
14159.0708897556
14159.4351343988
14158.6845562614
14167.6107529244
14158.8220550015
14162.6204242153
14158.8220583563
14158.8220559554
14162.1261699905
14159.4351357337
14159.070891203
14168.0721435546
14158.4409421812
14158.8220568667
14159.4351347132
14158.7859918367
14159.1490069607
14159.070891049
14159.0708912189
14159.0708916225
14157.5452293166
14158.4409394113
14159.1988432033
14159.0708929195
14159.4351183399
14158.7251506908
14159.4351344182
14158.7859929104
14159.0708912216
14159.4351343922
14159.0708952034
14158.7859929139
14158.7859932534
14158.785992919
14158.7859925224
14158.3966138341
14158.7859929196
14158.7251506797
14159.0708912451
14159.0708912317
14159.4351343914
14159.0708906489
14159.0708912642
14158.6845562549
14159.0708909592
14159.0708912488
14159.0708898582
14159.0708912285
14159.0708907579
14158.3264301256
14159.0708909385
14159.0708886521
14159.0708912263
14159.070891202
14159.0708912514
14159.4351326789
14159.4351343646
14159.0708912403
14159.0708981374
14159.0709032675
14159.0708912843
14159.0708911976
14159.0708912517
14159.070891158
14159.0708912446
14159.4351344228
14158.3264303112
14159.0708916347
14159.4351337492
14159.0708912545
14159.0708912358
14159.4351344168
14159.0708921931
14159.0708912715
14157.9002480166
14158.3966127179
14158.396612705
14159.0708912355
14158.6845568859
14159.0708912321
14159.0708912131
14159.4351344175
14158.7859928732
14158.3264310207
14157.9002538707
14159.070891615
14159.0708912544
14159.4351344194
14159.0708910492
14158.3966144645
14157.9002496437
14158.3966127662
14158.3966127391
14158.3966110536
14158.7859925538
14158.3966127929
14158.7859929966
14159.0708912604
14157.9002514802
14157.9002511516
14158.7859929665
14158.3966130158
14158.7859929079
14158.7578762467
14159.2133238389
14157.9002553816
14157.9002498387
14157.545231873
14157.9002514236
14157.545227631
14158.7251507395
14157.900250301
14159.0708912682
14158.1855593602
14157.9002499884
14157.9002524347
14167.645044014
14158.396610616
14158.4409395618
14157.900250719
14158.7859934914
14158.1855594596
14157.9002531412
14157.9002511054
14157.5452374808
14158.3290649753
14159.3005126805
14158.7251506963
14159.6763659776
14158.1855594345
14157.9002622893
14157.900250681
14159.0708995652
14158.043683798
14159.0817150861
14159.0708904851
14158.7251506456
14159.0708912836
14158.3609535845
14157.9002460803
14158.043684207
14158.7251506843
14159.4351343881
14158.4409395393
14159.9048175963
14159.0708912207
14159.0708911898
14157.9002517023
14159.4351355724
14159.7141179697
14159.4351350065
14159.4351343972
14159.4351344143
14158.785992914
14159.0708918074
14157.9002476535
14158.7859929195
14158.7251507335
14159.0708912297
14159.4351344241
14159.4351342044
14158.7859928928
14159.0708912562
14157.9002503432
14159.4351344281
14159.4351344084
14159.4351344135
14159.4351374204
14159.0708900171
