# type 1 occupying volumes
13176.1770393565
13173.698037857
13176.1770393565
13171.1745209797
13172.8298201406
13176.1770393565
13172.9183054093
13176.1770393565
13176.1770393565
13174.9095234963
13176.1770393565
13173.3343359223
13176.1770393565
13173.1767803393
13169.0058013719
13176.1770393565
13176.1770393565
13176.1770393565
13176.1770393565
13176.1770393565
13172.3100972471
13176.1770393565
13174.7315750433
13176.1770393565
13176.1770393565
13173.0878115041
13176.1770393565
13173.9663055846
13176.1770393565
13171.3434073124
13171.8103243322
13176.1770393565
13176.1770393565
13176.1770394993
13171.5039478181
13176.1770393565
13171.4649905309
13169.2586631207
13175.092238064
13176.1770393565
13172.7577176731
13176.1770393565
13170.4687714369
13171.1525888043
13169.2136292815
13170.6015916395
13176.1770393565
13176.1770393565
13176.1770393565
13169.8508627823
13170.9825905638
13176.1770393565
13169.2472264992
13170.1483092672
13176.1770393565
13176.1770393565
13168.7968622895
13176.1770393565
13170.0651886973
13170.0315327072
13176.1770393565
13170.2508308163
13169.5784952372
13176.1770393565
13176.1770393565
13171.5778019771
13176.1770393565
13176.1770393565
13173.0807691778
13176.1770393565
13172.724715761
13176.1770393565
13176.1770393565
13173.42416504
13169.2652672367
13176.1770393565
13171.5615215874
13176.1770393565
13173.4063285982
13176.1770393565
13176.1770395334
13173.3291400415
13169.0766304274
13172.2784653791
13176.1770393565
13170.5301391522
13172.0876812956
13176.1770393565
13176.1770393565
13175.4117471606
13176.1770393565
13176.1770393565
13176.1770393565
13176.1770393565
13175.2502175392
13176.1770393565
13176.1770393565
13175.9055064784
13176.1770393565
13176.1770393565
13172.7671632077
13176.1770393565
13173.3600045923
13176.1770393565
13176.1770393565
13174.9692448612
13176.1770393565
13176.1770393565
13172.5338715613
13176.1770393565
13174.1646879328
13176.1770393565
13176.1770393565
13176.5783750587
13176.1770393565
13176.1770393565
13173.6115314931
13169.479322666
13173.0942108084
13168.3712683552
13176.1770393565
13172.6734762823
13176.1770393565
13172.3357046772
13169.8146773547
13171.7532975573
13176.1770393565
13171.2720965817
13176.1770393565
13174.4079899791
13176.1770393565
13173.4768774267
13176.1770393565
13173.805878785
13176.1770393565
13176.1770393565
13176.1770394099
13174.4461628823
13176.1770393565
13174.3674300714
13176.1770393565
13171.488623599
13176.1770393565
13176.1770393565
13176.1770393565
13174.4543275429
13176.1770393565
13174.0485351597
13176.1770393565
13171.5375139533
13176.1770393565
13176.1770393565
13176.1770393565
13173.2907479017
13176.1770393565
13176.1770393565
13176.1770393565
13176.1770393565
13172.1388109627
13176.1770393565
13176.1770393565
13173.4126134675
13176.1770393565
13172.3363096876
13176.1770393565
13176.1770393565
13172.2659033278
13176.1770393565
13176.1770393565
13173.1764655359
13176.1770393565
13176.1770393565
13172.2825526033
13176.1770393565
13173.7472480224
13176.1770393565
13170.122762173
13173.0298215138
13176.1770393565
13172.5518744319
13176.1770393565
13176.1770393565
13171.1461826027
13176.1770393565
13176.1770393565
13173.0812381415
13176.1770393565
13170.8983406123
13171.2527285942
13176.1770393565
13174.5790647998
13176.1770393565
13176.1770393565
13173.629487343
13176.1770393565
13176.1770393565
13176.1770393565
13170.9211682901
13173.6698941312
13176.1770393565
13176.1770393565
13174.0003304809
13176.1770393565
13172.7676148959
13171.4876292657
13176.1770393565
13173.6200848506
13176.1770393565
13176.1770393565
13174.2923025158
13176.1770393565
13174.3516888629
13172.5970792185
13172.7476006334
13176.1770393565
13171.6808722212
13176.1770393565
13174.3099886212
13176.1770393565
13173.2578068869
13176.1770393565
13172.9335538509
13176.1770393565
13176.1770393565
13176.1770393565
13173.5940825531
13176.1770393565
13171.7032159038
13171.4312423063
13176.1770393565
13172.126142159
13173.3218835803
13176.1770393565
13173.9441442822
13176.1770393565
13172.758719667
13176.1770393565
13176.1770393565
13171.6997999857
13176.1770393565
13176.1770393565
13173.9532227635
13176.1770393565
13173.1287427716
13169.5603632566
13173.8661149034
13176.1770393565
13174.2712092324
13176.1770393565
13174.1713570821
13176.1770393565
13173.6343179097
13169.5571567238
13170.6861360654
13176.1770393565
13173.0363012137
13176.1770393565
13172.6146080959
13176.1770393565
13168.7875553803
13176.1770393565
13176.1770393565
13176.1770393565
13176.1770393565
13176.1770393565
13176.1770393565
13176.1770393565
13176.1770393565
13176.1770393565
13165.8105350205
13172.3588931626
13176.1770393565
13176.1770393565
13176.1770393565
13176.1770393565
13176.1770393565
13171.3816726278
13176.1770393565
13174.4114796957
13176.1770393565
13176.1770393565
13169.3348478165
13171.9286918264
13176.1770393565
13172.1958466767
13176.1770393565
13172.6342270565
13176.1770393565
13176.1770393565
13171.3370174454
13172.0411614243
13176.1770393565
13173.9779773119
13176.1770393565
13173.9095088614
13176.1770393565
13176.1770393565
13172.1940537808
13168.9080136082
13171.8651833327
13173.3778218497
13176.1770393565
13174.3820990362
13176.1770393565
13176.1770393565
13172.3944954981
13169.7418377546
13172.6128760641
13172.4717965154
13176.1770393565
13173.677659591
13176.1770393565
13167.2291253517
13173.6149298625
13176.1770393565
13173.3224875962
13170.6237742152
13170.6081568796
13173.2068429033
13176.1770393565
13176.1770393565
13172.963611307
13176.1770393565
13172.710806551
13176.1770393565
13173.1158745038
13171.562525409
13171.3274817968
13176.1770393565
13173.8839844362
13176.1770393565
13173.1214806482
13176.1770393565
13176.1770393565
13176.1770393565
13171.4322674518
13176.1770393565
13173.8552172687
13176.1770393565
13176.1770393565
13176.1770393565
13171.812447385
13176.1770393565
13173.0635814554
13176.1770393565
13176.1770393565
13169.4752439842
13176.1770393565
13171.1753650077
13176.1770393565
13176.1770393565
13176.1770393565
13176.1770393565
13174.052169718
13176.1770393565
13172.7662192196
13169.9370656587
13176.1770393565
13176.1770393565
13176.1770393565
13176.1770393565
13170.3326492012
13176.1770393565
13169.5944472253
13176.1770393565
13176.1770393565
13174.4262280048
13176.1770393565
13176.1770393565
13173.9077355766
13176.1770393565
13172.0712056173
13176.1770393565
13176.1770393565
13173.5456872446
13176.1770393565
13176.1770393565
13172.1567680558
13176.1770393565
13176.1770393565
13168.342180277
13176.1770393565
13173.6050705318
13176.1770393565
13176.1770393565
13176.1770394243
13173.666636668
13176.1770393565
13173.3363200674
13176.1770393565
13173.7121747715
13176.1770393565
13176.1770393565
13176.02056561
13176.1770393565
13175.4043389207
13174.1838903964
13176.1770393565
13174.2020933543
13176.1770393565
13170.1491338554
13176.1770393565
13172.0252580749
13170.3764230434
13175.200830549
13167.603639022
13171.5007991247
13176.1770393565
13176.1770393565
13172.5475175568
13176.1770393565
13176.1770393565
13172.6103074435
13176.1770393565
13172.0423260566
13176.1770393565
13176.1770393565
13174.348087522
13176.1770393565
13172.2265151291
13176.1770393565
13173.6756804842
13172.2354054934
13176.1770393565
13167.667426309
13171.5455999709
13176.1770393565
13170.8524514555
13176.1770393565
13176.1770393565
13173.5913553604
13176.1770393565
13176.1770393565
13175.3991522131
13176.1770393565
13174.3183923556
13176.1770393565
13169.0916284309
13176.1770393565
13176.1770393565
13176.1770393565
13173.2510109262
13176.1770393565
13176.1770393565
13176.1770393565
13168.5934271686
13171.5191102699
13176.1770393565
13176.1770393565
13174.2463096613
13176.1770393565
13173.94315891
13176.1770393565
13176.1770393565
13173.0334338296
13167.845486792
13176.1770393565
13174.5836742306
13176.1770393565
13176.1770393565
13168.466438708
13170.4026534237
13176.1770393565
13176.1770393565
13176.1770393565
13173.9752015641
13176.1770393565
13171.3758439421
13176.1770393565
13170.2983974362
13173.0529394197
13176.1770393565
13176.1770393565
13173.2450579099
13176.1770393565
13173.6852683757
13176.1770393565
13176.1770393565
13170.5036853279
13176.1770393565
13169.1613523538
13176.1770393565
13170.8322590376
13176.1770393565
13172.1679089953
13176.1770393565
13176.1770393565
13176.1770393565
13176.1770393565
13175.0609204493
13176.1770393565
13176.1770393565
13176.1770393565
13176.1770393565
13174.821673712
13176.1770393565
13168.8782630442
13176.1770393565
13172.0379529131
13176.1770393565
13174.0559829804
13176.1770393565
13175.134803645
13176.1770393565
13176.1770393565
13174.2714982827
13176.1770393565
13176.1770393565
13176.1025078958
13176.1770393565
13174.1153821001
13176.1770393565
13173.0961944188
13176.1770393565
13173.1633500744
13176.1770393565
13173.5250541649
13176.1770393565
13173.3066819324
13171.9862096024
13172.241547714
13176.1770393565
13176.1770393565
13172.8258434549
13168.6138379382
13172.8374775954
13170.0167340434
13174.3683991392
13175.3925530773
13176.1770393565
13173.9964152517
13176.1770393565
13176.7169986465
13176.1770393565
13171.2094111593
13177.421208337
13172.9127990416
13176.1770393565
13173.3696731743
13168.5161269732
13176.1770393565
13170.9358430647
13176.1770393565
13172.4907706147
13174.2920436781
13176.1770393565
13173.9259150358
13176.1770393565
13176.1770393565
13171.9979658559
13176.1770393565
13172.7595377513
13175.120513032
13176.1770393565
13173.7441814293
13176.1770393565
13171.4970870003
13176.1770393565
13176.1770393565
13176.1770393565
13175.1891592638
13176.1770393565
13172.7653333157
13167.1066774013
13176.1770393565
13167.5077068024
13176.1770393565
13176.1770393565
13172.6119247032
13176.1770393565
13171.7984165889
13176.1770393565
13170.1982539725
13176.1770393565
13176.1770393565
13168.8731339689
13174.0159068753
13176.1770393565
13172.3457366933
13176.1770393565
13168.7605251792
13169.1093047318
13171.2338020437
13173.6916651254
13175.9717493819
13176.1770393565
13170.2911781858
13168.1788910753
13176.1770393565
13176.1770393565
13176.1770393565
13172.3075215295
13175.072309996
13176.1770393565
13172.8743374088
13173.1301836647
13170.6321923898
13172.9282850551
13176.1770393565
13174.5482250573
13173.4405656224
13171.9578667193
13176.1770393565
13173.508123491
13176.1770393565
13174.5586078423
13176.1770393565
13174.1834194118
13175.2502602759
13176.1770393565
13172.703180255
13173.3433492238
13176.1770393565
13172.9047107976
13176.1770393565
13174.034876052
13171.720575733
13173.7218169739
13176.1770393565
13175.4777334363
13176.1770393565
13173.55002657
13176.1770393565
13174.2334800025
13176.1770393565
13176.1770393565
13172.3063602156
13172.2314904331
13176.1770393565
13176.1770393565
13169.8875939557
13176.1770393565
13170.4591225542
13173.8572791469
13176.1770393565
13173.2286084898
13176.1770393565
13173.2048360808
13176.1770393565
13173.6909373737
13176.1770393565
13171.8382035232
13176.1770393565
13173.0192988556
13176.1770393565
13172.2245852497
13176.1770393565
13174.3874021676
13176.1770393565
13176.1770393565
13176.1770393565
13176.1770393565
13171.3239876766
13172.1609981948
13176.1770393565
13174.6447334557
13173.970864835
13176.1770393565
13176.1770393565
13176.1770393565
13176.1770393565
13173.1905060217
13176.1770393565
13174.4384597663
13173.2437038091
13176.1770393565
13171.6791735114
13176.1770393565
13176.1770393565
13173.0483710166
13176.1770393565
13173.5040647938
13173.525678328
13176.1770393565
13173.036976181
13176.1770393565
13171.9923881723
13176.1770393565
13176.1770393565
13176.1770393565
13174.0268847684
13168.2724068038
13173.1713079387
13176.1770393565
13172.8543579148
13176.1770393565
13176.1770393565
13175.08510862
13175.5090167595
13176.1770393565
13173.5566807581
13168.2297807406
13174.0412559557
13176.1770393565
13171.7749549347
13171.1913771786
13173.073986685
13176.1770393565
13172.2594284755
13173.8662221789
13171.196963534
13172.7384126058
13170.7870810974
13173.074706579
13173.3872003481
13176.1770393565
13171.3656347653
13176.1770393565
13169.5931866312
13171.579039164
13168.9050393754
13173.8044607928
13174.0636204236
13171.8355297548
13176.1770393565
13174.1129071863
13176.1770393565
13173.7043215992
13176.1770393565
13174.877855405
13172.0833538482
13169.9701627364
13176.1770393565
13176.1770393565
13168.2206948715
13172.2998704632
13176.1770393565
13174.2995929814
13172.8476484559
13176.1770393565
13171.8630962114
13176.1770393565
13176.1770393565
13171.2784329046
13176.1770393565
13174.1668355488
13176.1770393565
13172.7713638973
13176.1770393565
13173.7568989347
13176.1770393565
13171.5212061471
13176.1770393565
13172.8799270771
13169.6220168714
13176.1770393565
13176.1770393565
13176.1770393565
13172.5107849624
13176.1770393565
13176.1770393565
13173.5769080335
13176.1770393565
13175.6496294339
13176.1770393565
13174.0012562885
13176.1770393565
13176.1770393565
13176.1770393565
13173.5579560165
13176.1770393565
13176.1770393565
13176.1770393565
13176.1770393565
13172.3493077377
13176.1770393565
13169.754731744
13173.2183702465
13173.6366726059
13176.1770393565
13174.7993709572
13176.1770393565
13172.6967151666
13170.9539464123
13176.1770393565
13173.4146860209
13173.967002575
13176.1770393565
13174.7545266858
13176.1770393565
13173.4259158436
13176.1770393565
13176.1770393565
13173.3180040897
13174.826961252
13176.1770393565
13173.9554727615
13176.1770393565
13176.1770393565
13176.1770393565
13176.1770393565
13174.2399163239
13174.204093928
13176.1770393565
13173.6091379167
13176.1770393565
13174.3419962318
13176.1770393565
13170.2536890989
13170.6932754027
13173.5379611826
13176.1770393565
13171.9577450575
13170.6832411731
13171.3081706402
13171.7524639954
13176.1770393565
13172.7991170641
13175.2546415407
13176.1770393565
13173.5273228012
13176.1770393565
13171.0451278249
13172.2672937007
13176.1770393565
13173.3911814035
13173.1494588336
13172.4970566119
13176.1770393565
13176.1770393565
13169.9302887471
13172.9234414123
13176.1770393565
13173.5510404466
13171.8414998013
13169.566606095
13176.1770393565
13173.2795616169
13176.1770393565
13172.7832737463
13176.1770393565
13173.9903451086
13176.1770393565
13173.1970015756
13176.1770393565
13171.5354768349
13176.1770393565
13176.1770393565
13176.1770393565
13174.2482959809
13176.1770393565
13176.1770393565
13176.1770393565
13170.5677884256
13176.1770393565
13176.1770393565
13176.1770393565
13172.7034542206
13173.582833265
13176.1770393565
13176.1770393565
13176.1770393565
13170.3679683537
13176.1770393565
13176.1770393565
13174.4737810545
13176.1770393565
13170.138133647
13172.3741363083
13176.1770393565
13171.8079241371
13176.1770393565
13176.1770393565
13172.1707162799
13174.7289238168
13176.1770393565
13176.6729469429
13176.1770393565
13174.0717199425
13176.1770393565
13176.1770393565
13173.4859725714
13172.4842895038
13167.4074503826
13172.832731414
13176.1770393565
13175.3287509363
13176.1770393565
13176.1770393565
13171.404325788
13173.1425766037
13176.1770393565
13174.0745603942
13176.1770393565
13175.9274786099
13176.1770393565
13176.1770393565
13173.8308617556
13174.7297615306
13176.1770393565
13173.2307959559
13176.1770393565
13174.0435475154
13176.1770393565
13169.9272629993
13172.664140706
13173.0400165814
13176.1770393565
13174.1981179516
13176.1770393565
13171.8335876616
13170.3869039032
13176.1770393565
13172.9725261662
13173.6460630402
13176.1770393565
13174.0094252223
13176.1770393565
13171.446644423
13176.1770393565
13176.1770393565
13176.1770393309
13173.0339820676
13176.1770393565
13173.5689523343
13176.1770393565
13174.0328746869
13176.1770393565
13171.3719934664
13176.1770393565
13173.8407312205
13176.1770393565
13175.0901999681
13176.1770393565
13173.9817589506
13176.1770393565
13176.177039445
13172.0306018167
13173.6826267813
13176.1770393565
13174.9742192491
13176.1770393565
13174.4129875307
13176.1770393565
13176.1770393565
13173.4202161887
13175.1393272244
13176.1770393565
13176.1770393565
13169.7614172617
13173.52736536
13176.1770393565
13171.498919055
13173.2232625764
13173.031181432
13168.5701482959
13176.1770393565
13170.3789838115
13169.8524958911
13170.7928255543
13176.1770393565
13173.8752010602
13172.2402448516
13176.1770393565
13172.574605018
13176.1770393565
13169.8090349783
13171.7716128744
13176.1770393565
13172.792032778
13171.8587125886
13176.1770393565
13176.1770393565
13168.762517223
13176.1770393565
13171.0778846992
13176.1770393565
13173.5666281283
13173.6975285171
13176.1770393565
13172.2396900885
13176.1770393565
13169.0978909797
13176.1770393565
13176.1770393565
13176.1770393565
13176.1770393565
13176.1770393565
13171.8402468186
13176.1770393565
13171.2851581676
13176.1770393565
13176.1770393565
13176.1770393565
13174.5509379968
13176.1770393565
13173.0451606938
13176.1770393565
13171.9714904272
13176.1770393565
13172.7783931631
13173.4277406163
13172.630993065
13176.1770393565
13172.7445162891
13176.1770393565
13173.5201298199
13176.1770393565
13172.0107235811
13172.0370770965
13174.222525879
13176.1770393565
13174.733647439
13176.1770393565
13173.5011215171
13173.5138581546
13176.1770393565
13172.6642649775
13173.5349313044
13176.1770393565
13173.196569518
13176.1770393565
13173.8715121253
13170.3089368246
13176.1770393565
13174.1228506062
13175.2399044666
13176.1770393565
13173.4552034635
13169.9196026017
13176.1770393565
13176.1770393565
13169.5724483299
13171.9311435
