# type 1 occupying volumes
14163.7674312706
14163.7674312706
14163.7674312706
14163.7674312706
14162.7875194996
14163.7674312706
14163.7674312706
14163.7674312706
14163.7674312706
14163.7674312706
14163.7674312706
14163.7674312706
14163.7674312706
14163.7674312706
14163.7674312706
14163.7674312706
14163.7674312706
14163.7674312706
14163.7674312706
14163.7674312706
14163.7674312706
14163.7674312706
14163.7674312706
14163.7674312706
14163.7674312706
14163.7674312706
14163.7674312706
14161.4574051879
14163.7674312706
14163.7674312706
14163.7674312706
14163.7674312706
14163.7674312706
14163.7674312706
14163.7674312706
14163.7674312706
14163.7674312706
14163.7674312706
14163.7674312706
14163.7674312706
14163.7674312706
14163.7674312706
14163.7674312706
14163.7674312706
14163.7674312706
14163.7674312706
14163.7674312706
14163.7674312706
14163.7674312706
14163.7674312706
14163.7674312706
14163.7674312706
14163.7674312706
14162.0781275565
14163.7674312706
14163.7674312706
14163.7674312706
14163.7674312706
14163.7674312706
14163.7674312706
14163.7674312706
14163.7674312706
14163.7674312706
14163.7674312706
14163.7674312706
14163.7674312706
14163.7674312706
14163.7674312706
14163.7674312706
14163.7674312706
14163.7674312706
14163.7674312706
14163.7674312706
14163.7674312706
14163.7674312706
14163.7674312706
14163.7674312706
14163.7674312706
14163.7674312706
14163.7674312706
14163.7674312706
14163.7674312706
14161.9498354207
14163.7674312706
14163.7674312706
14163.7674312706
14163.7674312706
14163.7674312706
14163.7674312706
14163.7674312706
14163.7674312706
14163.7674312706
14163.7674312706
14163.7674312706
14163.7674312706
14163.7674312706
14163.7674312706
14163.7674312706
14163.7674312706
14163.7674312706
14163.7674312706
14163.7674312706
14163.7674312706
14163.7674312706
14163.7674312706
14163.7674312706
14163.7674312706
14163.7674312706
14163.7674312706
14163.7674312706
14163.7674312706
14163.7674312706
14163.7674312706
14160.8814072603
14163.7674312706
14163.7674312706
14163.7674312706
14163.7674312706
14163.7674312706
14163.7674312706
14163.7674312706
14163.7674312706
14163.7674312706
14163.7674312706
14163.7674312706
14163.7674312706
14163.7674312706
14163.7674312706
14163.7674312706
14163.7674312706
14163.7674312706
14163.7674312706
14161.8585720114
14163.7674312706
14163.7674312706
14163.7674312706
14163.7674312706
14163.7674312706
14163.7674312706
14163.7674312706
14163.7674312706
14163.7674312706
14163.7674312706
14163.7674312706
14163.7674312706
14163.7674312706
14163.7674312706
14163.7674312706
14163.7674312706
14163.7674312706
14163.7674312706
14163.7674312706
14163.7674312706
14163.7674312706
14163.7674312706
14163.7674312706
14163.7674312706
14163.7674312706
14163.7674312706
14163.7674312706
14163.7674312706
14163.7674312706
14163.7674312706
14163.7674312706
14163.7674312706
14163.7674312706
14163.7674312706
14163.7674312706
14163.7674312706
14163.7674312706
14163.7674312706
14163.7674312706
14163.7674312706
14163.7674312706
14163.7674312706
14163.7674312706
14163.7674312706
14163.7674312706
14163.7674312706
14163.7674312706
14163.7674312706
14163.7674312706
14163.7674312706
14163.7674312706
14163.7674312706
14163.7674312706
14163.7674312706
14163.7674312706
14163.7674312706
14163.7674312706
14163.7674312706
14163.7674312706
14157.2316204509
14163.7674312706
14163.7674312706
14163.7674312706
14163.7674312706
14163.7674312706
14163.7674312706
14163.7674312706
14163.7674312706
14163.7674312706
14163.7674312706
14163.7674312706
14163.7674312706
14163.7674312706
14163.7674312706
14163.7674312706
14163.7674312706
14163.7674312706
14163.7674312706
14163.7674312706
14163.7674312706
14161.1946328357
14163.7674312706
14163.7674312706
14163.7674312706
14163.7674312706
14163.7674312706
14163.7674312706
14163.7674312706
14163.7674312706
14159.0003684691
14163.7674312706
14163.7674312706
14161.4697441613
14163.7674312706
14163.7674312706
14160.2298434374
14163.7674312706
14163.7674312706
14163.7674312706
14163.7674312706
14163.7674312706
14163.7674312706
14163.7674312706
14163.7674312706
14163.7674312706
14163.7674312706
14163.7674312706
14163.7674312706
14163.7674312706
14163.7674312706
14163.7674312706
14163.7674312706
14163.7674312706
14163.7674312706
14163.7674312706
14163.7674312706
14163.7674312706
14163.7674312706
14163.7674312706
14163.7674312706
14163.7674312706
14163.7674312706
14163.7674312706
14163.7674312706
14163.7674312706
14163.7674312706
14163.7674312706
14163.7674312706
14163.7674312706
14163.7674312706
14158.4962658976
14163.7674312706
14163.7674312706
14163.7674312706
14163.7674312706
14163.7674312706
14163.7674312706
14163.7674312706
14163.7674312706
14163.7674312706
14163.7674312706
14163.7674312706
14163.7674312706
14163.7674312706
14163.7674312706
14163.7674312706
14163.7674312706
14163.7674312706
14163.7674312706
14163.7674312706
14163.7674312706
14163.7674312706
14163.7674312706
14163.7674312706
14163.7674312706
14163.7674312706
14163.7674312706
14163.7674312706
14163.7674312706
14163.7674312706
14163.7674312706
14161.4365281065
14163.7674312706
14163.7674312706
14163.7674312706
14163.7674312706
14163.7674312706
14163.7674312706
14163.7674312706
14163.7674312706
14163.7674312706
14163.7674312706
14163.7674312706
14163.7674312706
14163.7674312706
14163.7674312706
14163.7674312706
14163.7674312706
14163.7674312706
14163.7674312706
14163.7674312706
14163.7674312706
14163.7674312706
14163.7674312706
14163.7674312706
14163.7674312706
14163.7674312706
14163.7674312706
14163.7674312706
14163.7674312706
14163.7674312706
14163.7674312706
14163.7674312706
14163.7674312706
14163.7674312706
14163.7674312706
14163.7674312706
14163.7674312706
14163.7674312706
14163.7674312706
14163.7674312706
14163.7674312706
14163.7674312706
14163.7674312706
14160.6385403976
14163.7674312706
14163.7674312706
14163.7674312706
14163.7674312706
14163.7674312706
14163.7674312706
14163.7674312706
14163.7674312706
14163.7674312706
14163.7674312706
14163.7674312706
14163.7674312706
14163.7674312706
14163.7674312706
14163.7674312706
14163.7674312706
14163.7674312706
14163.7674312706
14163.7674312706
14158.9411509305
14163.7674312706
14163.7674312706
14163.7674312706
14163.7674312706
14163.7674312706
14163.7674312706
14163.7674312706
14163.7674312706
14163.7674312706
14163.7674312706
14163.7674312706
14163.7674312706
14163.7674312706
14163.7674312706
14163.7674312706
14163.7674312706
14163.7674312706
14163.7674312706
14163.7674312706
14163.7674312706
14163.7674312706
14163.7674312706
14163.7674312706
14163.7674312706
14163.7674312706
14163.7674312706
14163.7674312706
14163.7674312706
14163.7674312706
14163.7674312706
14163.7674312706
14163.7674312706
14163.7674312706
14163.7674312706
14163.7674312706
14163.7674312706
14163.7674312706
14163.7674312706
14163.7674312706
14163.7674312706
14163.7674312706
14163.7674312706
14163.7674312706
14163.7674312706
14163.7674312706
14162.879346704
14163.7674312706
14163.088574259
14163.7674312706
14163.7674312706
14163.7674312706
14163.7674312706
14163.7674312706
14163.7674312706
14163.7674312706
14163.7674312706
14163.7674312706
14163.7674312706
14163.7674312706
14163.7674312706
14163.7674312706
14163.7674312706
14163.7674312706
14163.7674312706
14163.7674312706
14163.7674312706
14163.7674312706
14163.7674312706
14163.7674312706
14163.7674312706
14163.7674312706
14163.7674312706
14163.7674312706
14163.7674312706
14163.7674312706
14163.7674312706
14163.7674312706
14163.7674312706
14163.7674312706
14163.7674312706
14163.7674312706
14163.7674312706
14163.7674312706
14163.7674312706
14163.7674312706
14163.7674312706
14163.7674312706
14163.7674312706
14163.7674312706
14163.7674312706
14163.7674312706
14157.4772557652
14163.7674312706
14163.7674312706
14163.7674312706
14163.7674312706
14163.7674312706
14163.7674312706
14163.7674312706
14163.7674312706
14163.7674312706
14163.7674312706
14163.7674312706
14163.7674312706
14163.7674312706
14163.7674312706
14163.7674312706
14163.7674312706
14163.7674312706
14163.7674312706
14159.0426120905
14163.7674312706
14163.7674312706
14163.7674312706
14163.7674312706
14163.7674312706
14163.7674312706
14163.7674312706
14163.7674312706
14163.7674312706
14163.7674312706
14163.7674312706
14163.7674312706
14163.7674312706
14163.7674312706
14163.7674312706
14163.7674312706
14163.7674312706
14163.7674312706
14163.7674312706
14163.7674312706
14163.7674312706
14163.7674312706
14163.7674312706
14163.7674312706
14163.7674312706
14163.7674312706
14158.290141598
14163.7674312706
14163.7674312706
14163.7674312706
14163.7674312706
14162.1240868727
14163.7674312706
14163.7674312706
14163.7674312706
14163.7674312706
14163.7674312706
14162.9906666972
14163.7674312706
14163.7674312706
14163.7674312706
14163.7674312706
14163.7674312706
14162.0588605793
14163.7674312706
14156.7866888159
14163.7674312706
14155.8134414095
14155.8985604164
14155.8783425229
14158.2167014058
14162.2808065742
14155.4131988578
14159.4343796909
14154.303576239
14155.2506833867
14155.8289386699
14154.8454256236
14158.8590006986
14161.329074138
14156.0593318441
14156.8288176987
14155.7170618813
14157.5291950955
14157.3547169357
14157.9199279349
14163.7674312706
14163.5246419492
14155.4868861977
14156.5645030875
14154.9701350719
14156.1025804682
14155.8197945777
14155.1155075695
14157.8192697815
14159.5942043536
14155.5604227912
14155.2047334352
14154.9048113391
14155.4756909246
14156.6118999416
14157.3253763793
14162.6090278922
14160.9319025986
14155.7303092219
14155.7378698968
14155.4502649699
14156.3869502609
14156.5855486321
14157.5615407293
14161.1840770579
14163.2325177167
14155.3677851046
14156.1980016963
14163.7674312706
14156.7366037969
14157.7287481289
14154.6426186864
14159.6891911321
14159.5655817308
14155.1369618055
14156.1206079035
14154.9702920613
14157.3969667905
14156.7029320539
14157.1485365703
14159.5792646168
14160.891852487
14155.6726813571
14156.5240435245
14158.7494968816
14163.7674312706
14156.3922745349
14157.6121799532
14159.9702745202
14161.1382371321
14154.9893637632
14156.0763342739
14157.1149048575
14158.3290598033
14155.0656595017
14157.4677015845
14161.7104608007
14162.7226823411
14163.7674312706
14156.5810775066
14156.2924974278
14155.4611385817
14156.6294436889
14157.6105936876
14159.6559070499
14161.8075079383
14158.229145306
14156.1541840913
14159.2594043
14155.5622492539
14155.9759523052
14156.5320990146
14163.7674312706
14161.1407569542
14156.1731101435
14155.6053181136
14155.4123117768
14155.7278885642
14156.3621826415
14155.0180080396
14159.7035082678
14159.0056151221
14157.1969091156
14157.5105873005
14156.5118548387
14163.7674312706
14156.8725427998
14155.8064919038
14159.1575154348
14159.2915641724
14156.4039590916
14155.8205940591
14155.3318967694
14155.4907599184
14155.1001598858
14154.8644872594
14162.6183334904
14160.9602173818
14158.0282728583
14157.1561616617
14155.5483732069
14155.1115131416
14156.4015343476
14154.9817011013
14159.6852003757
14161.5240918403
14154.6766061309
14157.8386300491
14156.6682103721
14154.713063239
14155.2303400559
14154.996108756
14159.89608567
14163.2908927768
14163.7674312706
14158.2057108812
14156.0842493969
14155.9202651459
14156.3320995223
14156.3425621485
14161.2349124322
14164.3194530551
14155.2480580992
14157.3392872366
14155.0660637582
14154.3591114343
14156.9461421796
14155.1518637872
14159.9409669782
14163.271730949
14157.4659311796
14157.6711276622
14157.1842257493
14156.5816846585
14157.6312978405
14156.8366981148
14160.6534718111
14162.2367006038
14155.8340726649
14155.9830165297
14163.7674312706
14155.812981079
14156.9182098014
14155.323618734
14161.690722885
14160.2177493105
14156.2593051764
14156.3279684423
14157.3476762878
14158.0769201949
14163.7674312706
14157.3388087852
14158.8816880708
14160.2273069175
14154.8525267797
14156.1438450178
14155.0475058271
14155.3382651416
14156.4345808812
14155.2078361732
14157.4830787849
14161.01255312
14155.3308210242
14156.1854172027
14155.015107728
14157.715477985
14157.3094187393
14158.0965127737
14158.8084665602
14161.4810217534
14157.2036304805
14154.6266053695
14156.5028731917
14156.9537300588
14156.6393658567
14155.8409100484
14159.957614871
14161.1313063291
14157.4609246609
14154.7057549868
14157.3024653805
14156.4954458864
14158.7951072426
14156.8967928416
14158.4915715033
14157.5240997215
14157.2078703072
14155.5057690243
14157.5311538287
14156.4130910394
14156.8349406837
14157.4556247637
14159.0390360938
14160.5101162722
14157.4079924682
14156.7256719486
14157.3044926338
14156.9719789601
14156.8231865881
14155.0174637415
14162.8482585005
14162.8940583178
14154.9846380068
14163.7674312706
14157.6377902313
14155.3749568424
14156.1299873628
14156.3407012539
14160.6254268888
14159.1008583179
14155.9875905657
14157.3139829797
14157.3123696833
14156.2490648118
14155.0539909392
14156.0600938289
14159.4598574067
14161.7404421388
14157.7649058721
14156.4190909923
14157.3809781027
14163.7674312706
14155.9453543033
14154.6280522423
14160.1882137604
14161.1007132791
14157.4678474863
14156.1420873611
14156.5458421402
14156.8121827053
14156.5330570152
14156.5936010755
14160.1265057697
14160.656721476
14156.0635909265
14157.098765619
14157.0418412483
14155.8250219191
14157.0308299393
14156.7038183163
14161.6148659124
14158.7988622865
14156.1170329361
14157.0805003672
14156.8633815884
14157.2092780414
14157.7762025213
14157.3299034386
14161.7239097379
14159.9965292304
14156.8393338793
14158.1043186853
14157.5697269613
14156.443041346
14163.7674312706
14157.2661745019
14161.1786780427
14159.7584279719
14155.8146311795
14157.0641047163
14156.8767898945
14157.4036765749
14156.8522247478
14158.8244759
14163.7674312706
14158.2070475716
14155.125977549
14155.4400274135
14154.9933905892
14156.0484667704
14159.7037182236
14157.9991684193
14158.3318751659
14161.0218470255
14163.7674312706
14157.9054023192
14154.3339620143
14156.9996329398
14154.125067338
14158.1519277005
14162.6696687258
14159.2244286421
14155.8274107228
14155.2445821347
14155.3467036857
14155.5154964148
14157.4446577433
14158.0404058655
14158.3586655203
14159.7199154684
14155.5170914915
14156.2233227472
14157.6533017597
14155.0895374812
14156.8327606614
14156.9596718989
14162.5509346346
14160.8010225675
14155.9051569742
14155.3793813691
14159.3268530485
14157.5332871712
14156.3663855291
14154.93695652
14161.4309164599
14163.7674312706
14156.5405539691
14158.1379922541
14159.1589078778
14157.0564116496
14156.1235386647
14157.5199255951
14159.2958413805
14161.3312375558
14157.2398098123
14157.9353751035
14158.4212185103
14163.7674312706
14159.5538932216
14158.7182280316
14162.2622742578
14160.9378002791
14155.8612490349
14163.7674312706
14157.8804083817
14159.0881669711
14157.4243072381
14158.7877153763
14163.7674312706
14161.6409102883
14155.5015246364
14163.7674312706
14156.9264595548
14157.4914095075
14156.5461033979
14156.2862485127
14162.1275615688
14161.3327521445
14156.8133948394
14157.2798356228
14156.5103232512
14157.5190058891
14155.5981129311
14158.683086556
14160.2955359906
14158.17910228
14156.6785637848
14156.8385684109
14156.7641542697
14156.352109765
14156.556587877
14156.5721759626
14159.8182635594
14163.6156974673
14157.2582887111
14157.0269776694
14156.5340520225
14156.9612048389
14155.3155196107
14156.4352703317
14161.7397544264
14163.4863343492
14156.8880076758
14157.0995722766
14155.2287419132
14155.3612915902
14157.5664142453
14156.0993782941
14162.7827156087
14161.130690223
14156.6178114482
14155.9268306316
14155.7280806495
14155.0901492876
14157.2979088699
14157.0568600621
14160.7117987887
14161.3641742039
14157.1058531037
14157.0731084978
14156.5382762296
14156.5725086395
14156.9631799423
14156.787595406
14159.2583646624
14159.40256285
14155.8515270334
14156.0067247999
14155.4333422555
14155.1895035297
14157.166048186
14158.2656012904
14162.0046173173
14161.7369915496
14157.2971154355
14157.8854702753
14154.9473393278
14154.8539826122
14154.5224576553
14155.0893687476
14160.9466291566
14162.921080509
14157.5375265563
14155.3717211921
14154.7947633636
14154.5485527246
14157.7514252752
14155.0236424339
14161.2483398984
14163.5191240868
14155.0366588884
14157.746387321
14154.9200070323
14154.7031213104
14155.6633201544
14155.4263018232
14162.3065509865
14161.8863967286
14155.4003243035
14155.5184179304
14157.6846945968
14155.2732991489
14156.4394744225
14155.2158800486
14160.7815950934
14159.2631023481
14154.9657987794
14155.4471761106
14155.5556114305
14157.7430078815
14158.0562128568
14157.6667385472
14161.4838006606
14159.407658369
14155.1635817647
14156.5228381898
14163.7674312706
14156.7340172284
14157.930338411
14155.9041204987
14162.4977017337
14161.6732957738
14157.4766296047
14155.7496166182
14155.2602654208
14155.2820562861
14156.2007485435
14155.9790111593
14161.5893585954
14159.3027724589
14155.8383263229
14156.4099692224
14155.2118391367
14155.7358920151
14155.8481319055
14155.7938477967
14160.9376705107
14159.8309044556
14157.1850819881
14156.9641450149
14154.9432358341
14155.7574037201
14155.609909703
14156.8142334467
14163.9161574302
14158.5318881828
14154.0453176986
14156.3590660851
14154.7699483637
14155.455068665
14155.7017348596
14156.0573590171
14160.2268632208
14160.3420514367
14157.2584583495
14156.7400852858
14154.9263513096
14155.6578074958
14155.5442687738
14155.4441349833
14162.3471069315
14159.9645126646
14155.2690055078
14155.1277938475
14155.2515862979
14154.7119489726
14155.1221114339
14155.6386900673
14159.6769138612
