# type 2 occupying volumes
13588.4446405927
13580.634229869
13585.8339148892
13587.5540806416
13574.1782053382
13582.6524170216
13578.0957739931
13580.6342299486
13578.2237730175
13576.7774384502
13587.0277720532
13572.6268635779
13581.8306365125
13577.6517878684
13586.5556724458
13588.4070923528
13580.1780753188
13585.6998109353
13579.0522926227
13588.6993012142
13578.8490773602
13585.3078832312
13581.4349190157
13588.6860386698
13588.0441816343
13579.5838450335
13580.6213218879
13572.5963073224
13579.1565196726
13584.9705007849
13583.2358736597
13584.9955866584
13588.7288560013
13588.7667587277
13583.2358736385
13588.7867783831
13580.6342300773
13581.30629128
13587.300547942
13588.5150689703
13588.4881167396
13587.881801235
13580.6297386849
13583.2415334112
13574.1815076466
13581.0070671337
13585.8449063456
13572.6268636229
13588.8126637618
13583.2358736619
13581.0987082557
13581.3962894793
13581.5804741376
13583.2358810389
13579.5599681227
13583.1286878674
13583.2220099328
13588.8954008052
13586.5426829715
13578.3702955025
13578.6800881062
13584.7447442745
13587.8480101349
13583.2348173626
13590.3303132184
13579.1133547797
13582.9527546157
13580.8024495638
13574.445278661
13589.4435434035
13583.2358735358
13587.2330739286
13588.2624311965
13586.7360245833
13586.7984806324
13580.0694376787
13574.4118727923
13573.9911114942
13586.3381396299
13589.7906873806
13588.9664600103
13578.9118682341
13583.2358736064
13583.23585469
13577.0109781421
13582.614153947
13575.6792177896
13589.6419575692
13581.3920437621
13583.2415334965
13583.2358764409
13583.2358737078
13586.2890366499
13585.5401643365
13586.1503448718
13583.191211238
13579.4475630532
13585.3585613319
13581.3061078592
13580.6213547439
13579.5070586422
13584.2905464013
13574.1761949537
13584.0091204241
13587.6038074569
13576.2731781293
13574.2354996328
13579.7168381699
13583.4863251401
13579.6370459056
13585.3447062714
13580.8883711241
13589.6131629139
13574.1782056241
13585.6890831273
13578.8870763152
13574.3244964057
13580.6297386686
13579.2541978787
13587.5267257025
13584.0044709135
13579.6996250296
13574.6607514241
13579.8099992158
13572.6251286824
13572.6268635896
13585.8944806571
13572.6268646214
13590.3328369007
13580.4715906297
13586.24126087
13583.2358736438
13583.2358736362
13583.1197604629
13588.1134915359
13581.2215236194
13590.3863845387
13580.4756373207
13588.1544384705
13583.0408308719
13590.7349666752
13580.6213564742
13588.5291403248
13579.3594182923
13587.6161233079
13574.3244963525
13589.6800121212
13574.3244963558
13585.372587611
13574.3638046006
13579.3135852178
13588.5614269274
13589.8061403595
13581.7162903999
13587.0833180803
13587.4184386267
13578.9416231622
13587.740675213
13587.2560788642
13588.2121662557
13591.1360865984
13581.8402433826
13581.1730783428
13571.5643873175
13584.3017766394
13579.8395776772
13587.2581356034
13588.1914738071
13583.8708940446
13578.8409014443
13580.9766562689
13587.8313511736
13574.1782052018
13580.665649086
13583.2358434213
13588.4362051245
13587.7466492847
13583.8030428947
13574.1781919484
13574.1660868329
13582.4497502056
13589.225551911
13583.2358736174
13590.4469427294
13586.611634151
13586.8084030436
13583.5704005026
13580.9119977533
13574.6361379135
13580.7648618199
13581.3061078415
13589.3247508804
13588.5817317511
13583.2415335313
13574.5427551963
13580.0200847304
13581.4336983858
13588.0471300423
13573.7799576817
13588.1108811112
13589.6807573624
13581.100271341
13583.2358736273
13580.634229836
13585.7123492302
13579.0481180673
13584.2861614579
13589.0247664874
13591.4587605547
13583.2358735715
13587.8264162685
13583.1196966026
13574.1782052789
13588.8584243146
13572.9272031235
13578.8490772935
13588.2975666219
13585.1441248342
13583.2415318221
13574.178205255
13580.1015729287
13580.621354762
13583.2358736346
13589.2613845327
13588.5353612225
13583.1196966887
13572.5963061517
13574.1781885062
13569.15238361
13581.485036799
13583.1196966699
13582.6431405915
13589.8140994571
13583.7580287197
13588.8480442204
13573.2277944777
13586.2955090712
13577.0997975502
13583.1196966094
13591.347415183
13587.7815484334
13585.1673326759
13583.2358736358
13574.9835202966
13585.8709097552
13574.7779388263
13581.5340440315
13586.8390958107
13582.8353486796
13580.6347532021
13590.6306093589
13587.6628986404
13589.7329073694
13575.3332545398
13588.1147580438
13589.748342475
13586.8069326753
13583.2358736878
13586.3490901506
13583.3844726265
13588.8377600001
13583.2358737326
13581.3062911614
13583.119715756
13585.9305759299
13585.815380658
13586.0612125547
13586.5055345094
13586.1878727285
13583.1937352973
13578.761208156
13589.7627927943
13589.2211253098
13584.029737479
13582.5136943713
13586.9834133591
13581.0987064513
13588.9745407537
13584.5811466116
13587.8106255698
13578.849077369
13586.1383845165
13581.9391105502
13587.8246414134
13581.3062911943
13587.7740931264
13581.3062912601
13588.4757391641
13585.0042468844
13583.2415335078
13574.3244963747
13585.7248800766
13572.9271583478
13581.0380902926
13583.2358737086
13589.8678516665
13584.6688700122
13584.6273125965
13581.0462128802
13584.442699791
13576.2009449578
13580.6342301339
13580.4553107923
13587.8275200041
13581.636226202
13584.3487441936
13581.7862712072
13583.8262665791
13583.9915806075
13580.6342300753
13581.3061078669
13586.5295083216
13568.9062983596
13584.2653503004
13586.0733233561
13581.3018323112
13578.205810452
13579.5461768915
13586.5016259931
13588.6692340358
13587.4606842731
13578.9883528226
13577.609718061
13579.3413425429
13587.7348482938
13574.1782163979
13578.0006289091
13580.2381422528
13586.1902098863
13583.2347327078
13584.1811318969
13580.6342298289
13589.5840171366
13572.9885347412
13588.0305280116
13583.2358736076
13581.4375249864
13583.241533277
13573.7799574652
13586.1090210435
13589.2382874376
13583.1937244219
13587.6953290683
13587.3026566845
13585.7014659175
13582.4196332304
13586.3761341272
13583.2358736507
13587.8929960435
13584.6741652717
13587.2043582091
13591.5024255446
13587.9522792859
13583.2358736852
13585.7222184486
13573.4256450421
13583.2358736868
13583.2358737794
13587.2182899504
13589.6798934013
13587.5691841288
13581.3749318531
13586.3475135142
13583.2434953151
13585.365984331
13588.5902284937
13583.30425917
13589.5622901955
13588.593691817
13585.8257252947
13586.7162551488
13583.2358737563
13588.0268058193
13583.6152018386
13579.420023038
13588.3726730373
13580.6942236676
13583.2415334965
13589.2264088447
13574.5016842221
13581.3062912542
13588.8656974001
13583.1196966342
13590.9186963406
13587.4733246571
13587.3583882464
13572.8085086452
13580.621354713
13587.9136657211
13592.8808759893
13583.2358736269
13592.0704752058
13588.8054932165
13583.1042706692
13585.6442068753
13585.0388158613
13578.0415057753
13582.6826093587
13585.0230407697
13590.1763371798
13572.6268636552
13587.2583794084
13580.4715930423
13581.1002460553
13584.7071705964
13587.8168886001
13586.9051167258
13590.2956424369
13587.2505188644
13587.773043354
13574.3244963517
13588.4545200993
13587.6522543591
13583.2358737486
13583.1196964805
13588.670642943
13586.1871695856
13583.1355026743
13581.1002462355
13580.6942236899
13585.8624039345
13581.3062913799
13578.8490773397
13583.2835679443
13588.3720631949
13583.2358736334
13585.5969547157
13586.3088351565
13586.3552955747
13582.9833630696
13583.1937243337
13589.7024260435
13574.5690134573
13581.1002410013
13577.3119642015
13577.444592104
13583.235873638
13587.4809542655
13583.2358737055
13586.568402601
13585.502235568
13581.1002460447
13587.7579719796
13588.2510614154
13581.3061078263
13583.235877092
13583.2358736921
13581.1002461858
13586.1146755443
13575.3332546431
13578.0369779116
13585.1348082015
13590.2399934183
13583.7311556543
13581.7133342152
13583.2358737188
13576.2513732763
13574.1782052418
13582.2764924141
13578.1352907464
13581.2156649247
13585.5927105746
13580.0243277562
13584.9272001134
13585.2879037581
13585.8860137277
13586.0650134409
13577.2860762099
13583.235874556
13583.8290432787
13577.8473232368
13590.0864124538
13584.8092524029
13579.6426166311
13574.2354995989
13574.3244929468
13581.3352267763
13580.0082058643
13574.1782051883
13587.7016162515
13584.0520620695
13586.6187608763
13583.3705436029
13575.8166133596
13572.7797575938
13579.87302174
13583.2415335328
13580.8011222783
13581.3061078253
13581.2570748654
13577.3552539359
13573.985663957
13584.6976756742
13580.3490567259
13578.2158740435
13584.607752342
13587.4319973068
13586.1765793934
13583.729970112
13585.2605164025
13580.4553086324
13582.1877115023
13580.6342301978
13581.7432725085
13588.7740325779
13583.2358736588
13573.9856640735
13580.9361078944
13581.306291224
13577.1963769148
13583.19372451
13582.227205454
13583.1355026496
13591.0640463902
13574.2354948445
13590.1507815598
13574.3244963974
13588.2478714788
13583.1196965579
13583.2415334767
13583.23587348
13574.5427645657
13574.1782052258
13589.7294622235
13574.2355072852
13574.3244893428
13583.2358735991
13583.1196965074
13583.1354807106
13574.3244963558
13575.4390983333
13589.1047088057
13572.6268634377
13583.2415334303
13581.221523738
13586.2785696849
13583.2358702118
13572.626863628
13578.0415059311
13583.2415336237
13581.1002463276
13583.2415335113
13583.2358736037
13583.1196966508
13580.6342300127
13583.2358803723
13575.6792177751
13574.4190484772
13575.6792177007
13574.3244963183
13574.5427170269
13573.4422735536
13583.2358752195
13584.2990785494
13578.0006288355
13581.1002464529
13574.5426497075
13589.6443236366
13589.3888188404
13585.4427454897
13588.0738062903
13583.2415341189
13583.1196967524
13588.8561400772
13589.5160577003
13581.3062913693
13581.3062912507
13574.5427677479
13583.2358735845
13583.2358736354
13574.099299514
13588.2701722694
13578.0415056529
13589.7730043604
13581.306291314
13581.0987064954
13583.2358736523
13590.6140598982
13580.1044368101
13588.276852456
13587.8886605311
13575.0471049217
13590.8203041336
13581.3061078632
13583.2358736956
13583.2358736738
13581.3062911874
13588.0175401837
13573.4918892694
13574.1782052816
13580.6342300161
13572.337866588
13583.1196967256
13580.3490566326
13574.1782052953
13570.8084068541
13583.1197381614
13574.3831918143
13589.4206203343
13581.3061078107
13578.8490773855
13586.0192080635
13580.6023482676
13581.0382198611
13590.8646634712
13575.3332546001
13590.1670365809
13587.9048744174
13583.2358736422
13582.6934751926
13587.4188046063
13583.2220100886
13590.4703518646
13581.0987066938
13580.3490566824
13580.6342300759
13579.8647904067
13578.8490773926
13574.542761128
13580.6213546952
13589.782060141
13581.3061078793
13578.8490773317
13583.2358736188
13583.1196965228
13583.0566443795
13583.119696617
13574.9203546046
13574.5427432788
13585.425053632
13574.1782052796
13583.2787645369
13574.5427611973
13587.4416918823
13588.2495953924
13574.5428063658
13574.3151795479
13588.5669027125
13581.056292809
13581.0987067471
13588.194777827
13591.144546111
13574.5427687244
13575.3332545917
13575.3332546062
13587.8328123143
13580.4715906902
13581.0987066823
13583.2358735796
13591.2775990996
13575.3332547341
13575.3332546267
13575.6792177555
13583.1196967274
13574.3244963685
13581.3061082538
13581.3062912413
13590.5434659057
13575.4390980103
13581.100246137
13574.5427621612
13580.694223553
13589.6568203911
13583.1355027419
13583.2415335846
13583.1355028157
13581.3061078642
13585.1087830913
13590.2006672869
13583.2358736244
13590.0503809409
13583.2358736363
13581.3061078997
13583.2415334382
13587.3163254436
13586.0064541089
13573.985664124
13588.8906851505
13574.2354994012
13583.2415334827
13585.3412342604
13580.6347533309
13572.6268635206
13583.193724506
13581.3061077755
13583.2358736709
13581.0987067562
13578.5526257235
13583.2915164911
13590.8830704649
13587.5286217272
13577.0880141154
13585.7791239291
13585.0963867192
13580.6342298529
13580.6347539297
13581.3061078662
13590.3682086174
13572.626863613
13578.0415057367
13570.7625526651
13580.6342300759
13578.8490773502
13572.6268635993
13581.840243296
13589.9171904248
13580.6342300004
13586.7530663411
13579.1294142989
13578.7806958515
13580.6347577314
13578.8490772715
13583.2358737032
13574.3244963922
13581.1002462302
13580.378221914
13586.5885457318
13583.2358736391
13589.9663982924
13583.7535837108
13575.333254676
13575.3332546386
13581.1002342213
13587.1480067724
13570.7241863721
13587.695391643
13586.403603947
13581.0987063723
13587.8629961293
13583.2220156342
13580.6342300688
13587.9684411506
13583.9772306629
13585.7917655934
13578.0415057355
13572.5963062458
13580.3782219731
13578.8490772899
13586.0232138424
13579.2685184687
13573.1296455507
13586.2103769873
13578.7806957902
13575.0471049509
13583.2358736679
13581.5571984638
13572.5963061618
13584.840779914
13583.2358737552
13578.8490773122
13583.1196967758
13572.6268636062
13575.3332546091
13570.9646417466
13581.1007658343
13573.6893525609
13580.1012734483
13588.0796874081
13589.090149463
13574.3244963846
13583.2415334143
13583.119696699
13575.3332546382
13582.090637516
13576.3586754472
13583.2347353593
13574.3244963376
13578.8490774467
13583.2415334461
13590.0317110551
13583.1355027312
13588.9075584687
13580.6213546648
13581.1002460043
13578.8490773516
13584.9471168584
13583.2415338517
13584.9098092726
13586.384511107
13586.3246843157
13583.2358735762
13583.1196965773
13583.2347327461
13583.2415334455
13583.11969677
13590.3037763021
13583.135502563
13583.2415334684
13581.1002464286
13589.0479171067
13587.5776842096
13585.6629315128
13574.3244963808
13572.6268636195
13587.5032814708
13590.3621093928
13574.4681844559
13581.0987067633
13578.8490773052
13586.6144242528
13574.5427656294
13583.1355025814
13579.2425182646
13578.8490773124
13583.2358736269
13574.1782052717
13581.0987059935
13575.3332546216
13583.3153120519
13589.6397832314
13572.783845165
13591.8329040395
13583.1355117043
13579.9636138553
13584.3857316168
13572.6268635046
13574.4630365043
13572.5963457946
13590.5464895968
13583.2415334604
13582.0002337909
13580.6342300812
13587.9294659248
13581.80529916
13581.3464240892
13574.3244964812
13581.3061079611
13574.4681845017
13583.2358736601
13580.6342329096
13579.854969437
13581.8650975401
13583.1196967571
13574.3683887268
13583.2358737226
13580.6342299488
13580.3782218915
13580.6023336367
13583.2415332514
13580.6342300967
13588.0582067988
13586.81714296
13590.6268312111
13572.8134565802
13583.2415302784
13574.3244964229
13589.7187731941
13580.6347453992
13583.1355025188
13588.5123753936
13570.7241866216
13581.100246217
13587.5031975839
13586.3157205662
13580.3900465632
13580.3490566417
13578.3558602363
13580.6213546528
13590.7824572239
13588.1601966944
13578.7806958078
13578.0415057009
13583.2358735507
13586.1979332102
13578.7806957534
13589.6054689071
13585.2322285506
13590.9966010425
13580.0536347292
13580.621354807
13583.2358736707
13583.2358749132
13583.1937243457
13581.100246047
13572.6268636265
13585.9559766484
13583.1355028708
13588.5390635447
13589.1662217728
13580.3490567501
13581.098706671
13581.6029696917
13572.5963061566
13583.2358736797
13583.2358736276
13584.1236548189
13583.1196965996
13588.3775402463
13583.1196965934
13583.2415334435
13587.268215553
13583.1196965587
13583.235873554
13583.2358736436
13583.2415334031
13580.6927675741
13581.1002460676
13590.9761048812
13580.6023518411
13580.6170913054
13583.135502588
13580.4553112012
13581.3061079461
13577.5687484833
13572.6268635881
13591.422656096
13575.3332546178
13588.8887507031
13587.097880529
13588.6247270321
13583.1196966384
13580.6342299817
13583.2358736274
13583.1355024837
13574.5427690108
13581.306285423
13586.1931582099
13590.4056627211
13581.100246291
13587.5554970607
13581.1002461406
13574.3244963608
13574.1782053583
13591.3512217957
13587.1699623279
13589.2932329379
13589.4066529068
13574.3244963052
13576.7269157593
13591.7939468312
13574.3244963607
13589.3316865165
13572.596306209
13581.0987068897
13580.6342300422
13581.0987067911
13583.2415334708
13590.7866221765
13574.3245035344
13572.8279648279
13581.3062913091
13581.3063060541
13581.306291478
13587.5909015842
13580.6213538123
13583.2358736738
13585.7401362924
13584.8898083532
13574.4681843385
13587.3046775163
13590.2890495955
13578.8490773208
13584.0147907266
13581.3061079036
13574.324496389
13587.7388028471
13589.0861451246
13583.1196967078
13581.3061078074
13580.4756372899
13572.5963072128
13573.4898349816
13578.9103577567
13583.2415334575
13572.6268636392
13581.3061079081
13589.426510302
13583.2220100408
13583.2220147386
13589.2347984337
13588.1982044092
13590.5061061536
13583.1355027376
13583.119696529
13588.5926498818
13586.4637138446
13572.5963060411
13583.241533447
13588.5571523952
13578.0415057108
13578.0415057652
13590.5623506422
13583.2415334267
13587.9418508193
13582.6999960464
13590.6604412266
13580.6347533738
13590.6188666825
13583.235878217
13574.5427737506
13574.1781762787
13583.119698006
13583.222009941
13589.9067690056
13583.1355026063
13574.3245001163
13572.9271583337
13583.1355023974
13580.3256470028
13587.2440631734
13575.3332546951
13589.9438448264
13578.8490772863
13583.2415334856
13589.7775270245
13587.6638221806
13581.3061079092
13583.2415334817
13580.6928184575
13572.7838439994
13583.2415334605
13583.1196964834
13579.384728994
13583.2358736072
13574.8553068279
13580.4553108308
13580.4595474
13572.5962904271
13578.7806957232
13574.1782097018
13590.4399154595
13590.4041200758
13581.3061079159
13583.1196969143
