# type 1 occupying volumes
13688.4770812421
13684.5964432512
13688.4770812421
13688.4770812421
13684.5621352198
13688.4770812421
13688.4770812421
13688.4770812421
13688.4770812421
13688.4770812421
13688.4770812421
13685.5901879356
13688.4770812421
13688.4770812421
13688.4770812421
13688.4770812421
13688.4770812421
13688.4770812421
13688.4770812421
13688.4770812421
13685.8010798424
13688.4770812421
13688.4770812421
13688.4770812421
13683.1099984581
13688.4770812421
13683.9216448149
13684.916303702
13688.4770812421
13688.4770812421
13688.4770812421
13688.4770812421
13688.4770812421
13688.4770812421
13688.4770786065
13688.4770812421
13688.4770812421
13685.2392714761
13688.4770812421
13688.4770812421
13688.4770812421
13688.4770812421
13685.037610359
13684.5282951464
13688.4770812421
13688.4770812421
13688.4770812421
13680.9730621945
13688.4770812421
13685.0549183229
13684.7776770261
13688.4770812421
13688.4770812421
13684.0780868132
13688.4770812421
13688.4770812421
13682.819458143
13688.4770812421
13688.4770812421
13688.4770812421
13688.4770812421
13688.4770812421
13688.4770812421
13688.4770812421
13688.4770812421
13688.4770812421
13688.4770812421
13688.4770812421
13685.9284927075
13688.4770812421
13683.6985737908
13688.4770812421
13688.4770812421
13688.4770812421
13688.4770812421
13688.4770812421
13683.9409978344
13681.0453032439
13688.4770812421
13688.4770812421
13688.4770812421
13688.4770812421
13686.5061931271
13684.1729431245
13688.4770812421
13688.4770812421
13686.7091377565
13688.4770812421
13688.4770812421
13686.2334599532
13685.9616571945
13684.5719021581
13688.4770812421
13688.4770812421
13688.4770812421
13688.4770812421
13688.4770812421
13688.4770812421
13685.0715385712
13688.4770812421
13688.4770812421
13688.4770812421
13684.8940932794
13688.4770812421
13688.4770812421
13688.4770812421
13685.3384316748
13688.4770812421
13688.4770812421
13688.4770812421
13688.4770812421
13688.4770812421
13688.4770812421
13685.7071190941
13688.4770812421
13688.4770812421
13686.2895270532
13682.4663624653
13688.4770812421
13688.4770812421
13688.4770812421
13688.4770812421
13688.4770812421
13688.4770812421
13688.4770812421
13686.3670569451
13688.4770812421
13684.0380797556
13688.4770812421
13688.4770812421
13688.4770812421
13687.4128204019
13682.7403264327
13684.9209932032
13688.4770812421
13682.9318326895
13688.4770812421
13685.0730134659
13688.4770812421
13688.4770812421
13688.4770812421
13684.643354898
13688.4770812421
13688.4770812421
13688.4770812421
13688.4770812421
13688.4770812421
13685.4148936188
13688.4770812421
13685.4633423102
13688.4770812421
13688.4770812421
13688.4770812421
13688.4770812421
13688.4770812421
13688.4770812421
13688.4770812421
13688.4770812421
13688.4770812421
13688.4770812421
13688.4770812421
13684.3967030581
13688.4770812421
13688.4770812421
13688.4770812421
13688.4770812421
13688.4770812421
13688.4770812421
13688.4770812421
13688.4770812421
13688.4770812421
13688.4770812421
13684.7280741309
13688.4770812421
13686.5586171335
13688.4770812421
13688.4770812421
13688.4770812421
13683.9449247716
13685.5075656596
13688.4770812421
13688.4770812421
13686.9311716944
13688.4770812421
13688.4770812421
13688.4770812421
13688.4770812421
13688.4770812421
13688.4770812421
13688.4770812421
13687.0895175536
13688.4770812421
13688.4770812421
13686.1162323195
13688.4770812421
13688.4770812421
13688.4770812421
13688.4770812421
13686.9091104484
13688.4770812421
13688.4770812421
13685.2269454243
13688.4770812421
13688.4770812421
13688.4770812421
13688.4770812421
13688.4770812421
13688.4770812421
13688.4770812421
13686.281971905
13688.4770812421
13684.0617301282
13684.875849654
13688.4770812421
13688.4770812421
13680.7153208803
13688.4770812421
13688.4770812421
13683.8102313651
13688.4770812421
13688.4770812421
13688.4770812421
13685.9319195919
13688.4770812421
13688.4770812421
13686.6521852132
13683.4475770168
13683.6903806968
13684.4606854974
13688.4770812421
13685.4348731184
13688.4770812421
13688.4770812421
13688.4770812421
13688.4770812421
13688.4770812421
13688.4770812421
13688.4770812421
13684.7050147827
13688.4770812421
13688.4770812421
13688.4770812421
13688.4770812421
13686.9003402676
13688.4770812421
13688.4770812421
13688.4770812421
13688.4770812421
13688.4770812421
13686.9064221903
13688.4770812421
13688.4770812421
13688.4770812421
13683.9422038535
13688.4770812421
13688.4770812421
13688.4770812421
13688.4770812421
13688.4770812421
13688.4770812421
13688.4770812421
13684.7709615615
13684.0352606772
13681.6596820625
13688.4770812421
13688.4770812421
13688.4770812421
13688.4770812421
13688.4770812421
13684.9196405138
13688.4770812421
13688.4770812421
13688.4770812421
13688.4770812421
13688.4770812421
13688.4770812421
13684.3987158545
13688.4770812421
13688.4770812421
13688.4770812421
13688.4770812421
13688.4770812421
13688.4770812421
13688.4770812421
13686.6125410093
13688.4770812421
13685.1841095043
13688.4770812421
13688.4770812421
13681.4581243451
13688.4770812421
13688.4770812421
13684.997363279
13688.4770812421
13685.6731270825
13688.4770812421
13688.4770812421
13688.4770812421
13684.8307607141
13688.4770812421
13688.4770812421
13683.4782834962
13691.5825602553
13688.4770812421
13688.4770812421
13688.4770812421
13685.2971775708
13688.4770812421
13688.4770812421
13688.4770812421
13685.9228108431
13682.4995631021
13681.3639435101
13688.4770812421
13688.4770812421
13688.4770812421
13688.4770812421
13685.3007201368
13688.4770812421
13688.4770812421
13688.4770812421
13688.4770812421
13688.4770812421
13688.4770812421
13688.4770812421
13687.1069152917
13685.3840066679
13688.4770812421
13688.4770812421
13686.0131248521
13688.4770812421
13688.4770812421
13688.4770812829
13688.4770812421
13688.4770812421
13682.5269592159
13688.4770812421
13685.9097534739
13684.8249035536
13688.4770812421
13688.4770812421
13688.4770812421
13688.4770812421
13688.4770812421
13688.4770812421
13688.4770812421
13688.4770812421
13688.4770812421
13688.4770812421
13688.4770812421
13688.4770812421
13688.4770812421
13688.4770812421
13687.852302144
13688.4770812421
13688.4770812421
13688.4770812421
13684.2356276765
13688.4770812421
13688.4770812421
13688.4770812421
13688.4770812421
13688.4770812421
13688.4770812421
13688.4770812421
13688.4770812421
13688.4770812421
13688.4770812421
13688.4770812421
13688.4770812421
13688.4770812421
13686.1642098006
13688.4770812421
13688.4770812421
13684.4380278122
13688.4770812421
13688.4770812421
13686.9026383014
13688.4770812421
13688.4770812421
13685.1479319584
13688.4770812421
13685.5535412678
13688.4770812421
13688.4770812421
13688.4770812421
13688.4770812421
13685.5012319782
13688.4770812421
13688.4770812421
13688.4770812421
13688.4770812421
13688.4770812421
13685.5875309254
13688.4770812421
13688.4770812421
13685.927946224
13688.4770812421
13688.4770812421
13688.4770812421
13686.9388530167
13688.4770812421
13686.6349719537
13685.1764931166
13688.4770812421
13688.4770812421
13688.4770812421
13688.4770812421
13688.4770812421
13688.4770812421
13685.2737519887
13688.4770812421
13688.4770812421
13689.4908678008
13686.5459733225
13688.4770812421
13688.4770812421
13686.025139212
13684.3319745507
13686.5440929372
13688.4770812421
13683.124116524
13685.6016330622
13688.4770812421
13688.4770812421
13687.5098520048
13688.4770812421
13688.4770812421
13688.4770812421
13688.4770812421
13688.4770812421
13688.4770812421
13688.4770812421
13688.0236238078
13688.4770812421
13684.8631816193
13683.4654904323
13688.4770812421
13686.8132340766
13688.4770812421
13688.4770824639
13686.6047288754
13688.4770812421
13688.4770812421
13683.9822023241
13683.3133772841
13686.0618074253
13688.4770812421
13688.4770812421
13686.7752728978
13688.4770812421
13688.4770812421
13688.4770812421
13688.4770820406
13688.4770812421
13688.4770812421
13688.4770812421
13688.4770812421
13688.4770812421
13688.4770812421
13688.4770812421
13688.4770812421
13688.4770812421
13688.4770812421
13688.4770812421
13688.4770812421
13688.4770812421
13685.6755679305
13686.8694578428
13688.4770812421
13688.4770812421
13688.4770812421
13685.0904974486
13688.4770812421
13688.4770812421
13685.2568650075
13688.4770812421
13688.4770812421
13686.8618397412
13688.4770812421
13688.4770812421
13688.4770812421
13688.4770812421
13688.4770812421
13686.9365847103
13688.4770812421
13686.145572905
13688.4770812421
13685.6991739579
13688.4770812421
13688.4770812421
13682.7842597068
13688.4770812421
13688.4770812421
13688.4770812421
13676.2209301949
13688.4770812421
13688.4770812421
13688.4770812421
13688.4770812421
13688.0938086627
13688.4770812421
13687.1880331511
13688.4770812421
13688.4770812421
13688.4770812421
13685.6025119756
13688.4770812421
13685.7128523158
13688.4770812421
13685.4699703624
13688.4770812421
13685.2033935489
13688.4770812421
13680.8241458294
13688.4770812421
13678.6000979787
13680.1166577232
13681.1942620994
13683.2044740492
13683.3287626884
13680.7616047718
13683.8529537716
13688.4770812421
13682.7127389458
13680.5268584366
13681.7942350564
13685.0057441362
13687.5064519485
13681.4615058757
13686.4150405303
13688.4770812421
13679.5652515569
13680.5828042355
13682.0336858365
13688.4770812421
13681.8022589521
13681.4806343477
13683.1717661897
13679.5284273225
13681.611307468
13679.7281145139
13680.8804511899
13683.4621053783
13683.6443701493
13680.5873721123
13682.0845462521
13680.3807109635
13682.7359353478
13679.5052250945
13681.4211273636
13680.8195648125
13682.7362859045
13688.4770812421
13681.7603065541
13680.3870447302
13681.4639590144
13688.4770812421
13682.646002273
13688.4770812421
13688.4770812421
13680.7285277377
13682.8102151692
13688.4770812421
13681.4685983109
13680.2963336721
13680.1110651263
13681.9858991863
13682.3988345925
13680.9229026045
13682.7619198141
13688.4770812421
13682.3871634792
13688.4770812421
13681.6032174391
13682.1253943265
13684.5672521274
13688.4770812421
13685.4411420218
13688.4770812421
13688.4770812421
13680.7935536759
13679.9068717538
13684.9195028752
13683.9661163379
13681.4504348524
13682.6514762236
13688.4770812421
13682.5126141831
13680.9578640171
13679.904459783
13685.699432902
13686.5056761517
13681.7077610518
13683.8001150855
13682.1274902657
13684.4148957068
13683.1841014064
13688.4770812421
13688.7574809415
13684.6560770888
13688.4770812421
13682.2984480321
13681.0266430864
13688.4770812421
13682.2590238617
13688.4770812421
13688.4770812421
13682.1987904086
13679.8025053093
13688.4770812421
13682.5083843787
13688.4770812421
13681.5396447719
13681.090831044
13683.9429707809
13688.4770812421
13682.9388062849
13680.975013497
13682.945226053
13688.4770812421
13679.7710220986
13680.6098165838
13684.5812918495
13680.5833586415
13688.4770812421
13678.4045545929
13677.7051830516
13677.5609403327
13688.4770812421
13681.3833935738
13683.4973845996
13684.0515745937
13688.4770812421
13688.4770812421
13680.8725079385
13681.369889415
13688.4770812421
13681.0090801691
13684.8596467839
13688.4770812421
13688.4770812421
13681.4673513987
13680.339472595
13683.2844958359
13688.4770812421
13682.3782123468
13685.4296937266
13683.659326281
13688.4770812421
13682.1890667699
13679.6560191377
13682.3133377035
13681.9170227597
13682.1114827056
13683.3852402702
13669.1654370601
13688.4770812421
13682.0876339949
13679.7815138024
13680.8218246891
13682.0553721774
13688.4770812421
13684.3063257003
13686.1725461285
13679.9941023015
13682.4549590885
13688.4770812421
13688.4770812421
13679.6212918386
13688.4770812421
13683.9795788373
13685.0181974931
13680.5495007806
13681.7696237133
13688.4770812421
13681.7391134661
13688.4770812421
13681.4037759972
13683.8293577294
13688.4770812421
13680.8813263102
13681.6498090983
13679.7515983023
13681.5229548992
13680.5061977113
13682.2391852054
13688.4770812421
13684.8177891979
13688.4770812421
13682.0875218502
13683.043531999
13688.4770812421
13680.7853867211
13682.8178046609
13684.0974779605
13683.6423585775
13680.278175257
13680.4751368445
13682.580328366
13682.0658694223
13682.413504501
13681.2318796461
13683.5238969041
13684.8519943027
13688.4770812421
13683.9539596331
13688.4770812421
13688.4770812421
13682.9903370968
13680.2982616169
13684.0160445915
13684.9310818729
13680.7002901694
13681.6520065467
13683.3110755464
13688.4770812421
13685.4110238091
13684.0903205069
13688.4770812421
13683.3816953945
13680.5890261965
13683.9303944413
13688.4770812421
13683.0877524952
13688.4770812421
13681.9126370521
13683.9145672343
13688.4770812421
13681.5455682925
13682.3623902873
13688.4770812421
13688.4770812421
13688.4770812421
13681.1653963986
13684.9185347931
13684.4258194334
13680.382932922
13688.4770812421
13688.4770812421
13681.8983935828
13680.3030414886
13681.7407167182
13683.6286121101
13683.4634760983
13678.9128628104
13683.7888247125
13688.4770812421
13687.7370136066
13681.2043391809
13682.0128842898
13685.159596629
13683.4138666345
13678.2065357007
13688.4770812421
13681.6864698337
13688.4770812421
13688.4770812421
13681.5900116231
13684.7580071877
13684.4593754091
13679.5196100252
13682.375265951
13688.4770812421
13684.2286718299
13681.6592230442
13681.5484443499
13684.6258280782
13683.6995177736
13688.4770812421
13682.4658815745
13688.4770812421
13682.4929494062
13681.0524335339
13682.4709130135
13688.4770812421
13684.9848225312
13683.6201827233
13688.4770812421
13688.4770812421
13682.312761934
13681.443833875
13681.534308319
13683.8515261568
13684.5420519859
13688.4770812421
13682.2187546688
13679.3753778338
13681.4529689142
13688.4770812421
13682.9986036203
13688.4770812421
13685.4796573824
13681.4442172229
13688.4770812421
13688.4770812421
13682.7947241481
13683.6127968737
13683.8482120867
13688.4770812421
13684.4000215624
13678.6705498421
13680.4735879734
13681.4083758269
13680.7041664959
13682.2829518934
13682.088747491
13684.732164776
13688.4770812421
13688.4770812421
13684.6216065729
13688.4770812421
13686.0940202412
13688.4770812421
13688.4770812806
13684.4632512042
13682.157776208
13681.6775615596
13688.4770812421
13681.2332489997
13688.4770812421
13682.527154161
13688.4770812421
13681.6194941432
13683.6371233897
13683.2904754148
13682.6739492465
13682.7386138699
13682.1647623124
13682.2411481065
13688.4770812421
13683.0596810033
13683.151623237
13683.3520035156
13680.6474537643
13681.8095739884
13681.4274284708
13681.9429224976
13681.808344486
13686.4174338604
13688.4770812421
13688.4770812421
13688.4770812421
13683.2978901854
13679.5482755458
13680.1389129063
13677.7884408411
13684.0575580057
13683.1086942419
13682.717539816
13679.7496142094
13681.3445538327
13688.4770812421
13688.4770812421
13688.4770812421
13684.9299896107
13684.3350449659
13682.4118159747
13688.4770812421
13688.4770812421
13680.851398865
13682.4660581164
13681.0773444268
13688.4770812421
13685.7818292515
13688.4770812421
13688.4770812421
13688.4770812421
13683.5044306195
13682.4459327485
13684.6489744236
13684.7189839176
13683.8735228823
13679.8551230294
13685.5327334869
13688.4770812421
13683.6521323946
13688.4770812421
13688.4770812421
13683.4900829084
13684.4659658016
13681.9897060206
13684.0353579364
13680.8812691209
13683.1091441563
13688.4770812421
13688.4770812421
13685.356546516
13685.5834460343
13682.9069715641
13688.4770812421
13682.0760885109
13684.2673870585
13683.4024436679
13682.1990664386
13684.5103366351
13683.1856974655
13688.4770812421
13681.2430197507
13688.4770812421
13681.0638027682
13684.003051969
13680.4901324523
13684.2624402359
13685.1289994555
13688.4770812421
13680.1674948932
13688.4770812421
13688.4770812421
13683.3301100591
13681.5895094865
13685.0623352233
13689.6901838124
13681.0110999126
13683.9662956055
13681.4122737161
13688.4770812421
13688.4770812421
13683.3094479243
13688.4770812421
13683.495246315
13680.9202392967
13683.8719055268
13678.0901827325
13688.4770812421
13688.4770812421
13688.4770812421
13684.4697012609
13688.4770812421
13688.4770812421
13685.3572981279
13688.4770812421
13684.455552333
13680.2894960016
13685.6944559623
13683.2669913156
13686.3367283334
13688.4770812421
13685.8010066677
13680.6701465929
13681.9310331062
13681.0271792874
13683.2538947595
13688.4770812421
13687.040187794
13681.9407317698
13688.4770812421
13688.4770812421
13685.2970577638
13688.4770812421
13681.3890753341
13683.4669228218
13686.7883315908
13682.0014274294
13684.305243176
13688.4770812421
13682.8929364028
13680.9245428097
13681.535405735
13683.5797865541
13682.9308723234
13681.6493051371
13688.4770812421
13682.6765157714
13681.2674589271
13681.8562232419
13688.4770812421
13678.7366484013
13687.1365511246
13688.4770812421
13688.4770812421
13688.4770812421
13681.8471015302
13682.2858832268
13681.8307731017
13688.4770812421
13684.6566828334
13678.8824991878
13688.4770812421
13681.415154317
13681.6633124457
13688.4770812421
13675.8497737102
13688.4770812421
13684.5612225667
13688.4770812421
13682.6828053545
13679.4992177699
13680.400945701
13682.0827032341
13676.5181410882
13684.0849391236
13683.1432660653
13688.4770812421
13681.5775517016
13681.2711209412
13686.7009855777
13684.3612540634
13684.0510493293
13688.4770812421
13684.0774711841
13679.1469624632
13679.4217291169
13681.0746372093
13688.4770812421
13679.0918636223
13683.8197125026
13682.3537296612
13684.2154142104
13679.2739988045
13679.7930638806
13683.0397394843
13688.4770812421
13683.7687312975
13679.8697488286
13684.4577054811
13679.9841460984
13678.6433056117
13678.8580901363
13680.1123856782
13688.4770812421
13681.8710024509
13681.5590183195
13684.8858582989
