# type 1 occupying volumes
13399.8397809472
13396.03345627
13399.8397809472
13394.4060311156
13396.1628886487
13399.8397809472
13397.0679573488
13393.5752328655
13399.8397809472
13397.619579139
13399.8397809472
13396.8403121843
13399.8397809472
13396.5303680428
13392.28564057
13399.8397809472
13399.8397809472
13399.8397809472
13399.8397809472
13399.8397809472
13395.7981142611
13399.8397809472
13399.8397809472
13393.7397035457
13399.8397809472
13396.5277675991
13393.9312969914
13396.6986177971
13399.8397809472
13399.8397809472
13396.6055867468
13399.8397809472
13393.9947744576
13399.8397809472
13398.0016711574
13399.8397809751
13395.5160149593
13393.7151352105
13399.8397809472
13399.8397809472
13393.7381951373
13399.8397809472
13395.7733349056
13394.9454996894
13396.2647005485
13393.805204718
13399.8397809472
13399.8397809472
13399.8397809472
13395.5385850868
13396.1540215722
13399.8397809472
13395.7789995233
13394.0021811552
13394.4035193984
13399.8397809472
13399.8397809472
13399.8397809472
13397.1118319049
13399.8397809472
13399.8397809472
13394.5402761062
13399.8397809472
13399.8397809472
13399.8397809472
13393.2875550687
13399.8397809472
13399.8397809472
13395.0701675704
13399.8397809472
13394.0677535148
13399.8397809472
13399.8397809472
13399.8397809472
13399.8397809472
13399.8397809472
13396.1524587244
13393.1783304645
13399.8397810057
13399.8397809472
13399.8397809337
13399.8397809472
13395.600782593
13395.353514289
13399.8397809472
13399.8397809472
13396.0081573891
13399.8397809472
13399.839780971
13397.1395952239
13393.8002334301
13392.8160125814
13399.8397809472
13399.8397809472
13399.8397809472
13399.8397809472
13399.8397810874
13399.8397809472
13393.8712289055
13390.5333876988
13399.8397809472
13396.3014257048
13393.8765999431
13399.8397809472
13399.8397809472
13399.8397809472
13395.4268941196
13399.8397809472
13399.8397809472
13399.8397809472
13398.7567872303
13399.8397809472
13399.8397809472
13398.0278590227
13395.3461465811
13399.8397809472
13394.9431495998
13394.5463183797
13399.8397809472
13399.8397809472
13399.8397809472
13397.4465473675
13399.8397809472
13397.1404142113
13386.8213893148
13396.14879195
13399.8397809472
13393.8763670942
13399.8397809472
13398.6622777114
13399.8397809472
13396.5929916006
13399.8397809472
13397.8409786225
13399.8397809472
13398.0116992547
13399.8397809472
13397.4395662627
13399.8397809472
13397.6044624141
13399.8397809472
13395.8536306875
13399.8397809472
13399.8397809472
13399.8397809472
13397.9261659309
13399.8397809472
13396.5759781414
13399.8397809472
13396.1749071157
13399.8397810183
13399.8397809472
13399.8397809472
13399.8397809472
13399.8397809472
13399.8397809472
13399.8397809472
13399.8397809472
13399.8397809472
13399.8397809472
13399.8397809472
13396.7951422572
13399.8397809472
13399.8397809472
13399.8397809472
13399.8397809472
13395.7324798969
13399.8397809472
13399.8397809472
13394.2493170911
13399.8397809472
13399.8397809472
13397.2400541835
13399.8397809472
13397.0892900304
13399.8397809472
13396.0135010135
13399.8397809472
13394.7369712221
13388.6033276151
13399.8397809472
13399.8397809472
13396.7757974419
13399.8397809472
13399.839780864
13399.8397809974
13399.8397809472
13399.8397809472
13396.0083859538
13399.8397809472
13399.831580699
13399.8397809472
13399.8397809395
13394.9591630706
13394.7783918594
13399.8397809472
13399.8397809472
13388.3815174047
13394.4154111927
13399.8397809472
13399.8397809933
13398.5530340968
13394.6601315026
13395.3521493762
13394.6874315583
13399.8397809472
13399.8397809472
13399.8397809472
13399.8397809472
13398.4566585959
13399.8397809472
13396.5541872038
13391.4696789596
13399.8397809472
13393.8885284634
13393.1265092027
13399.8397809472
13395.9904044326
13399.8397809472
13396.1738519486
13399.8397809472
13397.3473616175
13394.3939163339
13399.8397809472
13399.8397809472
13396.0127321416
13393.5444911038
13397.9589775517
13396.333731945
13396.8554415309
13395.13916939
13399.8397809472
13399.8397809472
13396.7863836075
13399.8397809472
13399.8397811262
13399.8397809472
13399.8397809611
13396.1588711955
13399.8397809472
13399.8397809472
13399.8397809472
13395.2303832145
13398.2112552823
13399.8397809472
13397.6234026581
13399.8397809472
13399.362366656
13399.8397809472
13399.0129110587
13399.8397809472
13399.8397809472
13399.8397809472
13397.5293428484
13399.8397809472
13399.8397809472
13399.8397809472
13395.6160832371
13399.8397809472
13399.8397809472
13399.8397809472
13396.0444823501
13396.410253516
13391.6699889964
13399.8397809472
13399.8397809472
13396.0244744179
13399.8397809472
13399.8397809472
13393.2672972401
13395.339157388
13399.8397809472
13399.8397809472
13399.8397809472
13399.8397809472
13399.8397809472
13396.8275202039
13399.8397809472
13399.8397809472
13399.8397809472
13394.509141536
13393.698636091
13399.8397809472
13399.8397809472
13396.88952235
13399.8397809472
13397.2299458332
13399.8397809472
13399.8397809472
13393.8479551085
13396.0159960966
13399.8397809472
13398.0632190406
13399.8397809472
13397.9881895562
13399.8397809472
13399.8397809472
13399.8397809472
13395.6298369073
13399.8397809472
13398.3118041959
13392.3014718488
13395.8766262081
13399.8397809472
13399.8397809472
13399.8397809472
13396.4016040141
13399.8397809472
13398.4512886271
13394.0464753457
13397.4747993944
13399.8397809472
13394.1212288286
13395.8746382976
13399.8397809472
13399.8397809472
13395.6634328145
13393.2775124575
13399.8397809472
13399.8397809472
13399.8397809472
13395.6190393563
13399.8397809472
13396.7772539284
13399.8397809472
13398.9252222849
13396.5753052729
13399.8397809472
13393.0233837124
13396.6208337443
13399.8397809472
13395.4461131728
13399.8397809472
13399.8397809472
13399.8397809472
13395.4417174461
13399.8397809472
13396.6582238926
13393.030614579
13399.8397809472
13399.8397809472
13388.3484925757
13399.8397809472
13390.3260128227
13399.8397809421
13399.8397809472
13399.8397809472
13395.183666847
13395.1884997661
13399.8397809472
13399.8397809472
13399.8397809472
13399.8397809472
13398.0500685381
13399.8397809472
13397.0914647139
13396.0634245681
13395.3284360574
13399.8397809472
13399.8397809472
13399.8397809472
13399.8397809472
13399.8397809472
13395.5918578718
13399.8397809472
13399.8397809472
13395.0882437607
13399.8397809472
13399.8397809472
13395.6802571628
13393.3827694974
13395.7239509227
13399.8397809472
13399.8397809472
13399.6747123353
13399.8397809472
13393.0896963174
13394.9131817712
13399.8397809472
13399.8397809472
13395.4216430671
13399.8397809472
13396.5984742438
13399.8397809472
13395.5107676109
13399.8397809472
13396.987372559
13394.6890723443
13399.8397809472
13399.8397809472
13395.7340523989
13399.8397809472
13399.8397809472
13397.6202993904
13399.8397809472
13397.9110169013
13397.1022453263
13399.8397808903
13399.8397809472
13399.8397809472
13396.6969980058
13399.8397809472
13395.9900508725
13395.1152480494
13394.7634394139
13399.8397809472
13399.8397809472
13391.5751724271
13399.8397809472
13399.8397809472
13397.2358977778
13399.8397809472
13399.8397809472
13395.2325850356
13396.2126534704
13399.8397809472
13399.8397809472
13396.8817303468
13395.4536146869
13394.4111858323
13399.8397809472
13393.3222715265
13397.2120296647
13399.8397809472
13394.3911741249
13395.5727018558
13399.8397809472
13399.8397809472
13399.8397809472
13399.8397809472
13394.9559055067
13399.8397809472
13399.8397809472
13397.402798062
13399.8397809472
13394.8765950907
13393.9295208834
13399.8397809472
13396.4622920802
13399.8397809472
13399.8397809472
13395.5403185368
13399.8397809472
13399.8397809472
13393.5984286549
13393.3770779025
13391.8827238251
13393.5819967109
13399.8397809472
13398.1406269826
13399.8397809472
13399.8397809472
13395.1540598895
13399.8397809472
13399.8397809472
13393.3559163898
13399.8397809472
13397.3560884473
13399.8397809472
13399.8397809472
13399.8397809472
13392.7668333661
13399.8397809472
13399.8397809472
13399.8397809472
13399.8397809472
13399.8397809472
13399.8397809472
13396.0777137613
13396.4016336247
13396.9859535727
13399.8397809472
13399.8397809472
13399.8397809472
13396.1659201906
13395.8644368924
13399.8397809472
13394.0675929194
13395.3904867891
13399.8397809472
13399.8397809472
13393.2156169712
13394.9693597753
13399.8397809472
13395.6054389574
13399.8397809472
13399.8397809472
13394.0367343627
13394.4606033805
13394.5908282856
13399.8397809472
13399.8397809472
13399.8397809472
13393.6901869779
13399.8397809472
13399.8397809472
13392.4239288741
13399.8397809472
13399.8397809472
13399.8397809472
13398.8918169131
13399.8397809472
13397.7610011803
13399.8397809472
13399.8397809472
13396.4368951448
13394.9452530242
13399.8397809472
13396.0701926988
13399.8397809472
13397.0108754004
13399.8397809472
13396.9479952031
13399.8397809472
13395.9284961947
13399.8397809472
13396.8705668055
13399.8397809472
13398.1591277217
13394.7951786408
13399.8397809472
13395.763250143
13399.8397809472
13399.839780903
13396.4233674861
13393.5097113939
13394.8864334895
13398.0159464005
13396.3918258149
13399.8397809472
13397.4770634514
13399.8397809472
13396.9364916716
13394.0379874128
13394.4764176181
13396.0241902234
13396.4209358861
13399.8397809472
13399.8397810039
13396.6469493004
13399.8397809472
13393.403278902
13392.1704845674
13395.2976118737
13401.6381283414
13399.8397809472
13396.9138394977
13399.8397809472
13399.8397810433
13394.2819941646
13399.8397809472
13394.4231544687
13397.2609174424
13399.8397809472
13397.5802557608
13399.8397809472
13397.5713223825
13399.8397809472
13399.8397809999
13399.8397809472
13399.8397811096
13399.8397809472
13397.4426905229
13399.8397809472
13399.8397809472
13396.1211571454
13391.9990841743
13399.8397809472
13397.6573106762
13399.8397809472
13402.4215281168
13399.8397809472
13396.3401374454
13399.8397809472
13399.8397809472
13395.9757428006
13399.8397809472
13399.8397809472
13398.5821621301
13399.8397809472
13399.8397809958
13396.4213915995
13399.8397809472
13397.2353337284
13396.8375189376
13392.0519929547
13399.1773779068
13399.8397809472
13397.0631425376
13399.8397809472
13399.8397809472
13399.7264646384
13398.6948026447
13393.8167302838
13395.2490205976
13393.6411783689
13393.5495814197
13394.9765088857
13399.8397809472
13398.6909229513
13396.9083646917
13399.8397809472
13394.3346034927
13392.657338081
13394.6886936546
13394.911323566
13399.8397809472
13399.8397810748
13397.4846358718
13394.4821180662
13399.8397809472
13396.5844120224
13399.8397809472
13396.5657687433
13394.3378060495
13398.3255071992
13399.8397809472
13395.7422385636
13399.8397809472
13394.9861879521
13399.8397809472
13396.552521537
13392.6970879739
13396.1319142546
13396.7552097
13399.8397809472
13393.5006146761
13394.3721013954
13399.8397809472
13399.8397809472
13399.8397809472
13399.8397810484
13393.8329848966
13395.186235967
13392.3283787744
13398.8782928815
13399.8397809472
13399.8397809472
13399.8397809472
13397.3432726038
13399.8397809472
13399.8397809472
13392.6075333695
13394.2899535312
13393.180190572
13395.4240218002
13399.8397809472
13397.5108809821
13399.8397809472
13399.8397809472
13399.8397811312
13399.8397809472
13394.1657421862
13394.8464705515
13399.8397809472
13399.8889753372
13393.7677637337
13399.8397809472
13399.8397809472
13395.3476822431
13393.0555360238
13399.8397809472
13399.8397809472
13394.6464787544
13395.4919261514
13392.0262578538
13396.4513808038
13399.8397809472
13399.8397809472
13392.7663584419
13399.8397809472
13394.1375525001
13400.4318274047
13399.8397809472
13398.0925028653
13399.8397809472
13398.4643947437
13399.8397809472
13394.9657708051
13399.8397809472
13399.8397809177
13393.6620159245
13395.1552039281
13399.8397809472
13398.4425147119
13399.8397809472
13394.2817165412
13399.8397809472
13397.5496820288
13399.8397809472
13399.8397809743
13394.6855906092
13400.3944525005
13399.8397809472
13395.7649050293
13394.6926467118
13398.9104453445
13399.8397809472
13394.5652149294
13400.3496118429
13399.0978361677
13393.8240233029
13392.2638740558
13394.1288689616
13397.4857943171
13399.8397809472
13396.9517223401
13399.8397809472
13399.8397809472
13396.4758750826
13395.9165004755
13396.277925177
13398.2223894933
13399.7383112329
13399.8397809472
13396.7753496676
13399.8397809472
13396.3555317506
13399.8397809472
13399.8397809472
13397.7187440118
13395.4019416227
13392.5760165086
13399.8397809472
13394.0226769385
13399.8397809472
13399.8397809472
13397.8019173448
13399.8397809472
13394.9658368256
13396.1174496649
13399.8397809472
13399.8397809472
13399.8397809472
13393.2725117098
13396.1337573541
13395.9657658647
13393.3228167293
13399.8397809472
13395.6503179673
13394.2311133676
13399.8397809472
13394.4742606819
13399.8397809472
13399.8397809472
13399.8397809472
13396.8919872809
13399.8397809472
13399.8296994569
13399.8397809472
13396.0920392825
13395.8287556204
13392.9891880678
13396.7593107454
13399.8397809472
13399.8642435917
13399.8397809472
13399.8397809472
13399.8397809472
13395.5960166751
13393.8293885978
13393.4249617442
13399.8397809472
13399.8397809472
13399.8397809554
13399.8397809472
13392.9126003766
13395.5797941013
13396.773797582
13399.8397809472
13399.0768958481
13399.8397809472
13394.7600446798
13392.880739481
13399.8397809472
13399.2211133919
13396.0382751508
13399.8397809472
13398.0359031388
13399.8397809472
13395.317183707
13399.8397809472
13399.8397809472
13399.8397809472
13397.2896347538
13399.8397809472
13396.703965399
13394.7826531832
13394.8357222191
13399.8397809472
13399.8397809472
13399.8397809472
13396.8198120804
13393.2665345891
13396.8479791405
13399.8397809472
13395.8822347628
13399.8397809472
13395.8807435857
13394.9289344274
13396.096131514
13399.8397809472
13399.8397809472
13395.2677436796
13397.3821002836
13394.8488772349
13394.5988544583
13394.9446092788
13396.6974615434
13399.8397809472
13399.8397809316
13399.8397809472
13395.9497368786
13394.6150363075
13399.8397809472
13397.4028484927
13397.2617479498
13395.6350063201
13399.8397809472
13396.2384933298
13399.8397809472
13394.2817973255
13399.8397809472
13394.9747869428
13397.6196571719
13394.3869643467
13394.7820753508
13392.6138434449
13392.9542435092
13395.6397770133
13391.9534278094
13399.8397809472
13399.8397809472
13394.5825353459
13399.8397809472
13395.0340622386
13393.7024019646
13399.8397809472
13393.0713596951
13395.7443071925
13399.8397809472
13399.8397809472
13399.8397809472
13396.5178691343
13392.915985402
13399.8397809472
13399.8397809472
13396.4378106657
13392.208174169
13399.8397809472
13394.0058990835
13399.8397809472
13399.8397809472
13399.8397810021
13399.8397809472
13397.1905383787
13399.8397809472
13394.1841170472
13399.8397809472
13399.8397809472
13396.0616935432
13394.1436334286
13392.8096599333
13399.8397809472
13396.8439471345
13399.8397809472
13397.2709573245
13399.8397809472
13396.5356889578
13393.8739799352
13399.8397809472
13395.5371652881
13395.378829993
13393.0179131563
13396.11137026
13399.8397809472
13395.7254881002
13399.8397809472
13399.8397809472
13393.2672519666
13395.6510421086
13399.8397809472
13397.8559662636
13399.8397809472
13397.314762784
13399.8397809472
13399.8397809729
13399.8397809472
13396.4986168004
13392.8133170563
13399.8397809472
13399.8397809472
13396.3832603789
13393.7659457553
13395.2044022462
13392.6809793927
13396.4373115911
13399.8397809472
13396.0145804259
13399.8397809472
13393.1624341697
13393.9875964219
13399.8397809472
13396.110315258
13398.369491853
13399.8397809472
13399.8397809472
13399.8397809472
13399.8397809472
13399.8397809472
13394.1328702615
13399.8397809472
13397.5437421668
13399.8397809472
13396.5741383359
13399.8397809472
13398.4437132379
13399.8397809472
13397.3600128954
13399.8397809472
13397.4533792078
13399.8397809472
13398.0158366324
13399.8397809472
13399.8397809472
13399.8397809472
13399.8397809472
13393.8045226883
13399.8397809472
13399.8397809472
13398.186514209
13399.8397809472
13396.6247019604
13397.3509911796
13399.8397809472
13395.6385651283
13398.2040040668
13399.8397809472
13397.0354225304
13393.9444372514
13395.2233509977
13394.5871577951
13395.3788562023
13399.8397809472
13395.7546113913
13394.3156087741
13399.8397809472
13399.8397809472
13396.6748024623
13399.8397809472
13399.8397809472
13398.1051243134
13399.8397809472
13393.8108276791
13395.7176085463
13399.8397809472
13399.8397809472
13396.5543228563
13394.5782449833
13395.3177390603
13393.1776784228
13393.2147520026
13399.8397809472
13392.5999457669
13392.5266438772
13393.519392676
13399.8397809472
13397.1448732621
13393.3371835292
13399.8397809472
13399.8397809472
13399.8397809472
13395.1419825712
13394.9178393454
13399.8397809472
13399.8397809472
13394.5314785638
13399.8397809472
13399.8397809472
13399.8397809472
13399.8397809472
13399.8397809472
13394.5940060464
13399.8397809472
13396.4173969021
13399.8397809472
13396.8383464816
13399.8397809472
13394.7157313351
13399.8397809472
13393.6337844605
13396.3661908755
13396.5012035911
13399.8397809472
13394.6085191915
13392.8026582274
13397.4045687426
13392.6045123971
13394.1956004997
13399.8397809472
13396.3264121492
13399.8397809472
13397.7237922088
13394.5190187336
13395.7184813314
13399.8397809472
13395.1162246334
13394.1657742293
13399.8397809472
13399.8397809472
13395.3310539141
13395.5994341325
13399.8397809472
13396.2743408053
13399.8397809472
13399.8397809472
13395.9440638375
13392.7287727909
13399.8397809472
13393.7746401906
13399.8397809472
13399.8397809472
13395.5983984764
13407.6662452937
