# type 2 occupying volumes
14168.9422903139
14162.5523057676
14161.7358590336
14161.9217912255
14159.0817149978
14162.6955455223
14161.7309793455
14164.157294001
14165.1531729537
14161.3705590573
14161.3628010422
14160.4526887467
14161.270996444
14161.929018226
14162.114475714
14165.7729922412
14163.2965584301
14162.6942634641
14162.7770031622
14161.801732443
14162.1819503997
14162.9057064462
14162.4907978794
14165.3916806833
14166.2314721455
14163.0801600373
14161.8905375676
14158.7251506674
14161.8103395806
14162.7950642339
14162.975285153
14165.3630362519
14163.6579527346
14163.5244503627
14162.8022672388
14161.7930163635
14163.4676601741
14163.0834136665
14163.5512349528
14165.195517687
14165.3750680282
14161.4915950441
14161.4938122458
14161.8714767697
14161.9840002275
14163.3730533827
14162.7455589435
14165.3510342818
14165.5685430431
14163.87651138
14162.1213578371
14161.0810500667
14163.7578094491
14158.7251506961
14162.9204592229
14165.3524464588
14164.4856729087
14163.7493083029
14164.0256191679
14160.9902170657
14161.9929638911
14160.9700650067
14163.132472196
14164.8695672354
14165.5672603884
14163.3629660399
14160.3838983589
14162.6791853814
14161.9032178732
14161.2964628091
14162.3174607817
14164.7925752968
14164.325856504
14163.3349738368
14162.8018093334
14162.052156005
14163.5961082661
14161.3086810337
14162.500967476
14165.9713476147
14164.8092454442
14162.3147016564
14157.5452291447
14162.7578258127
14162.3431573177
14163.1974054499
14162.3469623473
14165.2691242076
14164.1528025374
14161.5692730481
14162.072325579
14162.3655767307
14162.5913302309
14161.9277763815
14162.6512589169
14165.4938457464
14165.5997353071
14161.4738501063
14160.8105779042
14161.7502630374
14162.0335710796
14161.6366941957
14161.9631410938
14164.7847432325
14165.4667402941
14161.4340670546
14161.1252911619
14162.2087065057
14162.6207667567
14161.768596482
14162.452641428
14165.8064338869
14165.6097854976
14159.1988456561
14161.1126395441
14162.6345735919
14160.9686744017
14161.3220725492
14162.389375941
14164.5608514424
14165.03268324
14161.5087710619
14162.7284831196
14162.3655718779
14161.0183728947
14161.1467339403
14162.8637318286
14165.3936997967
14165.4561655601
14161.6194567966
14160.5495462624
14162.0252489884
14159.1988445435
14161.7419288408
14162.698603194
14165.7766079223
14164.5675247846
14162.4286889228
14159.9592686391
14162.1324837465
14161.3695824495
14161.5993166009
14162.2126999634
14164.9767837668
14163.2987657414
14161.2500820301
14161.0336835045
14161.3474011763
14162.519530369
14162.2938997713
14162.8159106293
14166.9627310882
14164.2511559252
14161.1427875275
14160.8186663896
14162.5163056297
14162.2161345965
14163.2784199484
14162.2818754544
14165.479043652
14163.6715673312
14163.8370537536
14161.9256912883
14162.1357229311
14163.2677146728
14161.6498630645
14163.4174838793
14165.5450680626
14163.0142425678
14162.5101192021
14161.1971715615
14162.9595217959
14162.6028976662
14163.1561936629
14159.7440053359
14164.5964159237
14163.9848260707
14161.8080202707
14160.6954759781
14160.5926309168
14161.9859986941
14161.0635087191
14163.0418792746
14165.2560205869
14164.58436232
14161.9840113896
14162.5561909434
14160.8230401177
14163.3647077754
14161.6934133697
14161.8182335901
14165.2348024557
14159.1988454917
14161.9840827664
14161.0147702444
14162.4923874053
14161.9230296955
14162.1190925804
14161.8229137303
14165.9090143678
14163.9919852381
14162.8954528975
14162.0743895002
14162.2567394052
14161.5428519662
14162.0048914973
14161.9684437226
14165.708193328
14163.2274433647
14161.1823590231
14161.6382948107
14162.0463602107
14162.4146805344
14158.4409395372
14162.0077579345
14165.6971669877
14164.4579516625
14160.9043583212
14162.1087027621
14161.4265598598
14162.4446681957
14162.275801942
14158.7946789748
14166.6503269212
14163.7478889509
14159.1988540196
14162.0575907437
14162.0585645054
14159.1988454416
14161.2072426708
14163.2121893407
14165.2762913525
14165.183500969
14161.773712673
14161.4949278433
14161.6724713482
14161.0756310607
14160.2916691072
14162.5068298662
14166.2422468532
14165.4837737692
14160.9747663597
14161.0223219628
14162.1480051395
14160.2010684473
14161.4640633328
14161.781454245
14165.4041227091
14164.7766169855
14161.4968794741
14161.3470319994
14161.9973449583
14161.2229651999
14161.1687688137
14162.4535244787
14164.632012289
14165.0377311286
14162.1686045166
14161.6497581001
14162.3014749742
14161.5867553748
14162.3969292728
14161.7958172269
14159.1988450347
14164.9278107704
14163.034639154
14161.9784879944
14161.9112545878
14161.7076588933
14160.8882009048
14162.1634453557
14165.4238399149
14164.3027542522
14162.7283920497
14161.5263982243
14162.8162973261
14162.1359475402
14162.5617474784
14161.9987363742
14165.4107817566
14164.1936323925
14161.9429778879
14162.4809952395
14161.9588219596
14162.4053765199
14161.7480086688
14162.2166174435
14165.0438362057
14164.108695726
14162.0305192647
14162.3990401424
14161.8819137956
14162.9189030795
14162.2319426294
14158.8220559204
14164.8459387946
14163.9660600368
14163.3469218051
14162.4633194899
14163.2488891255
14162.6226110946
14162.6235513876
14161.4156531277
14165.7666358631
14164.319005356
14161.7725258232
14161.1141020531
14161.9645773995
14161.5618839363
14161.8564106589
14161.4978814167
14163.0943717907
14164.3270777836
14164.1533041109
14163.1491650252
14163.9654517804
14163.4964406248
14161.5898094483
14161.5037703927
14162.4297140171
14164.2493970431
14161.8705576172
14161.8446249872
14162.7414794991
14162.5495224191
14163.1216999353
14162.2120542133
14163.3294212938
14165.0918268182
14162.6787531666
14163.8051559061
14161.3032354408
14163.2404643622
14161.3241431181
14160.8803854569
14162.7403892811
14166.4584151761
14158.0436838187
14162.2039194973
14162.225423693
14162.2785340879
14162.070835526
14162.3328504462
14164.15897292
14164.5771916084
14161.7342514028
14162.5764883289
14162.7562645128
14162.005870625
14161.9279931936
14161.3366486123
14165.7089548232
14165.4977135204
14161.2911351557
14161.7996212254
14160.7645687803
14162.5204826568
14159.1988494504
14163.2240041408
14164.8348791432
14165.2360487302
14161.7516359431
14162.4374303477
14162.0841581181
14161.3638234616
14161.3806125828
14162.2762068948
14163.710796612
14164.8976922081
14162.5106305539
14161.2212483983
14161.6518086138
14161.9655934973
14160.3797550614
14161.7318116493
14163.7232415432
14165.9388859437
14162.1004097494
14161.4249749569
14161.985384609
14161.7978685221
14161.4821656452
14161.6505131917
14164.0646678177
14166.216748607
14161.6364039067
14161.7188833479
14160.7265572108
14161.642976799
14160.3804005275
14161.4226818382
14164.7955481095
14165.9333679366
14162.2866935399
14161.2100973169
14162.5401060982
14161.8967919766
14162.4157816608
14162.0357668598
14164.737629235
14163.3001202267
14163.5601075727
14162.6297995038
14158.7251520042
14162.8201610264
14158.8220559503
14162.7515861083
14165.1953881588
14165.293480245
14162.9684546851
14162.7957883451
14161.9976325055
14162.805460213
14161.3955457078
14162.7869482422
14164.8184103181
14164.5750564725
14163.0418094418
14163.1079993607
14161.2905331233
14163.5998900954
14160.5995889469
14162.8339634317
14164.254526042
14165.9620327461
14163.922441051
14163.7882140155
14163.8832549238
14162.538664034
14162.7618791641
14162.520944888
14165.642597484
14166.110154081
14161.5013146294
14161.7362553327
14161.5408461671
14162.031082682
14161.5649162207
14161.2997833151
14164.1377487796
14165.5898166269
14163.1905311594
14164.995512114
14163.8508817339
14162.071985619
14160.956776497
14162.943468861
14164.6411423676
14165.6570070361
14157.5452288644
14161.9257767371
14163.0443821693
14161.6861467558
14161.9998515193
14161.2871445933
14163.2492667683
14167.060135927
14163.2864514196
14163.3083344933
14162.4618477219
14162.57390172
14161.5089997074
14161.1918622364
14164.5259650947
14165.2019011275
14162.0884262237
14162.5121998643
14161.9269304641
14159.198845256
14162.1396140518
14162.3903627926
14164.5228608004
14165.0104245283
14162.0757558821
14161.8053081958
14162.7199554746
14160.9884999583
14161.221691092
14161.2719397951
14164.3771726049
14165.3096231294
14161.4813767216
14161.1509818908
14162.7822076062
14161.422828895
14160.8682020747
14161.6737052472
14164.0332086357
14165.1907841417
14161.8401076758
14161.2194460844
14162.419175834
14161.4114393292
14162.4381674661
14162.5357850622
14158.8220559647
14165.3652386336
14161.9250065798
14161.2168475631
14162.6754853721
14159.1988454361
14161.0897506813
14161.3116709501
14164.2646585397
14165.7076575527
14163.2555658186
14158.4409395707
14162.2126565017
14161.7490122168
14161.0219257294
14162.4638179901
14165.0824901226
14158.8220618144
14167.5257307739
14158.8220560054
14167.3098763937
14159.1988443841
14158.7251506269
14158.7251506767
14157.54522435
14158.8220614616
14158.4409411181
14159.0817150138
14158.7251506971
14158.7251506534
14158.7251507083
14158.4409395974
14158.8220559842
14159.1988455931
14158.822056485
14158.7946789354
14158.8220558511
14159.1988455268
14158.7251506805
14158.7251506736
14162.4237062045
14158.8220564781
14158.7251505663
14158.8220559524
14158.8220559645
14158.7251506366
14158.7251507577
14158.4409333614
14157.5452308776
14159.1988454346
14158.8220559674
14158.8220559826
14158.82205598
14159.1988454286
14158.440940216
14158.8220559329
14158.4409396066
14159.1988432634
14158.8220547455
14158.822055602
14158.4409400228
14158.7251506621
14157.5452290741
14158.4409395789
14158.4409395878
14159.1988455317
14158.8220546987
14159.1988455497
14166.9647456115
14158.4409391718
14158.8220559883
14158.4409395973
14158.8220565353
14158.4409370082
14159.1988452151
14158.8220559478
14158.7251507205
14158.4409398297
14158.440939577
14158.4409395743
14158.4409384888
14158.7251506611
14159.1988462427
14157.5452288598
14159.198843748
14167.2843987859
14158.0436836016
14158.4409441194
14158.4409387261
14159.1988442304
14159.1988456914
14159.1988454416
14159.1988468113
14159.1988454672
14158.4409421114
14158.8220558778
14158.4409395669
14158.8220562487
14166.4695222949
14158.0436838085
14158.8220559373
14159.1988455437
14159.1988454943
14158.4409394892
14158.4409395465
14158.8220559176
14159.0817150297
14159.1988455216
14159.1988454965
14159.1988454672
14159.1988454905
14159.1988455834
14162.7829854711
14158.8220561293
14158.8220559444
14159.1988455016
14159.1988455117
14159.1988437166
14158.4409379814
14158.44093957
14158.0436838188
14159.0817149899
14159.0817149156
14158.7251506319
14158.440939073
14167.0195990144
14159.1988450228
14158.4409395731
14158.0436838176
14158.8220559416
14158.822055993
14159.1988454346
14159.081714944
14159.1988456585
14158.4409395624
14158.4409395751
14158.4409395742
14158.7946789663
14158.7251506785
14159.0817149857
14158.79467887
14158.7946540269
14158.7251502747
14158.4409395659
14158.440940177
14159.1988454301
14158.822055573
14159.0817150181
14158.7946788839
14158.4409404214
14158.4409396688
14158.4409396906
14158.4409420313
14158.7251507201
14167.9192318304
14158.8220559519
14158.4409395668
14158.4409395261
14158.4409395793
14158.4409396236
14158.4409398238
14158.7251506902
14158.7251507184
14158.7251506681
14158.440939727
14158.4409395195
14158.4409393906
14158.4409421034
14158.440942471
14159.1988468931
14159.0817149912
14159.0817149449
14158.794678986
14158.4409395678
14158.4409395851
14158.4409395499
14158.4409396458
14159.1988452621
14158.82205534
14158.7251507027
14167.9517427948
14158.4409394873
14158.4409395495
14158.4409395949
14159.1988488178
14158.8220539171
14158.8220559455
14158.82205605
14158.7251496572
14158.4409395734
14167.0763266748
14158.4409407832
14158.4409398083
14159.1988481429
14158.8220548883
14158.8220560208
14158.7946789218
14158.440939759
14157.5452264692
14158.4409395831
14159.1988454606
14159.1988443554
14158.8220559782
14158.8220542787
14158.4409395367
14158.4409394422
14158.4409395464
14158.4409395141
14158.4409394624
14159.0817149143
14158.7251502172
14159.1988456019
14158.7946790221
14158.7946789325
14157.5452262711
14158.8220558402
14158.7946789718
14159.1988460783
14158.8220559911
14158.8220562753
14159.1988453365
14158.440938296
14158.4409413138
14158.4409395516
14158.440939596
14159.0817149843
14158.72515068
14158.7946790166
14158.4409396567
14159.1988454644
14158.4409396782
14158.7946789736
14158.0436838292
14158.8220559357
14158.8220559734
14158.8220559994
14158.7251506704
14158.440938841
14158.4409399339
14158.440939574
14159.4351343744
14158.8220559634
14158.7251506652
14168.1082819891
14159.1988438067
14158.4409395894
14158.4409394071
14158.4409396015
14157.5452295066
14158.8220558962
14158.8220534863
14158.8220559786
14159.1988428275
14158.8220559229
14158.4409396319
14158.4409397165
14158.4409453259
14158.7251506652
14158.8220559615
14159.0817149366
14158.7946790741
14167.8416001791
14158.4409397286
14158.0436838349
14158.4409364294
14159.1988455011
14158.7251508291
14158.8220559955
14159.1988454348
14159.198845471
14158.4409395672
14158.44093955
14159.1988454933
14158.8220563025
14158.4409395561
14158.8220539467
14158.8220559443
14158.822055987
14158.8220558327
14158.8220560045
14158.8220564006
14158.4409395516
14158.4409395791
14158.0436837956
14158.7251500947
14158.8220551153
14158.8220559781
14159.19884423
14159.1988422003
14159.0817149705
14158.7251506526
14158.4409395666
14158.8220556376
14158.4409396053
14166.5591088801
14158.7946788343
14159.1988352223
14158.8220559984
14158.0436830425
14158.4409400786
14158.8220559951
14158.4409415182
14158.8220559495
14158.8220558504
14161.8806932658
14158.8220559792
14158.7251506547
14158.7251506513
14158.8220560314
14158.4409395707
14158.8220573472
14159.1988454515
14158.8220559129
14158.4409395114
14166.9072079824
14158.8220560266
14158.822056043
14158.8220590905
14158.8220559839
14158.8220559787
14159.198845367
14158.4409396256
14158.8220560184
14158.8220554712
14158.8220558783
14158.8220558187
14158.8220529134
14159.1988454638
14158.725150675
14158.7251506859
14158.4409399392
14158.8220559544
14157.5452288481
14158.8220560131
14158.8220559299
14159.1988453279
14159.1988454381
14158.0436838187
14158.8220556594
14158.8220558731
14158.7251507919
14158.4409395535
14158.8220557935
14158.4409404302
14158.8220558571
14163.2303137009
14158.4584781082
14158.8220560401
14158.822055969
14158.8220559477
14158.8220549547
14158.8220570846
14158.82205597
14158.4409395541
14158.8220558958
14158.7251510284
14158.8220561099
14167.4869528978
14158.8220559585
14158.4409393072
14159.0708925711
14158.8220562951
14159.0708907842
14167.6107530259
14158.8220559536
14162.6204217681
14158.8220559378
14158.8220557938
14162.1261701446
14159.1988448874
14159.0708912239
14167.7601863764
14158.4409395962
14159.1988490902
14158.8220559217
14158.8220560313
14159.0817151408
14158.8220560549
14158.8220563065
14159.0708903899
14157.5452331614
14158.8220559689
14159.1988454972
14159.0708974788
14159.1988473234
14158.8220559425
14159.1988456642
14158.4409395821
14158.8220544318
14159.1988455334
14158.822055624
14158.8220559674
14158.4409394866
14158.7859927319
14158.4409395659
14158.0436838454
14158.4409403018
14158.822051874
14158.8220559659
14158.8220556207
14158.8220559578
14158.8220559601
14158.8220544171
14157.5452371485
14158.8220553147
14158.8220568974
14158.82205587
14159.1988454353
14158.8220562897
14157.976047326
14158.8220564362
14158.8220558993
14158.8220559384
14158.8220559383
14158.8220527886
14158.8220560299
14159.1988404339
14158.8220559729
14158.8220559742
14158.8220593637
14158.8220559818
14158.8220541849
14158.8220560552
14158.822056743
14158.822055932
14159.198848228
14158.8220560083
14158.8220559501
14159.198846025
14158.8220561653
14158.8220557366
14159.1988691226
14158.8220559365
14158.8220562966
14157.545225715
14158.8220559874
14158.4584763427
14158.8220557985
14158.8220559314
14158.7251506625
14158.8220559313
14159.1988454739
14158.4409396295
14159.198846278
14157.5452288847
14158.8220594571
14158.8220546435
14159.1988454758
14158.822055938
14158.04368369
14157.5452126766
14158.043682582
14158.0436838176
14158.4584781301
14158.4409395016
14159.198845444
14158.4409395549
14158.8220559644
14157.545227257
14157.5452305028
14158.4409391388
14158.043683738
14158.440941335
14159.1988447989
14158.4409397046
14157.545228964
14157.5452225594
14157.5452232712
14157.5452326196
14157.5452288858
14158.8220559418
14157.9002477929
14158.8220560358
14159.1988454785
14157.5452288633
14157.5452282993
14167.6185377367
14158.043683672
14158.8220551139
14157.9002502697
14158.822056209
14159.1988455291
14157.5452288902
14157.5452272156
14158.8220559305
14158.8220559498
14159.3005127832
14158.8220568163
14159.6763605015
14158.458481449
14157.5452298052
14157.545231523
14158.8220560324
14158.0436838353
14159.1988454677
14158.8220559956
14158.7251506481
14158.8220559745
14158.0117954088
14157.900250357
14158.0436835269
14158.8220553001
14159.1988454735
14158.8220545024
14159.6763636842
14158.8220563822
14158.8220559697
14157.5452284393
14159.1988453252
14159.1988454082
14159.1988454593
14159.1988498804
14158.8220559215
14158.4409397476
14158.8220559654
14157.5452288538
14158.8220537985
14158.8220556513
14158.8220559448
14159.1988454477
14159.1988455088
14158.4409395721
14158.8220557781
14157.5452289218
14159.1988454842
14159.1988461911
14159.1988454465
14159.1988447345
14158.7251508481
