# type 1 occupying volumes
14159.1120840368
14159.1120840368
14159.1120840368
14159.1120840368
14156.1213408578
14159.1120840368
14159.1120840368
14159.1120840368
14159.1120840368
14159.1120840368
14159.1120840368
14159.1120840368
14159.1120840368
14159.1120840368
14159.1120840368
14159.1120840368
14159.1120840368
14159.1120840368
14159.1120840368
14159.1120840368
14159.1120840368
14159.1120840368
14159.1120840368
14159.1120840368
14159.1120840368
14159.1120840368
14159.1120840368
14155.6701108295
14159.1120840368
14159.1120840368
14159.1120840368
14159.1120840368
14159.1120840368
14159.1120840368
14159.1120840368
14159.1120840368
14159.1120840368
14159.1120840368
14159.1120840368
14159.1120840368
14159.1120840368
14159.1120840368
14159.1120840368
14159.1120840368
14159.1120840368
14159.1120840368
14159.1120840368
14159.1120840368
14159.1120840368
14159.1120840368
14159.1120840368
14159.1120840368
14159.1120840368
14156.9685284661
14159.1120840368
14159.1120840368
14159.1120840368
14159.1120840368
14159.1120840368
14159.1120840368
14159.1120840368
14159.1120840368
14159.1120840368
14159.1120840368
14159.1120840368
14159.1120840368
14159.1120840368
14159.1120840368
14159.1120840368
14159.1120840368
14159.1120840368
14159.1120840368
14159.1120840368
14159.1120840368
14159.1120840368
14159.1120840368
14159.1120840368
14159.1120840368
14159.1120840368
14159.1120840368
14159.1120840368
14159.1120840368
14156.8096280268
14159.1120840368
14159.1120840368
14159.1120840368
14159.1120840368
14159.1120840368
14159.1120840368
14159.1120840368
14159.1120840368
14159.1120840368
14159.1120840368
14159.1120840368
14159.1120840368
14159.1120840368
14159.1120840368
14159.1120840368
14159.1120840368
14159.1120840368
14159.1120840368
14159.1120840368
14159.1120840368
14159.1120840368
14159.1120840368
14159.1120840368
14159.1120840368
14159.1120840368
14159.1120840368
14159.1120840368
14159.1120840368
14159.1120840368
14159.1120840368
14156.1269446617
14159.1120840368
14159.1120840368
14159.1120840368
14159.1120840368
14159.1120840368
14159.1120840368
14159.1120840368
14159.1120840368
14159.1120840368
14159.1120840368
14159.1120840368
14159.1120840368
14159.1120840368
14159.1120840368
14159.1120840368
14159.1120840368
14159.1120840368
14159.1120840368
14156.5113690899
14159.1120840368
14159.1120840368
14159.1120840368
14159.1120840368
14159.1120840368
14159.1120840368
14159.1120840368
14159.1120840368
14159.1120840368
14159.1120840368
14159.1120840368
14159.1120840368
14159.1120840368
14159.1120840368
14159.1120840368
14159.1120840368
14159.1120840368
14159.1120840368
14159.1120840368
14159.1120840368
14159.1120840368
14159.1120840368
14159.1120840368
14159.1120840368
14159.1120840368
14159.1120840368
14159.1120840368
14159.1120840368
14159.1120840368
14159.1120840368
14159.1120840368
14159.1120840368
14159.1120840368
14159.1120840368
14159.1120840368
14159.1120840368
14159.1120840368
14159.1120840368
14159.1120840368
14159.1120840368
14159.1120840368
14159.1120840368
14159.1120840368
14159.1120840368
14159.1120840368
14159.1120840368
14159.1120840368
14159.1120840368
14159.1120840368
14159.1120840368
14159.1120840368
14159.1120840368
14159.1120840368
14159.1120840368
14159.1120840368
14159.1120840368
14159.1120840368
14159.1120840368
14159.1120840368
14153.4538072414
14159.1120840368
14159.1120840368
14159.1120840368
14159.1120840368
14159.1120840368
14159.1120840368
14159.1120840368
14159.1120840368
14159.1120840368
14159.1120840368
14159.1120840368
14159.1120840368
14159.1120840368
14159.1120840368
14159.1120840368
14159.1120840368
14159.1120840368
14159.1120840368
14159.1120840368
14159.1120840368
14156.4321130316
14159.1120840368
14159.1120840368
14159.1120840368
14159.1120840368
14159.1120840368
14159.1120840368
14159.1120840368
14159.1120840368
14155.699272853
14159.1120840368
14159.1120840368
14156.2869204356
14159.1120840368
14159.1120840368
14155.3227102871
14159.1120840368
14159.1120840368
14159.1120840368
14159.1120840368
14159.1120840368
14159.1120840368
14159.1120840368
14159.1120840368
14159.1120840368
14159.1120840368
14159.1120840368
14159.1120840368
14159.1120840368
14159.1120840368
14159.1120840368
14159.1120840368
14159.1120840368
14159.1120840368
14159.1120840368
14159.1120840368
14159.1120840368
14159.1120840368
14159.1120840368
14159.1120840368
14159.1120840368
14159.1120840368
14159.1120840368
14159.1120840368
14159.1120840368
14159.1120840368
14159.1120840368
14159.1120840368
14159.1120840368
14159.1120840368
14152.7870489363
14159.1120840368
14159.1120840368
14159.1120840368
14159.1120840368
14159.1120840368
14159.1120840368
14159.1120840368
14159.1120840368
14159.1120840368
14159.1120840368
14159.1120840368
14159.1120840368
14159.1120840368
14159.1120840368
14159.1120840368
14159.1120840368
14159.1120840368
14159.1120840368
14159.1120840368
14159.1120840368
14159.1120840368
14159.1120840368
14159.1120840368
14159.1120840368
14159.1120840368
14159.1120840368
14159.1120840368
14159.1120840368
14159.1120840368
14159.1120840368
14155.8958470584
14159.1120840368
14159.1120840368
14159.1120840368
14159.1120840368
14159.1120840368
14159.1120840368
14159.1120840368
14159.1120840368
14159.1120840368
14159.1120840368
14159.1120840368
14159.1120840368
14159.1120840368
14159.1120840368
14159.1120840368
14159.1120840368
14159.1120840368
14159.1120840368
14159.1120840368
14159.1120840368
14159.1120840368
14159.1120840368
14159.1120840368
14159.1120840368
14159.1120840368
14159.1120840368
14159.1120840368
14159.1120840368
14159.1120840368
14159.1120840368
14159.1120840368
14159.1120840368
14159.1120840368
14159.1120840368
14159.1120840368
14159.1120840368
14159.1120840368
14159.1120840368
14159.1120840368
14159.1120840368
14159.1120840368
14159.1120840368
14155.4831054619
14159.1120840368
14159.1120840368
14159.1120840368
14159.1120840368
14159.1120840368
14159.1120840368
14159.1120840368
14159.1120840368
14159.1120840368
14159.1120840368
14159.1120840368
14159.1120840368
14159.1120840368
14159.1120840368
14159.1120840368
14159.1120840368
14159.1120840368
14159.1120840368
14159.1120840368
14156.6191791783
14159.1120840368
14159.1120840368
14159.1120840368
14159.1120840368
14159.1120840368
14159.1120840368
14159.1120840368
14159.1120840368
14159.1120840368
14159.1120840368
14159.1120840368
14159.1120840368
14159.1120840368
14159.1120840368
14159.1120840368
14159.1120840368
14159.1120840368
14159.1120840368
14159.1120840368
14159.1120840368
14159.1120840368
14159.1120840368
14159.1120840368
14159.1120840368
14159.1120840368
14159.1120840368
14159.1120840368
14159.1120840368
14159.1120840368
14159.1120840368
14159.1120840368
14159.1120840368
14159.1120840368
14159.1120840368
14159.1120840368
14159.1120840368
14159.1120840368
14159.1120840368
14159.1120840368
14159.1120840368
14159.1120840368
14159.1120840368
14159.1120840368
14159.1120840368
14159.1120840368
14155.7841803997
14159.1120840368
14156.3142963411
14159.1120840368
14159.1120840368
14159.1120840368
14159.1120840368
14159.1120840368
14159.1120840368
14159.1120840368
14159.1120840368
14159.1120840368
14159.1120840368
14159.1120840368
14159.1120840368
14159.1120840368
14159.1120840368
14159.1120840368
14159.1120840368
14159.1120840368
14159.1120840368
14159.1120840368
14159.1120840368
14159.1120840368
14159.1120840368
14159.1120840368
14159.1120840368
14159.1120840368
14159.1120840368
14159.1120840368
14159.1120840368
14159.1120840368
14159.1120840368
14159.1120840368
14159.1120840368
14159.1120840368
14159.1120840368
14159.1120840368
14159.1120840368
14159.1120840368
14159.1120840368
14159.1120840368
14159.1120840368
14159.1120840368
14159.1120840368
14159.1120840368
14156.5752305526
14159.1120840368
14159.1120840368
14159.1120840368
14159.1120840368
14159.1120840368
14159.1120840368
14159.1120840368
14159.1120840368
14159.1120840368
14159.1120840368
14159.1120840368
14159.1120840368
14159.1120840368
14159.1120840368
14159.1120840368
14159.1120840368
14159.1120840368
14159.1120840368
14155.1902327553
14159.1120840368
14159.1120840368
14159.1120840368
14159.1120840368
14159.1120840368
14159.1120840368
14159.1120840368
14159.1120840368
14159.1120840368
14159.1120840368
14159.1120840368
14159.1120840368
14159.1120840368
14159.1120840368
14159.1120840368
14159.1120840368
14159.1120840368
14159.1120840368
14159.1120840368
14159.1120840368
14159.1120840368
14159.1120840368
14159.1120840368
14159.1120840368
14159.1120840368
14159.1120840368
14153.8608372127
14159.1120840368
14159.1120840368
14159.1120840368
14159.1120840368
14156.3205215905
14159.1120840368
14159.1120840368
14159.1120840368
14159.1120840368
14159.1120840368
14155.9190652258
14159.1120840368
14159.1120840368
14159.1120840368
14159.1120840368
14159.1120840368
14155.5322752663
14159.1120840368
14152.0283220793
14159.1120840368
14151.2064180818
14151.4036036434
14150.6805118779
14155.2774041931
14155.9876094656
14150.6942854982
14151.2171248513
14151.1853525713
14151.7746179951
14151.6365013084
14151.5514586689
14155.4280146903
14156.2023217578
14151.6817189717
14151.7427159657
14150.9583014696
14151.0616945644
14151.4972805868
14151.7664207351
14159.1120840368
14156.3718246293
14150.3729479492
14152.0181643877
14150.7063192777
14151.8187449352
14151.5953246524
14152.3361282727
14155.7330668838
14155.0773337751
14151.7389522053
14151.3839390802
14151.2626907574
14151.1358164955
14151.3133085785
14151.9375647367
14154.8277705258
14156.0749527969
14151.1360223078
14150.9398072687
14150.7276747724
14151.3016445743
14151.0160243196
14151.8458262015
14155.3674794741
14155.346393454
14152.0289705631
14152.0033001057
14159.1120840368
14151.8569666557
14151.7082208467
14151.21838662
14154.6445241338
14155.6183180284
14151.2100311325
14151.9307930198
14151.363701972
14151.3736609897
14151.0889708626
14151.1400275835
14154.0156752534
14155.6811354754
14151.4989202128
14155.1956688997
14151.7744703263
14159.1120840368
14151.9801869828
14151.8324807544
14155.0701315381
14155.4731422056
14151.1519827776
14151.8972144414
14151.3825595339
14152.5606986457
14151.7547461667
14151.7908672806
14154.5969659496
14156.0385092022
14159.1120840368
14152.404967018
14151.7044008023
14151.3101378008
14152.3945338627
14151.4199997699
14155.4197890952
14155.6233323054
14152.058063813
14152.0483948691
14152.2681244016
14151.8902786796
14152.4425176437
14152.2556425885
14159.1120840368
14154.5452034444
14151.5828172604
14151.9847748327
14151.2528145347
14151.3629591763
14151.893682194
14151.0418243804
14155.4955026719
14156.3808912564
14150.8970360752
14150.4467667434
14152.5547905118
14159.1120840368
14153.1030516426
14152.0552345774
14155.4770945276
14153.2982195313
14151.5315638211
14152.1785394453
14151.0507145317
14151.2655062001
14151.6657325448
14151.0855619387
14155.5385670524
14156.2608480382
14150.1195173288
14150.3429303366
14151.7333673463
14151.7578201595
14152.456921966
14151.2645522391
14155.6046585413
14154.5819703156
14150.8321266538
14151.9583438744
14150.4445156343
14151.1459015802
14151.2587392603
14151.4854233907
14155.9072656121
14155.7627236
14159.1120840368
14151.7023163106
14150.4232520262
14150.5418665909
14151.0319875956
14151.283849195
14155.6364604207
14156.2552542867
14150.6885302065
14151.0543502779
14150.4846262869
14150.8899419596
14151.3388445559
14151.3035388911
14154.9566514129
14156.3957842394
14150.9254266003
14151.5185416551
14150.6260041316
14150.5823014745
14151.36492484
14151.2425012251
14156.9757543564
14154.6209684263
14150.8285123923
14151.2650935502
14159.1120840368
14151.5207017897
14151.0679880505
14151.3329065055
14156.2117226448
14155.7809039943
14150.862686363
14151.7022806447
14150.8001561748
14151.9176273871
14159.1120840368
14151.8160921601
14155.5603964137
14155.7826173297
14151.0180273491
14151.5403829903
14150.8325747938
14150.9947833406
14151.7244186051
14150.9998417839
14153.9347895874
14154.7757915779
14151.0668513415
14151.9519007884
14150.8335958943
14151.7132402865
14150.955704926
14152.190705297
14155.0462004627
14155.07992876
14150.6121504637
14151.0122698663
14151.0233194404
14151.2155718458
14151.2112442301
14152.0888645168
14154.5599814166
14154.7541413963
14151.0614194245
14151.1874176351
14151.7286914372
14150.9839723931
14151.6304249334
14151.3521313519
14155.2394734505
14154.7539242192
14152.5469863251
14152.0057045783
14151.3514522176
14150.9943322717
14151.2361357868
14151.7684449206
14154.6871736107
14154.3141244544
14151.9832140404
14151.669036497
14151.7651498886
14151.3221607697
14151.9664525786
14151.2022751263
14155.1215101734
14155.8211221862
14150.9238061045
14159.1120840368
14152.241365931
14152.5443329243
14152.2827748637
14152.1054351948
14155.1113155265
14154.501681461
14150.5394438811
14151.3690884598
14151.8140000751
14150.9728314955
14151.5808870801
14151.7874876299
14155.404308057
14154.2865854894
14150.0754197122
14150.7403987464
14151.0901824768
14159.1120840368
14152.2165926484
14151.491746514
14155.6158885165
14154.4633924269
14151.1578668099
14151.8360273867
14150.4679421755
14150.9760152603
14151.2317169657
14151.3520911951
14155.3953813991
14155.8289203875
14151.617659542
14151.3099357078
14150.6232618364
14150.4256934772
14151.0386518561
14151.2145946397
14155.1878799295
14153.786307649
14151.009576053
14150.9116866117
14150.7101857548
14150.5670180663
14150.7867671798
14151.0813746787
14154.756500179
14154.9230141894
14150.9661789784
14151.4175854138
14150.5102391375
14151.3133976886
14159.1120840368
14151.8998365348
14155.3865180948
14154.8891803865
14151.2554079896
14151.0707122102
14150.8177161845
14151.4253044554
14150.6351129642
14151.8373036242
14159.1120840368
14154.9708145044
14151.1247793693
14151.1871057653
14150.8689573349
14151.6698645065
14150.8399385661
14151.7780510333
14155.3031153887
14155.7611167357
14159.1120840368
14152.019826842
14150.5017437554
14151.445682209
14150.1778785973
14153.2042197313
14156.3462120189
14155.3929171796
14152.003630377
14151.3348346659
14151.2128309003
14151.0673822575
14150.6596881322
14151.5649204673
14154.683563804
14155.4073948272
14151.8975864098
14152.201005678
14150.7601007301
14149.980094502
14149.6129738512
14150.3822349538
14154.6080383169
14154.3593047521
14152.6051533052
14151.4562963647
14152.4334545749
14150.9552225095
14152.3394746343
14151.6896326331
14155.5124319883
14159.1120840368
14152.4107309055
14151.9573005168
14151.9436342353
14150.7881281489
14151.3301488337
14151.6461904961
14153.9678382586
14155.0034084184
14152.5937030458
14152.0166890521
14152.7294414793
14159.1120840368
14152.2094769565
14150.9441988646
14155.7003197164
14155.0201036504
14152.3434122016
14159.1120840368
14151.8061498425
14152.5768546307
14151.4144568821
14152.098710092
14159.1120840368
14155.9127655802
14151.7842917312
14159.1120840368
14151.3239460631
14151.5817199294
14151.5285306325
14151.3060571073
14155.2202455448
14155.2785618586
14150.5632811186
14151.3715228259
14150.9014800329
14151.3906868365
14151.3267055628
14151.715047968
14154.9841693895
14154.4585410112
14150.6560941005
14151.0653850231
14150.4956817673
14150.7157019007
14151.2010942595
14151.3412573107
14156.5210092005
14154.9140617552
14150.6676097848
14150.9728161322
14150.7778809327
14150.9272154135
14151.0520726183
14151.0845921956
14154.1534100609
14155.1527479337
14151.789031807
14151.1921508391
14150.9585977631
14150.8240281272
14150.9957867901
14151.0471023647
14154.2670505981
14155.1158311616
14151.9525540037
14150.9934391334
14150.8262951277
14151.1387035441
14150.742788978
14151.3611686975
14155.4920218304
14155.6713759783
14151.1436693247
14151.2867215479
14151.0112871146
14150.7658843254
14149.7182412673
14150.8329033619
14154.0089900492
14155.992013254
14151.8743162218
14150.8407015762
14150.6006015256
14149.9850237856
14150.3264015185
14150.4700189213
14154.1832913101
14155.9322702635
14151.2537594267
14152.2179046524
14150.8653175462
14150.4515662296
14149.7185159962
14151.4904015809
14156.7634936538
14155.6008832122
14151.4845599408
14151.7648892817
14151.146441114
14150.1683090616
14151.5742130009
14150.377392713
14154.8256916006
14155.6599556601
14150.7650399157
14151.3995097517
14150.2202872066
14149.9800688869
14150.4907477521
14151.5244764022
14155.4910146022
14155.0411984738
14151.6191909101
14150.9967191222
14150.9582133834
14150.5009820418
14151.687610327
14151.7617542792
14154.7712937665
14154.1861235293
14151.4139892841
14150.9354635743
14151.3682326573
14151.1993073881
14151.8079333908
14150.1885619572
14154.8858771935
14155.3993183007
14151.7033125525
14151.8400567193
14159.1120840368
14153.6435948165
14152.9535890559
14151.4040883579
14155.2582491956
14155.1317610375
14151.4362271489
14151.5524894547
14151.7693016415
14151.3972807832
14151.136285845
14152.201177636
14154.560611775
14155.0600095497
14151.4864635944
14153.0347582769
14151.0834726084
14152.1212604861
14151.441244213
14151.8912433613
14155.2515788002
14155.4158624386
14151.4002101958
14151.0311873091
14151.1472655353
14151.3980885158
14151.5290534767
14152.4230071488
14154.906386845
14154.3208051069
14151.0284841937
14151.6377260938
14151.2148339485
14151.4663251342
14150.772208767
14151.5450874655
14155.1214827528
14154.4089030281
14151.1770329573
14150.8909014283
14150.9900275738
14150.8289088313
14151.1081752036
14151.6333597285
14155.4684599168
14155.2046150559
14151.1769315124
14151.0755529563
14150.8398443292
14151.1762069171
14150.8629217609
14151.3333208589
14156.3990595758
