# type 2 occupying volumes
14089.8029354162
14085.8775190031
14085.0128277324
14086.4516524813
14082.5342694613
14086.6233814984
14085.8346249658
14089.6365712988
14087.526256322
14084.5457810995
14084.5097111492
14085.8286040036
14085.33189329
14086.8247866469
14087.2060168279
14088.2506544158
14088.4467951287
14085.8062490844
14084.8205786735
14085.5998502296
14085.7823348286
14086.4347778168
14085.6696348779
14088.292130015
14087.6381657111
14085.5783520169
14082.534269432
14082.5342694092
14086.0935570748
14085.1801869471
14087.7497062742
14087.9001027794
14087.042231511
14086.2070465371
14085.4440654352
14084.6379482988
14085.576448092
14084.1328377248
14086.2758602505
14088.4458181788
14087.6613206087
14086.8688817143
14084.4561679944
14085.4298911098
14086.1062589671
14085.709435152
14085.4201602333
14088.0113323981
14089.0981725264
14085.5108559844
14084.3175499234
14085.3375471769
14085.2958901141
14082.5342694579
14085.7156928384
14089.581964694
14082.5342694096
14086.7235883038
14085.4666751997
14085.5832562832
14086.4178332708
14084.610065809
14086.3086127696
14088.187665219
14088.9366350059
14086.1771685803
14085.0582041954
14085.3326911327
14085.4602897127
14084.3140000379
14086.1170304897
14088.2286927374
14089.6704676557
14085.4784359362
14084.0266325391
14085.4478639578
14085.5023389562
14084.8417823232
14085.5448977237
14088.6481351442
14090.7938496499
14085.5429563592
14082.5342694257
14085.298853961
14085.1795220535
14084.4863786981
14084.7189104163
14088.5780556228
14088.4455545548
14082.5342694463
14084.7249878964
14084.5985831421
14084.71336921
14085.3016836646
14085.9286545165
14087.8842779847
14088.7964547982
14084.193733343
14084.2653113829
14085.0603153738
14085.2222385688
14084.2297767347
14085.7426670712
14086.9566841236
14088.8182031704
14084.924194252
14084.8647846436
14085.5577844403
14084.6876737288
14085.7612234743
14084.4518204638
14088.3696099464
14089.0131150588
14082.5342694059
14084.6781573595
14086.784799609
14083.9671155637
14082.5342694782
14085.5363366525
14089.5817742232
14089.3386303772
14085.1075869214
14086.074838358
14085.1069225633
14085.7691410937
14086.676704113
14086.3323997723
14088.0730355774
14088.2116893478
14086.0575718672
14084.9246856301
14086.1365626688
14082.534271037
14086.2243849971
14087.0755171238
14088.4755822583
14087.8368898685
14084.963383113
14084.9858178995
14084.4659274182
14086.1422318827
14084.4904212298
14085.1693691189
14089.2353830473
14087.9163917806
14084.3696599205
14085.4193359062
14083.9876243966
14085.9601361534
14085.2497284274
14085.0080111486
14089.0143902283
14088.2967885385
14085.1405998383
14085.5598087421
14085.5592227376
14084.4570285674
14086.3413518666
14084.4138331083
14089.6182009747
14088.7915849691
14082.5342694404
14085.0006587942
14086.0414505364
14084.9466565425
14087.3259141122
14085.2421929759
14088.7881489385
14089.0831798985
14085.3217494394
14086.377466286
14085.0521667898
14085.7683246307
14086.0887803742
14082.5342694127
14089.6715149125
14089.5321781825
14085.3658812226
14082.5342694129
14086.2128904125
14085.9393649138
14084.880053297
14085.1199012872
14088.5331056155
14089.240288515
14085.2537517865
14084.8154071379
14086.8232980707
14085.2270547737
14085.1230175802
14084.8521806334
14087.7935224122
14088.9038056459
14085.4197413158
14085.2752781388
14085.4343734737
14086.1632009215
14086.6595542559
14082.5342706781
14089.9777808607
14090.4071402229
14084.8321655419
14085.6728747346
14085.3807361807
14085.680544498
14084.7354420476
14085.2717908189
14087.1546502128
14088.6806915476
14082.5342693959
14086.30152908
14085.1333267596
14085.04173994
14082.5342694156
14085.5066679146
14089.4218020656
14088.4145822198
14084.3235366348
14085.1591219828
14085.3387736599
14084.8913971586
14085.0270608657
14082.5342693942
14088.4926150121
14088.9326553976
14082.5342694325
14086.5381738923
14086.2792446114
14082.5342695421
14086.4350590929
14086.0062425236
14087.8046529374
14087.5446820061
14084.1831095956
14086.0100908608
14085.2891109079
14085.215141084
14087.7490176637
14084.9876583884
14088.5178279309
14089.5347121099
14085.3577937296
14086.4678344979
14082.5342695145
14086.120606472
14084.5786641506
14087.1442338258
14088.6984746315
14088.028912235
14084.1434900201
14086.1825410679
14085.902003028
14084.9246717262
14084.5549857326
14084.9766707584
14088.4948019088
14088.3749434965
14084.4340172295
14084.3918979877
14084.3799566033
14084.4268994772
14084.6751064361
14085.7346430065
14082.5342694031
14087.5936416655
14085.633843806
14085.0521177896
14084.5796316287
14085.0541765771
14082.5342687711
14086.7262991816
14088.2510089795
14088.2249719139
14085.4924371792
14085.2390494127
14086.022855656
14085.2933145841
14085.1457810742
14085.9123587896
14090.345962437
14087.0541922618
14085.92445359
14085.9970831987
14084.3217564364
14086.655532456
14083.3418121831
14086.702533964
14087.3607300852
14088.1170388001
14085.5672129304
14085.4621733525
14085.8457236421
14084.9183913429
14085.0892941064
14082.5342694205
14088.9287458781
14087.6744544079
14086.7429910968
14086.1434522292
14086.6588400446
14085.7466012978
14085.8067149006
14084.6602527494
14088.5447604789
14088.675324507
14086.5004918881
14085.1936157387
14086.7773766371
14084.6043396271
14084.0379594385
14084.2755906502
14086.8332585407
14088.878874452
14086.7242531209
14086.4755832569
14086.2360669412
14087.1974443443
14085.0480263003
14085.0459168216
14087.1088388501
14090.3767228197
14084.4882391902
14086.8152463545
14084.9627330682
14085.0029299568
14082.5342692727
14085.3409421742
14087.7242165438
14089.1223866804
14085.374489096
14086.0953407682
14085.6030033269
14085.4841496196
14085.635235334
14084.2447687175
14086.3225960907
14088.9808491768
14082.534269375
14085.1181839577
14085.515121073
14083.7442074117
14083.1995055911
14085.8609703236
14086.9263519562
14088.1816583019
14084.0515655413
14086.0432052492
14086.9356555925
14085.3963417632
14086.1063090455
14086.8275625446
14087.974801072
14089.1961040921
14083.8805966053
14085.9653411889
14084.3898477213
14086.4547082791
14082.5342694195
14086.1024068228
14088.6746024143
14086.9891295172
14085.2256225191
14085.6793124943
14086.6577071606
14086.1055159203
14086.3268265408
14086.4675173537
14087.9499833923
14088.2420219628
14084.9036888899
14084.154288705
14085.8434956958
14084.6453025749
14084.6286889689
14085.2889493391
14088.3855370223
14088.0618197682
14085.7803982058
14085.3594521902
14085.6355054555
14085.450062971
14085.5338743633
14086.8347481269
14088.5649774425
14088.5529944419
14085.7930110592
14084.6486253841
14082.5342693611
14085.848535302
14084.5163405571
14085.7701892702
14088.7070734596
14088.5203868373
14085.0856508806
14085.3864542675
14085.0590168864
14082.534269422
14086.2239947263
14087.6108208622
14090.8594323237
14087.6744408141
14086.6033436012
14086.6793577898
14082.5342693936
14086.7509070832
14082.5342689661
14086.6355616499
14088.6960762017
14088.8822491716
14085.5600432737
14086.4712351111
14084.6764754492
14086.2110603941
14084.7034015747
14086.5922364688
14088.6874461043
14088.3771956442
14084.9199660052
14086.1513831443
14085.4119424989
14087.2688633017
14084.0762922556
14086.5048000679
14087.8350196642
14086.5331701629
14085.967838822
14085.5353896621
14085.3481072367
14086.4364613806
14084.680814488
14086.2753585513
14089.1727870574
14087.5262114582
14084.4524527205
14085.1105286291
14084.9077495977
14085.9586664985
14085.1094253394
14085.0349982422
14087.1121579324
14088.3700842214
14084.1942246845
14084.6448240357
14084.7689029356
14085.4322301868
14083.7716905083
14085.3311937811
14088.963389291
14088.7036315105
14082.5342659149
14085.2019227149
14086.0681873791
14084.9983079803
14086.4273383584
14085.2258491836
14088.3089136587
14090.2753974717
14085.2045657364
14084.8245035918
14084.7656827654
14084.5484181714
14085.3599970298
14085.2182818721
14089.3602992078
14086.9461338162
14084.7455640116
14085.8075903718
14086.006295446
14082.5342693885
14086.7141504898
14085.0638622834
14087.9170858291
14088.8644100379
14085.583716943
14084.9736255498
14085.7072644423
14084.9203832551
14084.777042053
14082.5342694217
14088.7330962452
14087.2507647076
14085.4609386622
14084.4463661655
14086.3045155971
14082.5342694477
14086.2292087863
14084.73630494
14088.4592745285
14087.9109971058
14085.9268181174
14084.061476681
14085.8528773728
14084.0333334657
14085.8163594081
14085.4579468004
14082.5342694133
14088.4641274122
14085.7773262349
14084.689428263
14087.9594952178
14082.5342694387
14087.4081416988
14084.9094436553
14091.2925437969
14089.4747044055
14085.7406751109
14082.5342694241
14085.7992517461
14085.9852616592
14085.2311472436
14082.5342694479
14088.9589677682
14082.5342694046
14090.985739637
14082.5342694369
14090.3866203348
14082.5342694016
14082.534269391
14082.5342694226
14082.5342694663
14082.5342694322
14082.5342694053
14082.5342694468
14082.534269451
14082.53426943
14082.5342694191
14082.5342694284
14082.534269427
14082.5342693674
14082.5342694367
14082.5342694393
14082.5342694489
14082.5342694085
14082.5342694224
14082.534269414
14083.6677171262
14082.5342694615
14082.5342694725
14082.5342694031
14082.5342694286
14082.5342694868
14082.5342694341
14082.5342694013
14082.5342694197
14082.5342694388
14082.5342694216
14082.5342694135
14082.5342695379
14082.5342694346
14082.5342694411
14082.5342694555
14082.5342695566
14082.5342694455
14082.5342694647
14082.5342682245
14082.5342694339
14082.5342694081
14082.5342693638
14082.5342694045
14082.5342694967
14082.5342694398
14082.5342694024
14082.5342694391
14090.8735498937
14082.5342694349
14090.126716156
14082.5342694335
14082.5342694775
14082.5342693949
14090.4841180184
14082.5342694274
14082.5342694076
14082.5342694534
14082.5342694024
14082.5342694067
14082.534269415
14082.5342693938
14082.5342693954
14082.5342694383
14082.5342693857
14089.411655636
14082.5342694327
14082.5342694396
14082.5342694218
14082.5342694054
14082.5342694203
14082.5342693983
14082.5342694222
14082.5342694277
14090.3188584684
14082.5342694385
14082.5342694386
14082.5342694455
14082.5342695691
14082.5342694606
14082.5342694287
14082.53426943
14082.5342693789
14082.5342696136
14082.5342694098
14082.5342695502
14082.5342694509
14082.5342694532
14082.5342694077
14082.5342694466
14082.5342694476
14082.5342694504
14086.4428860775
14082.5342693966
14082.5342694525
14082.5342694199
14082.5342694457
14082.5342694098
14082.5342694078
14082.5342694034
14082.5342697379
14082.5342698057
14082.5342694797
14082.5342695014
14082.534269424
14090.4824823141
14082.5342694107
14082.5342693831
14082.5342694355
14082.5342693893
14082.5342694035
14082.5342694165
14082.5342694157
14082.5342694268
14082.534269427
14082.5342693749
14082.5342694122
14082.5342694278
14089.1530513648
14082.5342694273
14088.343940541
14082.5342693748
14082.5342694267
14082.5342694396
14082.5342694059
14082.5342694521
14082.5342694133
14082.5342694327
14082.5342694144
14082.5342693766
14082.5342684266
14082.5342694316
14082.5342694282
14082.5342693774
14089.7869061903
14082.5342693951
14082.5342693871
14082.5342693576
14082.5342694033
14082.5342694477
14082.534269411
14082.5342693966
14082.5342694205
14082.53426944
14082.5342694127
14082.5342694044
14082.5342694016
14082.5342693815
14082.534269373
14082.5342694226
14082.534269438
14082.5342694142
14082.5342694447
14090.1446381842
14082.5342694216
14082.5342693571
14082.5342694492
14082.5342694225
14082.5342694522
14082.5342694461
14090.3406580561
14082.5342694075
14082.5342694304
14082.5342694232
14082.5342694963
14082.5342693867
14082.5342694321
14082.534269426
14082.5342694477
14082.5342694026
14089.6308456604
14082.5342694228
14082.5342694098
14082.534269416
14082.5342694286
14082.5342694315
14082.5342694502
14082.5342694131
14082.5342694175
14082.5342694462
14082.534269452
14082.5342694463
14082.5342693645
14082.5342694565
14082.5342694158
14082.5342694332
14082.5342693878
14082.5342694183
14082.5342694086
14082.5342694697
14082.5342694365
14082.5342694515
14082.5342694259
14082.5342694314
14082.5342694334
14082.5342693791
14082.5342694411
14082.5342694401
14082.5342694364
14082.5342694336
14082.5342694297
14082.5342694302
14082.5342694064
14082.534269429
14082.5342694244
14082.5342694078
14082.5342694499
14082.5342694371
14082.5342694587
14082.5342694322
14082.5342697767
14082.5342694612
14082.5342694007
14082.534269406
14082.5342694589
14082.5342694434
14088.7292685272
14082.5342694252
14089.0618733382
14082.5342694524
14082.5342693789
14082.5342694497
14082.5342694441
14090.2752469421
14082.5342694228
14082.5342694414
14082.5342694238
14082.5342694589
14082.5342694217
14082.5342694179
14082.5342694593
14082.5342694336
14089.7510234343
14082.5342694631
14082.534269451
14082.534269469
14082.534269528
14082.5342694301
14082.5342694403
14089.3300535747
14082.5342694277
14090.1899317139
14082.5342694421
14082.5342694204
14082.5342694799
14082.5342694278
14082.5342695757
14082.5342694182
14082.534269444
14082.5342694244
14082.5342694212
14082.5342695512
14082.5342694787
14082.5342694082
14082.5342694769
14082.5342694238
14082.5342694312
14082.5342694286
14082.5342694235
14082.5342693913
14082.5342704522
14082.5342693998
14082.5342694471
14082.5342694397
14082.5342694224
14082.5342694031
14082.5342694292
14082.534269408
14082.5342693896
14082.5342694179
14082.5342694365
14082.5342694469
14082.5342694058
14082.5342694334
14090.1282819668
14082.5342693805
14082.5342694069
14082.5342694175
14082.5342694302
14082.5342693543
14089.4687932847
14082.5342694659
14082.5342694153
14082.5342694395
14085.7630094316
14082.5342694375
14082.5342694584
14082.5342694169
14082.5342694539
14082.5342693602
14082.5342694558
14082.534268835
14082.5342694077
14082.5342694367
14090.4407880188
14082.5342694276
14082.5342694093
14082.534269405
14082.534269386
14082.5342694184
14082.5342694343
14082.5342693934
14082.534269422
14082.5342694113
14082.534269406
14082.5342694501
14082.5342694788
14082.5342694735
14082.53426943
14082.5342694373
14082.534269487
14082.5342694201
14082.5342693797
14082.5342694467
14082.5342694492
14082.5342694268
14082.534269461
14082.5342694163
14082.5342694126
14082.5342694706
14082.534269404
14082.5342694308
14082.5342688888
14082.5342694266
14082.5342694426
14086.5006950932
14082.534269411
14082.5342694184
14082.5342694195
14082.534269437
14082.5342694302
14082.5342694359
14082.5342694616
14082.5342694118
14082.5342693772
14082.5342694076
14082.5342694314
14089.4326402523
14082.5342693505
14082.534269413
14082.5342693756
14082.534269422
14082.5342694352
14090.3772973132
14082.5342694039
14082.5342694125
14082.5342694013
14082.5342694611
14086.61851918
14082.5342694294
14082.53426939
14089.2756491872
14082.5342694195
14082.5342694192
14082.5342693822
14082.5342694202
14082.5342694086
14082.534269396
14082.5342694012
14082.5342694099
14082.5342693908
14082.5342694087
14082.5342694446
14082.5342694185
14082.534269447
14082.5342694236
14082.5342694367
14082.5342694017
14082.5342694286
14082.5342694116
14082.5342694893
14090.020421383
14082.5342694679
14082.5342694638
14082.5342694361
14082.5342694126
14082.5342694911
14082.5342693922
14082.5342694296
14082.5342694161
14082.5342694276
14082.5342695422
14082.5342694181
14082.5342694619
14082.5342694277
14082.5342694292
14082.5342694062
14082.5342694484
14082.534269395
14082.5342692208
14082.5342694494
14082.5342694268
14082.5342693768
14091.2020186859
14082.5342693971
14082.5342694194
14082.5342694439
14082.534269447
14082.5342694202
14082.5342694308
14082.5342694728
14089.6993167921
14082.534269486
14082.5342694402
14082.5342694473
14082.5342693906
14082.5342693835
14082.5342694384
14082.5342693832
14082.5342694498
14082.5342694268
14082.5342694638
14082.5342694698
14082.5342694091
14090.3525685891
14082.5342694457
14082.5342694118
14082.5342703512
14082.5342694181
14082.534269569
14082.5342694139
14082.5342694224
14082.5342694333
14082.5342694383
14082.5342693565
14082.5342694066
14082.5342693845
14082.5342694115
14082.5342694312
14082.5342694083
14082.5342694537
14082.534269447
14082.5342694133
14082.5342694281
14082.5342694024
14082.5342693935
14082.5342694317
14082.5342694469
14082.5342694117
14082.5342694373
14082.5342693212
14082.5342694615
14082.5342694219
14082.5342694415
14082.5342694002
14082.5342693899
14082.534269429
14082.5342694343
14082.5342694629
14082.5342693879
14082.5342694295
14082.5342695049
14082.5342694283
14082.5342694005
14082.5342694189
14082.5342694314
14090.3665728615
14082.534269436
14082.5342694351
14082.5342693422
14082.5342694304
14082.534269407
14082.5342694074
14090.8166611316
14082.5342694417
14082.5342694333
14082.53426944
14082.5342694336
14082.5342694522
14082.5342694055
14091.1721820785
14082.5342694435
14082.5342694196
14082.5342694252
14082.5342694144
14082.534269436
14082.5342695412
14082.5342694601
14082.5342694406
14082.5342694402
14082.5342691394
14082.5342694069
14082.5342694129
14082.5342694099
14082.5342693929
14082.5342693948
14082.5342696058
14082.5342694117
14082.534269408
14082.5342694361
14082.5342694598
14082.5342694022
14082.534269451
14082.5342694745
14082.5342694556
14082.5342680842
14082.5342694471
14082.5342693463
14082.5342694715
14082.5342694114
14082.5342694336
14082.5342693715
14082.5342694482
14082.5342693964
14082.5342693863
14082.5342694914
14082.5342694155
14082.5342694447
14082.5342694151
