# type 1 occupying volumes
14163.5951466973
14163.5951466973
14163.5951466973
14163.5951466973
14160.5997055497
14163.5951466973
14163.5951466973
14163.5951466973
14163.5951466973
14163.5951466973
14163.5951466973
14163.5951466973
14163.5951466973
14163.5951466973
14163.5951466973
14163.5951466973
14163.5951466973
14163.5951466973
14163.5951466973
14163.5951466973
14163.5951466973
14163.5951466973
14163.5951466973
14163.5951466973
14163.5951466973
14163.5951466973
14163.5951466973
14159.3363425304
14163.5951466973
14163.5951466973
14163.5951466973
14163.5951466973
14163.5951466973
14163.5951466973
14163.5951466973
14163.5951466973
14163.5951466973
14163.5951466973
14163.5951466973
14163.5951466973
14163.5951466973
14163.5951466973
14163.5951466973
14163.5951466973
14163.5951466973
14163.5951466973
14163.5951466973
14163.5951466973
14163.5951466973
14163.5951466973
14163.5951466973
14163.5951466973
14163.5951466973
14161.1840730682
14163.5951466973
14163.5951466973
14163.5951466973
14163.5951466973
14163.5951466973
14163.5951466973
14163.5951466973
14163.5951466973
14163.5951466973
14163.5951466973
14163.5951466973
14163.5951466973
14163.5951466973
14163.5951466973
14163.5951466973
14163.5951466973
14163.5951466973
14163.5951466973
14163.5951466973
14163.5951466973
14163.5951466973
14163.5951466973
14163.5951466973
14163.5951466973
14163.5951466973
14163.5951466973
14163.5951466973
14163.5951466973
14161.4398777268
14163.5951466973
14163.5951466973
14163.5951466973
14163.5951466973
14163.5951466973
14163.5951466973
14163.5951466973
14163.5951466973
14163.5951466973
14163.5951466973
14163.5951466973
14163.5951466973
14163.5951466973
14163.5951466973
14163.5951466973
14163.5951466973
14163.5951466973
14163.5951466973
14163.5951466973
14163.5951466973
14163.5951466973
14163.5951466973
14163.5951466973
14163.5951466973
14163.5951466973
14163.5951466973
14163.5951466973
14163.5951466973
14163.5951466973
14163.5951466973
14159.1008663186
14163.5951466973
14163.5951466973
14163.5951466973
14163.5951466973
14163.5951466973
14163.5951466973
14163.5951466973
14163.5951466973
14163.5951466973
14163.5951466973
14163.5951466973
14163.5951466973
14163.5951466973
14163.5951466973
14163.5951466973
14163.5951466973
14163.5951466973
14163.5951466973
14159.9523229401
14163.5951466973
14163.5951466973
14163.5951466973
14163.5951466973
14163.5951466973
14163.5951466973
14163.5951466973
14163.5951466973
14163.5951466973
14163.5951466973
14163.5951466973
14163.5951466973
14163.5951466973
14163.5951466973
14163.5951466973
14163.5951466973
14163.5951466973
14163.5951466973
14163.5951466973
14163.5951466973
14163.5951466973
14163.5951466973
14163.5951466973
14163.5951466973
14163.5951466973
14163.5951466973
14163.5951466973
14163.5951466973
14163.5951466973
14163.5951466973
14163.5951466973
14163.5951466973
14163.5951466973
14163.5951466973
14163.5951466973
14163.5951466973
14163.5951466973
14163.5951466973
14163.5951466973
14163.5951466973
14163.5951466973
14163.5951466973
14163.5951466973
14163.5951466973
14163.5951466973
14163.5951466973
14163.5951466973
14163.5951466973
14163.5951466973
14163.5951466973
14163.5951466973
14163.5951466973
14163.5951466973
14163.5951466973
14163.5951466973
14163.5951466973
14163.5951466973
14163.5951466973
14163.5951466973
14158.142901807
14163.5951466973
14163.5951466973
14163.5951466973
14163.5951466973
14163.5951466973
14163.5951466973
14163.5951466973
14163.5951466973
14163.5951466973
14163.5951466973
14163.5951466973
14163.5951466973
14163.5951466973
14163.5951466973
14163.5951466973
14163.5951466973
14163.5951466973
14163.5951466973
14163.5951466973
14163.5951466973
14160.1577067698
14163.5951466973
14163.5951466973
14163.5951466973
14163.5951466973
14163.5951466973
14163.5951466973
14163.5951466973
14163.5951466973
14159.5194798408
14163.5951466973
14163.5951466973
14156.1439885173
14163.5951466973
14163.5951466973
14159.6210622448
14163.5951466973
14163.5951466973
14163.5951466973
14163.5951466973
14163.5951466973
14163.5951466973
14163.5951466973
14163.5951466973
14163.5951466973
14163.5951466973
14163.5951466973
14163.5951466973
14163.5951466973
14163.5951466973
14163.5951466973
14163.5951466973
14163.5951466973
14163.5951466973
14163.5951466973
14163.5951466973
14163.5951466973
14163.5951466973
14163.5951466973
14163.5951466973
14163.5951466973
14163.5951466973
14163.5951466973
14163.5951466973
14163.5951466973
14163.5951466973
14163.5951466973
14163.5951466973
14163.5951466973
14163.5951466973
14157.5952615871
14163.5951466973
14163.5951466973
14163.5951466973
14163.5951466973
14163.5951466973
14163.5951466973
14163.5951466973
14163.5951466973
14163.5951466973
14163.5951466973
14163.5951466973
14163.5951466973
14163.5951466973
14163.5951466973
14163.5951466973
14163.5951466973
14163.5951466973
14163.5951466973
14163.5951466973
14163.5951466973
14163.5951466973
14163.5951466973
14163.5951466973
14163.5951466973
14163.5951466973
14163.5951466973
14163.5951466973
14163.5951466973
14163.5951466973
14163.5951466973
14161.3842079748
14163.5951466973
14163.5951466973
14163.5951466973
14163.5951466973
14163.5951466973
14163.5951466973
14163.5951466973
14163.5951466973
14163.5951466973
14163.5951466973
14163.5951466973
14163.5951466973
14163.5951466973
14163.5951466973
14163.5951466973
14163.5951466973
14163.5951466973
14163.5951466973
14163.5951466973
14163.5951466973
14163.5951466973
14163.5951466973
14163.5951466973
14163.5951466973
14163.5951466973
14163.5951466973
14163.5951466973
14163.5951466973
14163.5951466973
14163.5951466973
14163.5951466973
14163.5951466973
14163.5951466973
14163.5951466973
14163.5951466973
14163.5951466973
14163.5951466973
14163.5951466973
14163.5951466973
14163.5951466973
14163.5951466973
14163.5951466973
14153.816109907
14163.5951466973
14163.5951466973
14163.5951466973
14163.5951466973
14163.5951466973
14163.5951466973
14163.5951466973
14163.5951466973
14163.5951466973
14163.5951466973
14163.5951466973
14163.5951466973
14163.5951466973
14163.5951466973
14163.5951466973
14163.5951466973
14163.5951466973
14163.5951466973
14163.5951466973
14158.7940657267
14163.5951466973
14163.5951466973
14163.5951466973
14163.5951466973
14163.5951466973
14163.5951466973
14163.5951466973
14163.5951466973
14163.5951466973
14163.5951466973
14163.5951466973
14163.5951466973
14163.5951466973
14163.5951466973
14163.5951466973
14163.5951466973
14163.5951466973
14163.5951466973
14163.5951466973
14163.5951466973
14163.5951466973
14163.5951466973
14163.5951466973
14163.5951466973
14163.5951466973
14163.5951466973
14163.5951466973
14163.5951466973
14163.5951466973
14163.5951466973
14163.5951466973
14163.5951466973
14163.5951466973
14163.5951466973
14163.5951466973
14163.5951466973
14163.5951466973
14163.5951466973
14163.5951466973
14163.5951466973
14163.5951466973
14163.5951466973
14163.5951466973
14163.5951466973
14163.5951466973
14160.5918356697
14163.5951466973
14160.9647077393
14163.5951466973
14163.5951466973
14163.5951466973
14163.5951466973
14163.5951466973
14163.5951466973
14163.5951466973
14163.5951466973
14163.5951466973
14163.5951466973
14163.5951466973
14163.5951466973
14163.5951466973
14163.5951466973
14163.5951466973
14163.5951466973
14163.5951466973
14163.5951466973
14163.5951466973
14163.5951466973
14163.5951466973
14163.5951466973
14163.5951466973
14163.5951466973
14163.5951466973
14163.5951466973
14163.5951466973
14163.5951466973
14163.5951466973
14163.5951466973
14163.5951466973
14163.5951466973
14163.5951466973
14163.5951466973
14163.5951466973
14163.5951466973
14163.5951466973
14163.5951466973
14163.5951466973
14163.5951466973
14163.5951466973
14163.5951466973
14163.5951466973
14161.5262819124
14163.5951466973
14163.5951466973
14163.5951466973
14163.5951466973
14163.5951466973
14163.5951466973
14163.5951466973
14163.5951466973
14163.5951466973
14163.5951466973
14163.5951466973
14163.5951466973
14163.5951466973
14163.5951466973
14163.5951466973
14163.5951466973
14163.5951466973
14163.5951466973
14161.2257613027
14163.5951466973
14163.5951466973
14163.5951466973
14163.5951466973
14163.5951466973
14163.5951466973
14163.5951466973
14163.5951466973
14163.5951466973
14163.5951466973
14163.5951466973
14163.5951466973
14163.5951466973
14163.5951466973
14163.5951466973
14163.5951466973
14163.5951466973
14163.5951466973
14163.5951466973
14163.5951466973
14163.5951466973
14163.5951466973
14163.5951466973
14163.5951466973
14163.5951466973
14163.5951466973
14158.3920802755
14163.5951466973
14163.5951466973
14163.5951466973
14163.5951466973
14160.2717691397
14163.5951466973
14163.5951466973
14163.5951466973
14163.5951466973
14163.5951466973
14161.6761078908
14163.5951466973
14163.5951466973
14163.5951466973
14163.5951466973
14163.5951466973
14160.0180546009
14163.5951466973
14155.6556914514
14163.5951466973
14154.2848596083
14154.0832873996
14154.7015915638
14159.1829920257
14159.8323828588
14154.9174263444
14156.8226852521
14155.3795680064
14154.6730367416
14154.6133078671
14154.6932709085
14159.3078619647
14160.4191434599
14155.2497752856
14156.1983745519
14155.2866264053
14156.3931055734
14154.9348608174
14155.685372629
14163.5951466973
14160.2890733883
14154.7564736322
14156.1066386573
14155.4840820626
14156.3668114073
14154.6703462706
14155.9406446808
14158.8529359064
14160.0007588741
14155.4778801981
14155.5092463071
14155.0777841232
14154.8829355241
14154.8174770666
14154.8701780636
14159.3790750584
14158.6645654197
14155.2550469805
14155.2479271779
14155.2638780631
14155.2536204491
14154.6652331584
14155.9770037386
14160.6624670087
14160.1145955747
14155.3289417278
14156.2077681505
14163.5951466973
14156.1009324763
14156.1580001358
14155.6612704669
14159.8450340228
14160.0031506947
14155.9691084236
14156.1354189389
14154.9734606659
14155.6920108625
14155.3459462514
14155.4614936384
14157.4201212204
14161.6384945199
14156.0255053899
14156.4587973769
14156.3603845892
14163.5951466973
14156.1874764493
14155.7427453614
14159.8835358137
14159.2192396176
14155.2819069601
14155.8736626323
14155.2948905549
14155.9685993155
14155.4384309715
14155.604750109
14160.2705564694
14161.9391860394
14163.5951466973
14156.8806376394
14155.6701261584
14156.1663494405
14155.9466342977
14155.7235465854
14158.5505231213
14160.2787689627
14157.5493175941
14156.0588771337
14157.1659084328
14155.5594472929
14155.7914512691
14156.2879805154
14163.5951466973
14160.1383466128
14156.4719230157
14156.5421311128
14156.2070493646
14155.0417712132
14156.2909665994
14154.5790551601
14159.680727158
14162.3661171466
14157.3240808206
14155.4733067217
14157.4269037132
14163.5951466973
14155.8510360575
14155.728398725
14159.4727202384
14159.9668482279
14155.1044638287
14154.4981700739
14154.4324187437
14155.2904992779
14153.9195977423
14155.6409221775
14159.6942753762
14162.3315915273
14155.9631374909
14154.898882128
14155.2377342806
14155.5469266079
14154.9842131197
14154.1173569855
14159.4732131798
14158.7384626132
14155.9900068307
14154.8916188599
14155.8667211437
14155.4841751422
14155.2151789394
14154.6861143367
14158.8641461242
14160.430999335
14163.5951466973
14156.5367211656
14153.0090216148
14155.1115115667
14149.4327300606
14154.4946477398
14157.9663086931
14159.5520449005
14155.7110038427
14155.543008874
14155.5907657878
14155.7787209543
14155.4141251539
14155.0440311769
14159.383713423
14160.1143398253
14156.0128681944
14155.8789998068
14155.4895960456
14156.1202285466
14156.2560631963
14155.4546985588
14159.5991673946
14159.4563835845
14156.2943543015
14156.0555590919
14163.5951466973
14156.1300160324
14155.4079817465
14154.3230451514
14159.6081045928
14159.5575953705
14155.4581798966
14156.5694547535
14156.1281418378
14156.9076188331
14163.5951466973
14155.2255990399
14160.152430591
14159.7263347209
14155.7632563212
14155.944317949
14155.4471335157
14155.781539925
14155.4401196899
14154.948339296
14157.5647089083
14159.3677810546
14155.4049148792
14156.2818734528
14155.3292870756
14156.9433710917
14156.1801663665
14155.5613246045
14159.8906510387
14159.6469446896
14156.0164541825
14155.6331330819
14155.5511765805
14155.0292042253
14154.6930771398
14155.6746014498
14159.0177077925
14160.3073859156
14150.2322856912
14155.7090186899
14156.1084531473
14155.2684197485
14155.7584316546
14155.4202093318
14159.6746285411
14155.1477707117
14157.5553246056
14155.9851164225
14155.678215326
14154.3960335317
14154.2049134346
14155.8912973137
14157.9255259074
14160.839602235
14151.1280132953
14155.7514255017
14156.487484669
14150.496130785
14155.3293801706
14149.7356317872
14159.893072177
14160.0980974206
14151.7344637689
14163.5951466973
14156.454517913
14155.5685761788
14155.093686373
14150.0378911047
14159.0961062216
14160.2334269356
14156.6527856784
14151.1376032244
14156.0941439532
14154.4930173936
14154.598948177
14149.3093907322
14159.8267286367
14160.6109149191
14155.2203791721
14151.5580710393
14154.494037605
14163.5951466973
14155.8081213875
14153.7965901088
14160.1268175504
14159.6412179435
14155.5612669744
14155.1528026522
14155.5747781208
14154.0469179096
14153.8808164622
14149.3547647521
14158.6681461279
14158.4884396285
14154.8669439725
14155.2772718511
14154.1567613222
14154.5404428242
14155.8272061083
14154.642565955
14159.523038915
14158.3339058322
14154.5800022114
14154.5548589163
14154.5591833915
14153.5961949856
14155.1528064877
14154.9973489567
14157.3938002646
14158.6539229211
14155.3525914319
14155.4092626947
14154.0929111008
14156.1787483037
14163.5951466973
14155.7913599358
14159.5726954799
14158.1022254431
14155.5468778149
14154.4947791686
14154.4427447662
14155.5241840313
14156.3874741121
14157.0804882428
14163.5951466973
14159.2187507387
14155.3542698907
14155.4329009753
14155.4809528069
14156.6686807201
14154.0436330509
14156.752116685
14160.2975444621
14160.4013961012
14163.5951466973
14155.3813578765
14154.8812341403
14155.2712766203
14154.7289966124
14156.5913902419
14159.1523749629
14159.959775901
14156.6433812569
14155.6887223275
14155.5182095218
14156.3885915296
14154.922804683
14157.9785769198
14159.8707180309
14159.2273271002
14155.9637971062
14156.3116869699
14155.2868075475
14155.3491143391
14155.2611623709
14154.2550639705
14159.7184397204
14160.0974697814
14156.6492358758
14155.850097989
14157.3280366246
14156.4501662121
14156.2774042757
14155.8007137675
14160.5638890321
14163.5951466973
14156.6671502735
14155.9239554091
14155.9976935137
14155.2679612314
14155.145834566
14155.1593212159
14158.0096412228
14160.3093712666
14150.99108959
14156.5142576638
14157.0093965636
14163.5951466973
14156.1636871952
14156.3324640991
14159.60311029
14159.4981737237
14156.973853712
14163.5951466973
14155.6118940472
14155.5971957052
14155.2111141954
14155.6477309568
14163.5951466973
14159.4580413931
14155.8784337829
14163.5951466973
14155.6702858015
14154.6567240196
14155.5014186013
14154.9241806779
14159.4887441265
14159.5995679548
14156.3157133771
14155.5329062107
14154.9578338644
14155.2700797318
14155.7676368303
14156.0257426695
14157.9959116035
14158.0338789336
14154.0418287678
14155.4568903015
14154.1990084856
14155.3792620649
14155.2960674455
14154.5442075937
14159.1613008633
14159.6046049972
14154.5028210543
14154.9551403992
14154.6292697952
14155.6206451877
14155.2645836908
14155.4555590029
14159.8904825527
14158.9242040722
14154.6955430733
14154.4047603797
14154.9198687689
14154.589741157
14154.8602910964
14155.8318953137
14159.0264148599
14159.2591955847
14155.3777335943
14154.7360270742
14155.5719646591
14154.196340376
14153.6960366426
14154.7082341052
14159.2432121931
14159.3741352993
14155.8835086016
14155.2211936881
14155.5612794148
14155.7593415549
14156.0473352523
14156.0083393594
14158.9084238097
14159.9225331713
14155.8676596219
14155.09041039
14155.0945846217
14156.2133304082
14155.7931877066
14156.7467824587
14158.1269625373
14160.588379841
14155.6172463035
14155.8504697619
14154.8561464791
14156.2919455694
14155.9037407566
14155.453886628
14160.485541807
14160.2760601377
14155.5362521232
14155.4079769667
14154.8427299014
14155.3298984634
14156.0292126786
14155.6600377354
14159.8572672098
14160.1680141269
14155.3836554494
14155.9321200338
14155.0391906988
14154.6775726613
14155.6912172457
14154.6645579586
14160.0115783626
14160.7259531539
14155.7640416265
14155.3770619167
14156.3186872634
14155.0726093377
14156.2512699587
14155.707512045
14159.8841366928
14158.4760792912
14155.4870157412
14155.540919713
14155.0846097483
14154.8272857017
14155.2388247293
14155.7900168192
14160.2985518715
14160.1756316452
14155.8946209712
14156.1550646219
14163.5951466973
14155.9876992671
14156.0354550271
14155.5335160258
14160.2711898948
14159.9865013946
14154.961916901
14155.4170015339
14154.7466354659
14154.8341704118
14155.1125997961
14155.6601970619
14159.6009681156
14159.4491714393
14155.6376634087
14156.3101713677
14155.1378675395
14155.3762878758
14155.4952732612
14155.4645725564
14159.2207468097
14158.8554437485
14156.1653398863
14155.8439487798
14155.3782167829
14155.1443544231
14155.8367768105
14156.1517094357
14160.767134436
14161.2837251154
14156.9328331569
14154.9757048106
14154.8520417017
14154.6975299995
14155.0461084922
14155.8135526721
14158.3147860487
14159.9119980843
14155.2459175251
14155.8090057125
14154.2550484632
14155.9868638367
14155.1153177231
14156.3657897671
14160.5753374857
14158.3138005571
14156.5485554254
14155.1789486495
14154.5314566188
14154.9469399961
14153.9780453515
14155.9493336099
14158.9287299051
