# type 2 occupying volumes
14169.8837228854
14166.5482572136
14166.6187195757
14167.3993037762
14163.7316231013
14167.7055999178
14167.0756574061
14172.4460667276
14169.5740357721
14166.518908849
14167.5181817176
14166.0914786851
14165.8878048862
14168.5589243607
14168.2421923941
14169.0938965886
14168.8538962397
14168.0527335
14166.5229162704
14166.2734659098
14167.0250133655
14166.7953719481
14166.5762081363
14170.766782754
14169.5582612945
14166.7781361593
14167.8776628218
14163.1142419879
14168.1937497702
14167.2121637743
14169.6278695205
14170.2035757929
14166.9555759148
14167.1372807073
14166.3979306658
14165.9329796432
14166.5518932111
14165.2102338244
14167.0479558088
14166.1008663248
14168.5566522184
14166.8427690003
14166.3094633778
14166.7670620765
14166.6588347945
14167.3009260993
14166.412355213
14169.7172084165
14169.844513585
14166.9025597587
14166.0141193828
14166.9046967247
14166.4507931977
14164.0626431523
14166.1081624386
14170.4301698873
14169.4377410941
14167.4589791238
14166.4788902202
14166.5643881263
14167.1696923743
14166.1578423752
14168.2299590861
14169.8498189983
14169.9375832582
14167.5375755797
14166.033978589
14166.287254728
14166.8356881337
14164.7129435769
14167.6820640939
14170.0203913923
14171.237255403
14167.3594412452
14165.5829147012
14166.3626074586
14166.7876752604
14166.6149931747
14167.4053308897
14168.910535503
14170.8892432095
14167.240230638
14163.7930335995
14166.7006124034
14166.6404596026
14165.5842487388
14165.8948731647
14169.9518957222
14168.4137430612
14166.6011265144
14165.8831928745
14166.6214123401
14165.7967692852
14166.9278117519
14167.3761960827
14170.0190087601
14170.1963413154
14165.4003222922
14165.2411262069
14166.4731768625
14166.24392028
14166.063054807
14167.0857672256
14169.071932969
14169.7784645648
14166.7057930153
14166.1013745411
14166.9554552943
14166.6153261213
14168.21767235
14166.4504311198
14170.8828908476
14170.0396913109
14163.4530858286
14165.6224823276
14166.7661641345
14165.4300872068
14167.3203057706
14167.2696030312
14170.2196418993
14170.5545257823
14166.6701557836
14166.9116725704
14167.952726702
14166.1614211184
14168.7387629445
14167.3551979419
14170.4668931336
14169.6198075861
14166.7603960023
14166.5007528571
14167.712739072
14163.1142419581
14168.8958473393
14167.3741340635
14170.2997909755
14169.3743847152
14165.8748504744
14165.6334403672
14165.3673193999
14167.256134651
14166.5826782511
14165.9572333032
14170.0381216363
14169.5763470984
14165.766875316
14167.4738952918
14165.572343813
14165.727756551
14165.0743693618
14167.5403106708
14169.6273435283
14169.7771064199
14167.0544729627
14166.4243996235
14166.7011488153
14165.4129591623
14167.3187453831
14166.1916889052
14170.0046112001
14169.1640178365
14168.0881762275
14165.8051318364
14167.4034250925
14166.2775937733
14167.9055443146
14166.710748835
14170.0363828344
14169.820862392
14167.9596498918
14167.8505119455
14169.6001240961
14166.2810631404
14166.9405420712
14165.5978558356
14170.1670544031
14170.6753567227
14166.96980274
14166.4935986912
14167.8620134912
14167.1319205655
14167.8569607557
14167.4927388541
14170.8228103819
14170.5576028979
14166.4053872173
14168.9952495419
14167.8708122733
14168.6803550073
14167.8904598295
14166.1597738589
14169.4797999467
14163.7930336293
14167.6296143108
14167.7478630374
14166.7665905181
14167.5850444306
14165.8620273629
14167.8997353983
14170.1876090701
14171.6899886943
14168.0124741956
14167.2156161494
14167.5347814684
14167.3441043468
14167.7706221761
14167.9353859241
14169.7061246897
14166.7948294874
14166.5733634481
14165.8989308726
14167.5384457075
14162.3328792109
14164.0626431501
14164.6830890296
14165.2358827135
14169.8939562004
14164.9245502866
14167.9365523229
14166.9467569721
14168.2775379204
14166.63181399
14162.4337318946
14169.6745578704
14167.9163378181
14159.1248833418
14166.9911213692
14168.4119652436
14163.7316243106
14165.2579016475
14167.5969013252
14171.599583346
14169.8555508623
14163.1654989357
14166.7900255003
14167.8568846589
14167.3061550293
14167.1888000274
14162.3272194209
14169.9489783612
14170.5463955892
14166.5880138624
14166.6881217784
14168.0040736731
14167.3785669015
14169.0100231209
14168.4642410649
14172.1927876355
14170.8742928598
14165.6627757821
14168.1264150464
14166.8562569264
14168.4012912752
14166.7488242638
14170.3811709766
14170.5602632992
14169.9730651827
14165.6539165219
14166.7752317898
14166.3189579402
14167.7727704034
14165.6942996632
14166.4659590541
14163.731624273
14169.3876508031
14167.3975716657
14167.3688089099
14167.3599629892
14167.016974329
14167.2911484238
14168.5638845569
14169.6424735018
14169.8334020192
14167.1047803455
14166.6526576209
14166.8933563648
14166.2239699329
14166.4375672728
14167.2905787219
14171.4057201025
14169.2441571636
14167.2883375314
14167.6525224214
14166.1580891063
14168.1453610732
14165.7551322047
14167.1938328534
14168.4864626931
14170.8152023678
14165.9729689355
14169.2094341351
14167.7118804034
14167.5890572945
14167.1231892065
14163.7316257703
14170.0668356524
14169.4065192383
14167.0082021919
14167.3914416629
14166.693502364
14167.2576216141
14166.0439357655
14166.2490739344
14169.6396844031
14170.4119122264
14166.2379048256
14167.5963861244
14166.7310970551
14167.8216956211
14166.4856997775
14163.6791899059
14168.5078033582
14169.6327272944
14167.3109901948
14166.1800204739
14166.4594637764
14167.1592156072
14166.208734562
14166.3083946071
14163.1321463559
14171.4115817379
14166.7289606491
14167.0958809994
14166.8751175802
14168.4041899435
14166.3124030505
14167.3047619704
14169.3262647727
14170.9090467227
14165.8589837231
14166.1953273119
14166.5337888792
14167.5277917814
14165.7265038401
14166.2863366427
14163.7401118563
14170.2250536991
14157.8684342541
14167.4345759867
14165.74547553
14167.2288135403
14160.5576162974
14167.8654063277
14169.324605385
14169.724272383
14165.8470197294
14166.8923793139
14167.2335536667
14165.606013082
14161.4297515351
14166.4917162836
14166.4004279493
14170.3515409223
14165.4978258336
14168.3217210427
14166.7665062853
14167.4640252062
14159.1248834183
14166.630009207
14165.0685694523
14168.8226521642
14167.1473705137
14167.8327192225
14167.3469744819
14166.9968769658
14165.552080359
14166.9489278443
14169.1325676103
14170.4050600698
14167.2670972155
14166.2721108398
14168.1399684695
14165.8773226069
14166.1835227947
14166.1090245953
14169.6315048729
14169.5664120071
14167.6590119716
14167.4908691535
14167.6236972742
14166.9098557141
14168.0070341496
14167.190183605
14170.3572621847
14170.3854273405
14166.6056514498
14166.0821092157
14166.4069087811
14166.686109121
14165.7473914362
14168.1455540536
14169.9654701022
14170.0856028145
14166.5740815225
14165.2492861027
14166.7674560012
14165.0829299834
14166.8328876329
14167.0428641103
14170.9113328999
14169.8741424534
14168.192349728
14167.439376728
14163.7316242306
14167.6823561425
14163.4530858252
14167.0189886515
14169.7262989769
14170.2215922629
14166.9541989442
14166.435039997
14166.0480522053
14166.9716142573
14161.0215367862
14167.0049178402
14165.5322074264
14169.7910304457
14166.3907708676
14166.7614756488
14166.7775688849
14167.4121404116
14165.1198772437
14167.1013712882
14168.8777106593
14169.6355110773
14167.1985530458
14166.888136791
14166.3812295574
14167.2769427277
14165.8383988128
14167.3456515033
14165.3643895276
14169.8550383927
14166.1306217316
14165.5471415849
14166.0044965014
14166.1648430776
14165.8248688674
14166.3180031954
14164.4446484423
14170.4217049613
14165.950327033
14165.4966999845
14166.006725842
14166.499839112
14160.2435175625
14166.7773863515
14169.3726668149
14170.5213035702
14164.0626432033
14165.959804656
14167.603692334
14165.9098187893
14166.2659019655
14166.2088867298
14171.5122378794
14171.3690409131
14166.1580403299
14166.5913403155
14166.3811613968
14165.7741776591
14165.6041141343
14166.7629123135
14171.7141106914
14169.4778034478
14165.5148919505
14167.8154521671
14166.1811955035
14163.7316242973
14165.898218589
14165.1923358905
14171.4116609201
14170.2911592462
14167.0188494432
14166.2239766834
14166.8595639117
14165.6508041759
14166.4432056535
14166.1845094191
14170.4565811856
14169.4128584186
14166.4379159462
14165.8363642386
14167.8205103701
14165.9142375089
14166.3359751721
14167.4074552453
14168.9220573907
14169.8974058492
14167.5720635644
14165.632850194
14167.1209951876
14165.9625735078
14166.1575583289
14167.6702565806
14163.7930336158
14169.2712908051
14167.4253441148
14165.8202690908
14167.2520312238
14163.3947960441
14167.214124749
14168.2102621764
14172.1100706652
14171.4620085039
14165.8269142636
14164.0626397069
14166.5641671745
14165.4239859352
14166.3646607478
14167.9714888644
14169.7543876172
14163.7316243524
14172.01986341
14163.3947959895
14172.254137384
14163.7930335738
14163.114242511
14163.7930335744
14164.0626440521
14164.0626431792
14163.7252853875
14164.2767520462
14164.0626432699
14163.1142420671
14163.4530858011
14163.7930336247
14163.7930335601
14164.062642308
14163.7252854683
14163.3947956347
14163.3947960308
14163.3947960334
14163.7930336456
14163.1142420721
14166.6225845443
14163.7316255943
14163.7252856424
14164.0626432181
14164.0626430965
14163.7930335569
14163.4530858616
14163.7930336016
14163.7930335824
14163.4530857399
14163.3947959129
14163.3947960323
14163.7930335425
14163.4530858681
14163.7930335517
14163.7930335718
14163.7930336042
14163.7316242759
14164.0626431753
14164.0626432222
14164.0626431726
14163.1142419163
14163.4530858475
14163.7930335355
14165.2058088822
14163.7930335843
14163.4530858458
14163.7316243045
14172.068701753
14163.4530858085
14163.7930335676
14164.0626432282
14164.0626431614
14163.7316242952
14164.0626427007
14163.7316243135
14163.2611135446
14163.1142419769
14163.7930335601
14163.4530858526
14163.7930335463
14163.4530858401
14163.4530858517
14163.7316242676
14163.7316242578
14171.3049546997
14163.7316250978
14164.0626431814
14163.4530858671
14163.731624195
14164.0626431648
14164.0347758892
14163.731624082
14163.7930335864
14163.2611137107
14163.7316243355
14163.4530858451
14164.8637662014
14171.869387907
14164.0626431663
14164.062643177
14163.7316243221
14163.7930336676
14163.4530858696
14163.4530858308
14163.453085861
14163.7530793408
14164.3645267535
14163.7930335792
14163.261113608
14163.453085882
14163.7930335436
14167.0372711315
14164.0626428537
14163.7930335503
14164.0626432427
14164.0626431748
14163.1142420208
14163.7930336048
14163.7930336054
14163.1142419645
14164.0626420637
14163.4530858407
14164.0626431426
14163.8567555625
14172.1927368317
14163.4530858467
14163.7930336167
14163.4530858486
14163.7316241994
14163.7252864288
14163.7252853544
14163.7252853881
14163.1142420888
14163.7930335659
14163.7930335652
14164.2157031398
14164.0626431856
14164.0626431525
14164.0626431284
14163.4530858284
14163.7930335786
14163.4530858541
14163.7930335633
14163.7930335524
14163.4530858787
14164.2667015156
14164.0626431902
14163.7252853877
14163.61626716
14163.4530858185
14163.4530858657
14164.0626431661
14164.2667014697
14171.4297374401
14164.5782374655
14162.3167098249
14163.5951467783
14163.3376288059
14163.4530858621
14163.7930336448
14163.4530858182
14163.4530858372
14163.4530858873
14163.4530855163
14163.453085836
14163.4530858215
14163.4530858551
14164.0626431572
14163.7252853746
14163.7316241786
14163.7252854731
14163.7252848633
14164.0626434951
14164.062643137
14163.7316242894
14164.0626431672
14163.453085639
14163.7316243535
14163.7316243178
14172.181575266
14163.453085863
14163.4530858303
14163.4530858819
14164.0626439702
14164.0626432267
14163.7316242701
14163.4530858369
14163.4530858602
14163.7316242718
14172.1852292987
14163.453085813
14163.453085796
14163.7316243014
14163.7316242578
14163.7316243172
14163.7316242288
14163.7930335126
14162.9896131546
14162.9896129218
14163.7930336033
14163.7316243222
14163.7930337986
14163.7930335703
14163.7930335044
14163.7316242638
14163.5951466318
14163.4530858708
14163.7316243079
14163.7316243642
14163.7316243215
14163.7316242574
14163.261113525
14163.2611135379
14163.2611133541
14163.2611135889
14163.5951467918
14164.0626431488
14158.1897061996
14163.7316243353
14163.731624093
14163.261113544
14163.2611135424
14163.26111355
14163.5951467424
14159.1171405423
14164.0626431814
14163.7316243293
14163.8567555291
14163.2611135009
14163.7930335734
14163.4530858038
14163.7930335805
14164.0626431931
14159.1248835032
14158.4870298257
14163.7316243089
14159.1248835272
14163.2611135602
14159.1248835421
14163.5951464524
14163.4530857684
14164.0626431773
14174.0809442381
14163.4530858448
14163.7930335204
14163.4530858444
14163.4530858331
14163.4530858339
14163.7930335682
14164.0626431862
14158.4870366577
14163.7316242759
14162.9752354319
14163.7930336538
14158.8193237155
14163.7930339172
14164.0626439583
14163.7252853877
14158.8193230717
14163.9492279898
14171.6511745788
14163.4530858388
14163.4530858512
14163.7930335749
14163.7930335834
14163.7316258445
14164.0626432023
14163.7252854278
14163.7930336198
14163.4530858514
14158.8193229036
14163.7316242966
14164.0626431687
14162.7358082019
14162.316709827
14162.3167098266
14163.4280701705
14163.7316242785
14163.7930335562
14163.7930335786
14162.6779443922
14162.3167098197
14162.3167098191
14162.3167098513
14162.7358082193
14163.7252853862
14164.0626431941
14163.131166868
14164.0626431873
14163.7316243378
14163.0722770266
14162.3167097947
14163.0722770523
14172.0254627208
14163.731624319
14163.7930335688
14163.7316242886
14163.4530858514
14162.3167098056
14162.3167101541
14164.0626433069
14165.006545405
14163.7316243165
14168.8637864142
14163.731624309
14163.4530858463
14163.7316256148
14163.7930335855
14164.0626431638
14163.4530857636
14163.4530858146
14163.7316242851
14163.4530858346
14171.999997478
14163.0722769905
14163.4530858478
14164.2667015259
14164.0626431849
14163.4530858915
14163.7316243123
14163.7316242911
14163.4530858399
14163.7930336008
14163.7930335254
14163.4530858659
14164.0626431903
14163.2611134902
14163.7316243022
14163.7930335532
14163.4530858311
14163.4530857679
14163.4530862856
14163.7252853934
14164.0626431825
14164.0913449127
14164.3645273434
14163.7930335405
14163.1142419553
14163.7316242989
14163.7316237906
14164.062643149
14164.3645273274
14163.5951467353
14163.7930335873
14167.7249638956
14163.4530858698
14163.453085882
14163.7316242607
14163.7316241943
14164.062643529
14164.0626432286
14163.7530791807
14163.7316240303
14158.4870477902
14163.7316240925
14163.731624252
14171.7291676742
14164.0347759663
14163.595146699
14164.0626431563
14163.7930336136
14164.9640879786
14171.7463511562
14163.7316242804
14164.0626431578
14163.7316242925
14164.3645277645
14167.1130822703
14163.3722718247
14163.7316241217
14172.2785331121
14163.7316243239
14162.9752354609
14163.9978076742
14163.2611136127
14163.7316243326
14163.7316242683
14164.9640879763
14163.7316242304
14163.3948016649
14163.7316242775
14164.3404163777
14164.0626431275
14164.0347758774
14162.0214148127
14162.3167098155
14163.7930335628
14162.3167098427
14163.7316243335
14163.7149145531
14163.7930336052
14163.7316242873
14163.7930335928
14162.3167098122
14163.7490762613
14162.7358082141
14163.9978076108
14163.9978076656
14164.3404163334
14164.6720801577
14163.4530858687
14162.7358082164
14162.3167097028
14162.7358082555
14162.7358082073
14163.3947959795
14164.6720781484
14164.7588659809
14163.7252837021
14163.7252853997
14162.7358081882
14163.4530858621
14163.4530858532
14163.4530858505
14163.5590466316
14163.1142420011
14163.3947959781
14163.4530858075
14163.072277051
14163.8286665534
14163.8286665363
14164.402544193
14163.731624281
14163.4530859138
14163.3947959091
14163.7316242019
14163.3947960073
14163.4530858217
14163.8286665613
14163.1142419008
14163.1142419206
14163.4530858611
14163.4530858329
14163.4530858341
14163.4530858144
14163.4530858179
14164.8637662166
14164.0626432602
14163.1142420661
14163.7316242925
14164.0626432086
14163.4530822321
14163.453085845
14163.453085852
14163.4530858464
14164.0626433984
14163.114242033
14164.062643192
14163.3947959993
14163.4530858267
14163.4530858675
14163.4530858611
14163.4530858778
14164.0626431705
14163.7930335881
14164.062642671
14163.7930336121
14163.4530858674
14163.4530858622
14163.4530858416
14163.4530858504
14164.0626431178
14164.0626431233
14163.7930335963
14163.4530858088
14163.4530858115
14163.4530859254
14163.7316243251
14163.7316246995
14164.0626431638
14164.0626431922
14165.0065438495
14163.4530858503
14163.4530858838
14163.4530858164
14172.1299296013
14163.7316242945
14163.731624271
14163.7316242894
14163.731624174
14163.7930310721
14163.7316243278
14163.7316243357
14163.7316243721
14163.7316242512
14163.7316243185
14163.7316242934
14164.863766204
14164.9640879648
14164.0626431985
14163.4530858179
14163.7316243094
14163.7316242569
14163.7316243111
14163.7316242944
14163.7316243219
14163.7316243687
14165.2058088371
14164.8637661929
14164.8637670957
14163.7316243091
14163.7316243141
14163.7316243005
14163.7316240822
14164.5949968272
14165.2058089249
14163.4530858974
14163.7316242729
14163.1142420222
14163.1142419418
14163.7316258259
14163.7930336016
14163.7316243458
14163.0929685983
14164.8637662736
14162.7358082163
14163.7316243048
14163.114242013
14165.006543849
14164.4025441411
14163.7316242789
14163.4530858505
14163.3947960257
14163.3947960538
14163.4530858643
14163.1142413547
14164.4025441642
14163.7930335964
