# type 2 occupying volumes
13918.4086524331
13914.1330063787
13911.550677293
13912.8943994329
13907.3063737262
13911.4577676012
13912.5938265903
13914.4597841671
13911.4634536193
13913.5251807574
13911.7418429927
13899.3632909841
13897.3039793202
13911.4331402839
13912.7252462075
13899.2999078127
13912.858751055
13897.3807015903
13910.658719677
13912.7152657803
13897.0164672985
13911.5103853736
13912.1041258145
13915.1069938188
13914.9217970345
13913.3535471602
13909.418296737
13909.41825824
13912.2931039789
13910.9512481172
13913.1722422209
13916.785978451
13903.9834342885
13913.861327083
13911.4919306615
13913.0455353586
13914.4259780045
13909.4182643517
13912.2583488418
13915.4921780508
13914.7916490318
13913.2773815819
13909.4182598041
13909.4182591749
13913.6139115103
13909.8930145301
13912.1688205761
13914.8694638795
13918.569928254
13911.7925518688
13895.2324244124
13913.273067673
13912.5336366578
13909.4181968222
13901.459281108
13916.6722376633
13914.7237085014
13912.6184197256
13899.2054396597
13913.4786754061
13912.7228255889
13912.0610004083
13912.3777276169
13916.5640541075
13915.2154202916
13910.4441837301
13912.7328123984
13912.765153559
13909.4182600331
13913.4119241103
13914.008590719
13917.0647574325
13916.0873751032
13913.1225909663
13911.202101884
13913.0088930116
13909.4182402688
13909.4182602405
13912.4972076584
13917.2898027599
13913.2597215394
13910.5833719411
13911.9627319241
13912.3942805925
13913.1642301042
13912.0720450324
13909.4182366082
13916.3432847875
13914.0771780957
13909.4182532605
13912.1775422436
13912.6633511565
13910.5985062606
13911.0328023289
13912.5426385867
13915.7299726427
13915.0689511175
13912.319143544
13912.3990333312
13911.9101023572
13912.9289637914
13913.2889444043
13912.0111998687
13914.8749655898
13913.9798360025
13911.825291447
13909.4182584793
13913.3917562574
13912.5147530314
13912.2765250773
13912.313125098
13915.1597838136
13915.3887898033
13909.4182598348
13912.8152844975
13913.7703278848
13910.4183989286
13909.4182597757
13898.7300304111
13901.1882290816
13915.4617569289
13911.7832740635
13912.4671580854
13897.0347847797
13912.9041541677
13913.0622263314
13913.620476106
13909.4182638494
13916.3863000283
13912.2096548838
13913.190584503
13909.4182594812
13894.7116684743
13909.4182596888
13913.4964705829
13915.177150775
13916.6349191546
13911.2197163134
13913.9170492756
13911.0363966734
13914.2885624907
13893.8314636834
13900.6462712552
13916.6998076177
13915.7541439827
13911.9298742808
13913.2775384779
13909.4182618942
13914.3754017661
13897.4400362111
13913.6886852258
13916.1887309978
13915.5154040997
13913.3709692895
13913.5700444886
13913.28000513
13915.450038366
13913.2922695144
13913.4029722237
13901.2674295971
13914.6890882736
13909.4182695041
13907.9095940546
13899.4765856425
13913.3638011333
13911.8261863182
13898.0162048573
13918.2505043581
13901.1077448503
13912.1808846977
13913.9268706205
13911.481641754
13913.5479081884
13915.0689018841
13909.4182648178
13917.861737512
13900.1670655814
13912.7931753881
13909.4182571054
13909.4182673121
13912.380457643
13913.8125342775
13911.7124394982
13916.7862674919
13915.2526113384
13912.5451481172
13911.8568688297
13905.1307148485
13912.855732528
13898.7529924564
13909.4182598181
13916.7396117413
13915.0812739207
13912.4433187426
13910.9979844216
13912.5927979374
13909.817122249
13899.237248499
13909.4182598111
13901.7492108653
13914.6871824145
13912.2208732282
13911.9161965464
13913.3838328454
13898.4951475533
13913.6372852455
13912.4359277761
13916.8452220381
13915.4736726665
13909.4182537947
13912.8775245189
13912.4973579939
13909.4182632865
13909.4182513854
13897.6589937597
13916.7568235664
13914.4448641169
13912.5352375953
13909.4182557237
13913.3827933113
13913.0946605017
13912.1530875557
13909.9128632174
13917.1638022563
13914.7722958032
13909.4182597908
13912.7144351529
13909.4182597583
13909.4182606934
13900.008472058
13912.5734624201
13915.2804058615
13916.0759767078
13894.733259496
13912.7589253232
13912.2696696901
13913.4083212329
13900.8621886892
13909.4182613374
13902.0868175124
13916.1840786538
13910.4063737735
13913.8274350941
13909.418257998
13913.7171542797
13912.0140717224
13911.6761540901
13914.4799757814
13916.2996348683
13893.831463519
13914.6801630201
13911.9838824404
13913.3265092585
13912.3789828225
13911.342469193
13914.3032631579
13916.9494628758
13912.8847562786
13912.8405053842
13912.3923295582
13912.4480363149
13896.7008207681
13912.5706115957
13909.4182580408
13915.1297364955
13912.0586861861
13911.9449417187
13911.9500189705
13911.9967520584
13894.9270475634
13897.915519839
13899.638072109
13915.8537443307
13913.1639366182
13913.1240431971
13913.6502053246
13915.3678342145
13912.0310982453
13913.8829958416
13915.9053975659
13913.0414049237
13912.0845937323
13912.4571010276
13911.1576659931
13913.4102953794
13913.1794228691
13914.3776958218
13899.6557403774
13913.9691222505
13912.3205412561
13912.4310403581
13911.4726158113
13910.6637870112
13913.9722177182
13894.0360644936
13913.5384165533
13897.6027244011
13912.9475894164
13909.4182595284
13911.9532800038
13911.4626159548
13909.4182587706
13893.8314636457
13900.2915527167
13900.5361638432
13911.8226762291
13912.3261047712
13912.3105629441
13912.4095095406
13912.1298945537
13909.4182374059
13915.1225066964
13914.646658388
13911.1580465454
13911.4425352064
13911.3605824123
13911.9118016901
13913.563467063
13912.0097085906
13915.2265351327
13914.4896085383
13911.8759242339
13910.7677688219
13912.4522495748
13913.0765109374
13894.5397108247
13909.4182914892
13913.3673784581
13915.5312927893
13909.4182597673
13912.614794344
13912.5099809862
13912.9028261218
13913.6556772504
13912.4861113867
13909.4182583571
13914.1640528336
13909.4182597853
13894.3443340033
13912.3756728497
13912.3272813595
13911.5181101451
13896.5441104443
13915.7381269581
13915.7598679581
13910.6489436305
13912.0691381128
13912.0912472325
13911.564130578
13912.806336515
13913.0135426554
13898.7758378757
13916.1174090839
13902.2154187531
13911.7083007317
13912.9344708799
13912.3523476268
13909.4182598164
13897.2980245352
13901.1498963894
13914.9837873939
13912.4497818612
13912.5690612845
13913.991990361
13912.7955410806
13914.6216231217
13914.065758021
13900.3477077379
13916.2306318073
13910.8914026429
13912.6432804102
13912.8371764624
13913.5200742759
13912.4427971569
13909.4182620797
13914.7009042555
13915.549633223
13912.6517719659
13911.7471033095
13912.7754729036
13909.4182542447
13913.4071883893
13897.2483869503
13899.8406450406
13915.5021404796
13911.2667088629
13912.7851509343
13908.638830986
13913.0225527964
13911.4963602626
13912.7930691724
13915.1085936097
13913.8966619385
13911.4519201365
13910.6174341803
13912.4921058221
13909.4182589361
13912.2639990149
13912.2209405378
13914.6824781592
13912.5568219584
13912.5168423153
13911.8016165314
13892.6805807241
13913.8435311109
13896.5190319536
13912.9043972543
13916.280046333
13914.4746547591
13912.0595589398
13909.4182679225
13912.4293926893
13907.6722694761
13912.2488638385
13898.5746675348
13915.0458785626
13912.3606110507
13908.9773269569
13911.7459632878
13911.0950273688
13912.2679783908
13898.9212373244
13903.3522782251
13917.2471815838
13914.2783330183
13909.4182551258
13912.8068239332
13913.770623845
13912.7347302831
13912.9628705461
13896.9085928019
13916.1560994061
13915.5844653978
13896.8821403443
13911.7515645807
13903.6274156627
13909.4182598771
13914.6374288687
13893.1869998699
13915.7970663717
13913.1039684285
13894.5397105592
13910.3484383321
13912.7921659111
13911.0565734335
13896.447703122
13909.4182566118
13914.432553519
13916.2157081542
13903.6274164724
13906.5137385725
13911.8023712156
13897.2660453449
13903.3140631704
13896.6618361241
13915.2538374074
13916.3542891952
13898.5387506967
13897.943263862
13911.324590305
13897.5338768279
13899.1167945417
13911.4611461834
13916.2576635289
13912.3559075612
13911.9472243824
13913.1774325823
13909.4182563019
13909.4182598673
13898.9079333686
13912.5623913071
13900.2573056638
13909.4182550361
13913.2445578302
13912.3415015502
13909.4182589915
13898.2242672814
13912.5777799712
13909.4182448084
13917.4311058334
13912.8158533847
13912.8500776129
13912.6036797789
13912.791446573
13909.4182593666
13913.4452497138
13909.4182619499
13915.7064888999
13909.4182597058
13913.7358996254
13912.9246543135
13909.4182599123
13913.0101874657
13913.924139562
13912.1013173135
13894.5397107852
13913.8124668987
13913.4689724402
13911.891318757
13909.4514446572
13893.8314636772
13913.9237468493
13911.6461678935
13917.8562452877
13914.9570621256
13896.7351219197
13909.4182483839
13913.4736884516
13910.7644428145
13913.790569432
13909.4182585571
13905.9598148548
13909.4182606319
13901.7495729604
13909.4182581951
13919.3770249558
13909.4182480826
13894.0360635401
13893.831463678
13907.9165857353
13909.4182597738
13909.8640505824
13907.9165848668
13909.4182535701
13909.8640513838
13909.4182582518
13909.4182568921
13894.5397106505
13894.5397108159
13909.4182606425
13894.0360644567
13904.3768494618
13894.0360646358
13894.5397107983
13909.4182473787
13914.3535011179
13909.4182578715
13909.4182606481
13909.418260684
13909.8640514471
13909.9128609393
13909.4182830541
13893.8887581513
13893.8314637387
13909.4182573022
13894.0360657442
13909.4182391932
13894.711669632
13894.0360662231
13894.7116686308
13893.831463647
13904.1755932401
13909.4182597221
13909.4182603988
13894.0360644919
13909.4182449953
13893.8314636782
13893.8887642026
13903.3188368697
13893.8314635743
13893.8887591978
13893.8314636765
13893.8314636671
13901.6347729398
13909.4182490238
13894.0360645064
13893.8314636877
13894.2705775356
13909.4182531285
13909.4182596699
13916.8961885913
13915.7595095338
13893.831460788
13917.4784709898
13894.0360645062
13909.4182644532
13894.5397108265
13909.4182597677
13904.9492835751
13918.1667460306
13916.2614743094
13909.4182689706
13909.418210682
13893.8887564895
13909.4182522927
13909.9128612311
13909.4182597899
13909.4182589884
13909.9128608937
13916.9669020619
13909.4182956554
13909.4182468846
13909.4182589648
13909.4182620042
13909.4182508517
13909.4182601807
13909.4182559312
13909.4219990441
13916.5680762817
13894.3443393732
13909.4182597718
13917.741521663
13909.41823565
13909.9121361522
13909.4182599509
13909.4182592461
13909.4182565056
13914.4855860097
13894.0360644904
13909.4182601008
13919.1467333457
13909.4182654601
13909.4182582269
13909.418189983
13909.4182822847
13909.4182594923
13909.4182319316
13909.4182200738
13909.418217639
13909.4182597333
13918.5802923614
13909.4182478576
13909.4182563969
13907.9165848593
13894.0360656908
13906.4776883062
13909.4182597306
13909.4182445873
13909.4182597797
13915.7273376002
13893.1869999079
13893.8314637408
13907.9165849264
13916.5209474036
13909.4182597649
13907.8238979429
13909.4182623046
13909.4182598996
13909.418276201
13909.4182597933
13914.5044457166
13893.8887588876
13909.4182584563
13907.6838289864
13893.8887605607
13916.4259947119
13909.9128641812
13909.9128609596
13909.4182666006
13917.4484806324
13893.5077622657
13894.036070593
13893.8887600043
13893.831463732
13909.4182596456
13893.8314636923
13894.0360649408
13894.0360644499
13909.8640516585
13909.9128689388
13909.9128576833
13900.7908628682
13893.8887558747
13909.4182738495
13894.3443394024
13909.8640530283
13909.4182708336
13909.4182660604
13900.5308608459
13893.8314601558
13915.6201015876
13909.4182594768
13909.4182507143
13909.4183099446
13909.864050751
13916.2879237933
13909.9128609467
13893.8314636023
13909.9128629301
13909.4182597228
13909.4182598307
13909.4182591052
13909.8640514299
13911.8446785653
13909.4182586885
13917.8769848544
13909.4182553503
13909.4182588233
13909.4182598423
13917.3102191875
13909.4182726914
13909.4182711949
13907.2520583314
13894.0360569362
13894.3443394151
13909.4182630502
13909.4182618597
13909.4182568756
13907.6340144042
13909.4182645719
13894.8015539152
13909.4182601376
13909.4182574318
13909.4182509548
13909.4182617321
13909.4182605748
13909.4182540697
13909.4182577611
13915.6593773268
13909.4182612733
13894.3443393837
13909.4182598222
13909.4182240486
13909.4182127041
13906.247154768
13909.4182605763
13909.4182733121
13909.4182597902
13909.4182598584
13912.8445400876
13893.8314636509
13909.4182549896
13909.9128608557
13907.6054517545
13905.6140400683
13909.4182588521
13909.9128889945
13909.4182583962
13894.1927129578
13909.4182639771
13909.4182598138
13898.3806493175
13916.5882834177
13898.984507786
13909.4182869276
13909.9128538458
13909.4182576784
13909.4182597672
13917.3000026132
13907.6340148385
13909.4182621764
13909.4182598173
13907.6340104849
13909.4182565151
13909.4182593958
13909.4182602885
13915.9229963456
13915.2626980117
13909.418259813
13909.4182627447
13909.9128607346
13909.9128630708
13909.4182607448
13909.4182683552
13917.4525463391
13906.444019004
13918.7015987456
13893.831463676
13909.9128609316
13909.4182484519
13909.4182638859
13909.4182683216
13893.9644830241
13894.0360644485
13907.6054516271
13909.4182630874
13909.4182596711
13909.4182539426
13909.4182609109
13909.8640513329
13907.6054547259
13894.0360652191
13894.0360644643
13909.4182581726
13894.0360645064
13909.4182596163
13909.4182597235
13909.8640513769
13909.4182597577
13894.0360644329
13909.4182598071
13909.4182596706
13909.4182590975
13909.4182679544
13909.4182598267
13900.8842475698
13893.8314645088
13909.4182511321
13894.0360645013
13906.8043891166
13909.4182645953
13913.2290405832
13909.4182567789
13909.4182566156
13901.7196894183
13918.1357907795
13909.4182597594
13909.4182611144
13909.4182462282
13914.6683476842
13909.4182602104
13909.4182599254
13909.4182607267
13909.4182601366
13913.3546381191
13909.4182596889
13909.4182604784
13909.4182602309
13909.4182591633
13901.7876083009
13893.831461417
13917.2568454147
13909.4182597404
13909.418250799
13909.4182615174
13909.4182619413
13905.3913250194
13909.4182630788
13907.6340155409
13909.4182598879
13909.8640514227
13909.4182597626
13909.4182597418
13909.4182624021
13909.4182643206
13909.4182592791
13893.8314652182
13909.4182601773
13909.4182602105
13909.4182561936
13917.7553784346
13909.4182571043
13907.6054576914
13909.4182594854
13907.1567629682
13894.0360644954
13909.4182615636
13909.4182597644
13909.4182567629
13909.4182598437
13913.3754577453
13914.6734060305
13907.6054512883
13909.4182562264
13909.4182548398
13909.4182564524
13909.4182628092
13909.4182483525
13909.4182701692
13893.6933977834
13907.6340058096
13894.5397107719
13915.8115242196
13914.6320371449
13916.7284285059
13909.4182612713
13909.418259207
13909.4182454692
13902.0576650601
13909.4182597787
13909.4182597697
13909.4182607168
13909.4182561963
13913.0493067929
13909.4182574847
13906.1495344231
13899.5538457272
13909.4182462427
13909.418270077
13909.4182664764
13909.4182645514
13894.0360641842
13905.3913253707
13909.4182605186
13893.831463487
13917.4677426808
13909.4182578306
13909.4182616334
13900.5149372744
13909.4182597993
13909.4182541122
13909.8640514413
13909.4182605658
13894.0360645081
13909.4182644334
13909.4182637963
13903.2149015467
13909.4182586396
13909.4182591455
13909.8640501097
13902.8968096893
13893.8314632662
13909.4182819146
13909.4182686961
13909.418261634
13909.4182551164
13909.4182594482
13895.2114301226
13894.0360613914
13907.9165848499
13894.3443393914
13893.8314642132
13909.4182404451
13909.4182694811
13894.0360689349
13894.7116686525
13894.0360644546
13919.7003862135
13918.7422469864
13894.5397107976
13893.8314636163
13909.4182637315
13893.8314644153
13894.711669703
13907.9165865848
13894.0360644873
13917.1070564155
13893.8314637169
13909.4182609316
13914.418608997
13909.4182565281
13909.4182956146
13894.5397108111
13894.3772573306
13919.5564231967
13909.9128668025
13894.5397107964
13892.6805777136
13909.4182597577
13918.1141954586
13909.4182676279
13894.0360644595
13895.5601767528
13894.7116685852
13909.4182605516
13907.6424776548
13909.4182454549
13909.4182453336
13894.5397107906
13894.0360644648
13909.9128609793
13893.8314636709
13909.4182559802
13909.4182378025
13894.5397108023
13909.4182639402
13899.9272364735
13894.7116686096
13894.0360644831
13909.418259821
13909.4182567207
13909.4182554771
13909.4182612731
13894.0360644743
13894.0360644595
13910.7292490666
13893.186999889
13893.1869998886
13909.4182306132
13907.8537153319
13893.1869999056
13909.4182596262
13916.5544717807
13909.4182588501
13909.4182557571
13909.4182575175
13917.9641294884
13909.4182541673
13909.4182598947
13909.4182720635
13901.62326311
13917.6163940136
13894.5397107557
13909.4182582184
13909.4182448223
13913.7366198507
13909.4182770784
13909.4182611013
13901.5353313517
13909.4182610612
13909.4182838593
13917.7563811376
13909.4182517468
13916.2512860655
13909.4182597162
13919.4491055624
13909.4182832292
13909.4182598604
13893.8314636626
13909.4182594181
13909.4182599246
13909.41825705
13909.418255344
13909.4182588803
13909.4182562536
13909.4182598421
13894.0360645567
13909.4182597679
13909.4182583089
13914.5457816503
13894.7116685892
13909.418261167
13907.9165847372
13909.4182603733
13909.4182625188
13909.4182856563
13909.4182591623
13909.4182593107
13894.0360644883
13893.8314632855
13893.8314631344
13893.8314637007
13894.036068741
13894.7116696032
13909.4182595667
13909.4182421046
13894.0360644989
13894.0360644908
13895.2114301751
13894.7116687058
13917.4064269374
13909.4182608986
13894.5397107946
13909.4182598612
