# type 1 occupying volumes
13799.6471566037
13790.6488344782
13799.6471566037
13799.6471566037
13795.9059022397
13799.6471566037
13799.6471566037
13799.6471566037
13799.6471566037
13799.6471566037
13799.6471566037
13799.6471566037
13799.6471566037
13799.6471566037
13799.6471566037
13799.6471566037
13799.6471566037
13799.6471566037
13799.6471566037
13799.6471566037
13796.3901089036
13799.6471566037
13799.6471566037
13799.6471566037
13799.6471566037
13799.6471566037
13795.0459479018
13796.3368166979
13799.6471566037
13799.6471566037
13799.6471566037
13799.6471566037
13799.6471566037
13799.6471566037
13799.6471566037
13799.6471566037
13799.6471566037
13798.1479955872
13799.6471566037
13799.6471566037
13799.6471566037
13799.6471566037
13795.8105545452
13795.9765945335
13799.6471566037
13799.6471566037
13799.6471566037
13794.8006272405
13799.6471566037
13796.9319679005
13796.3174287936
13799.6471566037
13799.6471566037
13796.8317434129
13799.6471566037
13799.6471566037
13799.6471566037
13799.6471566037
13799.6471566037
13799.6471566037
13799.6471566037
13799.6471566037
13799.6471566037
13799.6471566037
13799.6471566037
13799.6471566037
13799.6471566037
13799.6471566037
13797.019555693
13799.6471566037
13795.7410963517
13799.6471566037
13799.6471566037
13799.6471565595
13799.6471566037
13799.6471566037
13796.5809393749
13796.6953934716
13799.6471566037
13799.6471566037
13799.6471566037
13799.6471566037
13799.6471566037
13799.6471566037
13799.6471566037
13799.6471566037
13797.8079702813
13799.6471566037
13799.6471566037
13796.5720630436
13799.6471566037
13799.6471566037
13799.6471566037
13799.6471566037
13799.6471566037
13799.6471566037
13799.6471566037
13799.6471566037
13799.6471566037
13799.6471566037
13799.6471566037
13799.6471566037
13799.6471566037
13799.6471566037
13799.6471566037
13799.6471566037
13796.4961924168
13799.6471566037
13799.6471566037
13799.6471566037
13799.6471566037
13799.6471566037
13799.6471566037
13795.1783708839
13799.6471566037
13799.6471566037
13789.0384044788
13790.6823783251
13799.6471566037
13799.6471566037
13799.6471566037
13799.6471566037
13799.6471566037
13799.6471566037
13799.6471566037
13791.7073264828
13799.6471566037
13795.2126104966
13799.6471566037
13799.6471566037
13799.6471566037
13798.7309271892
13796.286260267
13798.0675007063
13799.6471566037
13795.3468631702
13799.6471566037
13799.6471566037
13799.6471566037
13799.6471566037
13799.6471566037
13798.9755124116
13799.6471566037
13799.6471566037
13799.6471566037
13799.6471566037
13799.6471566037
13798.1374028282
13799.6471566037
13797.6136893139
13799.6471566037
13799.6471566037
13799.6471566037
13799.6471566037
13799.6471566037
13799.6471566037
13799.6471566037
13799.6471566037
13799.6471566037
13799.6471566037
13799.6471566037
13795.4582401324
13799.6471566037
13799.6471566037
13799.6471566037
13799.6471566037
13799.6471566037
13799.6471566037
13799.6471566037
13799.6471566037
13799.6471566037
13799.6471566037
13799.6471566037
13799.6471566037
13798.4320515893
13799.6471566037
13799.647156603
13799.6471566037
13795.0206260179
13797.1970292498
13799.6471566037
13799.6471566037
13799.6471566037
13799.6471566037
13799.6471566037
13799.6471566037
13799.6471566037
13799.6471566037
13799.6471566037
13799.6471566037
13798.4666608754
13799.6471566037
13799.6471566037
13799.6471566037
13799.6471566037
13799.6471566037
13799.6471566037
13799.6471566037
13797.758371923
13799.6471566037
13799.6471566037
13796.8954485166
13799.6471566037
13799.6471566037
13799.6471566037
13799.6471566037
13799.6471566037
13799.6471566037
13799.6471566037
13796.4531019471
13799.6471566037
13796.0208437944
13796.7201285
13799.6471566037
13799.6471566037
13799.6471566037
13799.6471566037
13799.6471566037
13795.3715976576
13799.6471566037
13799.6471566037
13799.6471566037
13798.4335310495
13799.6471566037
13799.6471566037
13797.8539046841
13799.6471566037
13795.5914300859
13796.7251620286
13799.6471566037
13799.6471566037
13799.6471566037
13799.6471566037
13799.6471566037
13799.6471566037
13799.6471566037
13799.6471566037
13799.6471566037
13797.5488200528
13799.6471566037
13799.6471566037
13799.6471566037
13799.6471566037
13797.7720302208
13799.6471566037
13799.6471566037
13799.6471566037
13799.6471566037
13799.6471566037
13796.888615916
13799.6471566037
13799.6471566037
13799.6471566037
13796.9474335706
13799.6471566037
13799.6471566037
13799.6471566037
13799.6471566037
13799.6471565724
13799.6471566037
13799.6471566037
13795.8146837253
13799.6471566037
13793.2798229809
13799.6471566037
13799.6471566037
13799.6471566037
13799.6471566037
13799.6471566037
13796.1124754095
13799.6471566037
13799.6471566037
13799.6471566037
13799.6471566037
13799.6471566037
13799.6471566037
13795.8853336763
13799.6471566037
13799.6471566037
13799.6471566037
13799.6471566037
13799.6471566037
13799.6471566037
13799.6471566037
13796.2066566736
13799.6471566037
13796.1793634337
13799.6471566037
13799.6471566037
13799.6471566037
13799.6471566037
13799.6471566037
13799.6471566037
13799.6471566037
13797.5943730693
13799.6471566037
13799.6471566037
13799.6471566037
13798.1670713706
13799.6471566037
13799.6471566037
13794.0827457979
13796.5717671948
13799.6471566037
13799.6471566037
13799.6471566037
13798.0753558638
13799.6471566037
13799.6471566037
13799.6471566037
13798.9471444308
13799.6471566037
13795.3874916289
13799.6471566037
13799.6471566037
13799.6471566037
13799.6471566037
13796.6451747434
13799.6471566037
13799.6471566037
13799.6471566037
13799.6471566037
13799.6471566037
13799.6471566037
13799.6471566037
13797.0456719978
13797.1958767015
13799.6471566037
13799.6471566037
13797.0980497209
13799.6471566037
13799.6471566037
13799.6471566037
13799.6471566037
13799.6471566037
13794.0447514449
13799.6471566037
13798.0941495639
13795.8228047385
13799.6471566037
13799.6471566037
13799.6471566037
13799.6471566037
13799.6471566037
13799.6471566037
13799.6471566037
13799.6471566037
13799.6471566037
13799.6471566037
13799.6471566037
13799.6471566037
13799.6471566037
13799.6471566037
13799.1133098809
13799.6471566037
13799.6471566037
13799.6471566037
13795.4468706772
13799.6471566037
13799.6471566037
13799.6471566037
13799.6471566037
13799.6471566037
13799.6471566037
13799.6471566037
13799.6471566037
13799.6471566037
13799.6471566037
13799.6471566037
13799.6471566037
13799.6471566037
13797.627939095
13799.6471566037
13799.6471566037
13798.3849431357
13799.6471566037
13799.6471566037
13797.3836595009
13799.6471566037
13799.6471566037
13796.973866626
13799.6471566037
13797.4539953276
13799.6471566037
13799.6471566037
13799.6471566037
13799.6471566037
13796.2399111123
13799.6471566037
13799.6471566037
13799.6471566037
13799.6471566037
13799.6471566037
13799.6471566037
13799.6471566037
13799.6471566037
13797.3720909959
13799.6471566037
13799.6471566037
13799.6471566037
13799.6471566037
13799.6471566037
13799.6471566037
13788.997086828
13799.6471566037
13799.6471566037
13799.6471566037
13799.6471566037
13799.6471566037
13799.6471566037
13795.0329545763
13799.6471566037
13799.6471566037
13799.6471566037
13799.6471566037
13799.6471566037
13799.6471566037
13799.6471566037
13799.6471566037
13799.6471566037
13799.6471566037
13799.6471566037
13797.6650642352
13799.6471566037
13799.6471566037
13797.4441811855
13799.6471566037
13799.6471566037
13799.6471566037
13799.6471566037
13799.6471591585
13799.6471566037
13799.6471566037
13799.0492961416
13799.6471566037
13797.4181610879
13795.5997530377
13799.6471566037
13795.9802592176
13799.6471566037
13799.6471566037
13797.3644221971
13799.6471566037
13799.6471566037
13799.6471566037
13796.1837728763
13795.3684469404
13799.6471566037
13799.6471566037
13797.1945181139
13799.6471566037
13799.6471566037
13799.6471566037
13799.6471566037
13799.6471566037
13799.6471566037
13799.6471566037
13799.6471566037
13799.6471566037
13799.6471566037
13799.6471566037
13799.6471566037
13799.6471566037
13799.6471566037
13799.6471566037
13799.6471566037
13799.6471566037
13796.3839320037
13796.9374808914
13799.6471566037
13799.6471566037
13799.6471566037
13794.5471502977
13799.6471566037
13799.6471566037
13797.9121564977
13799.6471566037
13799.6471566037
13797.7121617311
13799.6471566037
13799.6471566037
13799.6471566037
13799.6471566037
13799.6471566037
13796.4729783397
13799.6471566037
13798.2387151227
13799.6471566037
13796.0194879017
13799.6471566037
13799.6471566037
13796.9269426878
13799.6471566037
13799.6471566037
13799.6471566037
13794.0832186603
13799.6471566037
13799.6471566037
13799.6471566037
13799.6471566037
13798.8644904051
13799.6471566037
13799.7381017316
13799.6471566037
13799.6471566037
13799.6471566037
13796.4054799416
13799.6471566037
13799.6471566037
13799.6471566037
13793.5193491145
13799.6471566037
13797.5660537802
13799.6471566037
13793.8650814243
13799.6471566037
13793.8944838316
13792.1459480643
13792.7872297371
13795.9597393378
13795.0670133806
13791.7646238828
13794.8916478058
13791.606234777
13792.7251404781
13792.0044876534
13792.3810246431
13795.6200560518
13795.9095498225
13792.0496086969
13793.8297855704
13799.6471566037
13792.9373388781
13792.1490255391
13792.8090606686
13799.6471566037
13795.3403802737
13791.1199601911
13792.441960428
13791.1633686072
13792.3765478281
13791.9519606074
13792.7008680996
13795.3604887922
13795.6266667298
13791.5816776963
13790.9976839767
13790.216611105
13791.8933186601
13792.0718158986
13793.3400739307
13795.6941368683
13795.179257712
13799.6471566037
13793.1761554832
13790.7048988497
13792.3218357908
13792.2532711736
13792.9197139145
13796.1532875387
13796.6287269096
13791.9930353383
13792.1122803779
13799.6471566037
13793.0719335705
13793.1691136087
13793.1632757603
13796.0487840951
13796.0206163744
13791.3206857662
13794.96408357
13799.6471566037
13793.3872219246
13799.6471566037
13792.7094060681
13794.7957285795
13794.905733347
13799.6471566037
13795.4756075227
13799.6471566037
13799.647156563
13793.2333155392
13793.3225697081
13796.4567448157
13796.5731550501
13791.208148955
13794.4862317908
13799.6471566037
13794.7521628761
13792.958101754
13792.5955853902
13795.7914966204
13796.4302012934
13791.9275028725
13792.6727305046
13791.1873952682
13793.9245393759
13793.3211549323
13799.6471566037
13795.5725072234
13797.2949583464
13799.6471566037
13794.212459035
13791.9120800591
13793.0601730099
13792.2766647239
13793.8050321565
13799.6471566037
13796.4370230396
13793.609535841
13799.6471566037
13793.6996772012
13791.7437406576
13792.9597893083
13792.4837525654
13796.8242471431
13795.8363706538
13794.3513354693
13789.7065247105
13793.1418901193
13799.6471566037
13791.8640533404
13792.4820912181
13795.9982782595
13795.3851066684
13799.6471566037
13791.3128703876
13791.3424051205
13792.5841012159
13799.6471566037
13793.1630876717
13796.2769340507
13795.9857098304
13799.6471566037
13799.6471566037
13791.9576376574
13792.2587030069
13792.3170579187
13792.1865208035
13795.171349717
13799.6471566037
13792.215391137
13792.7932405415
13791.872908229
13791.4015030307
13799.6471566037
13792.6395694509
13795.4352160213
13794.2327421546
13799.6471566037
13792.6080256159
13790.2938439343
13791.986107708
13792.1130730966
13790.3415144867
13794.7372968101
13794.4544817424
13799.6471566037
13792.104865011
13792.1620215881
13791.9127431003
13793.4855920957
13792.549171965
13795.8563636349
13797.7154802101
13791.8505174454
13792.1510716609
13799.6471566037
13799.6471565834
13792.0656338204
13799.6471566037
13795.2802244796
13796.4312645474
13791.5287856777
13793.4937106112
13799.6471566037
13793.3260119726
13799.6471566037
13793.0285321741
13794.7338955671
13799.6471566037
13791.6595852488
13793.6932172582
13791.1052478082
13793.0677304425
13799.6471566037
13793.677720807
13799.6471566037
13796.5230977633
13799.6471566037
13793.3656803269
13791.3611798137
13799.6471566037
13793.9852972205
13792.8934084916
13795.2892704005
13795.0270859977
13791.95096909
13792.7564017668
13792.2821381357
13792.7695883571
13793.5020324258
13793.0978607687
13796.3364826905
13795.1007154459
13792.8634855922
13793.4015617682
13792.3744853191
13799.6471566037
13794.0133178955
13791.4536325534
13795.2492000892
13796.6647753903
13792.7214524147
13792.3400095991
13794.2627449921
13799.6471566037
13794.9681243462
13792.3483633139
13799.6471566037
13796.2522856798
13792.9395625254
13792.5191794244
13792.9315583093
13791.6923782758
13792.6323432864
13792.6936444271
13794.6117094629
13799.6471566037
13792.971656422
13792.141050939
13799.6471566037
13799.6471566037
13799.647156539
13792.2483752386
13796.4649700116
13795.7479153405
13791.2895316577
13799.6471566037
13799.6471566037
13792.2677404852
13792.1894350133
13791.6091400322
13794.1932045765
13795.7169238401
13791.7813625808
13796.2721665119
13799.6471566037
13794.0375173205
13792.2216722019
13793.4257572529
13796.1773093115
13793.8889230243
13790.5136868977
13799.6471566037
13791.6678841725
13799.6471566037
13791.9264006879
13790.3294995493
13796.792010236
13795.9980959281
13790.9969503963
13793.4112961848
13799.6471566037
13793.3083239211
13791.5364789947
13789.8596679633
13794.0012263805
13793.7213945485
13792.5899684056
13792.364921406
13799.6471566037
13793.0493587413
13791.5784106126
13791.9355748364
13799.6471566037
13792.7340215268
13792.8658886371
13799.6471566037
13799.6471566037
13795.3244918264
13791.8288838396
13793.5828716277
13794.3870140358
13794.3772927036
13799.6471566037
13793.1749012778
13791.4702396489
13793.6226445117
13799.6471566037
13793.3812827096
13799.6471566037
13794.621404062
13791.3412829976
13799.6471566037
13799.6471566037
13794.5386868124
13792.6868748654
13796.0856426124
13799.6471566037
13797.1917147036
13791.6941721922
13793.0451898431
13791.408314915
13792.8233976288
13793.9125152612
13794.6246950969
13795.613216928
13799.6471566037
13799.6471566037
13793.1775990752
13799.6471566037
13794.0887667677
13799.6471566037
13799.647156417
13796.5291982717
13794.3844900575
13792.0757650548
13792.3316843931
13790.7070419132
13793.2583458914
13792.09887268
13799.6471566037
13795.1508430263
13796.9666889338
13793.5910706473
13792.2032604062
13791.6832743874
13791.4243466977
13792.8150756729
13799.6471566037
13795.5207963545
13795.0561673368
13794.1381710817
13792.4728815173
13792.6509035466
13791.0876831828
13792.9604476986
13792.1215014688
13797.3392786619
13799.6471566037
13799.6471566037
13791.9253919413
13794.0632090179
13791.6532672456
13791.3817862454
13790.5389988591
13795.2636886143
13795.31251178
13793.4740421019
13793.2808327858
13793.6813809881
13799.6471566037
13799.6471565509
13799.6471566037
13795.4094024654
13794.8298790081
13794.0916099971
13799.6471566037
13799.6471566037
13792.2363429421
13792.2146389943
13792.0372231008
13799.6471566037
13795.5134142003
13792.0911308393
13799.6471566037
13799.6471564649
13796.38847418
13792.1992432575
13793.0624902637
13795.9704376307
13795.6510735625
13791.2892320681
13792.3765934233
13799.6471566037
13793.4028340444
13799.6471566037
13799.6471567217
13795.9617080447
13794.7280185421
13792.4291008088
13792.0041846722
13791.4028681125
13793.8691429436
13799.6471566037
13799.6471581646
13796.5357669833
13794.6106879408
13793.2350170006
13799.6471566037
13791.709014098
13794.6003827363
13790.2821043693
13792.4869730104
13794.9367671467
13796.4035642907
13799.6471566037
13793.8335427054
13793.5785399624
13791.7807555271
13794.0928157123
13791.4023255248
13794.5458931964
13796.2484420312
13792.2007750424
13793.2470958298
13799.6471566037
13799.6471565754
13793.6884977977
13792.3177184532
13795.4994246851
13796.5995674559
13792.1090814947
13794.7637701639
13793.3827219283
13799.6471566037
13799.6471566037
13794.0050614053
13799.6471566037
13795.528965632
13791.6366027819
13792.872945926
13791.8212913213
13799.6471566037
13792.9690251371
13792.9331489111
13795.2767735481
13796.7845170304
13799.6471566037
13796.3616470386
13799.6471566037
13795.1943203592
13792.0259822288
13794.2437728279
13794.9509409917
13796.1037877977
13790.1553046514
13793.1336041871
13790.8016827353
13793.2972938076
13792.2286329301
13793.8540979335
13799.6471566037
13794.4370631781
13793.7410806204
13799.6471566037
13793.1851885736
13793.6874990097
13792.3222049363
13792.0262651053
13795.0285374313
13795.0050547142
13792.4415701699
13794.0822079721
13799.6471566037
13792.3800600443
13792.8462882398
13792.3241299114
13796.0042348638
13795.7804509307
13794.4816983645
13799.6471566037
13793.2419345346
13792.0835939649
13792.6200332447
13799.6471566037
13794.3195399596
13796.4534565446
13791.7562049177
13799.6471566037
13799.6471566037
13793.38271638
13792.3357912389
13792.2395494626
13799.6471566037
13796.6990179708
13791.6727612622
13799.6471566037
13792.0884427865
13792.6104159483
13799.6471566037
13793.2838721893
13799.6471566037
13796.2406046193
13799.6471566037
13793.0620861057
13791.4721814437
13793.6065894896
13792.5383924826
13793.5073047809
13793.6118313417
13795.1648179568
13799.6471566037
13793.2700037557
13790.9609364688
13793.6467639374
13791.5695950056
13794.9675036973
13799.6471566037
13796.6615661763
13791.9372136354
13792.0018526124
13792.5509035087
13792.0661547947
13792.4875075545
13793.7959463427
13793.6838870802
13797.0128013526
13791.9880590112
13794.1573329702
13792.0489073027
13792.546736116
13792.7583559263
13792.2539229003
13794.7381721177
13794.9855486826
13792.4265101565
13792.064926874
13791.9088954423
13799.6471566037
13793.3567913666
13792.8250229157
13795.6272084791
