# type 2 occupying volumes
13527.247721957
13520.4776395463
13524.4853219012
13524.404998167
13521.719247131
13522.7564567313
13525.0778249107
13521.719247212
13525.3409184054
13522.9070166481
13524.1497632943
13519.5972954575
13525.5464723224
13520.8253773647
13521.7192471169
13525.5422876894
13521.7192471546
13522.5271530753
13523.6070497908
13526.6453047766
13520.4776395824
13523.3834166753
13525.1367038565
13519.5222088283
13527.2480798034
13524.1465057143
13521.7192471129
13521.7192471954
13522.0306122176
13524.1881667747
13521.7192471756
13528.2809080906
13523.5594591677
13525.2576267305
13521.7192471207
13527.673263253
13520.6904107264
13521.719247179
13526.4360072764
13524.5864955781
13519.9705534059
13522.4232995384
13521.7192471435
13519.934943983
13520.6688310698
13519.5972955077
13525.0112965499
13520.477639547
13526.2308380917
13520.4776395406
13519.5222088603
13521.684359379
13520.8616116203
13520.7064673025
13523.7108600818
13529.5453537112
13521.719247159
13525.6987814409
13521.4996898515
13527.8637209376
13529.3056094287
13524.6489140506
13521.3070712761
13527.7674012493
13524.3256560732
13519.5972955277
13524.1364115006
13524.104925896
13521.7192471306
13528.7416690536
13520.7064673449
13529.0879684417
13524.7005111209
13525.4405779471
13525.7441265206
13524.858919478
13519.5972956178
13521.7192470926
13524.5382226441
13529.1281116955
13526.3801428636
13526.9310425197
13519.5972955432
13521.7192483965
13523.2960169363
13523.0082842635
13520.6625156338
13527.0294328263
13527.992617836
13519.5972971115
13521.7192471315
13519.5972955225
13525.379875361
13523.3999252365
13524.799389619
13528.5407649572
13526.9618516326
13523.5517267349
13521.7192473212
13521.7192472581
13524.8924962286
13524.9515484159
13519.5972954652
13526.3154842061
13528.0350970498
13525.5079875106
13519.5222088387
13522.6477964137
13524.3296095401
13523.6636186519
13524.595313886
13526.2267653148
13527.720930917
13521.7192471814
13526.5611156744
13522.560909441
13521.7192471158
13521.7192472435
13524.3383101749
13524.9490912422
13527.5713241367
13521.7192472174
13525.040821684
13521.2010558843
13519.5222083881
13521.7192466848
13524.8096143147
13521.7192471581
13528.0525878954
13519.5222087681
13527.1171273264
13519.5222088073
13527.5318036838
13522.20005642
13523.3772943394
13520.6904106879
13529.0027467402
13522.2000040462
13527.5402748304
13521.7192471607
13528.4561635761
13521.7192470722
13526.1595042762
13527.8528079675
13530.0979644815
13519.5972956144
13528.4311632013
13519.5972955446
13526.1820651815
13522.2000043958
13525.4254578842
13525.7086734829
13528.6902926539
13523.3598416234
13528.2201269078
13528.0983280109
13527.14753153
13526.5244450846
13524.2869971469
13528.5222656976
13527.260381201
13521.7192465488
13528.0243032674
13522.5879251603
13527.6024522197
13528.5522708713
13524.3797049379
13526.6986526667
13527.0582502043
13523.7175745171
13525.3869657472
13526.9190383956
13519.5972955217
13528.0712643402
13521.1102386378
13529.0444561677
13521.7192471937
13522.7020588522
13521.7192471121
13520.6688286352
13521.7192471209
13530.6389907774
13521.7192478406
13529.2260045363
13525.2861099883
13525.4327768434
13522.8493010987
13525.0963508204
13519.5222088591
13525.1853898965
13521.7192471245
13527.2124024453
13524.8160999811
13522.2000040788
13519.522208808
13524.6389898415
13525.9594834057
13529.2741567666
13521.719247113
13527.389779577
13527.4176455009
13519.5221988429
13519.5972955517
13521.7192472009
13519.5972955117
13525.5667384063
13524.5991853776
13526.5128603447
13529.3189033463
13519.5222088661
13526.3603381623
13521.7192472002
13519.5972955467
13524.610000451
13521.7192471246
13519.5972955548
13527.1822489365
13519.5222087147
13521.7192470608
13520.4776394879
13526.41855906
13519.569272225
13519.5972955147
13530.0007152326
13530.9561861616
13519.9705534287
13519.5972955252
13521.7192471981
13520.6904107499
13523.8050154613
13521.7192471656
13529.6269493612
13528.3138427393
13521.7192471446
13529.4917857017
13522.578284366
13527.1724154672
13523.8878576931
13519.59729559
13526.9165195292
13526.7539197934
13524.2468443454
13521.719247223
13521.7192472842
13525.4360280051
13522.0518864505
13524.4598505459
13524.7183586273
13528.8745470638
13519.5972955269
13528.0300852137
13523.3981952608
13525.3135996353
13519.597295512
13522.6880220397
13529.7288301875
13526.8042998576
13522.2000042582
13529.0138424144
13525.7959940965
13528.2098175642
13519.5972953968
13521.7192472401
13519.5222088218
13524.6280034611
13526.2648209385
13525.249649833
13525.4522682416
13528.0340559464
13520.4776395475
13523.0507825265
13528.1542471493
13525.9261575879
13524.4581304485
13525.5911608905
13528.5361499344
13519.5972955066
13525.8999928719
13523.9398275041
13525.6593560267
13519.5972954547
13521.7192470596
13524.0907610437
13525.3712751839
13521.7192471062
13527.9550878509
13521.7192472113
13528.0521941629
13523.6756119722
13521.7192473385
13522.2000040999
13527.5282695174
13519.597295532
13526.4744497822
13520.4776394991
13529.4794496337
13524.9339694908
13522.8775915433
13521.7192471425
13526.8295384962
13519.5972955008
13521.7192470291
13519.5972954322
13527.5898162588
13522.0501413076
13524.5587179062
13521.7192452684
13522.8085417139
13523.7710424819
13519.5972955415
13521.719247109
13524.4851562362
13522.2000042027
13519.5972954411
13522.5890552151
13522.5748690937
13526.3546980918
13520.4776395576
13526.4058228146
13527.5965985893
13525.6962767633
13521.3265626899
13522.4184282018
13521.7192472731
13524.4979467942
13520.6904105448
13521.7192470594
13525.2008901969
13527.1095333781
13519.5972955303
13525.6890821542
13520.4776395438
13527.3660424056
13524.0331516366
13527.1426180627
13519.5222088911
13526.2577499778
13519.5972954291
13521.7192472279
13521.7192471207
13527.0943267354
13520.6663180116
13528.716527242
13524.9146168593
13528.1834246241
13524.2147920807
13527.4543678224
13521.7192471955
13527.2356595133
13524.431731597
13527.4401768933
13528.702328696
13528.247759584
13521.7192471083
13526.9743107597
13526.2638429709
13521.7192471255
13519.5222088148
13524.3780364212
13527.4175166479
13525.0890717163
13526.0677873603
13522.2000042218
13520.4776395512
13525.8891531473
13529.8459251217
13525.5757090275
13528.1836138313
13528.4032649953
13524.7017502298
13527.3334320108
13520.4776395423
13524.7151439107
13524.0410523212
13521.7192472411
13528.598666348
13519.5972953777
13521.7192458898
13528.2757878258
13525.5585486415
13521.7192472185
13525.6890478353
13519.522208841
13526.3048250226
13521.719247195
13527.1091021292
13521.7192471417
13519.597295488
13521.532226212
13524.7079685784
13521.7192472285
13526.3365791076
13524.2779723756
13519.522208791
13525.490576358
13521.7192472257
13520.4776395069
13524.3119461637
13524.6621607675
13526.0614047936
13519.5972954982
13521.0096629891
13521.7192470972
13519.597295475
13519.5222153502
13526.093234116
13522.1933572289
13525.6829489625
13527.4214121369
13524.7644751915
13519.970553454
13525.8762540528
13524.1091620796
13519.5972954501
13520.6904107118
13526.5632085066
13522.5013831191
13521.7192472544
13519.9349439584
13521.7192471899
13523.5702506657
13521.7192471658
13521.7192471656
13528.6149689921
13523.8867485442
13521.719247287
13522.3426235669
13524.1932409391
13526.4281414005
13523.7832744035
13520.6663179532
13526.0070453172
13525.7718272253
13519.597295439
13528.334429589
13520.6663180741
13520.4776396103
13525.9894471635
13520.4776395933
13527.3835344048
13525.422151378
13519.5222072597
13524.5979349044
13526.3940126044
13520.4776395795
13521.7192471941
13519.2398563558
13521.7192473427
13528.4541036136
13520.6663179691
13527.7672151819
13524.8688936064
13527.6498990869
13522.7773352719
13526.2116035223
13521.7192470639
13529.1149434332
13520.6904107744
13526.3414186324
13522.9635267845
13522.5229402458
13525.1156458486
13526.2623552381
13526.3472060209
13524.4032381604
13524.2093631781
13526.1623707309
13524.4756879062
13521.7192472358
13520.4776395358
13525.8568556359
13527.4143120006
13527.2788480136
13524.9306443906
13521.719254871
13519.5972955546
13524.0300628918
13523.8886194573
13520.6688311709
13528.3508021801
13524.8337134297
13525.9055106705
13521.719247164
13527.9059127521
13520.666317953
13529.1914859482
13520.4776396259
13525.9063002284
13520.4776395106
13525.6526068915
13523.9096237586
13521.7192475483
13524.0637939508
13521.7192471049
13520.2660033472
13529.3480823468
13525.3245085815
13525.7535384243
13524.871470028
13527.6439724338
13520.477639552
13526.608416366
13520.4776395362
13526.8359092867
13525.8806117565
13519.5973030859
13520.6904106352
13523.7693189329
13519.5972954602
13523.7501638815
13519.5972955112
13526.8727671991
13519.5222087682
13530.8290435947
13521.7192471272
13530.4114464836
13520.4776396185
13531.4015767688
13521.719247061
13521.7192472742
13519.5222088066
13519.5972955976
13522.2000042322
13531.3961538039
13519.5222087791
13521.7192471446
13521.7192471826
13519.5972955264
13519.5222088289
13519.5972954513
13519.5222087064
13530.2418431745
13521.7192471794
13521.7192472001
13520.5995506823
13519.5192267722
13521.7192471681
13521.7192470906
13519.5222087836
13519.5222087265
13521.7192471975
13519.5222089492
13519.5222088003
13519.9349439954
13519.5222088138
13519.5222084744
13519.5972954878
13526.8199310711
13521.7192473059
13521.7192471768
13517.6505553952
13520.4776395842
13519.5972955488
13527.4914960699
13519.5972955196
13520.4776396313
13521.7192471218
13526.6003716266
13527.6485434512
13525.0782883341
13526.1944463788
13529.1846204334
13520.4776395475
13528.2228034651
13527.3540922539
13522.1745188794
13521.7192471331
13522.5330184633
13519.5972954991
13527.0630761454
13521.7192471273
13523.9652108799
13521.719247087
13525.0471239989
13524.4048595929
13519.5222088226
13521.7192471504
13525.2783020709
13521.7192471813
13525.7756045952
13524.0586274394
13522.1745189641
13524.8985987216
13522.1745188018
13521.71924713
13521.7192471407
13521.7192471785
13524.9919272788
13519.5972955428
13529.2945359606
13522.1745189027
13519.5972955154
13519.597295484
13521.7192472443
13519.4960005812
13519.5972954637
13521.7192472145
13526.2753419579
13524.616285723
13521.7192470291
13520.4776396118
13528.6264999461
13522.174518835
13521.7192472077
13522.8007496624
13522.1745189195
13527.6059446781
13527.3757253476
13521.719247268
13521.7192471404
13526.6942467434
13519.5972954799
13527.8299507483
13519.5972955269
13522.1745191217
13521.7192471572
13520.2875881588
13521.7192471204
13519.5972954763
13525.8325947609
13527.7171223726
13519.5972955253
13519.5972955358
13521.7192473082
13519.5222087672
13528.6356987059
13521.7192471425
13519.5972955009
13520.4776395378
13525.6370575475
13520.6904106562
13521.7192471452
13521.7192470544
13528.907115867
13519.5972955003
13521.7192471184
13527.384520937
13528.5892305131
13526.1270478647
13521.7192471693
13527.3163274341
13528.7171575859
13519.5222133543
13522.2000039925
13519.5222088189
13520.4776394963
13521.719247153
13519.522208831
13519.5222088722
13529.1560606534
13525.2705957527
13529.545016569
13520.4776395473
13519.522208708
13528.8514953466
13519.5972954909
13519.5972956125
13527.5071200982
13521.7192472592
13521.7192472716
13519.5222088244
13528.2346545902
13530.2740898883
13519.5973058581
13520.4776393683
13519.5222087921
13520.6269953211
13529.5158745694
13526.2547750008
13519.5222149037
13529.8612066854
13520.6688311234
13519.5222089145
13519.5972955347
13519.5972955137
13526.486687221
13520.477639476
13527.7300452793
13519.5972955385
13521.7192472357
13523.4820146455
13519.5972955566
13520.4776395403
13526.7942113053
13520.477639626
13521.7192471702
13520.4776395443
13524.9366926884
13519.597295457
13526.5812310591
13525.6025340691
13519.5972955245
13524.5045376508
13524.7161515798
13521.7192470412
13521.7192471696
13521.7192470671
13529.2434515665
13519.5972954406
13521.7192471731
13519.597295479
13519.5972955237
13521.7192482702
13521.7192470956
13521.7192472397
13526.520234059
13519.5972955352
13526.0675984222
13521.4730849027
13519.5222088504
13522.2000041548
13519.5972954828
13519.5222095628
13521.7192470666
13520.4776396217
13521.7192472741
13530.7291985649
13521.7192472553
13527.3091147609
13522.8085292146
13521.719247177
13521.7192471655
13521.7192472189
13530.4454975995
13520.4776396674
13527.7025227821
13528.7395077308
13519.5222087713
13525.7406738236
13520.6578752186
13519.5907607327
13525.3921508685
13524.4726512117
13527.6203139037
13521.7192471564
13519.5972954888
13519.5972954275
13522.2000040485
13526.2082035563
13522.2000041081
13519.5972955847
13524.489376744
13519.5972954309
13521.7192471684
13519.5972954311
13521.7192471159
13522.2000042765
13525.465793292
13522.2000041054
13519.5972955074
13522.2000040767
13521.7192471825
13522.2000444144
13520.4776396148
13528.4387442463
13522.2000041331
13527.8303600269
13525.1482497415
13527.5810484772
13519.5222087945
13519.5972954374
13519.5222087718
13527.6166198302
13526.9608113063
13528.0640079075
13521.7192471847
13521.7192471725
13522.2000067681
13519.5972955281
13531.799136783
13519.5222087848
13530.6872563553
13522.2000041415
13519.5972955213
13527.433988687
13524.0321750623
13519.5222087462
13528.4684421907
13526.1310903312
13526.8710615549
13521.7192472017
13519.522215867
13520.6247257413
13529.4086595983
13520.4776395982
13527.525775776
13520.6904107959
13521.7192472416
13519.5972955206
13530.5609781096
13527.2618261968
13525.941996135
13521.719247184
13519.5222087841
13519.5222088205
13528.8594503451
13520.4776395055
13521.7192471286
13519.5222088985
13521.7192471024
13520.4776395701
13519.5222088405
13526.3173047952
13519.59729547
13520.4776395591
13519.5222087254
13519.5222089354
13519.5972955347
13523.5027443956
13526.0660053567
13519.5222089342
13529.4533859438
13519.5222088958
13521.7192470703
13529.061305598
13519.2804689236
13519.4960007111
13519.4960006703
13528.3876471894
13520.5995508277
13530.3905561116
13519.5972955345
13525.1556675684
13519.5972955611
13521.7192471433
13520.4776395189
13521.7192479378
13520.6904107294
13519.5972954992
13521.7192471744
13519.5972950416
13525.2841636467
13519.5972955123
13521.7192471401
13521.7192471627
13521.7192471164
13521.7192471293
13520.47763959
13520.4776394919
13520.5995507303
13526.5291420478
13527.0105108655
13527.9301495384
13520.6663202191
13521.7192469572
13529.7832137062
13529.8448323416
13519.5222087756
13520.4776394555
13526.0455926161
13519.522208811
13525.2926234528
13525.2398352364
13527.7666692453
13527.7674315287
13521.719247187
13527.264695754
13520.6904107816
13528.6181732842
13531.2061070584
13519.5222087316
13521.7192470462
13521.7192472533
13522.4104570948
13521.7192472838
13528.7167723527
13526.7861270109
13530.082033765
13520.6663178806
13519.59729551
13519.5972955074
13519.597295506
13519.5972955084
13519.5972954327
13521.7192471863
13527.5911026409
13519.5222088334
13527.8055392042
13526.3691186254
13520.4776394853
13521.7192471676
13528.4703206297
13521.7192471822
13519.5972954979
13519.5222088185
13526.8849651129
13526.9492840154
13526.3739577218
13522.2000041253
13519.5222088182
13527.0698303598
13520.4776394804
13520.626995901
13519.5972954935
13519.5222088256
13521.7192472529
13520.5995507683
13529.5513296318
13521.7192471629
13524.7412379042
13521.7192472002
13519.5222088224
13528.6111838021
13521.7192471374
13520.4776395858
13531.6706565992
13521.7192471449
13527.5972256629
13523.5026840965
13528.7343944559
13519.5972954451
13525.9025367831
13519.5972956106
13527.4135918287
13521.7192472257
13521.7192471621
13526.3364068039
13529.5139310781
13519.5222088988
13527.2431818595
13519.5972954933
13530.9084537835
13521.719247155
13526.8829451541
13526.0032043589
13525.1544946663
13527.0470738467
13519.5222089334
13525.4829069779
13527.1055546298
13521.7192472045
13528.2578754644
13521.7192471224
13521.7192472627
13521.7192471224
13521.7192471961
13521.7192471755
13528.4260618162
13521.7192471665
13519.5972955564
13526.3058959038
13521.7192470012
13521.7192473596
13524.6433169422
13519.597295487
13520.5995506609
13526.2824200801
13527.0381630381
13519.5972955573
13523.5933676529
13529.1654775681
13520.4776395017
13524.1272125991
13521.7192471517
13521.7192472248
13527.4976583395
13528.3321304736
13519.5972954764
13519.5222088839
13517.9180173736
13520.5995508147
13519.5222086857
13527.8199216361
13521.7192471196
13521.7192472089
13519.2929391751
13529.226472147
13520.4776395185
13520.6663141378
13521.3455405188
13526.2815446461
13526.0107069003
13521.7192471686
13519.5222088404
13527.9715690985
13524.3375136684
13521.7192470374
13530.9268378411
13524.4692588068
13527.5316250948
13519.5222087585
13529.1806928578
13519.5972954721
13526.8213462354
13520.6327373949
13532.083181644
13519.5972955921
13527.1686830544
13521.7192469987
13527.5042517382
13520.5995507014
13521.7192472509
13521.7192472721
13524.8628926912
13521.7192470526
13520.6327340425
13521.7192472397
13520.4776396044
13520.5995507531
13524.8660559854
13521.7192470824
13530.0674889357
13520.6301754616
13520.6327341399
13524.8588999181
13527.4703768043
13521.7192471559
13519.5972984518
13522.0508736128
13519.5972956058
13521.7192471336
13520.4776395448
13527.9536789502
13519.5972955594
13521.7192472193
13525.6574405152
13521.7192470629
13519.5972955221
13529.3345164895
13520.6663185011
13529.2875323117
13527.9684104674
13521.7192471424
13521.7192471386
