# type 2 occupying volumes
13160.886592628
13153.2306737833
13160.042836501
13153.2306739527
13153.2306738368
13160.8291127571
13153.2306738468
13162.176219078
13160.9809017648
13153.2306739926
13161.64067195
13153.2306740148
13161.406552235
13153.2306736499
13153.2306738324
13159.0213329209
13157.9777878141
13159.1004568417
13158.939788905
13160.5270587118
13153.230673922
13160.7125441005
13153.2306740951
13161.8908815286
13160.7780520568
13153.2306739724
13160.6788716742
13153.2306739138
13160.6695735658
13153.230673914
13153.2306740969
13160.7703786071
13157.7651545263
13160.5243494674
13153.2306739885
13160.2570469667
13153.2306739082
13153.2306736094
13153.2306738707
13161.1513118456
13153.2306741117
13159.0955316752
13153.2306737822
13153.2306737071
13153.2306739676
13153.2306740159
13157.7104666945
13160.6358771408
13159.9473026604
13153.2306736388
13153.2306738313
13159.1695430845
13153.2306739475
13153.2306738816
13157.4443753063
13161.2819995073
13153.2306739832
13157.7287352338
13153.2306737461
13153.2306741267
13158.7143243401
13158.7423925679
13153.2306739615
13161.7815619848
13161.7418988935
13153.2306738512
13159.1912487636
13158.6092230223
13153.2306736599
13161.0067601877
13153.2306737513
13162.3078626798
13160.6293719197
13153.2306737532
13153.2306741201
13157.5953929682
13153.2306737802
13160.7135195534
13153.2306739086
13162.3509270223
13160.9655685223
13153.2306738303
13153.2306740504
13153.2306742967
13157.8884920461
13159.299945927
13153.2306737053
13161.1814778153
13161.0054750018
13153.230673777
13160.075154264
13153.2306741313
13156.3414455277
13160.4455635214
13153.2306737776
13160.4676613409
13161.5197301708
13153.2306739966
13160.3730006039
13159.0306497092
13153.2306739379
13160.5215474367
13153.2306736879
13160.7987315944
13161.1583248585
13153.2306741543
13159.4191575604
13157.9577165926
13153.2306739166
13159.6236700897
13153.2306741549
13153.2306738686
13161.6808523481
13153.230673973
13159.5535141854
13157.6579825464
13153.2306736292
13153.230673866
13153.2306739467
13153.2306736636
13160.5234132709
13153.2306739691
13159.6222201566
13153.230673826
13153.2306739122
13153.2306737082
13158.8229460805
13153.2306737758
13162.1952133315
13153.2306738823
13162.9961495101
13153.2306740101
13161.3708429187
13153.2306735748
13160.4757519186
13156.6427543185
13162.1636893371
13153.2306739716
13161.5164832529
13153.2306737751
13160.719767491
13153.2306739797
13159.3610010546
13159.2600652158
13162.1611958807
13153.2306737244
13162.4625733834
13153.2306738721
13161.5151371029
13153.2306738272
13157.8393906768
13159.7389067138
13162.1207731621
13153.2306738754
13160.7380985128
13158.475440498
13159.3120159758
13160.2396324659
13153.230673891
13161.5122244644
13159.6797530582
13153.2306738351
13160.8348327185
13153.2306736745
13160.0167002789
13159.59368923
13153.2306735769
13161.0431447681
13160.3021794706
13153.2306739022
13159.3524440668
13159.5216589878
13153.230673879
13161.4524564932
13153.2306738769
13161.7676726895
13153.2306738791
13153.2306740564
13158.9040512036
13153.2306739109
13158.9017183
13159.6228390595
13153.2306737367
13161.0259434653
13159.4580369271
13153.2306738825
13160.1266369259
13153.2306736968
13153.2306737585
13161.5645618189
13153.2306738825
13161.0412834725
13161.6745969472
13153.2306738279
13158.2890502723
13156.8052194338
13157.2685837439
13153.2306739201
13153.2306737733
13161.1960210567
13161.5687570449
13153.2306738524
13161.1316220561
13153.2306739624
13153.2306736135
13158.7606837779
13153.2306738502
13160.066948293
13160.816533534
13153.230673587
13159.6552254823
13153.2306738731
13153.2306737037
13153.230673632
13153.2306738382
13160.2003947171
13161.3627868888
13153.2306738486
13161.1754785293
13153.2306736906
13159.8692660387
13153.2306741892
13153.2306739457
13159.3476719074
13161.3307566077
13153.2306738935
13160.6783145038
13153.2306738735
13153.2306740589
13158.5079829884
13153.2306735853
13153.2306738673
13161.4272527358
13153.2306738393
13161.263891091
13153.2306738654
13159.3222926453
13159.1376388517
13153.2306737688
13158.7604784849
13161.4602062994
13153.230673917
13161.0776056531
13153.2306740504
13153.230673984
13153.2306737067
13160.0570074878
13153.2306739126
13161.3420290765
13153.2306739596
13161.1512199095
13153.2306738561
13153.2306740431
13153.2306741012
13158.9232916531
13153.2306736847
13160.9638635744
13153.2306737683
13160.9877228179
13153.2306737234
13159.0688448838
13159.2380391973
13159.029478115
13162.6299691116
13160.2914800472
13159.2265301918
13156.9512653583
13157.8237643031
13157.0394796879
13153.2306738901
13153.2306738153
13162.7144975882
13160.0877657458
13157.1489361022
13159.7071968967
13162.3035459302
13153.2306738821
13161.5950983959
13153.2306741229
13162.2089182258
13160.7068703196
13153.2306741512
13153.2306736002
13158.7554929435
13153.2306736965
13160.612450486
13153.2306740697
13162.1020502893
13159.4431354524
13157.5667352388
13153.2306737409
13161.8723743095
13153.230673866
13161.7096346202
13153.2306739647
13161.3487039678
13160.2884600259
13153.230673835
13153.2306739161
13153.2306739363
13153.2306738645
13158.8261402085
13153.230674011
13160.7646295761
13160.7767437752
13153.23067397
13153.2306737534
13153.2306737794
13153.2306737659
13159.4075349068
13153.2306737827
13157.8224101595
13161.1575815619
13153.2306741086
13160.9812446768
13153.230673963
13153.2306738629
13153.2306739289
13153.2306738461
13158.5167774374
13153.2306738337
13153.2306740439
13161.2218189902
13153.2306738859
13160.5302298657
13153.2306740657
13153.2306738712
13153.2306737218
13161.2139160234
13153.2306739864
13161.3268557207
13153.230673856
13160.7799767752
13153.2306738556
13157.6934184315
13153.2306740332
13160.7212269817
13153.2306737951
13161.270056979
13153.230673549
13160.7890198282
13153.2306738684
13158.973853176
13153.2306740237
13160.4162229554
13156.3962515185
13153.2306736933
13156.5268625847
13153.2306739474
13158.4979335949
13160.3305847956
13158.8113824396
13160.9802474557
13153.2306737981
13161.4082033912
13153.2306736683
13153.2306739098
13159.7032422288
13156.7376850089
13158.9532850255
13159.3556191729
13153.2306737798
13159.1815385751
13153.2306738328
13158.2120816437
13161.6143127221
13153.2306740507
13161.6909092627
13160.9093810271
13153.2306738262
13160.7031082855
13153.2306738027
13159.6829870361
13157.9705987704
13153.2306740807
13160.8206606961
13160.3434672111
13153.2306738668
13160.7851969182
13157.5950204756
13153.2306738775
13161.396026848
13153.2306740637
13161.0151257146
13161.7299672009
13156.8854479482
13153.2306737317
13158.2605865885
13153.2306738614
13161.1601610366
13153.2306739256
13161.8925602503
13161.3770070329
13153.2306738612
13156.8462488456
13153.2306738412
13153.2306739452
13160.667024056
13153.2306738483
13161.4867244573
13153.23067371
13158.5042339683
13153.2306738713
13153.2306738032
13156.7646956009
13161.0914296565
13153.230673909
13161.9294424746
13157.7916123807
13153.2306738203
13156.8702865618
13157.5765988893
13153.2306738708
13159.595623856
13153.2306739482
13161.2750071932
13162.0263310804
13153.2306737698
13161.565234496
13153.2306739295
13158.4981185835
13153.2306736438
13153.2306736687
13160.6571166117
13153.2306740268
13153.2306738704
13159.548205232
13153.2306738723
13158.1070696835
13158.3567152856
13153.2306740577
13160.4676752594
13161.0947181813
13153.2306738127
13161.5465362727
13153.230673711
13161.6591297142
13153.2306737963
13157.1376820775
13159.2097481299
13161.1986641217
13153.2306738536
13160.5884540228
13158.5272781443
13160.1449763906
13153.2306739141
13153.2306738189
13159.9216707918
13161.698467955
13153.2306738781
13161.5305149938
13153.2306741284
13162.1426753443
13158.8643857128
13153.2306738167
13153.2306738543
13161.115143351
13153.230673631
13161.078193972
13153.2306738923
13153.2306739281
13153.2306737982
13158.6195674929
13161.6329443254
13158.8379767619
13153.2306738721
13159.5933271483
13153.2306739202
13158.9880752521
13153.2306738543
13153.2306736841
13160.1408374437
13162.6271237822
13153.2306708173
13161.2710974889
13153.2306738636
13160.7865440096
13159.2292815524
13153.2306739526
13161.350088779
13153.2306740721
13157.1931240621
13153.2306740428
13158.3077945642
13153.2306739027
13160.3080234915
13156.2938446078
13160.6720482906
13159.871379085
13153.2306738865
13159.134385563
13153.230673768
13158.2017832895
13160.3129200696
13153.2306737715
13160.5347218968
13153.2306739007
13153.2306740301
13153.230673729
13161.0356206004
13153.2306737625
13161.9866166756
13153.2306740712
13161.5128574802
13161.9528747233
13153.2306737127
13158.8464109875
13157.5189949596
13153.2306738761
13160.9533845608
13153.2306738878
13160.9717241231
13153.230673826
13162.4959440576
13153.2306735749
13159.7356577209
13153.2306737629
13160.3219753939
13153.2306736975
13153.2306738945
13153.2306738444
13159.6513392947
13158.5459377255
13153.2306737157
13160.5906708195
13153.2306739839
13153.2306741158
13153.2306738591
13153.2306740352
13161.7571636605
13153.2306738884
13160.4508780614
13153.2306741001
13158.4545063464
13153.230673782
13153.2306739079
13153.2306739019
13161.3459867938
13153.230673885
13153.2306737905
13159.4607880355
13153.2306737987
13159.95652125
13153.2306738448
13153.2306740173
13161.2034704981
13153.2306740087
13161.1076211333
13157.2515472352
13153.2306736402
13158.1912506852
13153.2306738429
13153.2306737115
13160.5324212603
13153.2306739601
13162.1796351576
13153.230674076
13157.3750048679
13159.073561082
13157.3440889713
13153.2306735938
13162.5148791693
13153.2306740078
13153.2306737295
13158.4474891142
13153.2306739544
13160.9572779708
13155.1041455918
13153.2306738432
13161.3804643422
13153.2306740238
13160.597407464
13157.9474828257
13156.5854845402
13157.2156118356
13153.2306739041
13153.2306738603
13161.4245525748
13153.2306737932
13160.1072054443
13153.2306738494
13153.2306736617
13153.2306738188
13153.2306738408
13153.2306739286
13162.5096268666
13153.2306739928
13153.2306738992
13157.6233620755
13156.3495281393
13160.1702228962
13153.2306737551
13153.2306737908
13158.8308955712
13153.230673847
13153.2306739813
13153.2306737979
13153.2306739104
13159.6669558863
13153.2306737513
13153.230673867
13153.2306738446
13158.0433797166
13153.2306738961
13160.0803752543
13153.2306738787
13161.4467328983
13153.2306738854
13153.230673855
13159.5042637036
13153.2306738049
13153.2306738673
13158.8825578894
13153.2306739778
13161.5392971926
13153.2306739843
13153.2306738755
13153.2306738253
13158.275004818
13153.230673621
13162.7434707261
13153.2306738543
13161.6805224222
13153.2306739232
13156.3973416386
13160.4893794589
13153.2306738799
13153.2306738596
13159.5082364014
13158.8416221614
13153.2306739921
13157.196151629
13153.2306738776
13153.2306741051
13160.1788596839
13153.2306738931
13161.5285804185
13153.2306737305
13160.3938946526
13153.2306741274
13160.3154337514
13153.2306738451
13160.9218898493
13153.2306739475
13161.2745038137
13153.2306740046
13160.9067430419
13153.2306738751
13158.0720678125
13160.3966526478
13158.2453746008
13159.4069259154
13153.2306739088
13153.2306738069
13160.225257017
13153.2306739522
13153.2306738548
13160.3972208393
13158.5587603851
13159.6896329596
13161.2944952914
13153.2306738399
13161.5810027178
13153.2306738893
13153.2306739088
13161.5341903144
13153.2306739944
13160.3532738272
13159.1618544424
13153.2306739291
13162.2627748104
13153.2306740652
13153.2306739953
13161.3151987116
13153.2306743912
13162.4633955193
13153.2306740255
13159.8274461359
13156.7063603349
13156.6364209842
13153.2306736734
13160.5982408901
13153.2306738667
13161.6225571113
13153.2306738712
13153.2306738843
13159.841694521
13153.2306738612
13153.2306738594
13161.2538858027
13153.2306738162
13160.8941727216
13153.2306740964
13159.477865465
13153.230673895
13153.2306738819
13153.2306736319
13159.46995986
13153.230673816
13153.2306737257
13153.2306738446
13153.2306738372
13153.2306738777
13153.2306738389
13153.2306742032
13160.9652282041
13153.2306739251
13159.726185778
13153.2306738762
13153.2306739901
13153.2306738002
13153.2306737227
13153.2306736309
13153.2306736525
13158.0795344049
13153.230673948
13158.491450027
13153.2306735834
13161.6131921446
13153.2306736118
13153.2306740635
13153.2306740443
13153.2306737944
13157.4575461865
13153.2306734944
13153.2306738637
13161.2521095385
13153.2306738786
13156.9292671448
13159.8441680517
13153.2306740332
13159.9264324682
13159.9440419406
13153.2306738942
13161.9935764352
13153.2306736853
13159.9257389883
13153.2306736347
13160.8813523087
13153.2306737918
13161.3706798314
13153.2306738861
13161.7280914964
13153.2306740392
13153.2306738832
13158.1574336697
13157.4342344792
13159.7434810606
13153.2306737134
13159.6693801806
13160.7108998339
13153.230673912
13161.3951882445
13153.2306739395
13160.5860926212
13153.2306741316
13160.9287196598
13156.9948382938
13161.5033388041
13153.2306733344
13158.9815255924
13158.6812332619
13158.2412700339
13161.0261342744
13153.230673725
13159.2620059884
13153.230674043
13153.2306737054
13153.2306738534
13162.1252648791
13153.2306738711
13161.5881456397
13153.2306737166
13153.2306739634
13159.6590945613
13153.2306740976
13153.2306737792
13163.1577805604
13153.2306740055
13162.9334944166
13153.2306737476
13159.2616921447
13159.3009843255
13153.2306738804
13153.2306738357
13161.4386339787
13153.2306742472
13161.2617584539
13157.3764257919
13158.2644536287
13161.2463932834
13153.230673905
13153.23067381
13161.6124417156
13153.2306740987
13161.4524668738
13153.2306737379
13159.9283930481
13153.2306741388
13153.2306738892
13153.230674117
13159.8171722045
13153.2306738245
13153.230673804
13153.2306737396
13153.230674022
13159.8967859806
13153.2306738688
13153.2306742539
13160.3413244236
13153.230673787
13160.1992469981
13153.2306738791
13153.2306738838
13159.7814752284
13153.230674153
13153.2306735858
13153.2306737613
13157.3190199122
13156.0770170357
13153.2306738906
13153.2306738859
13161.2246208281
13153.2306741197
13153.2306738514
13153.2306739085
13158.9536282542
13153.2306739191
13161.8992041292
13153.2306738813
13161.1192149391
13153.2306738689
13158.0537630822
13153.2306740497
13160.530197578
13153.2306736678
13160.3217302132
13156.5951962019
13161.4497696587
13153.2306738995
13158.6814969614
13157.4326041509
13159.1646476238
13153.2306737696
13158.4333770779
13156.3085956625
13161.1782581454
13153.2306740444
13153.2306735973
13160.6175651868
13158.2847819991
13161.6247983209
13153.2306741097
13159.0201349986
13159.8209054373
13153.23067365
13158.076006769
13153.2306738693
13153.2306740689
13161.36841474
13153.230673949
13160.6773850383
13158.454291411
13153.2306739837
13153.2306425828
13162.4876527371
13153.2306738516
13163.0138036411
13153.2306741723
13160.3007143883
13159.2919787642
13153.2306740092
13153.2306738664
13162.9700087004
13153.2306736805
13162.9615930431
13153.2306739238
13161.3251218589
13158.9088800958
13158.5399447436
13153.2306737805
13162.7487477647
13153.2306738849
13162.7889879953
13153.2306738547
13160.929892992
13158.8581863539
13153.2306739883
13153.2306739939
13163.3105837404
13153.2306740112
13163.1783820564
13153.2306738646
13158.8039782864
13153.2306739051
13153.2306737753
13153.2306737475
13161.9130254965
13153.2306740269
13161.7916760922
13153.2306738512
13153.2306736334
13158.7307000927
13153.2306737856
13153.23067385
13161.7556568553
13153.230673836
13161.8237592404
13153.2306738303
13161.3099935185
13159.2885837797
13157.1865939334
13153.2306738879
13161.4846948707
13153.230673882
13161.7467821194
13153.230673828
13161.3545667858
13153.2306737197
13153.230674175
13153.2306739792
13161.6490200326
13153.2306739524
13161.8899752206
13153.2306738504
13153.2306735824
13153.2306738744
13157.8724812735
13153.2306737141
13161.4498557229
13153.230674068
13161.9201224156
13153.2306737888
13160.1081965484
13159.6258271521
13153.2306739777
13153.2306738927
13162.1579851256
13153.2306738618
13160.3588943009
13153.2306736933
13157.4009099858
13153.2306738211
13153.2306737637
13153.2306738901
13153.2306739147
13153.2306737228
13153.2306739124
13153.2306738191
13153.2306738727
13161.6366332205
13153.2306739781
13153.230674083
13161.5722577714
13153.2306738492
13161.7931636182
13153.2306738618
13153.2306738063
13160.5435862913
13153.2306738942
13153.2306738921
13159.5166563058
13159.0716818505
13161.0077647329
13160.4004622238
13153.230673634
13162.8798127791
13153.2306738807
13153.2306740566
13161.9140954349
13153.2306738256
13162.7551758028
13153.2306739455
13159.4593905659
13159.179503843
13156.6953338681
13157.3237244503
13161.3635143782
13153.2306737402
13161.2091524796
13153.2306739811
13160.3815313698
13158.5511556277
13158.1740680492
13153.2306738587
13161.6688670218
13153.230673763
13159.4036970117
13153.2306738508
13158.0729459991
13153.2306738014
13153.2306737919
13153.2306736273
13161.5666689216
13153.2306736553
13160.431728691
13153.2306737013
13159.7844196821
13153.2306738673
13153.230673667
13153.2306740321
13161.5407994621
13153.2306738665
13159.0369403923
13153.2306741947
13153.2306738074
13159.9072798342
13153.2306739128
13153.2306740378
13162.373819282
13153.2306742211
13161.6724136983
13153.2306739186
13153.2306743296
13157.8970274459
13153.230674039
13153.2306737138
13160.713910515
13153.2306736968
13153.2306736663
13158.6636586785
13159.7668026846
13153.2306738353
13153.2306738943
