# type 2 occupying volumes
14169.8088267637
14166.3903171041
14166.371774532
14166.895720197
14163.5951467325
14167.1949638926
14166.9312788293
14171.9654126156
14169.5740357274
14166.5189088749
14167.5181816787
14166.0914788541
14165.395149742
14168.0794753899
14167.7484018281
14168.6135419692
14168.4014730506
14167.9381642188
14166.3196712831
14166.075715128
14166.8350764328
14162.4475922809
14166.4111314179
14170.5574669213
14169.0974257338
14167.5506809235
14167.3738711723
14164.0626432024
14167.6480987799
14166.7079970742
14169.1125040144
14169.7722235899
14166.4319990031
14167.0295914549
14166.2780480329
14165.9492034355
14166.3970891093
14165.0987509293
14166.5354802465
14166.1008672392
14169.1687094784
14166.8427690276
14166.8993590346
14166.6363524306
14166.8904394994
14166.8102021518
14166.2514156591
14169.7172083731
14169.7853660321
14166.7358010641
14165.3828240214
14166.4252343897
14166.3473501983
14163.5951467179
14166.5097353235
14170.3035577239
14169.2993344068
14167.7903632285
14166.5259073033
14166.8800578544
14167.0579026076
14166.50001843
14168.2299580934
14169.735461429
14169.4269816252
14167.0774883577
14166.033977819
14166.1154617442
14166.3610583607
14165.3049828111
14167.2123504505
14169.598564294
14170.7904323719
14167.3594408393
14165.4586764006
14167.2002432549
14166.6143471256
14166.9269814184
14167.2420760338
14168.4122811192
14170.4118320202
14167.5614796437
14163.5951467298
14166.588578952
14166.1521620336
14165.5842487624
14165.7852794387
14169.4880044838
14168.413743072
14166.6011265324
14165.7339702768
14166.8402913779
14165.6676638318
14166.9278118022
14167.3761960024
14170.2883333238
14169.7232769581
14165.2566816586
14165.4361741747
14166.0053672362
14166.1065764852
14165.5976490786
14167.0857664365
14168.6078286874
14169.7784645311
14166.7057939433
14165.6559471908
14166.9554551654
14166.0938217788
14168.2176775733
14165.9661060187
14170.8828908196
14169.9430384473
14162.6506786735
14165.7703878214
14166.9610400564
14165.3204535295
14166.8668341662
14167.215715056
14170.1215499144
14170.1170003914
14166.6701557753
14166.911672608
14167.9527267205
14166.1614211964
14168.7387628964
14168.1179409513
14170.0444615659
14169.1049374039
14166.7572301012
14166.752278535
14167.7127390455
14163.2611135568
14168.5296128382
14167.3741341002
14169.8890802651
14169.2754050074
14165.3915156454
14165.1411859845
14165.250871536
14167.2561346096
14166.076825865
14165.957233308
14170.0381216103
14169.5763469552
14165.6488316032
14167.2631022268
14165.4756287535
14165.5752267504
14165.1027426617
14167.1026241587
14169.1582354153
14169.7771064707
14167.4251801811
14165.9375339833
14166.5847794323
14165.3052805886
14167.201361809
14166.469417869
14169.8056566082
14169.1640178202
14168.4831990314
14166.023090584
14168.1232314812
14166.1565403437
14168.2983056143
14166.6847411839
14169.5359151337
14169.8208623724
14168.2721626061
14167.8268116559
14169.1814887884
14166.1856779032
14166.8717589684
14165.125538416
14170.0388022739
14170.6753566953
14166.451924376
14166.8476405446
14168.226936991
14167.8594000393
14168.2767358662
14167.9138149121
14170.8228105622
14170.5576029118
14166.7807991009
14169.0874028579
14168.215823733
14169.0812552676
14168.3674775482
14161.5828649562
14169.5232980044
14164.0626431718
14167.5730865508
14167.2711299224
14167.1633620242
14168.4190646195
14165.7449733262
14168.2670330132
14169.7399092289
14172.2152224242
14167.5212447841
14167.6545919046
14167.9903460071
14167.7007502762
14168.2756107427
14168.0140732841
14170.0573891218
14166.7948294732
14166.0043059996
14166.3126601796
14167.0779728274
14162.6489688435
14163.5951467277
14165.1878498603
14165.2358827639
14169.3644932073
14164.9245503074
14168.3367486482
14167.383195561
14168.277537599
14166.6318141579
14162.4337318514
14170.7092488907
14167.9163377557
14159.1248834256
14166.9911214428
14168.4119644948
14163.5951466441
14165.0415453855
14167.5409133761
14171.5995833169
14168.6267554663
14163.165498911
14166.7900254846
14168.5935743805
14166.9811550106
14167.1888000911
14162.3272202195
14169.7754184897
14170.1375352425
14166.5880139873
14166.688121772
14168.004073685
14165.4618728255
14168.9439456497
14168.464241055
14171.1179498456
14170.4193722458
14165.5363966392
14168.3890093732
14167.532354098
14168.4012911028
14166.2350352814
14170.3811709768
14170.1199118348
14169.5076349068
14165.5240659216
14166.5800363072
14165.8658689418
14167.3450218264
14165.9341795634
14166.465936914
14163.595144817
14168.9381575637
14167.094467192
14167.2124399348
14166.8631087209
14167.6946813604
14166.9104776018
14168.0612512277
14169.8586517085
14169.8334019864
14166.9749914612
14166.5314779164
14166.8030930145
14166.0701653696
14166.331553125
14166.846898916
14171.2964802961
14168.7879016828
14166.7964519072
14167.1689614195
14166.0378180044
14168.0332297082
14165.5800282157
14166.715463938
14168.3257587807
14170.8152023408
14165.8595001195
14169.9867350655
14167.6593404251
14167.4915116793
14166.6750938142
14163.5951467141
14170.1226469314
14168.9548575489
14166.984707159
14167.2758401727
14166.5763954985
14167.1752226904
14166.8933118847
14166.2862295715
14170.1251388833
14169.8971827121
14166.1189756565
14167.9574146664
14166.6606202639
14168.2403297225
14166.4857003572
14160.6334829018
14168.4014328143
14169.6327273106
14166.804043793
14166.0567492524
14166.3615939561
14167.0785272608
14166.8773888799
14166.2373652662
14163.1321463838
14172.0070632938
14167.0544028881
14167.0958810184
14167.3772558168
14168.1418806194
14167.4701757334
14167.7200898878
14169.3262646664
14170.3961374764
14165.7095430114
14166.0912206602
14166.3666694311
14166.9998774951
14165.160020893
14166.7007004148
14163.7401123526
14170.225053773
14157.8684342288
14167.7574509168
14165.614639931
14167.5570803259
14160.5576162084
14166.5432131807
14169.6833481291
14169.4739565078
14165.4002577262
14166.3650255041
14167.1250911408
14165.4493183995
14161.4297512075
14166.7496112297
14167.4942369302
14170.3515409355
14166.1511905931
14168.3217210334
14167.025482792
14168.1434801405
14159.1248833594
14167.2546772544
14165.068569436
14168.3024175459
14166.6973819863
14167.3975978084
14166.8632567345
14167.3208918983
14165.6800905022
14166.777693398
14168.6616533201
14169.9512479907
14166.7962535844
14166.3920919203
14168.1399685479
14166.0569797175
14166.0841228416
14166.3281359357
14169.1573877901
14169.3909009408
14167.1848926558
14167.0333714686
14167.4809611172
14166.7714967466
14167.8573197776
14167.7545702715
14170.408063426
14169.9386564348
14166.5128720252
14165.5844159328
14165.922580323
14166.1932348112
14165.5980573762
14167.6180127546
14169.4693215783
14169.6238268382
14166.3166046088
14165.2186774845
14166.607302406
14165.2622779831
14166.2993576178
14166.8841482306
14170.7677229129
14169.3971800957
14167.7015217104
14166.9340518871
14163.5951466886
14167.5476027002
14163.7252854069
14166.5460898265
14169.5342918028
14169.7428317852
14166.4472047817
14166.3413794611
14165.8902429111
14166.8501593655
14165.3619077224
14166.8144946619
14166.1033476252
14169.2918814873
14165.9402507623
14166.6553194626
14166.2947539691
14167.2956461485
14165.3420838192
14166.9877931402
14168.9917347929
14169.1405305669
14167.1346966846
14166.3760263514
14166.2693809424
14167.1413667265
14165.7056020756
14167.507052539
14165.3643839234
14169.3498496406
14166.9031686033
14165.4131050983
14165.8737690066
14166.072438372
14165.9565260624
14166.9044782185
14164.4446656101
14169.9020722866
14165.848460551
14165.4098297698
14165.8662479656
14166.3674544025
14160.5750208348
14166.6183725287
14169.5787747554
14170.0132086733
14163.5951467175
14165.4553126538
14167.1086413328
14166.2029365713
14166.4538727949
14166.3462549365
14170.4310841674
14170.8690800604
14166.0390419176
14165.9815628766
14166.2332983314
14165.6193417445
14165.814592736
14166.6612797943
14171.7639945174
14168.9907561385
14165.3115290042
14167.3254420473
14166.0452096443
14163.5951467885
14166.0941232205
14165.5938539079
14171.14368604
14169.8184450225
14166.5623064842
14165.7502513926
14166.7101843259
14165.4885639562
14165.9447001769
14166.5069855206
14170.0172414428
14168.9717181966
14166.5702449731
14165.3579052645
14167.3587286699
14165.3108341232
14166.2036612098
14167.2594632194
14168.7912087179
14169.4359814383
14167.0986770132
14165.4898831843
14166.9897676575
14165.7936992064
14166.375045135
14167.6702566326
14164.0626431266
14169.1063175412
14167.299343187
14165.6424672842
14167.0704665782
14163.725285401
14167.5010051559
14168.0389992882
14166.5376133352
14171.848881834
14165.2875186145
14163.5951467788
14166.4492134815
14165.3009932523
14165.8617811726
14167.4892462879
14169.272346322
14163.5951467706
14172.0198634046
14163.2603112643
14172.1548808902
14163.2611135177
14162.6506785963
14162.9896131505
14163.5951467359
14163.5951467444
14163.260311277
14163.8082988758
14163.5951467234
14162.6506787039
14163.4530858533
14163.7930424298
14163.793033591
14163.5951466908
14163.2603112373
14163.2603112928
14163.2603112555
14163.5951467424
14162.6506785883
14162.6506786223
14166.1815947908
14163.5951467603
14163.2603112736
14163.5951467096
14163.5951467419
14163.5951467861
14163.4530858398
14163.4530858612
14163.7930335565
14163.5951472287
14163.595146763
14163.5951464632
14163.5951467536
14163.2603112878
14163.5951467392
14163.5951467255
14163.5951467383
14163.5951467667
14163.5951467573
14163.595145593
14163.5951467481
14163.5951468598
14163.5951467164
14163.4530858574
14164.7281245574
14163.5951467605
14163.595146647
14163.5951467747
14172.0687022011
14163.595146778
14163.5951467877
14163.595146003
14163.5951467658
14163.5951468079
14164.0626431292
14163.5951467174
14163.5951467112
14163.5951466635
14163.5951464826
14163.595146733
14163.4530858301
14163.7930335862
14163.5951467265
14163.5951467455
14163.5951467447
14171.3049548642
14163.5951462957
14163.5951470755
14163.5951467164
14163.5951467411
14164.0626431647
14163.5951466752
14163.5951455212
14163.5951468443
14163.5951467201
14163.5951722728
14163.4530858716
14164.7281245646
14171.7764239597
14163.595147737
14163.59514671
14163.5951467275
14163.2611135271
14163.5951467087
14163.4530858234
14163.4530858793
14164.3645272772
14163.5951467479
14163.5951501129
14163.5951466438
14163.4530858446
14163.5951467125
14167.0372710727
14163.5951467854
14163.5951467633
14163.2603112524
14163.5951467307
14163.5951467185
14163.7930335412
14162.6506786929
14163.5951467553
14164.0626431347
14163.4530858652
14163.5951280657
14163.8567556005
14172.2190701601
14163.793033074
14163.7930335829
14163.4530858425
14164.062643138
14163.2603113068
14163.2603111925
14163.2603112774
14163.5951467343
14163.7930335731
14163.7930342335
14164.2156764038
14165.0065438279
14163.5951467655
14163.2603112796
14163.4530858582
14163.7930336154
14163.4530858997
14163.7930335913
14163.7930335882
14163.2603112823
14163.2603112553
14163.5951467123
14163.2603112762
14163.1604863208
14163.4530858405
14163.4530858028
14163.5951467385
14164.26670152
14171.767367023
14164.5782374663
14162.3167098517
14163.5951467519
14158.0327293386
14163.4530856293
14163.5951467052
14163.453085862
14163.4530858081
14163.4997396252
14163.2603109787
14163.595146681
14163.5951467602
14163.4530858468
14163.5951467722
14163.5951467625
14163.5951467361
14163.5951467467
14163.5951467491
14163.5951467393
14163.5951467321
14163.2611136422
14163.5951467425
14163.2603110992
14163.5951467912
14163.5951466898
14172.1815752849
14163.5951467675
14163.595146746
14162.6506787109
14163.5951467854
14163.5951467308
14163.5951467361
14163.5951467357
14163.595146725
14163.5951467192
14172.1852292394
14163.2603112742
14163.5951467806
14163.5951467333
14159.1248835116
14163.5951467354
14163.595146694
14163.5951467694
14163.5951467159
14163.5951468605
14164.0626458821
14163.5951466829
14163.5951467557
14163.595146766
14163.5951467135
14163.5951467401
14163.5951467452
14163.5951467337
14164.0626432465
14163.5951466406
14164.0626428445
14164.0626434766
14163.5951467522
14163.5951467018
14163.5951467612
14163.5951466872
14163.5951467507
14164.0626431795
14158.2903911052
14163.5951467504
14163.595146763
14163.5951467023
14163.5951469169
14163.5951467627
14163.5951469366
14159.1248835469
14164.0626431803
14164.06264317
14163.8567555493
14163.5951467947
14163.7930335761
14163.5951466765
14163.79303359
14164.062643182
14159.1188449143
14164.0626432589
14163.5951467531
14159.1248809581
14163.5951467075
14159.1248653846
14163.595146725
14163.4530858357
14159.1248834652
14173.6284971855
14163.4530859046
14163.8082987529
14163.6162671278
14158.8193231279
14163.4530858455
14164.062643186
14164.0626432237
14158.4870299328
14163.595146709
14163.5951467662
14163.7930335627
14158.8193230897
14163.5951467527
14164.0626431786
14163.2603112861
14158.8193228141
14163.5085920483
14171.6511746191
14163.453085897
14163.4530858502
14163.79303326
14163.5951467537
14163.595146732
14163.5951467357
14163.2603113512
14163.793033533
14163.793033584
14158.8193227609
14163.2611136075
14163.5951467585
14162.598023136
14162.1926534612
14162.1926543217
14162.9487732464
14163.5951467891
14162.6506786937
14163.5951467517
14162.5532377046
14162.1926533329
14162.1926536048
14162.1926534154
14162.598023133
14163.2603113093
14163.5951467383
14163.2603112477
14163.595146698
14163.5951467291
14163.2603112941
14162.19265352
14163.0722770777
14172.2468779285
14163.59514673
14163.5951466817
14163.5951455019
14163.2603112702
14162.1926531606
14163.2603112847
14163.5951467393
14164.5273625268
14163.595146794
14169.5078044142
14163.5951467591
14163.595146785
14163.5951466324
14163.5951467473
14163.5951467304
14163.4530858292
14163.595146763
14163.5951466823
14163.5951467555
14171.5289901175
14163.2603112651
14163.2603134839
14163.453085867
14163.5951460105
14163.5951467599
14163.5951466405
14163.5951467647
14163.5951467664
14163.595146741
14163.5951466814
14163.5951467431
14163.5951467408
14163.5951467235
14164.0626431851
14163.5951468042
14163.2603112884
14163.595146692
14163.595146736
14163.5951467087
14163.5951468472
14164.3645272813
14163.5951467133
14164.0626431925
14163.5951467273
14163.5951466815
14163.5951467444
14163.5951467204
14164.3645273009
14163.5951467466
14164.0626431503
14167.2388537572
14163.5951467446
14163.5951466809
14163.595146728
14163.5951465659
14163.5951467667
14163.595146432
14163.595146757
14163.5951468089
14158.4870304038
14164.0626431928
14163.5951466791
14171.7291679898
14164.3645274064
14163.5951467305
14164.0626443442
14163.7930336017
14164.7281240811
14171.746351138
14163.595146692
14163.5951467536
14163.5951467439
14163.5951460825
14166.7118025796
14158.487029871
14163.5951467431
14172.5316727027
14163.5951467297
14163.5951467548
14163.8567550698
14163.2611142638
14163.5951467387
14163.5951477615
14164.7281246335
14163.5951467714
14163.5951467573
14163.5951467241
14163.8567554852
14163.5951467594
14163.5951467259
14162.433732421
14154.9461581997
14163.5951468062
14162.1926534907
14163.5951466761
14163.856755628
14163.2611134923
14163.5951467661
14163.5951466203
14162.1926534958
14163.5555943918
14162.5980231201
14163.8567555504
14163.8567554855
14163.8567554815
14164.5273625164
14163.2603112679
14162.5980227267
14162.1926534278
14162.5980231131
14162.5980230744
14163.2854238347
14164.5273625667
14163.9170674743
14163.2603112963
14163.2603112678
14162.5980228909
14163.2603112734
14163.2603112757
14162.3487313892
14163.9170675331
14163.5951466882
14163.2603102861
14163.2603113333
14163.2603112416
14163.648563223
14163.6485632336
14164.5273625485
14163.5951467744
14163.2603113002
14163.260311309
14163.5951467324
14163.2603113268
14163.260310869
14163.6485632204
14164.5273625345
14163.5951467239
14162.3487315337
14163.5951467494
14163.2603112523
14163.2603111965
14163.2603116846
14164.728124774
14164.0626445026
14164.0626431427
14163.5951466916
14163.5951467063
14163.5951467315
14163.2603112726
14163.2603112928
14163.260311333
14164.0626431451
14163.1142419772
14163.5951467951
14163.26031131
14163.2603113044
14163.2603113195
14163.5951467316
14163.2603112913
14163.59514667
14163.5951467644
14163.5951467678
14163.7930322576
14163.5951467303
14163.2603112548
14163.5951467305
14163.5951467301
14163.595146756
14163.5951467408
14163.5951467457
14163.5951467201
14163.5951467299
14163.595146776
14163.595146263
14163.5951469702
14163.5951468415
14163.5951464669
14164.5273625567
14163.2603112035
14163.5951467181
14163.5951467568
14171.6936645116
14163.5951467216
14163.5951467408
14163.5951467393
14163.5951467535
14163.7930245186
14163.5951467251
14163.5951466951
14163.5951467613
14163.5951466636
14163.5951466641
14163.5951455891
14164.7281245655
14163.4530858497
14163.5951467862
14163.5951467279
14163.5951467152
14163.5951467717
14163.5951467562
14163.5951467586
14163.5951467249
14163.5951467706
14164.7281245755
14164.7281246243
14164.7281246061
14163.5951467565
14163.5951467155
14163.5951456883
14163.5951467166
14165.2058088249
14164.7281259588
14163.2603112451
14163.5951467386
14163.5951467663
14163.2611135572
14163.5951467468
14162.9896131326
14163.5951466675
14163.3079437055
14164.728124061
14162.5980236303
14163.5951496766
14163.5951466796
14164.5273625747
14164.5273625773
14163.5951466045
14163.2603112723
14163.2603112611
14163.26031113
14163.2603112697
14162.6506786504
14164.5273625591
14163.7930335799
