# type 2 occupying volumes
14166.5527008419
14162.421700979
14162.0274025576
14161.6321942231
14159.1120840494
14162.3259730171
14162.5992399447
14166.1704104123
14165.644283185
14161.2265116228
14161.5273137466
14162.172236165
14161.5285632834
14161.6922688316
14162.4096710759
14165.4265664732
14166.0968723028
14161.9826666673
14161.8673037574
14161.3764525951
14161.2830137489
14164.4130359015
14163.0801909995
14168.8691505205
14165.0878829495
14162.5030470547
14162.3074674698
14159.1120839886
14161.8284607389
14163.0445569073
14163.1751662089
14164.556410696
14164.4995963647
14163.6897591669
14162.1880211245
14162.0497914891
14163.0733988183
14162.8246612946
14165.6640830942
14165.0125522708
14163.5739394739
14162.8315150745
14162.6665767308
14163.0097627271
14163.9264092381
14163.0883318581
14163.9310993578
14165.6199705267
14164.2226975261
14162.2752261639
14162.1131044493
14161.6056445424
14162.202697685
14159.1120839853
14161.6158244362
14165.7965031207
14164.4015387111
14162.7535224693
14163.154915383
14161.8627638213
14163.9862324682
14161.3675742352
14163.1097930373
14165.3305631225
14164.7279247322
14161.5322902801
14160.7721279933
14161.8389284722
14160.7277654464
14160.7186226085
14161.0453450222
14164.6744468502
14165.0344901581
14163.2218423903
14161.5975208834
14162.8411546488
14161.7375820292
14161.8592371197
14161.8429491156
14165.2680781593
14164.9622467161
14162.5054835566
14159.1120840441
14162.3168651952
14161.7866628305
14161.8781977727
14161.0538827541
14165.0524094866
14163.8024072841
14162.1639374587
14162.1316152907
14163.1663479551
14163.0550019753
14161.6747726668
14160.8660384362
14164.8555752755
14164.8811658797
14162.1952355195
14161.7441582577
14162.4889314664
14162.9558756043
14161.5073787684
14161.8015554534
14165.1926881319
14165.1327876495
14161.6969073024
14161.6038850366
14162.5946554484
14161.677100916
14162.4662162518
14162.0539326701
14165.1595349868
14165.5058679094
14159.1120840332
14161.6890103302
14162.7250716773
14161.820892635
14162.675493766
14162.286140393
14166.0538311878
14165.2509017305
14161.239414381
14162.3250099299
14162.1554565857
14161.7090022117
14161.5843346383
14162.6320738233
14164.9532653116
14165.9099694505
14161.9868789195
14161.5740331217
14162.0463118045
14159.1120840513
14161.3800821099
14162.2594666303
14164.5960662804
14165.5981518895
14161.7154231761
14161.1213249697
14161.498306638
14161.3601744408
14160.9348973039
14161.6687254939
14164.8417544105
14164.6534701237
14162.2230222472
14161.7683116988
14161.3670277619
14162.3011557039
14161.0946398409
14164.2109192267
14167.2654917209
14165.9989724072
14162.0346169155
14161.3664709362
14161.4724334176
14161.4740621041
14162.1124212543
14161.2730807212
14166.876661602
14165.5941803027
14163.4559712974
14162.047716062
14162.8625505876
14162.6988209369
14163.1706481883
14162.7631588003
14164.8713591065
14164.8468251209
14162.6781770129
14161.7488829835
14161.8562498409
14161.6782308274
14162.4139111361
14162.0157960783
14169.3405751788
14164.8097902552
14164.2710457304
14162.5675850961
14163.4739437424
14163.62539328
14162.4419698632
14163.6588267886
14165.1770452
14165.1446812111
14164.2420842761
14163.1793580838
14161.3894682359
14162.5784197662
14160.6777189377
14163.4091025734
14165.0563054842
14159.112084004
14162.5898026154
14163.283140302
14162.2018633605
14162.538185906
14162.1992493864
14162.1773545244
14165.1309905689
14167.21263223
14163.9073037748
14163.5458020577
14161.1781511043
14162.1750127981
14161.1534655718
14164.8144371701
14165.5033960873
14162.629035179
14161.8088493075
14162.7629362578
14161.4377325369
14161.8860102153
14159.6516477515
14162.8065112145
14166.2906514233
14165.1065832519
14161.6418152816
14163.439899116
14161.4347827062
14161.7829086442
14161.9093315497
14159.1120840262
14168.0497150656
14163.7143427583
14159.1120840297
14162.6903203585
14162.2433459375
14159.1120840396
14161.5172040864
14163.037680902
14164.3518662742
14165.590136737
14161.1776370779
14161.8951338492
14161.5379667499
14161.8048550741
14160.7828730404
14161.956134948
14165.1127502416
14165.3880264009
14161.098282302
14161.4262980392
14162.0469382496
14161.0725144009
14161.2684669587
14161.7324134476
14164.2558257254
14165.4447877803
14161.6863917835
14162.2485335254
14161.8296462316
14161.4229261791
14160.8717006511
14162.4802652932
14164.6819976587
14165.8939295914
14161.0687751504
14161.2008419645
14161.729265611
14161.2312581958
14162.1225807652
14161.887670756
14159.112084025
14165.0997145789
14162.8968462385
14161.1207975422
14161.8465413862
14161.076267508
14161.1275764193
14161.7835187896
14166.7230041104
14165.8745812382
14161.4440737787
14161.0980050927
14161.3505736695
14161.2723799254
14161.8092521364
14162.257145703
14164.8812624226
14163.7445416494
14161.3191697954
14161.3070142228
14161.1748309106
14161.7083460279
14161.1638525952
14162.4772176828
14165.0952272925
14165.5376017878
14163.0128457955
14161.2252888159
14162.4134966627
14161.9766525273
14161.8148240192
14159.1120840251
14165.3895327344
14163.8843845374
14162.9275470936
14161.6884606226
14162.7514547276
14162.1967494497
14162.4058027522
14161.858592022
14166.0975523174
14164.4436853449
14163.2634250104
14162.9995536184
14163.4670033885
14160.7436911886
14163.3225128313
14161.5466355615
14163.8908495568
14165.2775957531
14163.1276838064
14162.785653501
14163.7232421162
14163.5112831086
14161.8844013216
14162.9143158644
14164.5372552323
14167.9822131399
14161.7454567772
14163.5391962414
14162.569004695
14161.7691523331
14163.1424788461
14162.4412842247
14164.4863506958
14166.535287681
14163.1243441719
14163.1065336563
14161.9729271543
14163.5305270572
14161.6055262623
14161.8343224012
14164.4874906881
14166.1145771081
14159.1120840354
14162.1142868947
14162.3157484665
14161.9070299741
14162.2910717177
14162.4253160062
14164.7355798836
14164.3656206339
14161.7209547561
14162.7663397428
14163.0558990715
14162.2070630222
14162.6641858201
14161.3171824933
14167.3070133476
14165.4125919909
14160.0419875181
14161.7135534086
14161.1806998866
14162.593388958
14159.1120840612
14163.2305008431
14165.7065743181
14164.9498371455
14163.4313559987
14162.5348799419
14162.6475815309
14162.1322468012
14162.6802950735
14163.3982895746
14164.2774915979
14165.8141369194
14161.9513751393
14161.2023258949
14161.5842795429
14162.1457660821
14160.6287606792
14162.3362891316
14164.6572680024
14164.7726627581
14161.992489829
14161.3253391868
14162.3669711534
14161.7843495027
14161.9944079795
14162.8241691469
14166.4084561967
14165.0978940259
14162.3152286052
14161.596422282
14161.3247000025
14161.7414009995
14160.9758967597
14161.8697371629
14165.5589536579
14165.9193268017
14162.3588826915
14160.6316147869
14162.4516313585
14161.7961478535
14162.2176993954
14162.463977014
14165.1474314456
14165.0636464516
14163.449630103
14162.133242696
14159.1120840149
14162.6812005522
14159.1120840328
14163.0621430368
14165.7124946034
14166.0731253069
14162.4027582079
14162.7228688252
14161.5121019257
14162.7669402087
14161.1967380484
14163.3307558501
14164.7831377758
14163.1709486095
14162.9533692529
14162.6059048952
14161.8045428572
14163.4873456326
14160.4807119816
14162.9161429176
14164.5882960761
14165.6935426147
14162.8859251064
14162.913919262
14163.8112579432
14163.2704249691
14163.1528551766
14162.2044644455
14165.4340877158
14165.496904349
14162.1965728284
14163.543479028
14162.9976107311
14163.3057689717
14161.5710641992
14161.6228224427
14164.9849307096
14164.9219351588
14161.678956305
14163.5195606504
14162.2354457058
14163.7359567967
14159.7410635923
14161.4703372939
14165.6586283479
14165.6915056579
14159.1120839962
14164.281127085
14162.0927035076
14160.4270751581
14161.9491237687
14161.2297350799
14164.971101244
14168.6299289673
14160.5100541264
14164.3462799947
14160.6854051762
14162.4296525459
14160.9729238067
14161.5609633017
14165.0757586017
14164.795337543
14165.7262048267
14163.2240384639
14163.3816735943
14159.1120840426
14163.1746294705
14161.6130802157
14165.1084980694
14167.9173412738
14162.6397108303
14165.059233972
14166.2772193052
14160.4514096215
14163.1564076704
14160.9871588468
14165.2156278641
14164.3128298925
14162.9048068796
14162.8238915992
14163.7649785892
14161.7183950684
14162.9455577674
14161.7440146138
14164.5573829998
14165.3646362831
14162.5181974814
14162.6112651607
14163.3425422324
14162.8567808495
14163.5330562218
14162.8735399149
14159.1120840381
14164.8599042725
14162.5829075955
14160.326281991
14163.088042021
14159.1120840239
14162.4346362679
14162.5832755014
14165.0403382719
14166.128461398
14163.0727076636
14159.1120840162
14162.6110053768
14161.21363828
14161.9435745028
14162.8841522586
14165.4794972367
14159.1120840255
14166.3263362965
14159.1120840556
14167.6195922423
14159.1120839635
14159.1120839885
14159.112084106
14159.1120840676
14159.1120840455
14159.1120840108
14159.1120840608
14159.1120840761
14159.1120840021
14159.1120840232
14159.1120840478
14159.1120840361
14159.1120840146
14159.1120840406
14159.11208401
14159.1120840329
14159.1120840234
14159.1120840117
14159.1120840132
14162.2456218268
14159.1120840107
14159.1120840153
14159.1120840236
14159.1120840247
14159.1120838637
14159.1120840323
14159.1120840547
14159.1120834151
14159.1120840378
14159.112084042
14159.112084002
14159.1120840152
14159.1120840366
14159.1120840261
14159.1120840172
14159.1120840004
14159.1120841674
14159.1120840186
14159.112084021
14159.1120840179
14159.1120840528
14159.1120840129
14159.1120840508
14159.1120840168
14159.1120840946
14159.1120840422
14159.1120840267
14166.4927647764
14159.1120840407
14159.1120840454
14159.1120840219
14159.1120840441
14159.1120827692
14159.1120840385
14159.1120839711
14159.1120840437
14159.1120839814
14159.1120840413
14159.1120840253
14159.1120840659
14159.1120840057
14159.1120840523
14159.6539398668
14159.1120840054
14166.3491840199
14159.1120840337
14159.1120846571
14159.1120840787
14159.1120840769
14159.1120846417
14159.1120840221
14159.1120840127
14159.112084036
14159.1120840166
14159.1120839836
14159.1120840507
14159.112084032
14166.7777535571
14159.1120840288
14159.112084037
14159.1120839761
14159.1120840265
14159.1120839755
14159.1120839999
14159.112084028
14159.1120840326
14159.1120840041
14159.1120840272
14159.1120840684
14159.1120843366
14159.1120840281
14162.5832808478
14159.1120840392
14159.1120840668
14159.1120840048
14159.1120840628
14159.1120840499
14159.1120840141
14159.1120840549
14159.1120840014
14159.112084034
14159.1120840332
14159.1120840182
14159.1120840313
14166.2597627426
14159.1120840184
14159.1120840344
14159.1120840568
14159.1120840118
14159.1120840132
14159.1120840238
14159.1120840257
14159.1120840381
14159.1120840513
14159.1120840488
14159.1120840277
14159.1120840299
14159.1120840431
14159.1120840168
14159.1120840117
14159.1120840425
14159.1120840426
14159.1120840083
14159.1120840653
14159.1120840187
14159.1120840089
14159.1120840051
14159.1120840456
14159.112083985
14159.1120840366
14159.1120839981
14159.1120836604
14159.1120840122
14167.6015731927
14159.1120840381
14159.1120840317
14159.1120840669
14159.1120840397
14159.1120840024
14159.1120840711
14159.1120840114
14159.1120842489
14159.112084023
14159.1120840282
14159.1120840219
14159.1120840182
14159.1120839572
14159.112084072
14159.1120840188
14159.1120839781
14159.1120840324
14159.1120840178
14159.1120844238
14159.1120840466
14159.1120840326
14159.1120840159
14159.1120840195
14159.1120839898
14159.1120840216
14167.7626445301
14159.1120840304
14159.1120840137
14159.1120841388
14159.1120840555
14159.1120839935
14159.1120826495
14159.1120840446
14159.1120840278
14159.1120840693
14167.6865468399
14159.1120840798
14159.1120834096
14159.1120822243
14159.1120840196
14159.112084022
14159.1120840505
14159.1120840194
14159.1120840615
14159.1120840058
14159.1120833686
14159.1120826763
14159.1120840631
14159.1120838994
14159.1120840152
14159.112084023
14159.1120840406
14159.1120840441
14159.1120839928
14159.1120839963
14159.1120840438
14159.1120841766
14159.1120839817
14159.1120840235
14159.1120840047
14159.1120840326
14159.1120840352
14159.1120840175
14159.1120840263
14159.1120840217
14159.1120840274
14159.1120840127
14159.1120839889
14159.1120840342
14159.1120840006
14159.1120839956
14159.1120840357
14159.1120845004
14159.1120839886
14159.1120840745
14159.1120840084
14159.1120840091
14159.1120882388
14159.1120835783
14159.1120840405
14159.1120839893
14159.1120843104
14159.1120840264
14159.1120840112
14159.1120836557
14159.1120840632
14159.1120840309
14159.1120840139
14167.6070531206
14159.112084037
14159.1120840292
14159.1120840461
14159.1120840018
14159.1120840202
14159.1120840538
14159.1120840454
14159.1120840586
14159.112084011
14159.1120839985
14159.112084047
14159.1120840206
14159.112084027
14159.1120840348
14159.1120840833
14159.1120840366
14159.1120840357
14167.0618948084
14159.112084273
14159.1120840283
14159.1120840456
14159.112084237
14159.1120840247
14159.1120840489
14159.1120840172
14159.1120838958
14159.1120840133
14159.1120840377
14159.1120840273
14159.1120840005
14159.1120840949
14159.1120832202
14159.112084037
14159.1120840705
14159.1120840338
14159.1120840082
14159.1120840158
14159.1120840469
14159.1120840776
14159.1120840468
14159.1120839943
14159.1120840181
14159.1120845146
14159.1120840105
14159.1120841607
14159.1120840255
14159.1120840156
14159.1120840486
14159.112084036
14159.1120840279
14167.3343660978
14159.1120840214
14159.1120840379
14159.1120840467
14159.112084039
14159.1120840469
14159.1120840347
14159.1120840002
14159.1120840989
14159.1120839967
14164.2022842513
14159.1120840197
14159.112084041
14159.1120840319
14159.1120840446
14159.1120840269
14159.1120840483
14159.1120840411
14159.1120840658
14159.1120840196
14166.7173958494
14159.1120840121
14158.7017576956
14159.1120840412
14159.1120840658
14159.1120840326
14159.1120840536
14159.1120840399
14159.1120839998
14159.1120840485
14159.1120840437
14159.1120839755
14159.112084069
14159.1120844403
14159.1120840517
14159.1120840416
14159.1120840016
14159.1120839691
14158.7017577167
14158.7017576871
14159.1120839969
14159.1120840315
14159.1120840327
14159.1120840181
14159.1120840169
14159.1120840318
14159.1120840392
14159.1120842163
14159.1120839953
14159.112084037
14159.112084033
14163.2433349208
14159.1120840432
14159.112084039
14159.1120840378
14159.1120840263
14159.1120834366
14159.1120839958
14159.1120840401
14159.1120840436
14159.1120840036
14159.1120840418
14159.1120840526
14166.5857804394
14159.1120840112
14159.1120840186
14159.1120840385
14159.1120840262
14159.1120840243
14166.6591690761
14159.1120840395
14159.1120840015
14159.1120840269
14159.1120840474
14163.0626564924
14159.1120840441
14159.1120840358
14167.4483909891
14159.1120840034
14159.1120840198
14159.1120840161
14159.1120840443
14159.1120840072
14159.1120840609
14159.1120841938
14159.1120840203
14159.1120840328
14159.1120840431
14159.1120840348
14159.1120840031
14159.1120839902
14159.1120840328
14159.1120840121
14159.1120840457
14159.1120840605
14159.1120840195
14159.112084016
14159.1120840488
14159.1120840939
14159.1120840479
14159.1120840362
14159.1120840024
14159.112084009
14159.1120840519
14159.1120840278
14159.1120840192
14159.1120840289
14159.1120840259
14159.1120840298
14159.1120840228
14159.1120840334
14159.1120840191
14159.1120840417
14159.1120840247
14159.1120840469
14159.1120840453
14159.1120840693
14159.1120841434
14159.1120840218
14159.1120840832
14159.1120840266
14159.1120840173
14159.1120839959
14159.1120840179
14159.112083939
14159.1120840249
14159.1120840186
14159.1120840388
14159.112084033
14159.1120838799
14159.1120840351
14159.1120840272
14159.1120839675
14159.1120840089
14159.1120839744
14159.1120840453
14159.1120843311
14159.1120835778
14159.1120835275
14159.1120840216
14159.1120840658
14159.1120839949
14159.1120840232
14158.701757685
14159.1120840292
14159.1120840302
14159.112084025
14159.1120840277
14159.1120840756
14159.1120840096
14159.1120840538
14159.1120840232
14159.112084026
14159.1120840204
14159.1120840669
14159.1120840254
14159.1120840054
14158.7017576935
14159.1120840361
14158.7017576965
14158.7017577333
14159.1120840141
14159.1120840443
14159.1120840317
14159.1120841898
14158.7017577151
14159.1120840664
14159.1120840209
14159.11208432
14159.1120840212
14159.112084003
14159.1120840073
14159.1120839954
14158.7017578258
14159.1120840376
14159.1120841379
14159.6539398744
14159.1120840406
14159.1120840135
14159.1120840506
14159.1120840389
14159.1120840134
14167.6530111899
14159.1120840646
14159.1120840122
14159.1120839826
14159.1120840165
14159.11208403
14159.1120840341
14159.1120840136
14159.1120840221
14159.1120840499
14159.1120840959
14159.1120840161
14159.1120840316
14159.1120840128
14159.1120840415
14159.1120840436
14159.1120840105
14159.1120840554
14159.1120840257
14159.1120840449
14159.1120840082
14159.6539398456
14159.11208405
14159.112084047
14159.1120839736
14159.1120840252
14159.1120836219
14159.1120840318
14159.1120840288
14159.6539398541
14159.1120840128
14159.1120840053
14159.1120840519
14159.1120840286
14159.1120840193
14159.1120840168
14159.1120840628
14159.1120840252
14159.1120838755
14159.1120840202
14159.112084017
14159.1120842128
14159.1120840582
14159.1120840488
14159.1120840615
14159.1120840438
14159.1120840193
14159.1120840344
14159.1120840251
14159.1120841042
14159.1120840303
14159.1120840564
14159.1120840309
