# type 2 occupying volumes
13661.5123403049
13649.8989515373
13657.0984487546
13646.0391277761
13642.8431149651
13653.6778951749
13651.6091007248
13650.2327534298
13658.4726390849
13651.2665973443
13653.8096261752
13642.8431325383
13646.0617396231
13644.0415412138
13654.6224784908
13647.0636675843
13655.0843045241
13646.9012232999
13653.1978269349
13653.2441113585
13650.2327533639
13652.8898697584
13651.8516124412
13653.3954034784
13649.038196375
13653.2414090265
13649.0381963348
13650.2327507025
13652.0905192533
13644.5204054725
13650.2327534431
13658.4256262743
13656.548827017
13655.3070342172
13653.8432488249
13652.6511317171
13652.553960256
13650.2327527264
13653.8891879099
13657.9853388401
13646.637716247
13654.9187929232
13648.6166774517
13650.2327431219
13654.1204539011
13653.4162603604
13656.252063408
13649.0381967264
13655.8012307455
13649.0382007015
13650.2327413142
13651.6361567265
13654.0197892343
13650.2327533863
13653.640310326
13656.7156015057
13650.2327534998
13654.4236160232
13653.0992059941
13653.8936999268
13653.8107596115
13653.4912279977
13654.4816807676
13657.6554421111
13661.1252902648
13651.810803148
13652.3747360418
13654.1484766748
13647.4262541614
13652.0681837085
13650.2327564398
13656.4694226119
13654.7298990272
13652.0320200033
13653.8516952875
13656.908223902
13650.2327533411
13650.2327530719
13652.5183351745
13658.0325078508
13652.8283886397
13653.792437391
13648.6166772443
13649.0381997474
13648.3002983653
13651.3902277398
13646.7644931073
13655.7905391481
13655.863642554
13648.1823528896
13647.4262589374
13650.2327532917
13654.0463985236
13654.1912388521
13652.306650962
13655.1894881937
13646.885571784
13654.2681308937
13650.2327562608
13650.2327553871
13652.8221665944
13652.020387425
13644.9074455693
13655.4133768416
13657.039141633
13652.0275579833
13642.8431136686
13655.6024795414
13654.9235581852
13655.5183976968
13652.5831260736
13655.1721008092
13654.7532712208
13650.2327553226
13654.8625735622
13653.0696843952
13650.2327543732
13650.2327437493
13651.9977745602
13654.1599552905
13657.1832258504
13653.456087617
13653.1321271001
13651.7225350281
13654.3114664097
13650.2327533094
13653.7559313074
13650.2327532791
13656.65996283
13651.2734672647
13655.4538715341
13650.2327534167
13650.2327534289
13642.8431217855
13654.3879076334
13642.8431024227
13658.031719961
13650.2327618629
13655.617563635
13643.2835514221
13655.0361712872
13649.7266855016
13652.325028718
13660.5739307309
13653.9836089055
13651.9941091066
13654.6967459816
13642.84312873
13656.2169571726
13642.8431131191
13653.6753247255
13658.073311813
13656.9264973473
13651.6168996545
13654.6961486894
13654.912772917
13656.1310957655
13655.2672122574
13653.5768346404
13656.7738165669
13654.2709828909
13650.2327501705
13651.801363868
13653.2190814842
13654.0135252351
13656.1621283207
13653.3889109964
13659.3208543679
13655.1481204837
13650.9120187587
13652.6075909817
13653.6993162092
13649.7266839502
13657.7347765496
13649.879526982
13656.1974723432
13656.1285043843
13647.1769513484
13650.2327531473
13647.4262589424
13652.8478997009
13657.4092538306
13648.5488571252
13658.6764843114
13655.3970131852
13652.6219631468
13652.9224614527
13653.3318054623
13649.0381963407
13652.9250431243
13648.5488537461
13658.8045990557
13655.1776745075
13650.2327621581
13647.4262589972
13654.0363846537
13650.895314377
13655.1624868171
13650.2327536622
13653.6537575805
13654.9139387811
13650.2327532679
13652.9320649372
13653.0448217352
13651.5441094598
13652.7269628824
13652.9398137399
13656.4515817599
13656.0388688945
13648.6166774739
13653.3457386253
13650.2327535342
13650.2327533336
13653.5351705073
13651.1893079541
13649.8833068672
13654.0452120355
13645.6868766769
13650.2327881172
13648.6166771583
13653.8883673263
13648.6166774869
13649.7266835564
13657.5645916371
13654.0319702101
13647.3717376252
13650.2327513699
13642.8431139057
13650.2327525579
13650.8411819083
13649.8527742148
13662.1406792301
13650.0290519094
13644.7295252567
13650.5368273161
13641.9557776808
13651.6314975485
13652.1691215354
13648.6166775163
13662.3176762838
13656.5219493951
13652.7691993282
13642.8557482982
13650.2327713428
13652.705052442
13642.9992524651
13652.7308183531
13657.3749082563
13654.012888963
13642.8557550688
13648.0189228673
13645.6718955249
13650.6286813493
13650.232752972
13656.6191156575
13660.9211464693
13655.8337034032
13642.8431135261
13648.0107215524
13652.0635147791
13653.1099501341
13651.6200393952
13650.2327537177
13650.2327685009
13654.7237144007
13651.8301376977
13653.1181370549
13652.6886612047
13656.1925021571
13652.9414837592
13652.306913743
13655.8068485221
13653.8585564855
13650.6622364491
13646.6504473228
13652.9698403131
13650.2327530723
13655.3921771218
13651.9143131527
13655.2162581749
13653.3795766285
13654.1292252518
13650.0182353326
13653.8419606651
13649.0381963974
13653.8453607827
13652.8979391329
13656.602547708
13655.8504178514
13650.2327252295
13652.3820928949
13653.4821115097
13650.2327533183
13655.3543378889
13648.5488482535
13657.0412740611
13654.3738412395
13653.5103701889
13650.1574834574
13653.1137113576
13651.2156874769
13648.5488516894
13650.2327565857
13654.7291027212
13656.2517519225
13653.595285488
13650.2327514031
13653.3598891573
13653.1621547946
13650.232749407
13648.5267759124
13654.9358455638
13648.5267719634
13653.3133641824
13651.5927327261
13650.77581256
13653.0961995318
13650.2327536441
13657.6851906203
13655.0361043753
13657.6548128055
13652.4143209911
13648.3778942405
13652.0058386866
13652.287528675
13647.3717373492
13648.616679937
13654.3033305497
13658.5699978286
13649.0381970146
13652.1786409886
13652.9267584987
13656.5304039959
13655.5558546204
13656.1178146748
13648.6166770944
13656.8865900463
13647.3717431983
13650.1574810202
13649.5916557724
13652.9979237276
13649.1752200352
13651.7759065076
13655.2996873766
13656.7166978022
13650.4607751077
13652.9389790942
13652.8087820809
13651.8695345629
13648.6682725784
13654.6421155901
13652.5130625002
13657.049615212
13650.1574810266
13655.3348886371
13653.8340348003
13654.7779668864
13650.2327520797
13645.5423052531
13661.8037210766
13656.510527232
13650.6074927266
13655.5964594293
13650.2327533817
13653.2597095178
13650.8998781887
13650.9584829452
13652.097621311
13652.2087137008
13644.9703650247
13653.3889641592
13650.2327503056
13653.3399434781
13654.3985990008
13649.038196366
13657.4826512107
13653.6867198825
13649.7266919424
13655.4557347865
13657.9167101005
13650.2327546963
13656.4849147338
13649.0381963578
13655.7588032845
13655.7181140389
13650.3090079592
13650.232754116
13650.2327528086
13655.523947281
13657.2935779604
13651.6200394313
13657.3661639795
13658.967029107
13652.7619438014
13657.7923627104
13658.6922936551
13649.8766177856
13653.8276118803
13648.3950058028
13654.6116902797
13649.7266832571
13654.4245495218
13650.2327533841
13652.7619436734
13653.0274884492
13652.2473257056
13654.0353754493
13658.3163286009
13655.6761463098
13653.8029863165
13650.4255630294
13657.0468746514
13653.2604694401
13650.2327535788
13650.2327574063
13656.8012941228
13655.3907578663
13652.8979390793
13648.182353716
13649.8989521107
13652.4977771924
13648.5488558829
13650.2327547656
13656.5374490522
13657.4903025961
13652.7619470343
13656.1026080662
13652.0671772778
13652.5640065973
13652.6374717568
13650.232757306
13655.6059143609
13659.1106396326
13649.0381963935
13653.0368794202
13648.6166775038
13650.2327509975
13656.5052597326
13649.0381941592
13656.2041376073
13656.7525410232
13652.7619437715
13657.1256293281
13655.284000238
13650.2327686827
13650.2327534399
13650.2327533141
13655.2103855276
13659.9182839902
13650.232750865
13654.3519386213
13652.22149672
13658.2536946828
13653.8178361868
13650.9948645749
13656.8982741948
13658.5165125862
13652.7619435469
13653.7287565109
13650.0873456249
13654.6097528903
13656.2622463315
13652.1154929216
13657.7048644655
13656.863734225
13652.4411733693
13653.6406615333
13644.907443395
13649.7266839078
13655.6854889931
13650.2456561922
13656.2173292053
13656.263567649
13652.8335097698
13653.1648900718
13644.9074433825
13649.298368273
13648.761532705
13650.2327536146
13658.2097428607
13654.0687320319
13652.7690665078
13654.171879137
13648.832646668
13650.2327523155
13656.2515285867
13650.2327528995
13656.0544038403
13650.2327568168
13653.8943486102
13653.619994393
13644.9074433958
13653.1268306549
13649.6784324887
13651.7857585005
13652.1582045088
13654.9228900805
13652.823996353
13653.2947766172
13656.580351442
13650.2327494919
13655.0349902027
13650.2327529105
13652.9842953408
13653.9452997604
13655.2339402021
13646.2598426473
13654.8923083375
13650.2327534612
13654.0585307434
13650.2327534298
13654.7889216039
13650.2327533269
13659.6041096241
13650.1574840295
13661.0590614951
13649.7266848597
13656.444583136
13650.2327514793
13650.2327534425
13649.8784050649
13649.0381963527
13645.4538830205
13658.6853101258
13650.2327533788
13649.7266840327
13649.8623475211
13650.2327538304
13650.2327533431
13650.2327531542
13642.8431135516
13659.9855597269
13648.6166753048
13649.7267361059
13650.1574844295
13654.9362138891
13649.7266918464
13648.5267758896
13649.0381945903
13649.0381962794
13648.6166745326
13650.2327533965
13650.1574827669
13649.7266922837
13650.2327543776
13650.2327810496
13649.7266850789
13650.1574803205
13658.0088940864
13649.0381953244
13650.2327640666
13650.1574893377
13648.5488555211
13658.9699448305
13650.2327533046
13650.2327669565
13649.8637795839
13660.4056471826
13650.2327534434
13655.2372515362
13653.1513675016
13647.3717373788
13650.2327482309
13659.7547757263
13650.1574839529
13649.0381962741
13650.1574840572
13649.7266847153
13649.8729144296
13650.2327536393
13650.2327496294
13657.2577384081
13650.2327534558
13658.0826450445
13650.2327525965
13649.0381964057
13650.2327499294
13658.4303024469
13647.4262589842
13659.6474660478
13656.1860494814
13649.0381900879
13650.2327532423
13650.2327529385
13650.2327532648
13650.232757158
13650.2327532789
13657.7213887701
13647.1956340484
13650.2327533731
13649.0381963607
13647.3717374448
13650.2327876213
13650.2327532546
13649.7266844902
13648.5488419384
13648.5267889847
13650.2327530827
13656.313711497
13650.2327532859
13650.2327534882
13656.8281799986
13650.2327533075
13650.2327533497
13658.7135083969
13650.2327533863
13656.7062605603
13651.1739271824
13650.2327534187
13650.2327533239
13657.5877517328
13650.2327533488
13657.7004500903
13650.2327532119
13650.2327540524
13649.864408061
13653.0952764391
13650.2327533368
13650.2327488729
13650.2327534087
13657.9421037289
13650.2327537474
13649.0381952771
13646.7247341246
13650.2327532643
13660.0799410309
13650.2327602055
13650.2327532198
13649.0381964894
13658.537209371
13650.2327516341
13649.0382117457
13650.232753141
13656.8408808465
13658.3755297
13650.2327529278
13650.2327532419
13657.0007993117
13649.0381964666
13647.3717376659
13657.3982370889
13658.7151235634
13650.2327518371
13650.2327533294
13650.1574857003
13656.1066061627
13650.1574869128
13648.6166785936
13650.2327532566
13658.7724387889
13650.1574841576
13648.6166779061
13649.7266897622
13650.2327544086
13648.6166773
13647.4262589053
13650.2327471057
13659.113206597
13650.2327528788
13649.7813041677
13650.2327528667
13650.2327531807
13655.6773340049
13650.2327534573
13650.232761955
13650.232749254
13650.2327532051
13656.3210515622
13661.3730936184
13647.4262589095
13658.4883025655
13650.232751215
13648.5488563606
13650.2327535725
13648.526775851
13656.4819758653
13650.2327326147
13653.7224492574
13650.2327536545
13650.2327541092
13654.5257111512
13650.2327703601
13649.859467044
13647.4262592903
13650.2327572916
13649.7266798019
13650.2327532353
13652.7997422726
13650.2327534982
13656.0918143049
13655.6610426723
13648.442831087
13656.1631873344
13650.2327530396
13649.0381973507
13650.2327510124
13650.2327536249
13650.2327531941
13640.547817556
13650.2327533099
13649.7266839026
13649.0381963423
13647.4262589336
13649.7266720625
13650.2327453407
13654.7350749125
13649.8670624697
13655.6579697086
13654.0139768708
13648.2261855606
13648.6166774646
13650.2327549964
13650.2327534453
13648.6166812856
13650.2327532158
13647.3717373826
13658.6748964295
13650.2327536057
13647.4262601433
13653.2408398915
13648.6166774036
13650.2327533474
13647.3717373245
13657.6597958395
13648.4158820803
13655.6709766891
13657.3731989186
13647.4262589607
13655.0688749352
13650.2327485319
13649.0381974256
13654.7428905548
13655.000977586
13659.259866535
13650.2327447818
13650.2327533998
13650.2327536165
13649.9190497525
13655.2854537891
13655.7199862709
13648.6166915518
13659.8013048983
13650.232744894
13650.2327529389
13650.2327297643
13650.232755022
13649.7266840503
13658.8729563954
13650.2327789839
13650.2327526965
13650.2327538141
13650.2327534057
13650.2327534458
13648.5267758804
13655.734618084
13650.2327530972
13655.8828404911
13658.1443849958
13648.6166773947
13650.232752909
13650.2327536083
13649.7266837424
13650.23275322
13659.6641163672
13650.2327608379
13650.1574966993
13650.2327491085
13650.2327739172
13650.2327551556
13657.8777684736
13649.7266854741
13657.2140957848
13650.1574859547
13649.7266834032
13650.2327530868
13653.8180676097
13650.2327534976
13647.4262589138
13651.6813314138
13655.9427354176
13650.2327589862
13649.7266838473
13650.1574971732
13650.1574852382
13650.2327531422
13657.3188590667
13649.8938089194
13649.7266838729
13649.0381935277
13657.9571577231
13656.6459896065
13653.0664479716
13647.8893572542
13650.2327531825
13653.9519826846
13658.361812672
13650.1574840171
13649.7266864225
13649.7304596024
13656.2386866763
13650.2327578278
13650.2327584587
13655.9386392737
13649.8597703616
13650.2327500411
13649.726701945
13650.1575007223
13649.0381964152
13650.7112522183
13654.2219305181
13648.5267761487
13658.1582095412
13649.7266837775
13657.1585228205
13656.4702605471
13650.1574839503
13649.0381963573
13649.0381963463
13653.2517225962
13650.2327533699
13657.634878899
13650.1574843627
13658.1341557991
13650.1574828955
13650.2327506293
13650.2327535638
13650.2327479077
13646.7247350369
13649.0381963887
13649.0381995763
13658.4888218663
13650.1574842296
13649.8781194136
13648.616693692
13650.2327531302
13647.3717374715
13650.1574838661
13650.1574847933
13648.616677416
13650.157484367
13654.7936108007
13647.7362644151
13656.4162299216
13648.6166769863
13647.3717373458
13649.0381964235
13659.1311043633
13648.616677418
13650.2327533823
13648.6166774041
13649.0381981406
13650.2327527216
13657.0380115807
13657.2968195427
13656.7764024256
13650.2327544496
13650.2327537013
13650.2327535441
13656.9291369796
13656.6714599775
13648.6166785193
13648.5488535797
13648.1823541396
13655.1982240366
13648.6166775408
13656.7339429782
13653.714634982
13657.8648217098
13650.1574836653
13650.2327508344
13650.2327531295
13650.2327533772
13650.2327531844
13650.2327519733
13650.232753329
13655.2665887607
13650.2327532866
13656.1419785591
13656.1900088822
13650.2327514159
13649.0381963683
13656.5585239241
13649.8556757385
13650.2327533117
13650.2327533975
13658.5457851324
13649.8779776363
13653.5886024568
13650.2327484009
13650.2327575392
13654.9238752465
13648.548851714
13650.232753183
13649.7267148421
13650.2327535924
13649.7266867763
13650.2327544588
13658.1854404964
13650.1574848666
13654.2270954581
13650.2327530354
13649.7266827323
13649.7266863234
13649.0381963698
13648.5267762724
13658.4240333504
13648.5267758131
13659.3728884003
13656.5077860326
13650.2327533571
13650.2327420578
13650.1574802393
13650.2327526976
13650.2327539729
13650.1574841881
13650.1574841585
13656.6943261774
13656.1843115049
13649.7267047128
13655.4471744074
13650.2327945358
13650.2327542985
13650.1574834928
13650.2327532192
13655.6615009161
13658.185569825
13655.6780788507
13650.1574840439
13654.9241788018
13653.1475262925
13649.7266846518
13656.0243535995
13650.157483739
13649.7266704311
13650.232748117
13649.038196214
13649.7266791809
13657.8730821221
13650.2327533476
13650.1574848019
13649.7266872564
13650.1574773833
13650.1574839238
13654.3219268047
13649.0381981735
13650.2327555503
13652.9619690503
13654.9673193454
13650.157483957
13657.1313819042
13649.0381963082
13649.7266871801
13650.6141742815
13650.2327533912
13650.1574971779
13659.6220003142
13656.3877203094
13650.1574841097
13649.0381963677
13649.0381964026
13642.8557581844
13647.015318719
13654.7091159483
13650.2327533361
13649.0381963961
13649.8601590706
13658.7523899522
13648.5488531519
13649.0381963234
13658.3793519127
13655.6288085703
13657.8919348587
13650.2327558667
13649.7266855998
13649.0381865405
13654.6946309926
13650.2327529799
13650.2327533127
13658.1919910546
13650.2327527672
13649.0381964219
13656.7605176728
13650.2327528382
13653.5880813262
13650.2327538489
13657.8610834822
13649.7266873399
13649.0381964764
13650.1574827335
13650.2327534132
13650.2327545305
13649.0381963969
13648.5267756305
13658.2940259814
13650.2327537918
13649.7266839463
13649.8762597734
13650.2327532105
13650.2327529514
13654.2403215459
13648.5267714039
13648.5267782711
13650.232753531
13650.2327465256
13660.8744157831
13650.2327634409
13650.2327541453
13647.4262589013
13650.2327539422
13650.2326860446
13650.2327536273
13649.7266876132
13654.6575827734
13650.232753446
13649.038199216
13649.8561110243
13650.3508299608
13649.0381963443
13650.2327534852
13648.5267722053
13658.0394533937
13656.4422577222
13649.0381963725
13649.0381963756
