# type 1 occupying volumes
14163.5951467948
14163.5951467948
14163.5951467948
14163.5951467948
14160.5997056353
14163.5951467948
14163.5951467948
14163.5951467948
14163.5951467948
14163.5951467948
14163.5951467948
14163.5951467948
14163.5951467948
14163.5951467948
14163.5951467948
14163.5951467948
14163.5951467948
14163.5951467948
14163.5951467948
14163.5951467948
14163.5951467948
14163.5951467948
14163.5951467948
14163.5951467948
14163.5951467948
14163.5951467948
14163.5951467948
14159.3363424967
14163.5951467948
14163.5951467948
14163.5951467948
14163.5951467948
14163.5951467948
14163.5951467948
14163.5951467948
14163.5951467948
14163.5951467948
14163.5951467948
14163.5951467948
14163.5951467948
14163.5951467948
14163.5951467948
14163.5951467948
14163.5951467948
14163.5951467948
14163.5951467948
14163.5951467948
14163.5951467948
14163.5951467948
14163.5951467948
14163.5951467948
14163.5951467948
14163.5951467948
14161.1840730567
14163.5951467948
14163.5951467948
14163.5951467948
14163.5951467948
14163.5951467948
14163.5951467948
14163.5951467948
14163.5951467948
14163.5951467948
14163.5951467948
14163.5951467948
14163.5951467948
14163.5951467948
14163.5951467948
14163.5951467948
14163.5951467948
14163.5951467948
14163.5951467948
14163.5951467948
14163.5951467948
14163.5951467948
14163.5951467948
14163.5951467948
14163.5951467948
14163.5951467948
14163.5951467948
14163.5951467948
14163.5951467948
14161.439877795
14163.5951467948
14163.5951467948
14163.5951467948
14163.5951467948
14163.5951467948
14163.5951467948
14163.5951467948
14163.5951467948
14163.5951467948
14163.5951467948
14163.5951467948
14163.5951467948
14163.5951467948
14163.5951467948
14163.5951467948
14163.5951467948
14163.5951467948
14163.5951467948
14163.5951467948
14163.5951467948
14163.5951467948
14163.5951467948
14163.5951467948
14163.5951467948
14163.5951467948
14163.5951467948
14163.5951467948
14163.5951467948
14163.5951467948
14163.5951467948
14159.1008663194
14163.5951467948
14163.5951467948
14163.5951467948
14163.5951467948
14163.5951467948
14163.5951467948
14163.5951467948
14163.5951467948
14163.5951467948
14163.5951467948
14163.5951467948
14163.5951467948
14163.5951467948
14163.5951467948
14163.5951467948
14163.5951467948
14163.5951467948
14163.5951467948
14159.9523228882
14163.5951467948
14163.5951467948
14163.5951467948
14163.5951467948
14163.5951467948
14163.5951467948
14163.5951467948
14163.5951467948
14163.5951467948
14163.5951467948
14163.5951467948
14163.5951467948
14163.5951467948
14163.5951467948
14163.5951467948
14163.5951467948
14163.5951467948
14163.5951467948
14163.5951467948
14163.5951467948
14163.5951467948
14163.5951467948
14163.5951467948
14163.5951467948
14163.5951467948
14163.5951467948
14163.5951467948
14163.5951467948
14163.5951467948
14163.5951467948
14163.5951467948
14163.5951467948
14163.5951467948
14163.5951467948
14163.5951467948
14163.5951467948
14163.5951467948
14163.5951467948
14163.5951467948
14163.5951467948
14163.5951467948
14163.5951467948
14163.5951467948
14163.5951467948
14163.5951467948
14163.5951467948
14163.5951467948
14163.5951467948
14163.5951467948
14163.5951467948
14163.5951467948
14163.5951467948
14163.5951467948
14163.5951467948
14163.5951467948
14163.5951467948
14163.5951467948
14163.5951467948
14163.5951467948
14158.1429018511
14163.5951467948
14163.5951467948
14163.5951467948
14163.5951467948
14163.5951467948
14163.5951467948
14163.5951467948
14163.5951467948
14163.5951467948
14163.5951467948
14163.5951467948
14163.5951467948
14163.5951467948
14163.5951467948
14163.5951467948
14163.5951467948
14163.5951467948
14163.5951467948
14163.5951467948
14163.5951467948
14160.1577067574
14163.5951467948
14163.5951467948
14163.5951467948
14163.5951467948
14163.5951467948
14163.5951467948
14163.5951467948
14163.5951467948
14159.5194798193
14163.5951467948
14163.5951467948
14156.1439881423
14163.5951467948
14163.5951467948
14159.6210621747
14163.5951467948
14163.5951467948
14163.5951467948
14163.5951467948
14163.5951467948
14163.5951467948
14163.5951467948
14163.5951467948
14163.5951467948
14163.5951467948
14163.5951467948
14163.5951467948
14163.5951467948
14163.5951467948
14163.5951467948
14163.5951467948
14163.5951467948
14163.5951467948
14163.5951467948
14163.5951467948
14163.5951467948
14163.5951467948
14163.5951467948
14163.5951467948
14163.5951467948
14163.5951467948
14163.5951467948
14163.5951467948
14163.5951467948
14163.5951467948
14163.5951467948
14163.5951467948
14163.5951467948
14163.5951467948
14157.5952615778
14163.5951467948
14163.5951467948
14163.5951467948
14163.5951467948
14163.5951467948
14163.5951467948
14163.5951467948
14163.5951467948
14163.5951467948
14163.5951467948
14163.5951467948
14163.5951467948
14163.5951467948
14163.5951467948
14163.5951467948
14163.5951467948
14163.5951467948
14163.5951467948
14163.5951467948
14163.5951467948
14163.5951467948
14163.5951467948
14163.5951467948
14163.5951467948
14163.5951467948
14163.5951467948
14163.5951467948
14163.5951467948
14163.5951467948
14163.5951467948
14161.3842077418
14163.5951467948
14163.5951467948
14163.5951467948
14163.5951467948
14163.5951467948
14163.5951467948
14163.5951467948
14163.5951467948
14163.5951467948
14163.5951467948
14163.5951467948
14163.5951467948
14163.5951467948
14163.5951467948
14163.5951467948
14163.5951467948
14163.5951467948
14163.5951467948
14163.5951467948
14163.5951467948
14163.5951467948
14163.5951467948
14163.5951467948
14163.5951467948
14163.5951467948
14163.5951467948
14163.5951467948
14163.5951467948
14163.5951467948
14163.5951467948
14163.5951467948
14163.5951467948
14163.5951467948
14163.5951467948
14163.5951467948
14163.5951467948
14163.5951467948
14163.5951467948
14163.5951467948
14163.5951467948
14163.5951467948
14163.5951467948
14153.8161261063
14163.5951467948
14163.5951467948
14163.5951467948
14163.5951467948
14163.5951467948
14163.5951467948
14163.5951467948
14163.5951467948
14163.5951467948
14163.5951467948
14163.5951467948
14163.5951467948
14163.5951467948
14163.5951467948
14163.5951467948
14163.5951467948
14163.5951467948
14163.5951467948
14163.5951467948
14158.7940655575
14163.5951467948
14163.5951467948
14163.5951467948
14163.5951467948
14163.5951467948
14163.5951467948
14163.5951467948
14163.5951467948
14163.5951467948
14163.5951467948
14163.5951467948
14163.5951467948
14163.5951467948
14163.5951467948
14163.5951467948
14163.5951467948
14163.5951467948
14163.5951467948
14163.5951467948
14163.5951467948
14163.5951467948
14163.5951467948
14163.5951467948
14163.5951467948
14163.5951467948
14163.5951467948
14163.5951467948
14163.5951467948
14163.5951467948
14163.5951467948
14163.5951467948
14163.5951467948
14163.5951467948
14163.5951467948
14163.5951467948
14163.5951467948
14163.5951467948
14163.5951467948
14163.5951467948
14163.5951467948
14163.5951467948
14163.5951467948
14163.5951467948
14163.5951467948
14163.5951467948
14160.5918358458
14163.5951467948
14160.9647075922
14163.5951467948
14163.5951467948
14163.5951467948
14163.5951467948
14163.5951467948
14163.5951467948
14163.5951467948
14163.5951467948
14163.5951467948
14163.5951467948
14163.5951467948
14163.5951467948
14163.5951467948
14163.5951467948
14163.5951467948
14163.5951467948
14163.5951467948
14163.5951467948
14163.5951467948
14163.5951467948
14163.5951467948
14163.5951467948
14163.5951467948
14163.5951467948
14163.5951467948
14163.5951467948
14163.5951467948
14163.5951467948
14163.5951467948
14163.5951467948
14163.5951467948
14163.5951467948
14163.5951467948
14163.5951467948
14163.5951467948
14163.5951467948
14163.5951467948
14163.5951467948
14163.5951467948
14163.5951467948
14163.5951467948
14163.5951467948
14163.5951467948
14161.5262819191
14163.5951467948
14163.5951467948
14163.5951467948
14163.5951467948
14163.5951467948
14163.5951467948
14163.5951467948
14163.5951467948
14163.5951467948
14163.5951467948
14163.5951467948
14163.5951467948
14163.5951467948
14163.5951467948
14163.5951467948
14163.5951467948
14163.5951467948
14163.5951467948
14161.2257612692
14163.5951467948
14163.5951467948
14163.5951467948
14163.5951467948
14163.5951467948
14163.5951467948
14163.5951467948
14163.5951467948
14163.5951467948
14163.5951467948
14163.5951467948
14163.5951467948
14163.5951467948
14163.5951467948
14163.5951467948
14163.5951467948
14163.5951467948
14163.5951467948
14163.5951467948
14163.5951467948
14163.5951467948
14163.5951467948
14163.5951467948
14163.5951467948
14163.5951467948
14163.5951467948
14157.9326770371
14163.5951467948
14163.5951467948
14163.5951467948
14163.5951467948
14160.2717691532
14163.5951467948
14163.5951467948
14163.5951467948
14163.5951467948
14163.5951467948
14161.6761079199
14163.5951467948
14163.5951467948
14163.5951467948
14163.5951467948
14163.5951467948
14160.0180545549
14163.5951467948
14155.6556913424
14163.5951467948
14154.2848594004
14154.0832874403
14153.875760833
14159.1829944252
14159.8323827776
14154.917425555
14157.0799513628
14155.3795679569
14154.6730372593
14154.6133081736
14154.693271113
14159.224876438
14160.4191434914
14155.2497752641
14156.1983745682
14155.2866263653
14156.393105585
14154.9348607116
14155.6853727304
14163.5951467948
14160.2890733844
14154.7564736465
14156.1066391383
14155.4840820961
14156.3668114474
14154.6703462512
14155.9406446603
14159.2450674186
14160.0007588794
14155.1567615234
14155.5092461977
14155.0777841198
14154.8829355022
14154.8174770495
14154.8701780942
14159.3790749489
14158.6645653254
14155.2550469623
14155.2479272272
14155.2638782274
14155.2536189073
14154.6652332117
14155.9770037415
14160.6624668207
14160.1145955783
14155.3289416438
14156.2077690764
14163.5951467948
14156.1009325748
14156.1579973816
14155.6612708921
14159.8450340072
14160.0031506608
14155.9691083812
14156.1354189274
14154.9734606873
14155.6920109041
14155.3459442552
14155.4614933875
14157.4201208209
14161.6384945183
14156.0255053212
14156.4587973997
14156.3603846749
14163.5951467948
14156.1874764092
14155.7427453539
14159.8835358532
14159.2192396157
14155.2819070125
14155.8736626836
14155.2948905189
14155.9685993377
14155.4384344716
14155.6047499945
14160.2705564178
14161.9391860785
14163.5951467948
14156.8806377876
14155.6701271138
14156.1663494453
14155.946633504
14155.7235466736
14158.8746211306
14160.2787689366
14157.5493176704
14156.0588777171
14157.16590846
14155.5594472404
14155.791451283
14156.2879804919
14163.5951467948
14160.1383466128
14156.4719229735
14156.542131082
14156.2070469062
14155.0417743888
14156.2909665529
14155.2181108959
14159.6807269383
14162.3661172208
14157.324080856
14155.4733066906
14157.4269036649
14163.5951467948
14155.8510357418
14155.7283986647
14159.4727202589
14159.9668481709
14155.10446382
14154.498170134
14154.4324186114
14155.2904993173
14153.9195978102
14155.6409221449
14158.7566847112
14162.3315915191
14155.9631374807
14154.8988820825
14155.2377343122
14155.8278553722
14155.3605662351
14154.4679469989
14159.4732135604
14158.7384626145
14155.9900068677
14154.8916220592
14155.8667211014
14155.4841751685
14155.2151789391
14154.6861143679
14158.8641466194
14160.4309994022
14163.5951467948
14156.5367211813
14153.0090215644
14155.1115113885
14149.4327313466
14154.4946476476
14157.9663086796
14159.5520448669
14155.7110038206
14155.24529508
14155.5907657844
14155.9207007269
14155.4141255581
14155.044031154
14159.3837134061
14159.7886732727
14156.0128685964
14155.5536587536
14155.4895960161
14156.1202252235
14156.2560631932
14155.4546973798
14159.5991674803
14159.4563836914
14156.2943543014
14156.055559076
14163.5951467948
14156.1300160126
14155.4079817485
14154.3230452061
14159.6081045029
14159.5575936131
14155.4581782684
14156.56945358
14156.1281411785
14156.9076176458
14163.5951467948
14155.2255340901
14160.1524193712
14159.7263347104
14155.7632565874
14155.9443179534
14155.4471335557
14155.7815395792
14155.4401196197
14154.948339256
14157.5647089064
14159.3677810037
14155.4049148906
14156.2818733559
14155.3292870676
14156.9433710976
14156.1801660948
14155.5613235459
14160.2641920826
14159.6469442898
14156.0164740139
14155.6331333503
14155.5511765366
14155.0292041732
14154.6930773221
14155.6746014724
14159.0177083761
14160.3073867575
14150.2322873275
14155.7090173697
14156.1084530839
14155.2684198606
14155.7584316153
14155.4202109366
14159.6746284787
14155.1477706407
14157.555324499
14155.9851164862
14155.6782156283
14154.3960338303
14154.2049144859
14155.8912986551
14157.9255258542
14160.8396022256
14151.0778527932
14155.7514245738
14156.4874846181
14150.4961307659
14155.3293801568
14149.7356307525
14159.8930721404
14160.0980973219
14151.4667184759
14163.5951467948
14156.4545178818
14155.5685761462
14155.0936861376
14150.0378911358
14159.0961052367
14160.2334262925
14156.6527856846
14151.137603241
14156.0941440727
14154.493017416
14154.2645331114
14149.3093907215
14159.8267286385
14160.6109149255
14155.2203791182
14151.5319764549
14154.4940376462
14163.5951467948
14155.8081214388
14153.7965901174
14160.1268181964
14159.6412179225
14155.5612670247
14155.1528029419
14155.2335148529
14154.0469177944
14153.8808164092
14153.8818266052
14158.6681461043
14158.488439512
14154.8669438808
14155.2772707978
14154.1567613271
14154.5404428211
14155.8272061203
14154.6425659838
14159.5230382937
14158.3339058937
14154.5800026877
14154.5548559653
14154.5591833742
14153.708889906
14155.1528065193
14154.9973489935
14157.3938002146
14158.6539228703
14155.3525914402
14155.4092626606
14154.0929110333
14156.1787482853
14163.5951467948
14155.7913599765
14159.2066572589
14158.1022253863
14155.5468764068
14154.4947786855
14154.442745011
14155.5241840155
14156.3874740519
14157.0804883812
14163.5951467948
14158.9042646022
14155.3542699108
14155.4329005576
14155.4809544211
14156.6686807701
14154.043632886
14156.7521167111
14160.2975446256
14160.4013962174
14163.5951467948
14155.3813579341
14154.8812340906
14155.2712764859
14154.7289966856
14156.5913901663
14159.1523749492
14159.9597759195
14156.6433824082
14155.6887223089
14155.5182095135
14156.3885915256
14154.9228047944
14157.9785769165
14159.8707180316
14159.2273270888
14155.9637970435
14156.311686945
14155.2868074867
14155.3491142983
14155.2611621931
14154.2550640202
14159.7184397189
14160.097469579
14156.649235757
14155.8500979356
14157.3280365223
14156.4501661565
14156.2774042441
14155.8007137517
14160.5638891161
14163.5951467948
14156.6671502956
14155.9239554478
14155.9976935091
14155.2679612268
14155.1458345495
14155.1593213088
14157.6935933228
14160.3093710605
14150.9934932867
14156.5142576611
14157.0093965964
14163.5951467948
14156.1636872121
14156.3324641361
14159.6031102168
14159.4981882494
14156.9738537569
14163.5951467948
14155.6119026676
14155.5971957703
14155.2111141796
14155.6477309863
14163.5951467948
14159.4580414634
14155.8784338085
14163.5951467948
14155.6702863066
14154.6567241022
14155.501418573
14154.9241809326
14159.48874418
14159.5995679284
14156.3157133959
14155.5329062048
14154.9578338711
14155.2700796911
14155.7676368447
14156.0257368044
14158.3156492277
14158.0338788691
14154.0418297556
14155.4568902969
14154.1990079093
14155.3792621117
14155.2960674821
14154.5442071622
14159.1613010104
14159.6046135029
14154.5028209754
14154.955140441
14154.6292699392
14155.6206450842
14155.2645837287
14155.4555589309
14159.8904826488
14158.9242041072
14154.6955431668
14154.4047604142
14154.9198688675
14154.5897411378
14154.8602910876
14155.8318953061
14159.0264148684
14159.2591955495
14155.3777335675
14154.7360280991
14155.5719646552
14154.1963404193
14153.6960366418
14154.7082332919
14159.2432089197
14159.3741352209
14155.8835086055
14155.2211937055
14155.561279552
14155.7593415659
14156.0473351644
14156.0083356509
14158.9084237217
14159.9225332493
14155.8676595673
14155.0904104407
14155.0945848654
14156.2133304354
14155.7931876244
14156.7467822874
14157.2334889544
14160.5883797304
14155.6172462589
14155.8504701191
14154.8561464783
14156.2919738599
14155.9037426426
14155.882978026
14160.4855418277
14160.2760600744
14155.5362524958
14155.4079769663
14154.842729909
14154.9076814089
14156.0292289747
14155.6600377453
14159.8572672113
14160.1680141172
14155.3836554606
14155.9321199861
14155.0391904446
14154.6775727127
14155.6912172007
14154.664557302
14160.0115781863
14160.7259531497
14155.7640416592
14155.3770618911
14156.3186863571
14155.072609162
14156.2512698057
14155.7075120953
14159.8841367253
14158.4760792541
14155.4870157359
14155.5409197034
14155.0846097113
14154.8272856792
14155.2388246153
14155.7900150251
14160.2985515621
14160.1756316095
14155.8946209293
14156.1550649348
14163.5951467948
14155.9876992103
14156.0354567754
14155.5335159905
14160.271185068
14160.3241568578
14154.9619168798
14155.4170028968
14154.7466357895
14154.8341681446
14155.1125998417
14155.6601970064
14159.6009681327
14160.4542638119
14155.6376633954
14156.3101714045
14155.1378675241
14155.4323850513
14155.4952732937
14155.4645722243
14159.1172678505
14158.8554431356
14156.1653399039
14155.8439487736
14155.3782167798
14155.1443543398
14155.836776762
14156.151709377
14160.7671344227
14161.2837251769
14156.9328331743
14154.9757048675
14154.8520417116
14154.6975252266
14155.0461085745
14155.813552705
14158.314785748
14159.9119981347
14155.245917567
14155.8090057905
14154.25504847
14155.9868638906
14155.11531776
14156.3657898416
14160.575337521
14158.3138009543
14156.54855543
14155.182092429
14154.5314566519
14154.9469399407
14153.9780453067
14155.9493335069
14158.9287156151
