# type 1 occupying volumes
13451.7583277251
13449.0476612292
13451.7583277251
13446.7252983327
13448.0874151167
13451.7583277251
13448.333864626
13447.2509775076
13451.7583277251
13447.4324788431
13451.7583277251
13448.4267086269
13451.7583277251
13446.5516586698
13444.5206503456
13451.7583277251
13451.7583277251
13451.7583277251
13451.7583277251
13451.7583277251
13450.4832138291
13451.7583277251
13451.7583277251
13442.222677643
13451.7583277251
13447.5657394627
13445.1387728466
13446.4213087579
13451.7583277251
13451.7583277251
13448.7616653636
13451.7583277251
13451.7583277251
13451.7583277251
13450.3643222488
13451.7583277251
13447.6689280927
13446.6241122946
13451.7583277251
13451.7583277251
13441.8694554854
13451.7583277251
13447.7734532497
13445.1278734712
13445.7301077513
13446.9127384802
13451.7583277251
13451.7583277251
13451.7583277251
13449.8582681721
13447.6495285569
13451.7583277251
13451.7583277251
13446.8840396149
13442.047542408
13451.7583277251
13451.7583277251
13451.7583277251
13449.5770357005
13451.7583277251
13451.7583277251
13445.4986475833
13451.7583277251
13451.7583277251
13451.7583277251
13448.8204790114
13451.7583277251
13451.7583277251
13448.4341974884
13451.7583277251
13443.6011812479
13451.7583277251
13451.7583277251
13451.7583277251
13451.7583277251
13451.7583277251
13447.7919767303
13446.1915119362
13451.7583277251
13451.7583277251
13451.7583277251
13451.7583277251
13447.6291878438
13450.1111172398
13451.7583277251
13451.7583277251
13448.2493739438
13451.7583277251
13451.7583277251
13447.9401564722
13448.3966809252
13445.9928250875
13451.7583277251
13451.7583277251
13451.7583277251
13451.7583277251
13451.7583277251
13451.7583277251
13445.5966546894
13446.5186351872
13451.7583277251
13446.8703841863
13446.1169509252
13451.7583277251
13451.7583277251
13451.7583277251
13448.6133262408
13451.7583277251
13451.7583277251
13451.7583277251
13448.235270965
13451.7583277251
13445.2466594988
13451.2812839675
13451.7583277251
13451.7583277251
13445.726783306
13446.1906125895
13451.7583277251
13451.7583277251
13445.5913368137
13448.6925140456
13451.7583277251
13451.7583277251
13446.1824393566
13449.0057810888
13451.7583277251
13447.6775794966
13451.7583277251
13450.2081630171
13442.9498299462
13449.641699649
13451.7583277251
13451.1234874665
13451.7583277251
13447.720930648
13451.7583277251
13449.8378847862
13451.7583277251
13448.4142006417
13451.7583277251
13448.221518701
13451.7583277251
13451.7583277251
13451.7583277251
13450.3593805897
13451.7583277251
13450.466572936
13451.7583277251
13444.7326614957
13446.6832249105
13451.7583277251
13451.7583277251
13451.7583277251
13451.7583277251
13451.7583277251
13451.7583277251
13451.7583277251
13451.7583277251
13451.7583277251
13451.7583277251
13445.0970900538
13451.7583277251
13451.7583277251
13451.7583277251
13451.7583277251
13451.7583277251
13451.7583277251
13451.7583277251
13447.3021438086
13451.7583277251
13451.7583277251
13448.940051071
13451.7583277251
13449.9516747847
13451.7583277251
13448.1121091966
13451.7583277251
13444.754207108
13445.483342974
13449.195547987
13451.7583277251
13444.8671772657
13451.7583277251
13451.7583277251
13451.7583277251
13451.7583277251
13451.7583277251
13445.4037614081
13451.7583277251
13447.6853670699
13451.7583277251
13451.7583277251
13448.2817234719
13450.0812420386
13451.7583277251
13451.7583277251
13451.7583277251
13446.9802872321
13451.7583277251
13451.7583277251
13450.4221220251
13448.704248153
13447.9074049837
13448.0518970291
13451.7583277251
13451.7583277251
13451.7583277251
13451.7583277251
13450.9328195583
13451.7583277251
13447.8786852039
13449.4739104832
13451.7583277251
13448.2852766628
13446.4754426934
13451.7583277251
13449.1788543496
13451.7583277251
13447.1993683995
13451.7583277251
13449.1537812439
13449.4641317843
13451.7583277251
13451.7583277251
13447.4265705575
13445.1938429667
13447.8751135976
13446.6083800482
13447.9188579197
13447.0518568771
13451.7583277251
13451.7583277251
13453.556025691
13451.7583277251
13451.7583277251
13451.7583277251
13451.7583277251
13446.4734509431
13451.7583277251
13451.7583277251
13451.7583277251
13447.2652163808
13448.8588360534
13451.7583277251
13451.7583277251
13451.7583277251
13449.4861181834
13451.7583277251
13449.1582061406
13451.7583277251
13451.7583275309
13451.7583277251
13448.3069218094
13451.7583277251
13451.7583277251
13451.7583277251
13451.5733597511
13451.7583277251
13451.7583277251
13451.7583277251
13445.6131259291
13448.7983722653
13444.1263314584
13451.7583277251
13451.7583277251
13446.5705560508
13451.7583277251
13451.7583277251
13445.5643743454
13449.4041542364
13451.7583277251
13451.7583277251
13451.7583277251
13451.7583277251
13451.7583277251
13447.8532906406
13451.7583277251
13451.7583277251
13451.7583277251
13447.3276784218
13446.1674390784
13451.7583277251
13451.7583277251
13448.3510907293
13451.7583277251
13449.3507914033
13451.7583277251
13451.7583277251
13446.4549183032
13447.4426929966
13451.7583277251
13451.8172854774
13451.7583277251
13446.9556412957
13451.7583277251
13451.7583277251
13451.7583277251
13447.1720956172
13451.7583277251
13450.2813807292
13445.3747355824
13447.3159744864
13451.7583277251
13451.7583277251
13451.7583277251
13449.1102909306
13451.7583277251
13445.1577205849
13441.9962321918
13447.8239527235
13451.7583277251
13445.134599328
13447.111353334
13451.7583277251
13451.7583277251
13445.7482487565
13446.2218108188
13451.7583277251
13451.7583277251
13451.7583277251
13451.7583277251
13451.7583277251
13450.9943007586
13451.7583277251
13450.0160640731
13449.7025271952
13451.7583277251
13445.1273371007
13453.7349220698
13451.7583277251
13448.8351723006
13451.7583277251
13451.7583277251
13451.7583277251
13446.1009598796
13451.7583277251
13450.8870920999
13445.3195980256
13451.7583277251
13451.7583277251
13448.2647297164
13451.7583277251
13451.7583277251
13451.7583277251
13451.7583277251
13451.7583277251
13444.9277451885
13445.8978055798
13451.7583277251
13451.7583277251
13451.7583277251
13451.7583277251
13451.4477552848
13451.7583277251
13448.4632635583
13446.3005312116
13445.8373544642
13451.7583277251
13451.7583277251
13451.7583277251
13451.7583277251
13451.7583277251
13449.1707455569
13451.7583277251
13451.7583277251
13451.7583277251
13451.7583277251
13451.7583277251
13451.1602907348
13451.7583277251
13449.7015138029
13451.7583277251
13451.7583277251
13450.2027025241
13451.7583277251
13443.933774446
13447.7697204826
13451.7583277251
13451.7583277251
13446.9888891532
13451.7583277251
13450.2572703599
13451.7583277251
13445.6795342505
13451.7583277251
13450.0751203792
13446.021571018
13451.7583277251
13451.7583277251
13449.7266114931
13451.7583277251
13451.7583277251
13450.6620025484
13451.7583277251
13445.181851142
13451.4773060546
13451.7583277251
13451.7583277251
13451.7583277251
13447.4328148989
13451.7583277251
13447.2408640754
13446.2008960372
13447.688043737
13451.7583277251
13451.7583277251
13446.1150394321
13451.7583277251
13451.7583277251
13446.1977243638
13451.7583277251
13451.7583277251
13448.4560193512
13449.3642281573
13451.7583277251
13451.7583277251
13452.4138136156
13447.1002105843
13448.4277091363
13451.7583277251
13446.3004177348
13449.0619906993
13451.7583277251
13447.1038611791
13444.8380562237
13451.7583277251
13451.7583277251
13451.7583277251
13451.7583277251
13451.9524989758
13451.7583277251
13451.7583277251
13448.7658267307
13451.7583277251
13448.5632657774
13445.7255527805
13451.7583277251
13449.9464131487
13451.7583277251
13451.7583277251
13446.9315485274
13451.7583277251
13451.7583277251
13449.3117855367
13446.0472531222
13451.0034219891
13444.2027107358
13451.7583277251
13449.0413325908
13451.7583277251
13451.7583277251
13448.2495543334
13451.7583277251
13451.7583277251
13444.0067992274
13451.7583277251
13448.8202978372
13451.7583277251
13451.7583277251
13451.7583277251
13445.8536971333
13451.7583277251
13451.7583277251
13451.7583277251
13451.7583277251
13451.7583277251
13451.7583277251
13448.2538234773
13447.5221805006
13447.8061913263
13451.7583277251
13451.7583277251
13451.7583277251
13447.640690353
13446.9920750076
13451.7583277251
13448.3744033092
13446.5305836143
13451.7583277251
13451.7583277251
13445.5794588501
13449.5933304473
13451.7583277251
13450.1800865884
13451.7583277251
13451.7583277251
13445.8605335672
13446.3475054276
13445.4831014985
13451.7583277251
13451.7583277251
13451.7583277251
13449.1251925867
13451.7583277251
13451.7583277251
13445.072350834
13451.7583277251
13451.7583277251
13451.7583277251
13452.5739510302
13451.7583277251
13452.9076354014
13451.7583277251
13451.7583277251
13447.5890074375
13446.5861964311
13451.7583277251
13448.8749605032
13451.7583277251
13447.8498950292
13451.7583277251
13449.1740937175
13451.7583277251
13447.5035782783
13451.7583277251
13446.0551417207
13451.7583277251
13446.5776950598
13445.8948815615
13451.7583277251
13443.888797401
13451.7583277251
13451.7583277251
13446.5058823706
13444.0526526893
13446.1200502841
13448.1525760674
13447.2713553913
13440.1439483312
13447.4624832899
13451.7583277251
13448.5575082865
13445.9665882229
13447.3430199692
13445.954137194
13445.8819060655
13451.7583277251
13451.7583277251
13442.6035838395
13451.7583277251
13441.1268022794
13442.0533410008
13444.7214882613
13452.6499056703
13451.7583277251
13450.2428396273
13451.7583277251
13451.7583277251
13447.2295660849
13451.7583277251
13446.0095153776
13445.8681817091
13451.7583277251
13447.9783827287
13451.7583277251
13444.7384877062
13451.7583277251
13451.7583277251
13451.7583277251
13451.7583277251
13451.7583277251
13450.5180762529
13451.7583277251
13451.7583277251
13448.4557189437
13442.6333733236
13451.7583277251
13449.2623330146
13451.7583277251
13448.9705792695
13451.7583277251
13448.8090006208
13451.7583277251
13451.7583277251
13446.6616339812
13451.7583277251
13451.7583277251
13449.6268452197
13451.7583277431
13451.7583277251
13448.5314455974
13451.7583277251
13450.6271622003
13449.515884471
13442.3457960642
13450.0679807529
13451.7583277251
13449.6063123059
13451.7583277251
13446.6578228998
13451.9375131891
13450.9905758811
13445.3887929482
13447.6000788076
13444.959674561
13446.9889742628
13451.7583277251
13451.7583277251
13448.8386538572
13449.6181726207
13451.7583277251
13448.1756851493
13445.9280739711
13447.6319348446
13446.7215191792
13451.7583277251
13451.7583277251
13447.0198657426
13447.2659571042
13451.7583277251
13447.8022724864
13451.7583277251
13446.7625590754
13447.5350700929
13446.7475185394
13451.7583277251
13449.1948898078
13451.7583277251
13448.8648182796
13451.7583277251
13447.9175458917
13443.0572390391
13447.2650973451
13448.9254478118
13451.7583277251
13445.8282625935
13444.5618634704
13451.7583277251
13451.7583277251
13448.0751992854
13451.7583277251
13445.7026843629
13445.8615537666
13445.1210558404
13448.0702811983
13451.7583277251
13451.7583277251
13451.7583277251
13447.7685588008
13451.7583277251
13451.7583277251
13444.5202649732
13444.319640039
13444.8358328766
13446.966304633
13451.7583277251
13447.914231257
13451.7583277251
13451.7583277251
13451.7583277251
13451.7583277251
13443.3161355971
13445.9854439992
13451.7583277251
13454.2033221037
13448.6523706982
13451.7583277251
13444.1138314078
13444.2288261877
13440.9258143595
13451.7583277251
13451.7583277251
13443.9761779546
13447.9802866781
13444.7305739353
13447.1456525654
13451.7583277251
13451.7583277251
13443.0291092248
13451.7583277251
13447.3412613633
13450.9174108433
13445.2212729411
13447.2635296739
13451.7583277251
13445.2032675269
13451.7583277251
13441.389300189
13447.4038341509
13451.7583277251
13445.3752056934
13447.8914157182
13451.7583277251
13447.5359488421
13451.7583277251
13443.4236597568
13451.7583277251
13446.1798491433
13451.7583277251
13451.7583277251
13448.0662536752
13448.7842094207
13451.7583277251
13448.0541630954
13446.2280227939
13449.1210893484
13451.7583277251
13447.4568749125
13447.431073724
13446.0256587788
13444.6039188524
13445.2856214763
13447.8823913019
13449.6694221248
13451.7583277251
13448.8061496248
13451.7583277251
13451.7583277251
13448.5249998338
13448.198125466
13450.2478711144
13449.9300787332
13446.9358161734
13451.7583277251
13443.7259305716
13451.7583277251
13447.0763671247
13451.7583277251
13451.7583277251
13450.2098472143
13445.6511438875
13445.9057551395
13451.7583277251
13448.9709243354
13451.7583277251
13451.7583277251
13448.3520913962
13451.7583277251
13445.4382809438
13446.127483891
13451.7583277251
13451.7583277251
13451.7583277251
13446.2143169907
13448.9880471097
13446.9850717904
13447.5254453509
13451.7583277251
13440.8361271461
13443.64683237
13451.7583277251
13444.2693591229
13447.6802422521
13451.7583277251
13451.7583277251
13446.0332452738
13451.7583277251
13447.472221639
13451.7583277251
13445.4487420657
13449.2859213734
13446.1088026876
13450.587420332
13451.7583277251
13447.4991204923
13451.7583277251
13451.7583277251
13451.7583277251
13447.319909531
13448.1648995405
13446.0277698976
13451.7583277251
13451.7583277251
13451.7583277251
13445.116227727
13446.25030056
13448.0937508341
13449.1983357323
13451.7583277251
13448.1991497971
13451.7583277251
13446.7998303819
13442.401803719
13451.7583277251
13446.7404831203
13447.6435345552
13451.7583277251
13448.1469583378
13451.7583277251
13446.2633884966
13451.7583277251
13451.7583277251
13451.7583277251
13449.1312075043
13451.7583277251
13447.4713605652
13444.8128511385
13445.2008302617
13451.7583277251
13451.7583277251
13451.7583277251
13446.665897252
13443.7598893734
13447.0585274429
13451.7583277251
13447.0714983573
13451.7583277251
13447.0270413544
13444.9330016557
13448.075888681
13444.8886971991
13451.7583277251
13446.2139112755
13446.7094039573
13446.1312314606
13445.8226460104
13448.6284140639
13451.7583277251
13451.7583277251
13451.7583277251
13451.7583277251
13448.8608374409
13445.6227948825
13451.7583277251
13448.7353145318
13448.5674642622
13446.4873467704
13451.7583277251
13445.7885178775
13451.7583277251
13445.9588560329
13451.7583277251
13449.0843455262
13445.9704636376
13445.7911695098
13445.7994998282
13444.3808660723
13443.4024167862
13446.2577449435
13444.4273242579
13451.7583277251
13451.7583277251
13449.7103172712
13451.7583277251
13446.8212701504
13442.4693275829
13451.7583277251
13444.6722335715
13448.2229651623
13451.7583277251
13451.7583277251
13451.7583277251
13448.8193258482
13444.447246523
13451.7583277251
13451.7583277251
13449.2924763543
13447.8997823694
13451.7583277251
13445.3014904705
13451.7583277251
13451.7583277251
13451.7583277251
13451.7583277251
13449.2358597764
13451.7583277251
13446.3047702495
13451.7583277251
13451.7583277251
13447.0892413101
13444.331604362
13445.4845893292
13451.7583277251
13449.4481701269
13451.7583277251
13449.6660973107
13451.7583277251
13447.8469066393
13446.133028364
13451.7583277251
13447.6746251941
13448.9072098434
13444.5673266136
13450.7204697211
13451.7583277251
13447.7967172635
13451.7583277251
13451.7583277251
13446.149499545
13449.3066265747
13451.7583277251
13448.6639102066
13451.7583277251
13446.7657667984
13451.7583277251
13451.7583277251
13451.7583277251
13450.3404107342
13444.4561365367
13451.7583277251
13451.7583277251
13444.9681678775
13445.7887410953
13445.5260899185
13445.3924660397
13448.4616333074
13451.7583277251
13446.8109443236
13451.7583277251
13445.265573695
13444.2779833201
13451.7583277251
13445.7061872526
13449.7221883476
13451.7583277251
13451.7583277251
13451.7583277251
13451.7583277251
13451.7583277251
13447.477983985
13451.7583277251
13448.8894346063
13451.7583277251
13447.5106526452
13451.7583277251
13448.6031309701
13451.7583277251
13447.2051694591
13451.7583277251
13449.014464982
13451.7583277251
13448.9578318671
13451.7583277251
13451.7583277251
13451.7583277251
13451.7583277251
13447.6814794446
13451.7583277251
13451.7583277251
13448.9597619313
13451.7583277251
13449.1949617427
13444.4728606096
13451.7583277251
13447.7526257306
13454.4398231386
13451.7583277251
13447.679178346
13444.8520850181
13446.3866288356
13446.2628868334
13446.8777441864
13451.7583277251
13448.9911159294
13446.2421821699
13451.7583277251
13451.7583277251
13447.5777935399
13451.7583277251
13451.7583277251
13451.1118108216
13451.7583277251
13444.9522407462
13449.5672155723
13451.7583277251
13451.7583277251
13448.1475080797
13446.1112189442
13446.598789024
13445.3012300014
13445.0477284106
13451.7583277251
13445.4089590627
13445.2740648857
13446.0998382011
13451.7583277251
13450.1691706886
13449.0228203726
13451.7583277251
13451.7583277251
13451.7583277251
13447.2285249794
13447.2910240631
13451.7583277251
13451.7583277251
13448.3988230461
13451.7583277251
13451.7583277251
13451.7583277251
13451.7583277251
13451.7583277251
13446.8701785503
13451.7583277251
13447.5215490193
13451.7583277251
13448.9635706621
13451.7583277251
13446.7954124341
13451.7583277251
13446.4030207784
13448.0522113919
13448.3426245068
13451.7583277251
13447.4184856948
13445.6648997584
13447.8635561667
13446.5844888906
13447.8827978795
13451.7583277251
13447.8192235234
13451.7583277251
13449.4617711036
13448.0469776615
13451.7583277251
13451.7583277251
13447.8900459215
13445.5216363652
13451.7583277251
13451.7583277251
13446.5846762558
13448.276118994
13451.7583277251
13447.1678454162
13451.7583277251
13451.7583277251
13447.5847182615
13446.3735791361
13451.7583277251
13446.8785305123
13451.7583277251
13451.7583277251
13446.5253221888
13446.0360700078
