# type 2 occupying volumes
14038.4246664097
14033.0035852896
14033.4786187506
14034.6272787596
14031.4987323769
14033.2171449645
14032.2843783132
14034.6592388389
14036.4688203355
14031.877570494
14032.7893708183
14032.3337526627
14030.6539280086
14031.9393338649
14032.1249745777
14035.6430124711
14035.2076266472
14034.9430556461
14031.0061894163
14032.0742352436
14033.1920776172
14032.870395909
14033.3491391052
14034.9365084173
14036.7047442885
14035.7249117042
14030.7278727887
14029.1748080655
14033.7809950946
14033.5392995858
14032.7849049766
14037.847039951
14036.3462019759
14036.4626769348
14030.6444187811
14034.0807962056
14032.0883188781
14032.0357130103
14033.5760007078
14036.7078082621
14036.7338191161
14035.3568295701
14030.727872883
14030.9804888422
14034.5938697998
14032.9491629937
14033.3418902376
14036.8376377639
14036.3993456513
14033.6036904898
14030.7278728566
14034.1189510826
14034.2788608251
14030.7278728486
14034.0242922161
14037.7512502661
14030.7278728977
14034.9289110942
14033.386587281
14033.14915601
14032.6263521394
14032.0219151473
14033.6060426209
14037.1823043263
14036.1163499347
14032.9940469408
14032.4927405177
14032.6655690871
14031.7782501747
14030.9655123211
14033.9390253665
14037.2000045871
14036.7040906637
14034.5601987947
14031.8941079074
14033.5737154714
14034.16857847
14031.5053037804
14034.9811282295
14037.8747224294
14037.7519234059
14030.5109149789
14033.1846760006
14032.499228459
14033.3821156235
14030.3301522188
14032.7748985119
14036.9467170601
14034.2971424275
14029.1748079537
14033.2889065874
14031.5114306561
14033.3507993605
14031.8287943641
14035.3767911613
14036.3065641318
14036.8438933191
14031.6790150963
14032.84167151
14033.3430460922
14034.2750815907
14030.5391292088
14033.4755978145
14035.208854622
14036.4952144837
14033.2350923932
14029.1748078978
14034.4827812634
14032.0063216841
14031.4163276325
14033.2124862583
14036.2264126874
14037.6976392665
14030.9804889858
14033.3829782051
14034.6184229409
14030.7278727591
14031.5074599967
14034.6366097024
14036.9099374323
14037.5145713359
14030.7264862409
14032.4304713438
14030.4859437597
14030.5339066245
14031.4772296472
14031.9137434009
14034.6885734875
14034.9582214934
14033.927410616
14034.1304643987
14030.7278728093
14031.086317066
14028.6736979521
14029.1748082444
14037.4380859738
14036.2397113606
14032.4002246928
14034.4510704189
14030.1754381746
14035.3937915593
14034.4180045331
14035.3612825748
14038.0545541298
14037.0488963856
14033.9703956269
14033.2548272209
14029.790174633
14032.705739596
14033.1296612347
14030.2842592832
14035.3896613869
14033.8817547092
14031.0851589432
14033.5175749639
14033.8173383177
14032.5971995878
14035.2933375506
14031.5786804244
14039.0620167254
14037.5655782459
14030.7278728703
14032.9692644672
14032.9783605025
14033.8006911801
14033.5011502964
14032.752655119
14037.6768112521
14037.4654963649
14029.3692402926
14034.3230249922
14033.0303548803
14033.0823909063
14034.4257965697
14029.174807915
14038.3593177456
14037.9931547743
14034.4013913056
14030.72787287
14029.1748079298
14034.4325273415
14031.848026121
14032.795670007
14035.6627665135
14036.2427973721
14033.4722253283
14034.3112018429
14033.830728039
14033.4056607219
14030.5425549842
14032.9932986816
14037.0567898699
14036.8266501199
14033.6154272788
14030.6991139131
14033.6104628176
14034.9249965956
14033.9660140295
14030.727872845
14038.3188570004
14037.3191136833
14034.9015631581
14032.5035020025
14033.902835355
14033.4994656697
14034.7238838003
14033.5325724541
14037.1534327573
14037.1317487928
14030.7278728366
14029.4456415738
14033.8682034038
14031.3356725203
14030.7278728613
14032.8709335794
14036.3561490059
14036.7185842045
14031.6192614456
14030.7278702684
14034.8892829554
14032.7148253849
14033.6551481296
14031.0863174766
14038.3545783414
14034.6259839595
14030.7278728314
14032.6177472087
14031.6873836042
14030.7278728376
14032.1604462822
14032.1615656187
14036.940709202
14035.2563778438
14031.3323153466
14032.2755421693
14035.0771282363
14033.040923238
14033.7518562041
14029.1748079806
14034.9129658605
14038.0199228339
14034.5970923293
14033.3136739789
14031.0863174923
14034.0042923103
14031.8845075029
14030.3663217756
14034.6020400114
14036.8492162383
14033.6539791901
14034.6110984323
14033.5553561984
14035.1622809332
14035.7697656805
14034.8989193253
14038.0850924306
14036.3778855538
14032.6866384563
14032.9125597882
14032.7481147413
14033.8336302974
14030.4664949378
14036.3491842102
14031.0863173576
14036.3103643807
14030.7411673045
14032.9522841643
14033.1058699293
14033.2969527698
14029.17480804
14035.1212483861
14036.6909347959
14035.4059253049
14033.1101357311
14032.4789561284
14032.8520333438
14031.2532531793
14032.8312559265
14032.005480798
14038.8394768796
14033.9211725224
14032.7453010019
14032.9730615598
14031.4580078468
14033.8126796543
14033.0152614183
14034.7156755356
14036.2371561473
14030.1468499751
14034.7900199028
14032.4260913584
14032.8335669018
14032.2085225364
14033.9605033603
14031.0863174793
14037.4437781952
14032.7661473201
14033.8158029994
14032.6501352432
14032.4740579216
14032.4328101298
14033.9287632703
14031.6563383997
14036.6120289935
14037.1740067745
14032.1145156958
14034.5107377262
14031.194358286
14033.1049152087
14031.0288765489
14032.6051851415
14034.941837983
14036.649366973
14033.7096815757
14032.8514299496
14034.325575857
14033.1139817549
14033.6544397604
14032.5885302613
14036.0111823003
14037.0191755735
14032.6782929981
14033.497139864
14032.1340915014
14032.390902587
14027.3880482496
14031.9741693272
14033.5628823573
14037.4124679559
14033.421836209
14033.1950674972
14034.4624713704
14034.4370736911
14032.3284553469
14035.2727698769
14029.1748079412
14036.5960174517
14030.727872814
14031.0123308954
14031.8578389699
14033.273563781
14030.8076669593
14035.9096954575
14038.2268533969
14037.1518386583
14034.1050785546
14030.8855144222
14033.0243991563
14034.6165242251
14035.9305932614
14037.2263972285
14035.7876503065
14035.5753178944
14031.1424653151
14033.7121350734
14035.6995260362
14034.3163297361
14029.1748079729
14034.37490948
14035.784030647
14037.6058912926
14033.3734002074
14035.3912661609
14034.8915606091
14031.8312228171
14032.3035680093
14033.3527264835
14036.6479984974
14036.1132354695
14032.7387793804
14032.9513149025
14031.9556207671
14036.059673922
14033.4177895425
14033.8575440182
14036.4323712994
14036.6563157146
14031.4174073607
14034.8238537257
14031.5239145114
14032.0755624192
14034.3419351858
14032.7901812778
14033.849123182
14037.0674885894
14032.7431550078
14034.1920506978
14031.0863179203
14034.6156744543
14031.7720962291
14031.9917500293
14034.2115368783
14036.2965138598
14033.4154405531
14032.4287705694
14032.0622525114
14030.7278741168
14032.3329348213
14035.957903285
14035.5230750884
14035.2087556991
14033.4855595704
14034.2605340012
14031.0863175026
14034.3990060816
14032.6673806455
14035.2694518668
14037.9037245382
14036.719319512
14031.9076769113
14033.0327651047
14031.9272389122
14032.8131983648
14035.6437876504
14032.4818182461
14034.4253759902
14035.5654166174
14033.4370292531
14033.4535327741
14032.7767836038
14033.0887459153
14031.8681041031
14030.7278728546
14035.3630986461
14036.9944833863
14035.0149406346
14033.2531279145
14033.1305020498
14033.775612063
14035.3978037835
14032.6393950393
14037.0048010649
14036.3840142344
14031.5679110424
14033.6712514829
14033.9900412589
14033.63660898
14034.6674741178
14032.4384139285
14036.0852717398
14036.3252513267
14034.1392222568
14033.710837749
14032.262121403
14033.0066084653
14033.2731607079
14030.7278729395
14033.7663504526
14037.1145060381
14029.1748079391
14034.0600339612
14032.7547750469
14031.6954760425
14032.8689319138
14033.1757504862
14034.141767034
14035.621126552
14030.7464462853
14031.9366091339
14033.3119655689
14033.2035360975
14031.2057289162
14032.8739474456
14035.4987679217
14034.0607576194
14033.4347505771
14034.0234545169
14032.3174103367
14029.1748079624
14034.541626979
14035.0083541302
14035.084378827
14035.8460080937
14033.8160680041
14032.2429215456
14031.5008116927
14030.8369352662
14033.419202375
14031.0863175594
14034.9610570878
14035.2276109407
14032.7930184508
14032.1160652404
14034.0567747944
14030.7278727978
14032.1717620366
14033.4743881009
14033.8834712307
14035.1564119352
14033.6242107322
14033.8328038982
14033.8027994541
14032.3614888707
14034.3632088073
14033.7951951629
14031.0863175393
14035.6047228591
14034.3820837288
14032.6843549104
14035.895073493
14029.1748074322
14033.145234741
14032.660427759
14035.0162993408
14033.0766666506
14031.7217064326
14030.980488933
14033.0121347463
14025.276092836
14032.6683446943
14030.7278728473
14036.1378970797
14030.7278724515
14038.0555612169
14031.0863173869
14038.3266377787
14031.0863160417
14030.727872811
14031.0863174963
14031.0863174943
14029.1748079335
14031.0863174744
14031.0863175238
14031.0863179784
14029.1748093947
14029.1748079402
14031.3792064794
14030.7278728833
14030.7278728626
14030.9804888906
14030.7278728354
14030.7278728119
14030.7278729401
14031.0863174555
14030.7278729609
14035.0221747881
14031.0863174647
14030.7278728404
14030.7278742922
14030.7278727812
14031.0863175242
14030.7278728558
14030.727872793
14030.7278727898
14030.3328476139
14030.9804889233
14030.727872814
14031.0863174629
14030.7278727599
14030.7278728518
14029.1748079943
14029.1748079655
14031.0863174319
14030.7278729311
14030.7278727625
14031.0863174634
14030.7278728431
14031.08631749
14030.9804889225
14029.174808687
14030.3328481302
14029.1748079937
14030.727872836
14035.7805432654
14031.3302702976
14037.9621860299
14029.1748080172
14030.7278726341
14029.1748079324
14029.1748112692
14036.8487488932
14038.64302896
14031.3779735119
14035.2506296223
14031.0863173786
14029.1748079615
14031.0863175153
14029.174807994
14030.7278728714
14030.7278728348
14037.1050160854
14030.7278727932
14031.0863178867
14030.7278727299
14031.0863174407
14030.7278728558
14030.7278728432
14029.1748079225
14030.7278727999
14038.757786988
14030.7278602818
14030.7278728524
14030.7278727805
14030.727872841
14030.7278728667
14030.7278728196
14030.7278728381
14031.5036886945
14030.7278728561
14030.7278753137
14029.1748079217
14030.7278728685
14030.7278728117
14029.1748079566
14030.7278752163
14030.727872816
14030.7278727502
14032.6761220185
14031.4981715588
14031.0863170635
14030.581700937
14031.0863174258
14030.7278728373
14030.7278728489
14030.7278729646
14030.7278725593
14029.174807971
14030.7278728245
14029.1748083992
14030.727872821
14039.1758411189
14030.7278725581
14030.7278728349
14030.9804889144
14029.5752653241
14039.3311192881
14029.1748079544
14031.3307980537
14031.0863181157
14030.7278727614
14030.7278727033
14031.086317392
14031.0863174155
14037.8888081615
14029.1748079609
14037.7873682431
14030.7278728537
14030.7278728612
14030.7278728504
14030.7278728166
14030.7278728128
14029.1748080031
14029.1748079562
14029.1748079237
14031.0863167078
14029.1748071618
14029.1748081839
14029.174807919
14029.1748080163
14039.252269498
14030.7278717846
14029.1748078822
14029.1748073567
14030.7278727973
14029.1748079836
14030.7278728435
14031.0863174571
14026.2865132936
14029.1748080907
14026.5307025071
14029.1748080011
14029.1748076453
14029.1748079546
14029.1748079982
14029.1748079503
14030.7278727921
14026.2865130968
14029.1748079957
14035.1113467366
14030.7278728999
14030.727872851
14030.7278723954
14029.174807982
14027.6401455095
14030.7278727602
14037.9917547946
14029.1748079926
14026.5307025043
14029.1748079691
14029.1748079508
14031.0863166738
14028.9080381555
14031.4941128778
14028.3922622134
14028.139745168
14039.8064110481
14030.7278728695
14030.7278728798
14030.7278728114
14039.5722168875
14026.8135206165
14028.3675529417
14030.7278738697
14028.3922625864
14029.1748080322
14026.5307025254
14029.1748079941
14028.9080380696
14028.9080381566
14029.1748079896
14028.9080381915
14028.9080380076
14029.1748080725
14030.7278645301
14029.1748079943
14026.2865133123
14026.2865133506
14029.174807996
14029.174808015
14029.1748080282
14028.3675529798
14029.1748079157
14031.0863181196
14029.174807982
14028.9080382427
14030.7278724363
14030.7278728378
14028.3922623078
14028.3922626195
14031.3697721939
14030.7278729169
14030.7278728547
14030.7278727779
14029.1748080033
14029.1748079082
14029.1748079691
14029.1748078773
14029.1748079538
14031.0863174636
14029.1748079343
14028.9080382198
14035.3583354077
14037.6881479681
14034.4921847497
14029.1748096004
14030.72787285
14029.1748079718
14029.174807948
14038.1513246085
14029.1748079859
14029.1748080375
14029.1748080081
14030.7278728151
14029.1748079659
14031.0863173879
14029.1748079967
14036.0390405698
14038.2006779352
14030.7278727742
14029.1748079087
14030.7278728301
14030.727872846
14030.7278728318
14031.0863174872
14037.3748239309
14031.0863174436
14038.1509593071
14029.1748081692
14029.1748079756
14030.7278728825
14029.1748078941
14029.1748079643
14029.174808012
14029.1748079706
14029.1748079237
14029.1748079929
14029.1748079477
14030.7278728505
14029.1748079927
14030.7278728147
14029.1748079372
14029.1748080184
14031.3828939797
14030.7278594437
14030.7278738037
14030.727867918
14031.0863175196
14030.7279052346
14030.7278740304
14029.1748079489
14030.7278728064
14026.5307025361
14030.7278728093
14029.1748080518
14029.1748079593
14037.7296841553
14029.1748078736
14030.7278727972
14030.727872829
14035.4008702252
14030.7278728882
14031.4815003145
14029.174808134
14030.7278728962
14030.7278731815
14035.3680071096
14030.7278728274
14029.1748085588
14029.1748079771
14032.436159824
14029.1748081192
14031.3762586965
14030.7278728331
14030.7278728774
14030.7278735758
14029.1748080152
14030.7278728044
14030.7278737283
14030.9804889109
14038.4911859938
14029.1748079888
14029.1748079528
14026.2865132914
14029.1748079545
14029.174808371
14029.1748079583
14028.9080382181
14028.1397451931
14030.7278728591
14029.1748078295
14029.1748079701
14029.1748079642
14029.1748079576
14029.1748079882
14031.0863174318
14030.3328475665
14030.7278728148
14029.1748079981
14030.7278727573
14026.2865133565
14037.4359072155
14028.9080382225
14028.9080382131
14029.174807992
14028.3922625642
14030.7278725949
14029.1748079447
14029.1748080183
14029.1748079873
14029.1748079582
14036.4194773757
14029.174808092
14029.1748080039
14029.1748080299
14029.1748080109
14029.1748068482
14029.1748100907
14029.1748074732
14030.7278728728
14029.1748079068
14027.0477653027
14029.1748079667
14037.3018949024
14029.1748079193
14029.1748079787
14029.1748089039
14030.7278728448
14029.174807988
14038.1198847586
14030.3328485606
14029.174808042
14029.1748079851
14029.1748080328
14034.5206066888
14030.7278707236
14031.0863175262
14037.1340096964
14029.1748079997
14030.3328475288
14029.1748080344
14029.1748079596
14030.7278728155
14031.0863174918
14031.0863174643
14029.1748084781
14029.1748081566
14029.1748072904
14029.1748078873
14029.1748080277
14029.1748081348
14029.1748079966
14031.0863174418
14030.7278742129
14029.1748079781
14030.7278729115
14029.1748080053
14037.8799539862
14030.7278728546
14029.1748079748
14030.7278728408
14031.0863187064
14030.9804888614
14029.1748079714
14029.1748079926
14029.174807991
14030.7278728387
14030.7278728302
14029.1748079857
14030.727872846
14030.7278728404
14026.2865133577
14029.1748079066
14030.7278728327
14030.7278728491
14030.7278728423
14031.0863175513
14030.7278729431
14031.0863173703
14037.9388543267
14030.7278659073
14030.7278735263
14030.9804889184
14029.1748080432
14029.1748079767
14030.7278729217
14029.1748101216
14035.7067488461
14029.1748077526
14029.1748080579
14029.1748079853
14030.7278728509
14030.7278736619
14029.1748079946
14030.727872675
14038.7565384339
14030.7278728423
14030.7278727909
14031.0863174895
14029.1748079783
14038.5283934117
14029.1748079603
14029.174807977
14029.1748079688
14029.1748079497
14030.7278728419
14029.174808003
14029.1748079836
14029.1748079857
14029.1748080104
14030.7278729237
14030.7278728476
14031.0863174005
14029.1748080025
14029.1748079396
14031.0863175243
14029.1748080212
14029.1748079911
14030.3328475945
14029.1748079634
14029.1748070877
14029.1748080294
14030.7278726317
14035.0713839404
14029.174807997
14029.1748079635
14037.1212668556
14030.7278728788
14030.7278686197
14029.1748080409
14029.1748079288
14030.7278697551
14030.7278728601
14039.6953289358
14030.7278728916
14029.1748079625
14029.1748084024
14029.174808006
14030.727872828
14029.1748079237
14031.0863173161
14029.1748079939
14039.2602504652
14030.7278706311
14031.4879712833
14031.3772127817
14029.1748080053
14029.1748080327
14031.0863174691
14039.1773398486
14031.0863175063
14030.3328506131
14029.174808
14029.1748079607
14029.1748079648
14030.7278728639
14038.1956870977
14029.1748079467
14030.3328449831
14030.3328477058
14031.0863174061
14030.3328478519
14030.7278728489
14029.1748080062
14029.1748078586
14031.0863165857
14029.174807952
14029.1748079327
14030.7278728266
14029.174807857
14034.5227851955
14029.1748079671
14029.1748071626
14029.1748080013
14031.3308011179
14030.7278728988
14030.7278727806
14030.7278728718
14030.7278728277
14031.0863174562
14030.7278727836
14031.3308012944
14031.3308013629
14030.7278728746
14030.7278728064
14029.1748080142
14030.7278727942
14031.0863182445
14029.1748080164
14031.3308012915
14030.9804888413
14037.9147559606
14030.7278728216
14030.7278728218
14031.3564571338
