# vacant volumes
14169.0842124387
14169.6851640561
14162.2938790534
14167.5512831048
14160.9496981362
14168.978691763
14167.8397654253
14168.9523563365
14170.2008961522
14167.1082374055
14167.4143119274
14162.5353852766
14164.809106961
14161.0293947645
14167.3222302727
14166.6349243636
14168.6423803668
14169.9207890248
14167.8910492756
14165.5589685428
14165.647255292
14165.1501708888
14168.6667451854
14169.409901624
14167.945862124
14168.190497777
14165.1141422079
14163.3154223204
14162.5923500441
14168.0148659622
14165.6540860082
14172.8283065293
14168.6419334738
14169.7467064977
14166.7742353429
14166.1306302266
14168.7824984391
14169.4010560196
14171.2032803746
14166.4434425647
14168.5990766301
14168.7633504443
14165.9455464937
14165.282572013
14166.5271378161
14167.154267281
14168.3964475026
14166.9745272012
14169.6105101218
14168.373737098
14169.5260968391
14167.1243439247
14167.733872715
14166.3703810758
14166.878101279
14168.3163772961
14169.1119342328
14169.1880179701
14167.09485125
14166.5739689357
14167.0503780809
14167.5200268627
14170.3973027694
14168.8899433233
14168.878401433
14168.3911302571
14168.147596725
14165.4153067229
14170.1540534534
14166.1308791541
14172.9378380566
14169.1972494968
14170.4313884872
14167.9302893768
14168.486061481
14166.7331582181
14168.1394752115
14171.5293673355
14168.8082592284
14170.5199461604
14170.2373931491
14168.3180356381
14161.4678582783
14168.6611805275
14164.9225355289
14167.2245963364
14169.5839809009
14169.3967506112
14169.5786935616
14166.6510766491
14166.9770970379
14166.5843001005
14169.8239283123
14166.8194659963
14171.5289037659
14168.564856145
14168.010279177
14166.1884098161
14164.9818003276
14165.3085939297
14167.78761415
14167.0972511097
14169.043837861
14171.6239417779
14167.486225554
14166.5458401229
14167.0713932932
14165.5687771516
14165.7893732368
14164.7553779228
14168.3623594963
14168.3062689987
14170.4066973621
14162.6801490434
14164.2333405302
14167.0328952806
14165.4633853977
14166.7296825893
14170.8380532835
14169.7237117097
14170.3429013136
14169.4296508768
14166.8414639866
14168.3422370339
14164.9671119892
14166.3516115213
14166.3571562048
14168.1256985779
14169.3624287966
14169.2124374964
14166.5104755223
14168.7711388001
14163.3220475523
14166.9561442181
14166.7862264619
14164.9081596701
14167.7648354899
14168.9916156435
14168.6388589805
14165.7945287393
14169.5879607804
14165.1879678784
14165.0766320972
14166.286513244
14170.1413268295
14166.4841079409
14166.6019974429
14163.3685046088
14167.3197160576
14161.4006453841
14163.9438454919
14166.4087447125
14169.7548422233
14167.6695696096
14164.2471718091
14167.6453262515
14161.8698437147
14168.1523259118
14161.7077960191
14169.9023834728
14169.4039800071
14167.3175144754
14164.0749382229
14166.3964569372
14163.2363785288
14165.8695413298
14165.2430317619
14169.6400134739
14168.0207816362
14167.7803092279
14167.0308777598
14165.6950043886
14168.5244278059
14164.0293672224
14165.0330151691
14168.4035247282
14169.6231339805
14167.6959684307
14168.1281835768
14167.005608646
14168.0585630556
14168.8358600466
14168.3961074581
14171.1203630498
14168.5707171644
14169.48863625
14166.323330732
14168.2300679253
14165.7833116361
14168.7843344205
14166.0441100426
14169.6320499281
14162.9216604199
14169.0222107531
14167.2208815557
14168.8025037627
14166.883735946
14167.546931367
14171.8512352032
14170.7974917869
14169.9336830696
14169.3802489811
14169.038996047
14167.7264810007
14169.8103655622
14168.805369005
14167.3349555739
14169.760870043
14170.6056334829
14168.6484939057
14169.8093314263
14167.6727570058
14169.1797097785
14168.2026290982
14170.1935174291
14168.5171336849
14168.7377733435
14165.7287748505
14169.0387232451
14166.6017122693
14167.8769542803
14165.1552217884
14165.7323466668
14168.4812941666
14170.6315351741
14166.7120841544
14165.8258155511
14168.4551488419
14162.7257469709
14167.3495649047
14168.1990723243
14168.4108735042
14167.5829353987
14166.443553987
14167.4343843494
14168.6050748404
14168.2027278313
14166.4135854952
14166.2206540856
14169.4277550944
14169.894625013
14167.6737537667
14167.3041393895
14167.0524980805
14168.4996273221
14166.9835449981
14169.415593154
14164.8149806455
14169.8977338115
14167.4440452357
14167.4975064485
14168.2346685829
14169.5923103143
14167.9743851576
14162.4946271563
14168.6747286331
14167.5514386211
14167.2597979516
14166.3661421333
14168.9783477836
14168.3053030918
14169.6767373767
14163.3105696757
14162.4306886449
14166.2389802277
14166.9491743275
14167.7077806857
14164.6955393281
14169.0923207402
14168.2425848452
14166.0499072325
14168.4748126672
14167.354110624
14167.6343976367
14167.7392861224
14164.350699294
14169.0675519579
14159.0458501928
14163.0132590574
14171.746515666
14167.083890813
14169.9625732968
14165.3769006185
14165.8794652679
14165.0701863635
14167.9176401435
14168.5546342121
14168.2513000385
14168.4796991278
14169.4252318213
14165.9753760226
14168.1110903353
14163.8330462632
14167.4964668546
14161.2349570979
14171.6888352152
14168.3861329107
14168.7779392569
14168.4534615833
14167.9214236476
14166.5537664065
14169.2634715659
14169.8090065584
14169.0139603224
14167.6656101334
14169.5701076879
14168.9701489509
14167.05379893
14168.2726081887
14169.0313197809
14167.9473834866
14170.1217078881
14168.7026205128
14167.585325936
14168.623831085
14167.360883799
14167.2818744493
14169.1232924492
14168.3358128961
14167.0739726428
14169.6359832652
14166.5123016942
14167.2240775637
14164.2036466482
14167.2356216186
14168.1031572971
14171.8334364923
14170.1105755877
14169.047804272
14167.3381321696
14165.2086304025
14168.1660747809
14167.8885094177
14168.5575758355
14169.9553043481
14167.0722722103
14168.7827497162
14165.3999826502
14163.3525811635
14168.4134154047
14164.1584227003
14169.194788881
14169.1598617334
14168.5818112371
14168.0418577197
14167.7804376677
14169.5927303073
14165.5395558737
14167.8183721579
14168.1896568909
14167.5791627133
14168.6919370491
14165.5449046717
14169.2406790824
14167.2724661481
14168.3483423891
14167.7075864337
14163.3430023267
14171.1005961054
14169.4769052186
14164.0108823729
14165.322040247
14169.7996595364
14170.5539133063
14166.2040932335
14169.8517930843
14169.3612692074
14168.5381588786
14166.7334698747
14165.557419784
14169.8055230952
14168.9190760417
14169.3721884772
14165.2774136753
14168.9644055978
14168.6316156362
14166.8514852833
14167.9352617786
14168.8244517743
14169.4479423454
14169.2343990671
14168.888650477
14169.3709799852
14170.2897270366
14168.7394924581
14167.4504637773
14164.8422825601
14160.4712830985
14165.7830627575
14165.6524676521
14171.8898079897
14171.3132314718
14169.2405311237
14168.7024339542
14166.7200953996
14162.8258878709
14164.9256960511
14165.1570610788
14166.4802636721
14168.6083179316
14169.6458252657
14167.1972683994
14163.5281352187
14163.7895443788
14165.4267759764
14164.3226925955
14168.6581711185
14171.0631483911
14169.8738649514
14168.3608150988
14166.7523435547
14169.4696533695
14167.994404299
14167.6643464087
14165.979013589
14169.3773111162
14169.6581369958
14168.8656882578
14166.2385993077
14170.0347948982
14166.8782757211
14168.4265159545
14167.8599567848
14168.1483473278
14167.8635767836
14167.9578868929
14167.3262949693
14168.4118445819
14166.6067140318
14171.9638627788
14166.8406504555
14170.188816886
14168.7654264992
14166.7172774565
14167.2890701165
14168.5718265071
14168.6745294252
14171.395376391
14170.1046674641
14168.4674123424
14169.3116687678
14167.1466546282
14169.5457035332
14167.635397517
14171.434842319
14166.8591545236
14171.4068245119
14169.6346174436
14170.8579567858
14162.3232871622
14168.8292911172
14163.8105759489
14167.447036095
14166.3075009622
14169.6837666888
14169.2795867363
14168.651152794
14166.9785024511
14166.507776805
14170.1971774992
14167.1183364006
14172.1947589535
14168.0110837317
14172.4253594824
14168.6358809596
14168.4317366989
14166.4844631489
14168.7060372384
14162.4185014579
14170.3319724338
14169.1710670745
14168.3916032573
14169.5608768813
14166.4150994396
14166.3318237938
14165.2355383866
14170.7837797782
14166.4547574366
14172.993992812
14168.912721257
14169.229480021
14163.1880886922
14170.768204646
14167.6146859423
14168.8014582607
14169.7474016295
14170.0955386738
14169.6128917072
14167.9374451736
14166.7814868946
14162.5086875395
14167.9769152947
14165.5440041679
14168.8985836607
14164.6282581359
14163.0074803796
14168.6792752858
14164.4890202391
14163.2587513396
14166.4014898737
14165.4007616823
14167.9168511735
14170.6087378212
14169.4522378058
14168.4625531533
14167.9484316229
14163.3200241741
14163.8271975136
14166.9493377671
14167.4975194185
14170.3280308963
14167.435946877
14165.9213138924
14173.6242513204
14167.5089994686
14171.9689815565
14166.5631040642
14168.5011260447
14166.0685286214
14165.9818609342
14159.2382640773
14158.9901211044
14164.9301258782
14166.4900462755
14168.1301343005
14167.2754601972
14166.4604464135
14165.2622646061
14165.1138672732
14166.1650854601
14169.5228323203
14164.1254089342
14166.6051110695
14167.8461035646
14166.9338382696
14169.4893460316
14166.9507102851
14160.9715294201
14164.0055665351
14164.8269015514
14167.2420291895
14167.0534219926
14166.9197958528
14165.8230170946
14166.9664427174
14164.6706640529
14167.2176016824
14160.6630066519
14165.7551816098
14166.8947555006
14166.818947092
14166.1454223396
14167.3327407201
14163.9665224205
14161.8984803168
14163.4351339714
14166.9278613371
14166.3432816106
14165.785287322
14166.2283518555
14166.6201613052
14165.1313877568
14163.0404415981
14177.1682515477
14162.570716612
14164.3168836867
14166.382656781
14167.2073383569
14162.3100463923
14164.4956847584
14165.533354819
14167.951729586
14165.2586553228
14167.7730246519
14166.2610954792
14165.2252863354
14168.0671130898
14165.2456983023
14163.6122298045
14162.0816790644
14174.7435757515
14165.8964237082
14167.4188255629
14167.9831015
14168.9999423767
14165.7794733943
14166.6871381613
14165.6569219551
14162.2668873398
14163.6233569599
14167.1332074778
14165.6551921763
14165.8237151257
14176.2364497595
14166.3291266675
14167.851583854
14167.4018913077
14166.8867006046
14163.9027058994
14164.0480272841
14170.8985531381
14164.1734755696
14166.108519819
14164.871507101
14166.6534896349
14166.0286909007
14164.1851261089
14170.2461588155
14165.4424944046
14167.0922546647
14167.5743958964
14165.3379663646
14165.4907756846
14166.5141217456
14165.7100132249
14166.0513129177
14169.5704397844
14163.485808145
14164.4240975795
14166.6649017778
14174.1640558201
14168.3559813083
14165.494942047
14166.7581984032
14164.6312296476
14164.9338373832
14165.8473168435
14160.7051684668
14166.9139769213
14169.1435611674
14165.7686459833
14165.8726459166
14167.2212644497
14162.4298803922
14162.981377931
14166.3546737445
14165.7328216264
14166.9319426748
14166.2478663611
14167.7733692046
14160.2357092803
14163.0406099133
14167.2171553785
14161.6306005643
14165.7924537207
14166.4128465424
14166.7627778809
14165.9685215227
14162.2825172282
14174.9476423449
14165.7687899621
14166.6401463395
14165.8690328682
14165.9998625268
14166.0289550414
14165.8490268878
14160.4133771599
14161.1162293837
14162.6796774985
14166.6448526831
14164.409075717
14165.7956728191
14165.2117111766
14166.4401679305
14164.2258293402
14163.9095513548
14165.4702522879
14167.2854265538
14164.914953287
14165.5346090757
14165.6652307569
14165.5477769563
14161.0342329061
14165.7412042443
14167.0153651413
14176.6001520704
14165.7527986818
14166.9193759905
14165.9656982587
14166.7161492917
14160.8537256064
14166.0907093631
14164.5509398276
14163.4313702811
14166.8558248006
14174.8492963031
14166.137468841
14164.7411583385
14162.1129813254
14166.86344983
14167.687676998
14165.2175429186
14165.2390262434
14167.0921352364
14165.4967211827
14163.9068997466
14166.2410519509
14166.0899859964
14165.6823134671
14165.8382212393
14165.9702373682
14166.202088789
14165.1639038821
14166.1114098439
14168.0772321421
14165.3082886202
14165.3797331336
14164.85217379
14164.7647405351
14163.7853044703
14167.2400866006
14166.3674417602
14165.6567844389
14166.3375120248
14165.2693190183
14165.6327915313
14165.2775072373
14163.7222127851
14166.7117728042
14167.1583884043
14167.7063185566
14165.9067778074
14164.7305067116
14164.8554075644
14166.0040799468
14163.5413723888
14163.9966953005
14163.6913030279
14166.199317036
14166.935038282
14165.9285030951
14165.252840075
14164.5504072544
14164.4231292466
14162.0473462006
14164.0513173199
14163.9456673953
14165.487546746
14173.8208006145
14166.2118274747
14165.8698909672
14166.6683190405
14166.0846939237
14165.0853055349
14167.0390769274
14166.3600678123
14163.6844330785
14165.7621707237
14165.92788411
14164.3593610811
14164.9369941842
14165.2313555149
14164.404967943
14167.3636573228
14165.3095328127
14166.790640535
14175.3351849511
14166.8424039253
14166.7665418068
14166.6093468464
14165.474706407
14164.3585959489
14167.5708818675
14166.5098356599
14166.8722012321
14167.349542122
14165.7270701804
14165.577845817
14166.6910791166
14165.1648140468
14167.1134447694
14167.1032635298
14166.3361531195
14166.309930111
14165.3344620666
14164.1244115993
14163.7173448183
14163.9079269219
14167.2683330947
14166.5776357745
14167.4114941964
14165.6691569785
14165.0937433666
14162.6852736482
14163.9095499968
14164.5837841798
14167.8264590965
14166.6710186186
14165.7326870701
14173.9334474673
14165.6668758049
14164.6557377439
14163.4291332598
14163.1631246775
14166.8639446964
14166.6673471122
14166.8642368411
14166.1282006259
14163.8825349897
14168.2297488148
14167.7141138888
14165.7425108833
14166.7030589739
14167.5357879945
14166.9314228324
14164.9021053655
14165.4997761039
14165.2267321919
14168.227211048
14175.767145429
14165.5327228411
14165.2114639794
14168.1620886877
14165.5162304339
14164.0813080734
14163.6869155179
14168.1870909302
14166.9622466835
14167.5246880301
14166.1800105384
14166.5945363732
14166.9998284858
14165.3742655405
14164.7274149172
14166.7421083843
14164.1911531902
14168.2737757382
14165.9347997705
14167.078049668
14166.7855602018
14164.3292715803
14164.7881921439
14165.5845985917
14166.8904985612
14166.6248560709
14167.5583251711
14165.4375863885
14164.6204702478
14166.3587914907
14165.9754135146
14170.8933027629
14165.3343390575
14167.7024122571
14167.807591249
14166.4173251412
14160.6956011474
14165.8133026985
14166.9184347177
14168.6677253903
14166.8553566245
14165.2023627975
14166.1957494583
14174.3439341607
14164.9681926346
14161.5920612976
14161.2640882179
14165.558713348
14166.115331278
14174.1374611108
14166.8966940728
14166.0132824924
14166.7565980619
14158.5061739151
14165.238022217
14166.0649928532
14165.9933225716
14175.379502517
14166.653088752
14165.9956576932
14166.3668752211
14164.2065574886
14164.7117111544
14166.9816212845
14165.5635869036
14164.5731292596
14166.7631839696
14167.019751187
14166.5291594542
14164.9375126293
14162.8657365131
14166.3986061242
14167.7480411188
14165.2018928108
14167.1086347124
14166.2988808457
14167.7198784304
14167.5851102765
14164.4593099759
14165.6879951596
14164.6255056729
14166.4183601248
14166.8595009532
14166.6503562257
14167.1931841671
14164.1510413885
14163.1182431032
14164.9634564891
14164.4188446697
14165.7619290838
14166.0139525175
14167.0036331902
14165.4933587148
14163.4933779365
14167.0572454227
14165.0278592823
14165.0342727184
14164.2960260855
14164.8990783215
14165.0925574746
14168.9573897883
14166.4709077115
14166.7968815728
14165.6837300851
14163.8167346968
14165.4504303615
14167.250647835
14167.7200275755
14164.2440005351
14163.7015125002
14165.5844340043
14165.7493516786
14163.4995658309
14164.0642480713
14166.157072913
14165.6233145505
14167.296663854
14165.7277203531
14166.1006225571
14166.9537112597
14165.290190387
14163.7730103273
14166.3610869175
14166.1716279621
14163.7100250941
14163.4051621187
14166.0674660631
14166.640564691
14164.5447083419
14165.216764933
14166.2628559489
14165.6080991837
14166.7792559883
14166.1105841331
14166.9511420777
14165.6224553158
14165.837018325
14166.8542780347
14164.4897866361
14167.4596618651
14166.9441400074
14163.8297449067
14167.445769729
14165.9192781707
14166.4388406543
14163.4584280569
14162.6545180136
14166.8797262405
14164.7318918418
14166.4455222302
14166.998437774
14164.2204557407
14165.3016508452
14166.2730878884
14165.4242256193
14163.9400016641
14161.8950386692
14164.1896686217
14164.6248635156
14164.6410730339
14166.5806000788
14164.7088196283
14169.7554002055
14163.2446988318
14165.5014958662
14164.7965868289
14167.9905451902
14164.6335079739
14165.5766011575
14166.5433034446
14167.0065072847
14166.1255783891
14162.6819546429
14156.7179939001
14167.1104877044
14166.5238009473
14166.1499170911
14165.2377843979
14165.3800643177
14165.5610593685
14165.835953021
14166.1814756461
14164.8542081861
14165.6021161172
14164.9258038152
14165.7485998062
14164.7707274686
14167.3087884321
14163.8946869812
14162.2273093142
14166.8590859097
14164.3842159653
14165.6042520164
14165.997073238
14164.749404126
14165.3294814139
14167.4243535604
14166.8805187887
14164.8089737122
14165.8195996154
14164.3077126043
14164.604787466
14165.0000661444
14165.3227738071
14164.3086676951
14162.8725381765
14168.3003967621
14163.7882585719
14164.7608917409
14164.9355340362
14163.9273094393
14163.9836902826
14167.0594480781
14169.8722733977
14166.2828656851
