# vacant volumes
13298.1395656824
13308.6391487557
13326.2914923584
13288.4201328809
13330.6023782595
13322.012805411
13319.0823193927
13322.4506309802
13329.6700017228
13317.8623415553
13321.2752633219
13318.8929296595
13298.5953438269
13321.5888721625
13313.9095112406
13300.575530413
13324.3153401311
13323.9764501547
13294.0380855711
13292.1331935908
13289.1555672404
13299.5663228794
13316.9944177879
13322.9834309697
13325.6647909798
13320.0747917598
13322.0876431715
13322.9909437448
13324.9449050252
13291.5107073096
13301.4255180224
13321.5941640501
13321.6788940593
13323.7020080369
13293.6417737791
13327.4041336994
13299.698091727
13320.6415255154
13301.5879472192
13304.2291491816
13315.7490872413
13303.3971892821
13295.4291163691
13325.9417317721
13318.2538325432
13315.8455907787
13323.7092278154
13302.0362409167
13321.0821147235
13320.6439244105
13319.0040375849
13316.7284695701
13320.8059146548
13319.4151424215
13323.4934340894
13303.7434417622
13290.7402857253
13322.4146371908
13321.0942656598
13326.8138270982
13322.0998184457
13317.9544585148
13324.8561126253
13323.9414748021
13323.9198360968
13293.7575119948
13325.2445650364
13318.9202396783
13316.728469309
13322.5041562254
13318.7321334381
13322.5850268551
13319.9708001404
13318.663982972
13319.6099882233
13302.797557797
13323.9980153871
13325.0957866587
13316.9936327124
13325.2759282811
13321.2356506804
13287.6874902627
13316.4587587736
13318.784772218
13321.8604438632
13317.6169213561
13315.7184079444
13321.3665408848
13322.2701082516
13318.5851997139
13318.1637908611
13315.7132335679
13323.0896217017
13324.2471906407
13317.6605900526
13325.6730287569
13294.9303154777
13300.2677501597
13297.4325009257
13321.8416255636
13317.9730596385
13320.208733124
13313.879350268
13321.5410005194
13292.1940087077
13287.8350151235
13289.3828945815
13327.1248137179
13319.2953927983
13327.2892572018
13323.8177535158
13321.2001703018
13321.1914280551
13328.4131340567
13328.8920232285
13320.5256922188
13319.2317827435
13325.9123917907
13318.8985699808
13321.1559802123
13321.9465504741
13288.2119572553
13323.4487783331
13290.0792152081
13314.7849293603
13315.8287864283
13324.8459892399
13321.3879641194
13322.1623531323
13301.3039277964
13323.2300557491
13322.1721121547
13324.9881900411
13318.3706720197
13326.0325220011
13319.2843267297
13325.8394198672
13318.6265123048
13298.136345726
13323.271447997
13325.2525561807
13324.2163960808
13325.865911728
13321.0415428647
13324.0969503406
13321.9363249582
13329.1034674584
13320.5694470905
13328.440941857
13315.4912703988
13324.8446690352
13301.6504436949
13329.3262819707
13307.2607563407
13327.4650520179
13322.0098635659
13322.4196921984
13325.524014807
13304.5796253011
13325.1056058232
13323.0695563176
13294.7453055985
13326.0303251079
13289.6850968195
13322.5105541411
13289.6881703878
13282.448178445
13323.3026860385
13330.4842653185
13286.2252540458
13325.2901464239
13322.2440730598
13313.2951156883
13325.5324810495
13300.1877150947
13324.571900126
13295.0407791638
13319.4581995971
13322.4510827255
13321.3199208095
13323.9833997079
13324.1327366044
13321.3938183581
13325.008675594
13328.9007636139
13288.1671109168
13322.1344980228
13317.3457213617
13286.6006586676
13325.1751267032
13322.3154833351
13321.9280031163
13326.1207105409
13320.5822452248
13317.307644633
13322.5145287208
13328.2358367544
13316.9091045898
13319.2078361524
13296.9316400234
13330.7716433808
13320.9682380322
13324.4401948605
13324.5095472274
13318.6001471355
13317.1959581826
13315.6092741268
13283.8827060059
13323.5249990634
13321.1368288294
13324.8213537579
13322.9486709011
13316.9091045246
13319.8581735668
13321.8715488556
13276.5753294531
13322.7497316501
13322.8171909098
13324.9642382814
13320.1808144435
13323.2350591077
13317.0522224911
13269.6268174185
13252.2430419647
13321.5181045524
13319.8032279181
13322.9985589902
13319.6896013896
13317.3465774306
13314.1268271493
13319.1224827861
13274.2082153122
13325.6669140531
13323.7873178675
13323.8633686211
13320.8712089957
13321.4569120632
13295.121830654
13290.6237199608
13291.6022756983
13321.4232148998
13320.3606990152
13320.3402943865
13298.8034310548
13291.3486719651
13320.7676532449
13321.0476045809
13322.8578705226
13324.2834487643
13321.9378830842
13322.8684079974
13320.286867999
13323.8235637139
13321.8454815033
13320.8452320376
13321.8171654604
13325.2455664698
13302.9174772198
13323.5380340749
13298.2986880967
13326.1838912717
13299.81859048
13294.755310544
13315.5086001155
13292.6663108596
13305.6448160636
13295.8959146425
13301.383784012
13281.3974414747
13307.8484840255
13290.7321480094
13326.1709834502
13320.8023254712
13301.792958678
13320.3407508849
13316.8540720707
13324.9202634618
13325.4625341488
13327.0689958372
13326.2775606954
13304.680557974
13292.5172553338
13302.368160779
13319.9399905264
13301.5409609092
13314.7412318203
13317.3777714841
13323.5614879345
13322.0653698817
13315.4162848672
13317.257053586
13327.8373764014
13325.9289837616
13324.5986780229
13312.2622669349
13323.3009787661
13323.3965183134
13323.1364880844
13319.4223967255
13321.4479138154
13303.1187319154
13328.5866736169
13311.2121254287
13302.6851351353
13324.0002658763
13320.8226406775
13318.8010663
13325.6967604246
13321.1565046456
13320.6627597858
13319.9256497129
13314.4007869146
13324.7047244086
13324.8710979855
13320.3969097305
13301.1015428357
13301.7565135118
13280.0712743928
13319.1999308069
13317.0387252745
13323.2276501877
13320.6232941022
13322.805986085
13319.3463082803
13325.4315954231
13285.6366119192
13282.2463168239
13242.4204869583
13326.1528957571
13320.7913749354
13324.523810441
13297.1199411173
13319.7256448267
13284.6204397253
13309.1239169965
13290.7147614034
13324.0637489114
13322.1833384731
13324.2282050065
13319.6965956653
13324.7528326935
13279.4651454199
13321.6046400241
13305.2977362874
13324.9065530147
13323.1591398445
13324.5240287302
13293.0103427357
13281.5650040925
13323.1600729527
13313.505804825
13321.2150838513
13325.9735431158
13322.464129827
13325.09746225
13314.3820298517
13317.3371926484
13290.8463799741
13250.4896925798
13324.9378661211
13310.9702424487
13295.6997989559
13321.5122411014
13266.2733174355
13256.7644052444
13324.0723672186
13254.8822471117
13287.8328407204
13325.3798848295
13297.3117618198
13317.9688528942
13297.7747612059
13281.1955365845
13272.1849464366
13317.0141758947
13325.6376154029
13301.4532086559
13286.6752427146
13292.2202944981
13292.9548350377
13278.2871490866
13322.1486161536
13313.833735261
13314.2371351338
13285.9749704061
13299.8500931921
13283.9302635359
13309.7533143681
13295.7948531152
13290.3152804274
13305.6289302369
13324.2591002114
13287.7338319492
13297.5351866306
13287.2090357191
13295.1867575923
13323.2556664473
13327.8044772525
13311.28139243
13325.9510621832
13303.2060079496
13299.1390427757
13294.2207744267
13292.8162671007
13296.0361767287
13293.6592152215
13324.1353061035
13325.7417956338
13304.3413643097
13297.5119590896
13299.5855138259
13289.7174385094
13292.7064782033
13295.9250192515
13322.3035934773
13325.2246846822
13300.7432804413
13319.0052493074
13317.6969468891
13296.5162811203
13326.7175349917
13286.7269160127
13298.3693413994
13327.4575497979
13298.8691449165
13315.5907082473
13299.6357971926
13326.159163173
13325.3141335647
13320.781961221
13298.799927302
13316.1585417339
13325.788263583
13322.3025773549
13324.9014929244
13286.8473850688
13317.6111271521
13277.1322858204
13284.4432197001
13320.5207407795
13324.5290956056
13318.4827174569
13326.0058696477
13314.3279762777
13318.3823953309
13312.9738543718
13316.9643623093
13323.4537711923
13323.463964547
13324.6344757339
13324.7100191995
13298.8734343281
13292.3955207711
13318.8559790315
13282.957977885
13272.2674802128
13325.3402100484
13324.311912847
13290.572744307
13319.5660804073
13275.493596533
13316.5293889625
13320.1416947976
13321.396028106
13327.9884872854
13323.2972655364
13302.9724756797
13297.8405843313
13297.0196562479
13319.4817396909
13307.1638522576
13314.0190571309
13322.0299703223
13284.9145912912
13321.5669989403
13313.1568073125
13318.8525015058
13323.9152275244
13314.1401247511
13323.2105768027
13293.4009009025
13290.8264445001
13284.2442730324
13324.8550977322
13297.0750647902
13337.397943832
13325.323244819
13309.7741431121
13297.8101213778
13286.1800904297
13297.4105306989
13321.2515076092
13324.5131199894
13312.4439800908
13321.3228270363
13325.8380411429
13313.3786168499
13279.56546019
13293.0346430391
13301.5883314067
13305.7256509526
13324.1044031013
13321.9451799125
13333.3920852996
13323.9851789819
13288.8922074948
13293.6321343359
13300.1864946564
13309.7141129102
13336.7000850708
13335.9939898548
13326.5942570203
13323.4042073559
13325.4954394774
13323.9196242505
13321.8746755556
13319.2009708637
13321.8170414827
13314.1443522352
13297.2219736593
13322.0532988337
13300.4250620412
13321.0317694891
13321.3897433625
13313.7453415272
13317.398463837
13293.3614187113
13320.9046319684
13319.0194649756
13324.979719292
13320.3239082999
13322.6992464548
13321.7385901943
13316.0731853106
13315.2744794693
13316.2602842624
13301.0294629243
13319.6513537659
13316.0772298493
13288.9577662567
13321.955803286
13302.1201295424
13324.3782176215
13325.4007529479
13323.6700443605
13332.953037779
13325.7117113615
13322.1471175655
13322.6583246002
13290.5251163596
13300.9207776881
13280.6096591505
13323.5343098245
13324.5797351162
13320.6760289603
13310.9660977786
13295.5272199147
13322.2302625002
13331.149455984
13320.1824535591
13304.3244400582
13323.5211963994
13323.3142528688
13320.6369038794
13326.1545619639
13319.5146085358
13277.0151182727
13289.7079887892
13300.6486826054
13323.3758032246
13318.4982324165
13337.949138161
13326.8837549221
13298.4957714521
13320.4188878679
13294.4069276679
13322.5979988839
13321.6337508705
13327.762338924
13302.3214407337
13322.2963884345
13301.1103914289
13285.427793564
13292.0625139672
13301.4077770988
13325.9910237347
13320.8669104085
13327.1334002258
13319.0465845184
13302.2756051168
13296.0638515509
13301.0917136403
13321.5818392282
13318.3155257893
13297.6917173578
13315.5195460934
13299.1210701957
13297.0304352435
13294.4419175795
13300.2992415157
13325.6205226969
13300.0603112557
13296.6790961963
13297.7209113861
13319.7266217005
13318.3654755142
13293.8013695276
13292.7183921992
13321.366759046
13320.779336426
13311.1162132817
13316.9118501146
13290.5533861046
13319.6112466815
13300.022070531
13317.2676551664
13320.7616701843
13326.8297858987
13324.4617818912
13320.6924170374
13327.5073087645
13294.3445717792
13324.4086438805
13318.8891599247
13320.0362961828
13324.900665233
13316.5987588528
13318.330204094
13321.9078716989
13320.0018771323
13315.4563536223
13323.2278120475
13292.7497884151
13319.0152621341
13324.4543159864
13320.2962090882
13322.9622223934
13313.8966793008
13321.5524674849
13300.0863121193
13320.6285612268
13317.8886383316
13326.6060203358
13290.1382373663
13304.0861559097
13320.2445254037
13327.1981990898
13319.6263866587
13323.7283615719
13324.834239268
13325.4155118552
13325.9084529841
13317.282004597
13319.1643968135
13325.3537058166
13320.1562430301
13298.7456672394
13322.8716761219
13298.596038593
13320.5384662884
13300.4387286733
13323.2165357699
13327.7260289232
13317.0905613615
13320.9807231424
13319.8062794921
13315.2668979862
13312.8705043725
13321.4597492411
13312.404152038
13321.0093339496
13317.0244133538
13321.4430803924
13321.230988611
13297.4579817365
13330.7906659372
13323.4258715406
13322.1814373959
13323.824224075
13303.4529969095
13320.7386430448
13316.5662432629
13298.0308552712
13326.1400137203
13318.3808439192
13319.9548736085
13293.6088616079
13298.9707776042
13320.1152352846
13324.165902507
13320.954414973
13284.3968813186
13323.6023934333
13304.6922822966
13299.410612946
13300.5785331119
13311.493963164
13316.8956112874
13314.8746886965
13310.7757189666
13299.3118207179
13299.6096854571
13297.4494233258
13290.5768188241
13320.3979597313
13320.8419564261
13289.9098340489
13323.3453241072
13284.396881116
13315.9807222248
13292.178462764
13318.4600975452
13289.0684055471
13250.5117953867
13318.7863490366
13312.5347463847
13292.4226777633
13315.6816115654
13322.0039329163
13317.0274954522
13324.3423017773
13276.555228527
13294.6203811969
13323.6171667002
13319.4726589941
13294.2621744156
13321.4828978188
13302.2477849013
13269.4635033645
13290.8876080396
13288.1054353805
13322.5794828009
13321.0298345775
13315.7081103002
13314.7538276773
13322.4399576258
13326.9912265211
13318.9262756132
13320.3899680457
13318.5604488593
13320.1523122744
13322.0565354097
13312.444834313
13316.7833905448
13285.3009982023
13322.0901784179
13314.6258521627
13323.687198339
13281.5927353776
13304.1439352634
13326.5525172871
13323.476846273
13323.3364005664
13324.6364599313
13328.2305015887
13319.6054308412
13321.6358557581
13319.6096035527
13324.4464297671
13318.8363132706
13319.4204381135
13320.9950714586
13321.7705858509
13323.511495385
13318.5581428899
13322.9309335874
13317.640201159
13321.9488873087
13316.11589337
13323.4231409145
13320.2655059661
13328.3026947189
13318.8487701974
13316.924925896
13326.7557957528
13322.5540592594
13317.1734244455
13326.421887332
13320.5306946762
13324.600335527
13318.9126100234
13320.0008685878
13319.8724238773
13294.7358466383
13321.5652597219
13318.4600796044
13315.0509471349
13297.0047613468
13314.9789770119
13323.1956662522
13323.3328002188
13320.0633564021
13297.1578734972
13317.5357045523
13296.3740197439
13326.6708630302
13297.233656276
13324.1551941123
13318.8922229912
13318.6250145114
13321.365919184
13318.2347396772
13320.5187058346
13278.4963631495
13313.6572971803
13310.6088743093
13317.3275919232
13318.6475118235
13316.3092500741
13322.1498730846
13301.4204073836
13321.3000706627
13287.9481427809
13321.7214125064
13324.4720965474
13324.7273900854
13311.5680895877
13291.7910029091
13312.308401811
13289.7208284577
13306.9378753543
13295.5289516788
13320.4515407061
13319.8445662457
13297.4342542734
13292.7321408165
13286.0592434168
13294.1156739305
13320.8116275793
13316.5966799461
13325.7322709455
13322.6613971459
13313.749851041
13291.4443871251
13321.9668927137
13296.1647604725
13319.0449568921
13321.4453743905
13302.7792757492
13317.3342794013
13288.5562483504
13315.9565786144
13293.3823080266
13295.4802700533
13316.3142985546
13302.4745684495
13323.3740314631
13321.3144679185
13309.4828998316
13312.4920315466
13286.8234455603
13315.7786202388
13317.6772926489
13323.6773094214
13323.7836786107
13321.1956887202
13314.9397383152
13288.4240459496
13317.6397787738
13316.5563722043
13322.4791840529
13323.7175580642
13307.4092272708
13308.2713913865
13309.2186457579
13327.0519672605
13318.8408172467
13326.6123814818
13314.9732656346
13321.4646279657
13325.7911478545
13318.9294820093
13305.289476071
13251.7202565861
13317.3314415928
13324.2730802323
13321.9610325636
13304.0552721492
13324.7131939499
13317.3469299039
13245.8350964081
13322.3364474234
13297.0349004354
13323.6329170555
13322.1029410559
13323.1914986052
13325.7128379289
13321.3021645649
13318.6527920724
13324.4273019752
13299.9849824683
13324.0854440299
13320.6243569488
13317.7444193023
13286.8539916053
13313.8906199235
13325.7400998669
13325.7160185268
13321.9908896252
13311.9256930504
13317.2867420974
13311.1414030673
13324.5664820225
13281.1115149165
13312.5139327354
13326.7712693289
13318.2795653662
13322.4466188381
13305.6274320808
13320.6262345058
13314.6633542505
13299.3873979745
13324.5084515306
13323.5288053421
13322.0208493219
13324.7286360431
13319.5124192114
13323.947254698
13301.8463060811
13317.0534061999
13321.469667489
13324.2128003617
13322.8043269489
13323.5020472488
13311.5737480741
13301.2567475024
13304.2513604945
13290.1063344158
13297.2464392581
13323.4773147169
13324.4957797431
13323.7079278723
13316.8937649375
13324.6657587038
13325.4826975037
13323.3944439749
13323.1592799411
13323.6532247144
13324.2690352239
13296.2924041479
13321.6103162461
13314.9883335348
13317.1895271621
13297.1136817788
13317.2224636821
13314.9786044652
13300.2433948793
13326.4648297117
13320.9486082053
13296.7021282954
13326.5276273017
13321.4421825959
13322.3777474893
13296.7498285566
13320.5601285143
13328.8478122073
13326.666301635
13319.3346079085
13308.4937504893
13298.3255799336
13281.2822127467
13295.0000876817
13297.8223155104
13294.5822677745
13298.5500690551
13290.203743517
13321.0993313145
13320.4344912015
13318.1574184853
13301.2463331771
13303.1870958765
13323.7603189232
13317.560150612
13324.1825833573
13323.8905813632
13291.0465376647
13288.6971217463
13302.1884847524
13290.4731421897
13323.7003605672
13287.9415053034
13324.0099021263
13301.6923443212
13322.2353800665
13318.4512959305
13325.8984236237
13300.8835887494
13303.6886512914
13316.6290454711
13305.0330002827
13296.9564376634
13298.832232366
13318.2642524213
13327.0321045646
13317.0295365725
13286.5212329651
13313.6625458485
13323.2855422574
13317.6881845971
13322.2220873072
13318.0055285345
13321.558111437
13316.5510546363
13282.3914753095
13281.9311480906
13299.0617976423
13288.1936026736
13318.0749949155
13321.1696167811
13323.7906254629
13283.1182229202
13325.4594294003
13287.825701325
13298.3569573535
13300.5772297644
13314.0969280281
13325.287637014
13321.8265562448
13288.9274187841
13300.6139518766
13320.2605464278
13323.8812892366
13311.0450906492
13295.1892284491
