# vacant volumes
14159.9139168702
14159.393737054
14158.2045839967
14156.8220616514
14151.1330145435
14156.4670167315
14159.5650405424
14161.2300294519
14158.7336936268
14159.8131225459
14150.6548414089
14157.5330579065
14150.2424173813
14159.0074988277
14153.4258631751
14161.5581409795
14158.4581518394
14159.945050923
14157.1113986628
14156.2131419123
14154.4569780014
14160.8885079061
14153.7308038982
14162.9899659834
14159.7626998166
14160.5570538804
14160.0651200738
14154.5511031786
14157.0749608466
14157.8683301685
14161.8511285465
14160.3990227358
14159.9873168712
14157.0685679506
14159.3072613185
14155.1424400409
14158.0230635995
14155.3902619211
14159.9393875291
14160.424793235
14159.6921143498
14159.6958274796
14155.9712375947
14156.956269945
14154.161599131
14158.2443326384
14158.1855424378
14160.0383449754
14159.8860905148
14161.2056653777
14154.7805516092
14159.8121505859
14158.3845205612
14158.1970519803
14160.2639296704
14160.6296549139
14161.0221973762
14157.5168706689
14158.2219836405
14154.8326845664
14160.8991831721
14157.7710019815
14162.2355614587
14161.9852364068
14160.5998787329
14158.087349263
14158.5969481216
14156.1504630989
14160.3395977539
14157.4485964082
14159.508578168
14159.872603003
14159.5128270516
14158.7348191699
14156.5059769843
14157.0980633236
14154.8104229963
14161.3984705833
14159.2558363261
14158.1494422895
14160.774661033
14159.5858001105
14155.819702414
14159.7923604486
14159.4894391705
14159.7301472791
14156.5327455864
14161.5199249104
14160.2672242906
14160.2868571986
14162.6201101994
14155.855512768
14161.3565618367
14156.91222625
14161.9473053777
14161.7820917273
14159.1437229911
14155.6079259863
14159.0787342944
14154.1655675613
14160.8632101748
14152.7433418652
14156.9257772479
14160.8007827943
14155.872215579
14158.4543831754
14157.2380464671
14152.8984997479
14154.091468224
14156.2389813766
14159.7291068191
14160.71276391
14161.7061940194
14155.9551723442
14159.1587808879
14161.1102565297
14158.7607912322
14159.2252223246
14159.9034577695
14160.3792428717
14160.8249697514
14159.4696809934
14156.3474014334
14150.5896508552
14155.2228151938
14150.6885748739
14158.08010267
14157.1092167452
14159.6397394875
14162.0509614773
14158.0764273514
14159.5214013466
14155.2947426589
14154.9959644354
14158.5661321606
14161.7629546394
14160.9397837742
14161.8129235936
14160.089386199
14160.8641948688
14154.1611477622
14161.2104208413
14155.5251515649
14160.8773169942
14160.4819052099
14159.49004359
14160.2209737913
14159.7630585612
14153.7542172634
14160.1507422156
14156.4414412584
14160.7633177444
14161.5406390276
14162.6660628454
14160.6062990362
14160.5574901546
14160.1167809779
14161.3010754436
14160.8968812356
14160.7391691962
14160.1770428222
14158.3677391639
14158.5994423007
14157.9800124692
14157.8436907495
14159.0393607507
14160.8206538635
14161.6562997964
14160.3362804799
14158.633642152
14159.3041759955
14159.4543862903
14160.2434167208
14160.4970732778
14160.6894691254
14160.8389698863
14160.6587673094
14159.9221088605
14156.1097220698
14153.1340594267
14155.0722057059
14157.6816558205
14157.9895214635
14159.3693077939
14160.9399708594
14158.6856017497
14153.1647991819
14152.511030766
14159.1481165704
14158.4635855066
14161.1853122906
14161.0059104882
14152.5736865586
14158.1015565408
14158.4118273313
14152.6930808906
14153.4179541394
14151.8872104059
14160.1159147796
14156.7947794091
14159.7782932385
14158.985370795
14156.9626770834
14151.0464190933
14152.4564427168
14151.7709832024
14155.5809865597
14155.6402699538
14158.8136155497
14155.2945096437
14155.5417987485
14155.6488306669
14149.4717610483
14152.4293837209
14158.4671649389
14155.5839104299
14159.375752714
14159.1893462243
14152.0085161012
14153.4915220256
14151.8707174766
14154.4823276505
14153.6110691427
14159.68282022
14155.9367446911
14152.018276763
14156.5936745049
14152.8086940727
14148.7505280677
14153.3675084675
14158.7783949438
14155.2919012536
14159.2781205261
14157.4033714845
14152.5393858604
14154.4548643482
14154.0680596601
14153.3203759653
14157.2746928418
14155.4132590414
14157.918021308
14162.4388889465
14150.4115436291
14156.9424073219
14152.0727806696
14157.9675528116
14152.9109055096
14162.0704139734
14160.4462079658
14159.1897495727
14152.9778587069
14159.1390743911
14158.3633051398
14160.3147092112
14158.1566672062
14159.7365152725
14160.5562284788
14161.5412478901
14160.3962515564
14160.0629452239
14159.8865134488
14160.1147732016
14158.7993431366
14154.5236045904
14160.7047802323
14158.57957756
14159.2161209257
14157.010779054
14158.629900427
14153.6980306917
14156.6020527114
14160.7483522797
14160.9023204826
14160.0977840959
14161.6274068065
14158.465458257
14161.1085386315
14159.2590123009
14159.5982965548
14160.3291314578
14161.4876054864
14161.2420014294
14158.5213799523
14158.3925970328
14158.2349825633
14159.2599526072
14157.9350412979
14159.9046045636
14163.0211169018
14155.1046667092
14158.4466039946
14158.4063901209
14158.9190755733
14159.6514522918
14157.9453525468
14161.0080850177
14159.9651670326
14150.3760634169
14158.7003682594
14150.0359349857
14159.5497714062
14152.4239869159
14161.0281614797
14159.6686366251
14162.3534837583
14150.529102457
14153.637787221
14149.4004166749
14158.5807544843
14150.9222855483
14155.8991044697
14154.7763716656
14159.6587447191
14159.0337614669
14149.6846666647
14158.962683578
14150.58549947
14159.0419324338
14154.3361631931
14155.0040130476
14158.8561667976
14158.399081027
14150.8583582831
14153.8833951676
14150.5640118711
14160.4959197934
14154.6016692391
14160.1468508309
14161.133932558
14153.6522448963
14156.7813771554
14160.1247525765
14158.7924562663
14157.283147673
14160.528609614
14154.1107630677
14162.0232542191
14149.8230747455
14149.9569862176
14151.1916399147
14156.7871052555
14154.4639216007
14160.616394888
14159.217266884
14161.7419805361
14161.3303334643
14147.8345721781
14160.9685889373
14152.0337721168
14155.8644190081
14156.7783951793
14158.3861864843
14159.4846095759
14160.8961546111
14151.3528300894
14155.1715828637
14154.1149716345
14153.9551884146
14155.4031460784
14155.8849607555
14162.1481866203
14159.2344875098
14151.4148772628
14155.4524876087
14158.7015668279
14155.9747970917
14158.8395141109
14162.5772359046
14159.7827391212
14163.0804785186
14157.6892467291
14159.0556469634
14155.7720585247
14152.7534941558
14155.6195849065
14156.1034608302
14162.1107051345
14160.4144176444
14159.8551907434
14161.5983588762
14155.0936608086
14161.8403666626
14158.0221670467
14160.9940091316
14159.2826474051
14161.1878185029
14159.2739516355
14157.8707077175
14155.4590289787
14160.034097279
14158.8599639175
14160.9052016361
14160.521114132
14159.9196891019
14159.0057798474
14154.2419060572
14157.7457912233
14157.4062900791
14158.9324421055
14161.515310925
14158.5609911027
14150.9960107341
14156.7330116358
14153.3890636335
14156.8151989155
14154.8496501263
14157.6397535587
14160.124780374
14158.9190799487
14157.8215099731
14154.9784517902
14156.5536512038
14157.7154661606
14156.3385874833
14160.118316512
14155.9487210517
14158.5037866679
14159.5623143917
14154.1442512276
14156.9605298973
14153.9598120345
14158.5423296819
14154.1791296264
14161.6099690652
14160.6822973586
14160.526965537
14156.1381263157
14158.6344944916
14158.5401780986
14158.9935924819
14159.6336074919
14155.2775642779
14158.532248824
14158.5861169885
14156.7299692429
14159.9552140745
14158.3866104517
14160.0854510605
14161.1425361378
14160.4207529536
14159.9436113437
14157.191304951
14159.1217494586
14159.6919276999
14158.4312294232
14153.1081193433
14159.8524192924
14161.0931993864
14157.7317266432
14154.6669559124
14160.3683986808
14158.0224777983
14156.4107163863
14158.3822528221
14158.9907026006
14159.8154645582
14158.89183858
14158.1756110169
14156.3026539868
14160.2693382245
14159.5069413312
14158.2411330821
14160.5127853115
14161.3982210548
14159.9378164465
14156.2649744173
14160.0994041874
14159.2808819833
14158.2820651846
14159.8470380863
14157.8819940165
14154.5397918102
14160.1399705138
14160.9172828033
14151.5208058089
14160.2029893613
14159.3418753351
14158.2668990532
14159.1852985315
14161.2253683273
14157.655363597
14160.0711661643
14156.2040998159
14159.824761268
14153.5684376415
14160.4763132347
14155.4760924666
14161.830694542
14160.6682874627
14160.4619484497
14158.4044860212
14159.9349736052
14161.9689167045
14159.1342084164
14160.5941171957
14155.7736221311
14160.9348846734
14159.0107668775
14159.4936212566
14155.2196836975
14155.9588133951
14155.1953588419
14160.7249539064
14161.5177685798
14159.5108688456
14159.7265580079
14155.8356261086
14160.1784382703
14154.5096156658
14159.862838028
14158.8960514115
14160.2063628015
14158.8285346987
14164.9086655859
14158.8616527262
14166.448488507
14158.7247776675
14159.3705050357
14157.144125662
14158.2774992261
14157.0695020933
14154.2549655384
14159.8256329438
14158.6023341742
14157.3482053211
14158.0083947318
14158.5239832131
14156.922052909
14158.1495066345
14155.5982108698
14158.3270480245
14157.3695380185
14158.3796086621
14156.1405578735
14157.8074777748
14162.5317019065
14157.8286290006
14155.2635723165
14157.4390355118
14158.1751059076
14157.5949793943
14156.4029848738
14157.7867585921
14158.8576587449
14157.7956896846
14156.413141143
14157.5207789498
14155.4461494899
14155.8129075325
14155.8744104146
14155.0309103164
14155.768126966
14156.7056965468
14155.1640136622
14155.4523442113
14157.0091319215
14156.2405508935
14156.4696598373
14153.5947546819
14156.8904135304
14157.7910759065
14156.5217757078
14157.7788944571
14165.0223986711
14156.3522916239
14157.7711516102
14156.7408369836
14157.4808798215
14156.6948756359
14156.6180468248
14155.8867450185
14155.4197040124
14156.844432063
14158.2646756093
14156.0792638453
14154.7544166665
14156.7248566001
14156.1464358678
14156.5122249834
14155.3606120925
14165.2799234088
14158.6092729322
14157.6109612025
14158.0931648682
14156.7706641502
14154.4628786966
14156.4997214122
14156.3082065301
14156.8245874552
14158.0446882996
14157.4836846474
14156.6476615808
14157.4934529192
14165.2771934725
14157.6373124754
14157.7983170793
14157.0915764776
14157.4613683928
14158.435881054
14156.7513770189
14155.4884434934
14153.8786648198
14157.1088687553
14158.1871546209
14157.8133191967
14157.6451206055
14156.701351985
14160.3165225309
14160.2763350848
14155.2777369432
14158.9613287963
14158.9706817679
14157.175029115
14158.7298909571
14157.5461299137
14157.4027792281
14155.3023161959
14158.6091612319
14155.4807141883
14158.31377746
14166.194714936
14158.7767336523
14156.3715997075
14157.3338942215
14159.7674219419
14157.6324270435
14158.2582724486
14156.0025512017
14157.6404236616
14157.2610247052
14157.4833094913
14157.150722705
14158.9335357103
14157.4194039275
14157.1731489198
14151.4716032934
14156.1495669642
14158.5121492702
14158.0667285433
14157.1216911792
14159.0870331236
14156.5381118428
14156.2151538383
14158.1430713003
14154.4324103886
14150.6945911929
14157.5869474066
14158.6153578893
14158.1447721193
14165.6589985705
14157.5828715644
14154.2319665708
14155.232985025
14154.7874983739
14156.899054114
14158.1455247995
14158.7689318531
14158.420575633
14155.6371270834
14158.0029840893
14157.1779260726
14148.690659559
14158.2214123068
14153.8880571514
14156.5381180906
14157.3780709887
14156.1695339414
14157.6018592612
14157.4356055242
14154.2385209663
14152.5861727357
14154.031742927
14158.4016527019
14159.2434998193
14156.3725808724
14166.8351531235
14157.6660591114
14157.795796911
14150.3208618276
14150.7777428471
14159.0246518593
14158.0083080805
14158.86605121
14158.0558487817
14159.1207410286
14167.8554221812
14148.4307775034
14151.4133061594
14153.931781664
14159.5206237419
14156.5221522141
14157.8938672652
14157.8771778656
14158.1878953787
14154.5315731396
14156.0669719731
14157.00913994
14158.0799437862
14159.051775414
14158.2071187294
14158.8443231915
14158.3976316561
14151.5487801542
14158.3158847288
14159.6458358023
14152.7385776576
14155.4613102695
14157.200665247
14157.4901847111
14156.8829608772
14157.8404110558
14156.777362275
14157.5781005995
14150.8020951479
14158.3221994127
14158.2472985046
14157.9549922591
14158.8428605601
14157.5982360476
14159.1403225238
14154.0496612182
14154.2073296319
14155.4859264344
14151.9199443956
14157.3806009171
14156.5583017562
14153.2736962745
14151.5052603685
14157.5337434571
14150.6631709784
14159.8319301785
14156.8944300745
14153.4592915277
14152.3795725716
14152.6081283483
14157.9459619094
14158.6063532544
14156.8735117452
14163.7656611293
14156.3978566093
14156.9035343695
14157.6125047524
14156.9070366094
14156.2775132432
14155.1113430797
14155.3025058585
14152.2218374797
14159.0603998162
14157.1614688948
14157.3591044744
14151.4788346269
14156.6542563805
14158.6478813283
14156.0315499664
14150.9529528825
14155.097599909
14166.1881019617
14159.445762641
14156.8165533412
14157.1165063481
14154.1066052229
14157.3186279749
14157.6369503936
14159.1536124262
14154.1003281705
14154.0385062098
14153.1904214075
14156.8057733182
14156.5309587908
14157.4913698876
14156.3188544033
14156.1620044422
14158.5810048459
14157.7198467943
14156.7260338268
14160.1127567008
14151.2593028649
14156.80528831
14159.7222019771
14157.4495948295
14158.1040205939
14158.6181131253
14154.1331534366
14156.4732842219
14156.9462954767
14156.770990589
14158.2361664208
14157.8643137191
14155.9517255236
14163.5126533503
14157.7909590415
14155.1041783032
14155.5629808758
14157.059026299
14157.6089007699
14158.7900455588
14155.2448956619
14156.2785496692
14157.6025877997
14163.1998859209
14157.275340609
14156.3420859776
14158.2407186349
14158.9725472581
14153.8244420262
14154.296133831
14155.1509962666
14160.9483516356
14158.9873373298
14165.5851220535
14157.4387528332
14157.2437693589
14157.0421137329
14156.2460616161
14154.8250129941
14153.833721488
14157.7459315979
14156.9761928771
14158.3442752816
14158.4558011938
14157.8918356196
14157.1681020582
14159.7730523596
14152.7278305323
14152.1182939553
14154.5797850471
14158.4023020221
14158.5665040316
14157.1597867097
14155.990430821
14152.7278340606
14153.7821591952
14157.6175649995
14156.25220206
14158.787428906
14153.4127519324
14158.8003755367
14157.1590755185
14159.0326184146
14159.1017385073
14161.7749856313
14156.34931167
14158.3490097189
14158.0731732381
14158.1716749808
14155.9781256032
14155.448325722
14155.6020394408
14159.3787443052
14149.925703304
14157.4554809323
14152.2985368752
14166.6432102675
14156.4580649395
14159.0869108466
14157.955302424
14155.4657740086
14157.1172647032
14166.4443034412
14157.7219814301
14158.105357704
14157.4822239197
14154.193104305
14159.5679413058
14150.1757143382
14149.3768211204
14167.1251972299
14159.5148453886
14156.9703184645
14156.511952205
14158.1178138763
14159.7723521732
14155.3024024626
14154.9666251956
14148.2840303086
14158.6010208086
14158.9584708588
14157.8150425966
14155.9209622033
14156.6584197466
14156.9374131888
14158.1875190798
14147.0615565656
14157.235120944
14159.1602491966
14156.7860406371
14158.5642854889
14159.0754044557
14160.505216141
14158.7183263135
14147.6324242815
14158.3207211181
14159.6165454528
14158.0264105026
14155.1537787232
14157.1484028791
14158.0601767616
14158.401284976
14158.1565758965
14157.8632950646
14157.9702224445
14159.4085153926
14159.3492981389
14157.3552010395
14158.6665079655
14157.6727544378
14158.9193950273
14158.445814968
14157.5577973229
14158.5615741635
14157.4545075626
14156.1650411634
14158.7062380041
14158.3346729317
14157.0076400375
14158.7338110258
14157.0009848388
14158.53761802
14157.5629771555
14153.2359506994
14158.1793646626
14157.6592008606
14157.7381187692
14157.7514232918
14158.7378508536
14158.3118361781
14159.6884476309
14155.2449471732
14159.1960015654
14156.5808972173
14158.1489038846
14158.0395300553
14159.1024464472
14158.1507229925
14154.2377229502
14158.3479831443
14158.3466923475
14157.1015727547
14158.1004667859
14156.9322859535
14156.7185180703
14157.3813447082
14156.7724634761
14155.9618949656
14157.3657519212
14156.1871765145
14157.5036601082
14157.4502025796
14157.3799561987
14157.680751966
14156.2691409813
14156.8774301235
14157.9333463458
14157.8780700465
14157.5846869355
14155.0123494469
14156.8005507304
14158.0096393298
14157.8870760927
14156.1798920551
14155.7621186288
14156.840660129
14157.4118008607
14157.1795988611
14157.3277367613
14157.8046933848
14157.6729360563
14156.8236150347
14157.6217131688
14157.9355118972
14158.2988031954
14165.4759602823
14157.1857172356
14158.1544643503
14157.5649703513
14158.548160696
14155.8211401539
14156.0704005811
14156.3239840769
14157.4186664034
14157.7703810621
14157.4384385065
14154.7443472209
14157.761493209
14156.0947326746
14156.3748529019
14157.9558974701
14157.2497495841
14157.5524618605
14158.6028794317
14157.3802717926
14157.405597213
14157.5362666202
14155.5282915049
14156.793138899
14158.8479585376
14158.6725637732
14159.5307371722
14157.1112622532
14157.9559695651
14157.4437387622
14157.473383135
14157.0041300179
14157.5087756984
14157.8814150385
14158.1934811874
14158.660741058
14157.9123049745
14160.2714830873
14159.2887501779
14156.4344597245
14157.4758795444
14157.134920009
14159.4184019792
14158.0207462259
14158.3644194288
14158.8748489839
14159.5641653534
14158.9663150276
14157.5190779189
14159.0479539934
14159.3165238792
14158.5170979202
14158.1284815693
