# vacant volumes
14089.2097050959
14087.4903975176
14085.758038833
14084.7129285931
14079.5040466559
14084.2680745045
14084.8057720909
14088.3401581497
14088.7976453782
14089.3165651543
14087.5178904359
14081.4653603773
14086.184225011
14080.7800100723
14086.8213584786
14086.6347028246
14088.3078236163
14086.4388278398
14088.4083234246
14082.0921431726
14085.5960176113
14083.9348142446
14085.1060441015
14086.1222847863
14086.2961977799
14088.4305878573
14081.443905277
14076.830443145
14082.9071915541
14083.2597829441
14083.3010339057
14087.989049367
14084.3724489898
14081.9090870711
14084.5731825643
14079.5874714979
14082.8738161506
14078.5830630908
14080.8960395457
14082.7009018548
14085.8816711483
14085.2821956786
14087.1755949227
14082.310340347
14084.9897605625
14085.473512582
14083.1010868995
14087.1942569245
14089.3314815584
14084.0281795317
14084.623680092
14084.2287556534
14083.738162001
14080.3874078405
14080.6623471494
14088.0927093851
14079.2868475638
14081.0749456272
14083.5366934177
14080.7066908736
14087.5965547969
14079.528755713
14088.3956542279
14087.5391181244
14086.9895282538
14085.1516220244
14083.6476174148
14083.5801882442
14084.0602601172
14085.6410923253
14087.1698149829
14087.8813668368
14084.3579643616
14081.4016288975
14078.2454506315
14085.4244220198
14084.7993025569
14086.4458404059
14086.1452005956
14087.3474073439
14087.3045435047
14085.2738655889
14077.5105676108
14087.1055473635
14084.3150552734
14086.5885566058
14087.5752395397
14088.0891057319
14082.6388359053
14079.2551255622
14086.3064218036
14078.2289023043
14086.0771538157
14086.6209012629
14088.5162926606
14088.2102672865
14085.4551184915
14086.016076432
14082.867162833
14086.662749624
14087.1028844123
14084.848366078
14087.3879858208
14088.1563501151
14085.7280811262
14084.7995633757
14088.0117498091
14086.0172036463
14077.3796190116
14086.3915868659
14087.214195543
14086.0417418129
14087.4369414715
14083.157891189
14084.4004875046
14086.4599396498
14087.4464495611
14081.9572073742
14087.9911599926
14085.9230502266
14087.9735312326
14089.0982500989
14088.4078540091
14086.4433944533
14088.2350658425
14087.0729486136
14087.8514480779
14089.5797093706
14087.8170040358
14086.3838124343
14086.0619940523
14084.8139607534
14079.0176309974
14084.2199509972
14081.0228102956
14088.3996643674
14087.1111085907
14089.0492366592
14083.1130929294
14086.7627526928
14081.0632967628
14082.2902130909
14085.7581871466
14084.1796109639
14089.0717405442
14088.1552886386
14087.1588229782
14084.321836075
14080.1060857479
14083.380719678
14085.5720247816
14084.2088992425
14088.0223729601
14088.6442750194
14087.4615570665
14085.3255944787
14084.4506419977
14083.2705470435
14080.3118360434
14085.8585145933
14088.213726431
14081.169388036
14078.5310306576
14082.144981676
14084.3428553773
14081.3479120835
14076.5042512137
14085.5641852179
14087.5345029866
14088.4010121341
14085.024193607
14086.5658069412
14083.7616619624
14084.9014183917
14078.1788515721
14087.2444166444
14087.2556620732
14086.9858881585
14076.2531812898
14081.8390600016
14079.7040044688
14083.1403837636
14083.3770217231
14090.6026031179
14088.3699658978
14089.678205856
14077.7858003703
14084.5347726814
14079.5520279239
14083.8132983474
14085.3697909978
14085.0405430065
14086.3675005233
14084.2349709351
14084.122854122
14083.9445442102
14081.2958353684
14082.1847617462
14082.934122377
14089.2431998415
14086.419691036
14087.539171166
14085.231786039
14085.0190444451
14084.7843194208
14084.6116561491
14085.4430997377
14087.6944955559
14084.5724040261
14082.8656991269
14083.8416304193
14086.7630052106
14078.8968838772
14083.4039514819
14081.101787413
14087.5233050644
14086.6793696759
14083.2956159573
14083.7264475635
14083.3425814222
14087.1688744577
14083.4652555312
14080.6689325558
14087.3790365777
14089.8442138724
14084.9077832905
14088.4771015461
14083.0724207202
14081.9884869535
14086.6671046653
14086.441739574
14088.633298944
14087.6533919395
14087.3275885369
14083.4230542906
14085.2887066811
14082.2140687117
14085.8825814419
14086.887202223
14087.3716570248
14089.2978059272
14086.9793929444
14081.8356997651
14083.6396239168
14083.2408770176
14086.2450749705
14088.7336435812
14087.5631369856
14087.2434766121
14085.8459811795
14084.6845572645
14083.4646382055
14081.9764666419
14085.5115194435
14086.1122784657
14087.6688864847
14088.323563104
14087.1095403105
14086.9783055445
14087.5154639286
14083.4005308969
14086.5653281752
14082.7817503281
14081.0044864097
14087.5073460516
14088.323285948
14087.0872231947
14085.0062384271
14087.5629302473
14077.4400996614
14087.1551418841
14087.7731000886
14087.379346338
14087.5278923661
14087.4652591872
14085.902291712
14086.9684836253
14082.1107265665
14085.3552397317
14089.0936334778
14087.9923654019
14088.0803339953
14087.1984230291
14087.4953591365
14085.3260826959
14085.4400216741
14084.6191691889
14089.0615402582
14088.6329889788
14089.5386627802
14087.0514733177
14087.5445102062
14084.7022772609
14084.9920472537
14082.841303264
14088.1024132308
14087.9173140316
14086.8289113394
14087.9571159329
14087.2977595603
14086.9068615292
14088.2960101483
14089.0622897927
14087.8825929349
14089.3053739946
14088.352511557
14087.864264069
14087.1311995802
14086.2921259043
14087.5420518302
14085.912587326
14086.9248993926
14088.7183149259
14087.7006478741
14087.4176100214
14086.1393846179
14086.6368263135
14086.7232710656
14082.674797902
14080.0056969601
14088.8046988335
14086.4976890683
14087.3984286556
14086.0952042507
14086.0139258261
14079.260290126
14086.978755062
14085.2138439755
14088.0308915371
14082.7094496591
14086.3153484169
14085.5012055954
14086.330787021
14087.3971435222
14084.6805968604
14088.1619972991
14086.6237257935
14082.4748295268
14084.5743068564
14085.7573055086
14079.3647287569
14083.7495429947
14078.7197153824
14088.4824682434
14084.3101672233
14083.6744333182
14083.816621916
14084.2232704611
14085.0617196475
14086.2895356914
14084.3331755628
14088.8402592768
14087.2228283361
14083.109761646
14084.9427706191
14084.8757093475
14084.504726423
14081.7884921189
14086.0895885538
14088.8868305087
14079.0190311231
14083.3661649387
14083.2645528362
14083.3580707475
14085.1473298977
14083.6059070121
14088.1098293871
14087.9502294097
14088.1665236953
14086.9811052148
14084.7049519253
14086.4451276782
14085.2715999184
14082.6904980814
14087.4727950105
14086.8982500265
14086.1961348549
14085.2299810996
14084.8746983562
14086.8925035558
14080.9748378004
14086.1036375445
14085.7310186114
14088.9977991575
14086.7654890565
14087.3303777923
14082.7094913752
14085.1322554371
14079.2110250433
14086.3643686517
14088.9751241164
14089.5709883104
14089.0467624257
14089.2718334385
14084.3778534669
14084.4950140327
14082.8582761358
14084.7876211125
14086.3981432159
14087.7324824658
14088.452023396
14086.9271725452
14086.9416975253
14082.2134150134
14085.9643930087
14082.6826375188
14089.001709761
14088.8352929375
14088.1581688344
14088.1714655877
14086.4739625065
14085.8406542658
14088.0396981165
14082.403317449
14087.7558180075
14086.9141828418
14088.0942483852
14090.0010571191
14086.1967898648
14086.2649592811
14085.4807962996
14086.7052791419
14087.4445348272
14087.8390331094
14089.8833108263
14087.2139316108
14088.1737256002
14084.9994671272
14087.4103951401
14084.6922190381
14086.3023366432
14089.2608309354
14089.7627506527
14087.0081072819
14087.1556389316
14086.6604283143
14086.5125294765
14086.8422544161
14087.7071891101
14090.6479588902
14088.4154605122
14086.0710321468
14086.148087256
14084.2008985502
14085.5089730132
14083.9966913164
14090.1867021599
14090.1282726075
14089.9849706216
14079.3174030679
14077.6959092741
14085.300605099
14084.5908137005
14085.8637139618
14089.0414968225
14087.617688791
14086.7948776186
14086.3000849483
14083.5717380638
14086.1943656053
14085.1044968028
14085.0453745511
14089.0119645697
14088.5903355002
14082.982328073
14078.1147897427
14087.8241966074
14086.7211683549
14075.1243865454
14089.5356664334
14088.1820613732
14087.7081782554
14086.0216156894
14082.5125382286
14076.2149729649
14086.5048271328
14084.9476444861
14084.1252353277
14085.687400035
14088.1873617607
14081.8644820282
14080.8467267737
14079.4868697593
14088.4462117471
14078.5217674033
14089.2560786999
14088.2135188236
14089.5801259002
14084.4433710727
14085.9241491876
14082.5431730891
14086.106186157
14085.9844798189
14087.0495617531
14088.0883771752
14082.3440683533
14084.6998845112
14085.3737502676
14086.141663883
14083.3729622247
14084.0333279615
14079.6086004428
14088.9890898791
14088.5504672541
14087.5554816484
14087.6793978912
14079.7310788203
14088.4705700094
14083.4276186438
14086.0465606228
14084.1645515467
14088.508974376
14084.7093709129
14093.237707558
14085.5559668564
14093.4893858302
14083.32200317
14083.8588385199
14080.6250592334
14082.9881436026
14079.6854648893
14079.6854652078
14084.0987732468
14082.4486397647
14081.4779997511
14085.4488738759
14082.9554889442
14083.8869920042
14084.2644339461
14083.2948548137
14085.3418779508
14083.7646987984
14084.5556543676
14084.2641243615
14080.5674420103
14086.933453977
14083.5610867678
14082.1021473502
14084.7789199391
14084.0590001999
14083.678156515
14084.7194314252
14083.2334549506
14082.5800720141
14084.2238018302
14079.982561647
14082.7649857673
14083.2792096693
14083.9847561422
14084.6020118276
14078.6747026106
14079.2271980577
14080.9147997383
14077.3662626457
14082.4005357165
14080.8188700695
14083.9627751508
14084.7099124574
14081.8376332778
14081.416609033
14084.5375521643
14080.1875353214
14083.8326260867
14093.5288566449
14081.2072778119
14090.847326118
14079.9775155591
14080.064196372
14082.9954806357
14091.7365306782
14083.136973585
14083.2414950064
14083.0618377737
14080.5097064133
14085.8009957606
14084.0234695855
14086.0849387628
14084.6053961942
14083.6400576821
14084.6231318843
14092.1209640743
14080.2808136173
14079.2421519423
14080.0241857647
14084.7642108003
14080.2600836544
14084.8019921814
14083.9069581391
14081.8142266615
14093.6076669254
14082.8892708541
14083.9675146204
14085.4299868161
14082.9315510627
14086.383504861
14083.9324023712
14083.8910133994
14083.8535565226
14079.7897982366
14080.6397892532
14083.5538636406
14080.4822972487
14084.5168191835
14080.7643586207
14081.3996782686
14083.76315325
14084.2558363674
14088.4646812958
14083.4801513265
14082.394229846
14083.2008003005
14083.8481522449
14083.3199816572
14085.6036587093
14084.4408611226
14083.8329465119
14083.0660122637
14081.2752021343
14082.0263511524
14084.5682737742
14092.8225450967
14085.9760199117
14084.6952787843
14085.9482608487
14082.9667292484
14084.2850377863
14083.8737316033
14083.7797427794
14085.0904042847
14084.4487579144
14082.0133617669
14082.7187475737
14082.9532805201
14089.1984610485
14083.1120421139
14091.3416641294
14084.4713073836
14085.4030706017
14085.2225729588
14084.1016679312
14085.7713299574
14082.0299533766
14083.4626246915
14082.4709405153
14082.8782580863
14085.4171738155
14085.1131962866
14084.0918797215
14086.3166328906
14093.7082262011
14085.2813794244
14084.6501194157
14083.3894274569
14080.6533655267
14085.6114009254
14084.8662235251
14083.6164811736
14083.594548498
14083.1481107869
14084.2066773822
14083.6702764759
14084.9781982724
14084.3536319018
14085.4320583257
14080.7490962335
14090.3622351332
14083.566201253
14085.740881888
14094.4654226323
14083.8078655201
14085.8915071282
14084.9284989541
14081.2066424238
14082.9056077312
14082.3804233228
14092.1713207155
14084.7661923118
14085.6198876448
14083.9162166027
14083.1960609523
14085.0610905459
14082.3278716698
14071.9840606291
14069.4626480723
14083.718883375
14096.4303856039
14083.9618085337
14086.0763969832
14084.0224234045
14086.3047527756
14081.5254317688
14081.8527346916
14072.9765815061
14085.4436744027
14084.4084042295
14084.4056773516
14083.2273171179
14083.7345421528
14078.1430683153
14077.3763658893
14084.9588928996
14071.7517699697
14085.3460707696
14085.1891028294
14086.8062914023
14085.9706084501
14083.4296478883
14083.6498776713
14084.5916143385
14083.3942260613
14085.8552597635
14084.8981371669
14085.3030229102
14083.629730001
14086.1415592131
14083.8851695956
14082.7276052246
14083.178694445
14085.5128220596
14084.2559556349
14086.4569534976
14085.7665438936
14080.6331210062
14082.9697593433
14083.5912203447
14084.5378092031
14085.0814081704
14084.7277658913
14083.4553925107
14083.7192848023
14084.3523434705
14088.8981519311
14084.8257989595
14090.2253395314
14085.3495606063
14085.1657394176
14080.864024368
14086.6830725335
14092.332388368
14084.9116016207
14083.8703309521
14086.1032994523
14084.7655391647
14084.9936147014
14085.4370239441
14083.0768233653
14082.1322488071
14091.6237935271
14084.3933577056
14083.5699738174
14085.2431908686
14085.4046901764
14085.7957390499
14083.8636913229
14090.4225238331
14082.21101446
14092.9860666951
14085.385043586
14085.5741275922
14086.2871916658
14084.4335264589
14083.203003071
14085.0917961675
14085.5235421251
14085.892294116
14086.0605419821
14086.099539086
14085.0053745475
14083.0599911892
14082.118344941
14084.6869730917
14083.7624386106
14082.2457654972
14082.0422825799
14085.3212952986
14085.1992246525
14084.3308116724
14085.7802201212
14083.7499936731
14085.2694452406
14083.5531469561
14083.3612297495
14079.9712502593
14082.3227851108
14081.7922862913
14080.5306009335
14088.6355333758
14084.699932103
14082.5319621592
14092.3553466066
14081.0929148577
14084.3899867895
14083.608599607
14086.5336634824
14084.5417050198
14093.7463307968
14080.4358846656
14084.416058099
14081.3149439886
14088.5278683825
14082.0248028106
14080.4377692057
14074.1218638828
14078.992836131
14082.9788814115
14082.1837535005
14085.0179802492
14085.9447946417
14079.4807435876
14093.1356678954
14083.6336415944
14083.3142906443
14083.3645465101
14083.3581841526
14081.9885307502
14083.4863446411
14083.2877571098
14079.5125023183
14082.7930947975
14078.6819577087
14077.9346358665
14082.8067444459
14078.5520146932
14080.6412161086
14083.8595427408
14084.8360141753
14083.3936504106
14083.9263989975
14079.3354166492
14084.7673380861
14081.5902094323
14084.5952958484
14082.4443504618
14077.375104038
14084.6839255026
14083.5976029845
14076.5589392083
14076.323689393
14085.7517770452
14085.7950659054
14089.6188578636
14086.1463111399
14081.6092233154
14084.1655814223
14077.7149549233
14077.5355833395
14081.6403853881
14079.8063284561
14084.073382587
14079.3490438714
14075.4860631143
14079.3077450126
14093.3903927088
14084.6142054543
14066.2541001021
14084.1016337371
14077.9654092593
14086.7505227987
14092.4510525707
14082.3453492781
14083.8385254091
14084.4960577341
14076.008084838
14082.9498046234
14082.8177594824
14080.9365873836
14091.5968875459
14085.8020224523
14086.3615156051
14083.5937266589
14085.146121546
14085.6387812192
14086.5875119513
14086.6018848602
14080.9989303647
14083.9898329878
14085.1105900171
14084.5976861648
14076.773190302
14079.1701112082
14083.6962095568
14080.7683820381
14087.5028507695
14085.7472651832
14083.3485523547
14082.6698164672
14092.9490972383
14085.903219197
14086.6834006699
14086.3548974896
14082.3342424999
14084.0208482202
14084.4405787215
14083.1371054977
14081.1503188452
14083.0582107997
14086.905587623
14085.2736082606
14088.0551104689
14084.6377231335
14084.3354438076
14084.2906411118
14083.9076827405
14084.2766763836
14085.9090954852
14087.246809985
14086.034251539
14084.3130215715
14091.5402817379
14083.3949337344
14084.873633594
14083.6927796515
14086.3177925678
14086.4369308338
14078.5096043078
14085.0505336332
14093.8636436881
14085.8130138709
14083.8613047214
14080.3518323025
14085.7505297044
14085.5427524388
14085.5529718521
14084.4392501502
14083.9670239705
14081.8397510389
14085.5730835849
14084.0902511671
14087.650137466
14092.9004245536
14086.5231100324
14084.9098961487
14084.8407826179
14086.1096317411
14083.2749466796
14085.6177803147
14085.9987571071
14083.4746487707
14086.4710146445
14084.9421057874
14084.278675179
14082.9251580949
14084.8628932228
14086.3349512541
14085.4613042431
14084.3824939899
14087.1239633895
14084.7393962762
14078.8689785354
14078.8627578126
14082.7886216562
14086.4390409538
14085.3040340733
14086.4354978638
14070.4433218394
14084.0288233124
14084.8166838063
14081.0741698903
14086.7092835722
14086.8431543833
14083.207944723
14085.2087183388
14077.8514146751
14084.5538363656
14083.9299914108
14079.8998381296
14084.5285795453
14084.0304275511
14085.2581865468
14081.6699602575
14086.1167388781
14095.7516844575
14083.9926464667
14080.8270610802
14085.3200526782
14085.3780610205
14084.5571667939
14085.6459085921
14095.606547097
14083.852248613
14086.1033730336
14084.8550471639
14079.0683299624
14080.2987077631
14083.7422583292
14095.2493286832
14086.5005519993
14084.2601288194
14081.4775153372
14081.9027811189
14084.8533406019
14084.5603169941
14085.2611789067
14085.7124635094
14085.8627246457
14085.7697493369
14083.9392455921
14085.3697187962
14078.6511522092
14081.7568529798
14085.0705138772
14085.4152703672
14085.2502971748
14085.9324770642
14083.6138466127
14084.79218234
14087.0083194354
14084.3811557763
14086.596343994
14085.7196547202
14086.3219532324
14086.9223795975
14084.7632411832
14084.7717673861
14082.8938109842
14085.8445187576
14083.1276103984
14083.8586751268
14085.3020114516
14085.5403439577
14078.8138929559
14083.3507694577
14086.0580733122
14086.4467173742
