# vacant volumes
13961.2500602006
13960.9669738263
13955.644367162
13960.0066403309
13953.1383271203
13960.6002728538
13961.8796705707
13964.4742199583
13967.0958341527
13963.4895932162
13961.4135771209
13959.2874378979
13961.1437710514
13961.7645476546
13960.8008308674
13962.3129679772
13962.5996841536
13962.698975642
13960.4591703959
13959.3654657623
13960.4473351818
13959.8759210993
13962.7180682236
13961.7844607561
13960.9835982007
13960.2552248451
13955.3577257712
13955.2411287103
13956.8887596969
13960.2257306278
13959.8197073948
13961.4846188002
13957.309379921
13962.9095808226
13947.8325391732
13956.6920831536
13958.4980102207
13958.4855095705
13960.2198124185
13961.9069643397
13960.1795937422
13961.2536374481
13958.0020372514
13958.7969788521
13959.0556917517
13959.9771008618
13962.2303690295
13960.8613787605
13959.8627508168
13960.2064045491
13955.6629770752
13963.7575648286
13954.4837313088
13959.741598285
13958.9568717208
13960.9616567556
13959.2680852558
13958.0285976865
13960.2826630564
13954.7329952516
13959.2686239826
13959.0510385429
13960.3855759952
13962.7204091631
13959.1565845124
13961.478369781
13962.3853219911
13962.221722654
13960.3906823057
13959.8910309614
13963.1374787057
13962.4174777569
13960.8253355844
13959.844860205
13953.8716647446
13961.9332438444
13954.5498094544
13958.262344822
13960.3128217587
13961.8075156301
13959.5618809388
13962.4749889638
13961.4602842135
13961.213577708
13960.0087546557
13962.9721028431
13959.9546772211
13962.4074353235
13959.6306620255
13957.9154902941
13958.9376754302
13959.4772933247
13961.8348667614
13960.5441980987
13961.5849321049
13963.4774283805
13960.5402699405
13961.7987905576
13961.0659135806
13960.6673161992
13961.8331415147
13960.866939153
13961.2828630257
13962.4084834296
13960.3974459224
13960.6560418006
13955.290014078
13962.0243595369
13960.8592484146
13963.1767412686
13962.6051509186
13962.2687681816
13962.9784383535
13959.644515316
13961.0861728414
13959.7463408026
13957.4468459993
13956.8394226053
13960.7540535782
13961.3373403114
13964.2673355108
13963.7156104991
13959.724665783
13963.8457357409
13960.603056335
13963.582569815
13961.7618355368
13956.4334734563
13962.2646436857
13962.3552575255
13961.3246752722
13956.0836870238
13957.538199898
13960.4302251818
13961.3309334924
13962.5900720953
13962.2304507393
13961.0109336624
13961.5989798221
13961.3538324455
13961.1360986935
13958.9134857595
13960.8418184691
13965.7083603821
13962.1028184265
13960.8173118671
13960.3657861959
13960.5198225163
13959.7766954745
13960.6005309564
13961.8545550694
13963.5566278625
13962.0889605247
13961.5705398275
13960.6297291745
13960.5411495414
13960.8647570106
13960.3176172002
13963.1111513467
13962.5996995693
13962.0528153517
13954.0425458035
13959.7160191569
13959.8027430637
13960.7289991786
13959.8901115683
13963.5468304352
13961.5599084268
13961.4422630197
13962.1984684669
13959.5026991243
13961.437980263
13961.6677046449
13962.0609206362
13960.017414175
13962.6033927627
13959.8966866533
13954.7581581937
13951.5299140891
13960.1078323993
13958.569297463
13959.5002952405
13961.9738556912
13962.3355168604
13964.0279889544
13964.7197819589
13961.8608445287
13962.3553717812
13962.5528582937
13961.154664242
13960.0139139365
13960.8288950319
13962.3544720902
13960.85596139
13960.837127093
13960.5372951499
13961.273194175
13960.6757083621
13961.086870002
13963.4769914788
13962.3286213952
13962.6987351293
13961.5317916197
13962.8880826038
13961.4264083256
13962.543664808
13963.1830551185
13962.123082692
13960.6716250007
13958.7605637343
13960.4515408604
13959.7756839563
13959.6449769924
13956.6752572844
13962.1824432595
13963.2146021566
13962.431826197
13964.5450848137
13956.4649553615
13962.8656104127
13961.0919226097
13961.8688347897
13960.2558533928
13963.1435079453
13962.892410615
13961.3244506466
13960.6635069239
13961.7294374271
13958.5080649222
13962.2706701893
13962.353326066
13962.1446284884
13962.5529850744
13963.0201381504
13961.5652131237
13962.369023299
13961.9244088894
13960.3570152389
13959.2284211948
13962.6540247365
13962.4635131527
13962.2563210641
13964.3773118706
13958.600330208
13963.7408421794
13961.8996286719
13963.5245703092
13963.0206455596
13962.4406444473
13963.4275838277
13961.5887416368
13962.2863802055
13962.4800700304
13961.7227644691
13965.1221164519
13963.2319278011
13961.8036804297
13962.7233966549
13961.2038397216
13961.2288888353
13961.5815585156
13960.1376579514
13960.9882079936
13957.5536769534
13961.9182558201
13962.1557689248
13960.6984795164
13958.7069256103
13961.6158323212
13953.2483043997
13962.9738335074
13961.0031428611
13960.9842716838
13961.5559292375
13961.8336335751
13960.7777995248
13961.1360041111
13961.698560307
13957.05137738
13959.9035007285
13961.1184006801
13962.2353949256
13961.2324498252
13959.8529850896
13959.1628733102
13955.2626377049
13962.4577243096
13962.6780977006
13961.3798604228
13962.9659665953
13962.8369005202
13962.5941204438
13962.3973040871
13959.5313807779
13961.7467801111
13959.3956303201
13962.6868653902
13962.198234702
13963.1830699437
13959.6993719296
13962.0144519096
13955.9443660568
13959.1606052978
13962.0078689172
13964.8744499988
13961.5879048577
13962.4077170243
13961.7839387593
13961.7098382145
13962.0509075266
13962.5867849422
13960.2604533276
13964.045713163
13961.9181600261
13961.6369415441
13953.0623849226
13959.8387491095
13952.7463435884
13962.2059447364
13960.23324272
13962.7892086285
13962.5657821026
13962.9240192047
13961.0894693904
13961.88640945
13957.7088122952
13961.7937655052
13960.117791785
13961.9791309064
13963.4012880274
13961.9742081323
13962.3241809849
13955.2887415509
13960.7387419079
13961.4775779543
13957.474234913
13964.041539807
13959.6438790714
13958.540370252
13962.0703927438
13962.7529789575
13959.2645719621
13964.1086687623
13961.9341796369
13962.6613065071
13963.6890636245
13960.302623118
13961.1183576986
13959.2210207147
13963.7226366858
13959.1788665872
13962.0771481337
13962.3772578921
13962.024063234
13962.0830285336
13960.4222630433
13962.4752731749
13957.9476443294
13961.204959552
13963.9723727393
13962.2728640859
13962.3972306297
13963.0490060395
13961.6458336397
13961.5203622476
13961.4768540634
13963.396528064
13962.6508705739
13961.5295396862
13962.257977006
13962.7369831088
13959.1645657156
13961.2739931763
13959.5773965404
13962.3654799207
13962.3644949194
13961.8743719577
13962.4613058524
13961.7444528174
13962.1957071085
13955.7512441718
13961.5052141577
13960.2093870609
13963.1965464653
13961.9906135373
13960.9265033517
13958.6248531443
13958.0168460076
13956.868390418
13960.3604251253
13960.8326790558
13961.972483322
13962.6112546392
13962.2973589584
13959.7167316578
13953.9895026171
13959.4152268346
13962.5848479534
13961.126294602
13962.1907107543
13961.6474763086
13960.4375140997
13961.036943919
13956.1391379738
13958.812530925
13960.1763375311
13960.3575380179
13965.3261655637
13962.7640628956
13958.9248122709
13958.3806499857
13956.6083738806
13957.2444415455
13960.1846174004
13957.2240995022
13962.0009156938
13961.6115523134
13960.5316259665
13960.1869980564
13956.8229708126
13954.8413093992
13956.49301416
13960.3745561796
13958.6213894391
13962.9175856359
13962.8010513001
13960.8332134636
13955.259300034
13955.5165748465
13955.2699978612
13961.3253466127
13956.9544115166
13961.3289662086
13959.0004191071
13959.9610720438
13958.2809082968
13954.498443435
13960.448274784
13958.6931260301
13960.2230856365
13958.9404018282
13959.657649018
13959.7203154207
13963.3285988213
13958.1912433104
13958.1355210699
13957.7603115699
13962.7322789881
13961.6679273989
13956.807022233
13956.8782382339
13960.226135406
13959.7210586937
13960.0989825578
13961.999954748
13961.2996450323
13960.8110740553
13956.070580099
13960.6926525032
13960.3475667654
13960.9626003066
13962.3963625604
13959.2648865007
13965.8585322272
13963.68576767
13958.1285816326
13957.9963998092
13958.5245133358
13962.4669462667
13959.8066912939
13961.0520379122
13961.4291536997
13957.0537773137
13958.23421767
13961.7390756349
13959.347141227
13960.9803032296
13962.1784889051
13960.2312236673
13963.0375900353
13961.9665466856
13961.3660569468
13959.2758299451
13962.0481507064
13956.9490675963
13964.6625566323
13962.5000815569
13964.5906476098
13958.6743673877
13961.1904982158
13961.8326998172
13957.4158408391
13963.7710655677
13962.6762874506
13963.3464443241
13957.5434580333
13961.6944477545
13961.2113734184
13961.3085685365
13957.0660250025
13960.9649511258
13957.4844853639
13960.5852088247
13962.333633018
13960.7754522219
13962.2596178985
13956.8336566176
13962.0662688375
13959.0056617761
13961.0195673908
13959.6560630713
13964.7221114059
13959.8729168478
13965.9848132763
13959.6086174767
13968.8288748429
13952.9541694358
13952.381223257
13956.0666695555
13959.0218336577
13960.5563603116
13957.6224886015
13962.4695254134
13960.1779903097
13955.6467001692
13957.0434354815
13956.6636481482
13960.9692733007
13960.8986653802
13959.3942596385
13960.9593063607
13965.7512795767
13956.1039101749
13954.2948527872
13957.4359996845
13963.2781095621
13959.733946202
13960.8444982356
13962.1502216291
13961.074563936
13953.6042780025
13956.4108461241
13958.1602969772
13958.2609910016
13957.1429203935
13960.1216335076
13957.7120574374
13952.1051442795
13950.4307562283
13955.8807024116
13957.7009911584
13954.9126246702
13960.4644058701
13961.1359586203
13960.7827254618
13953.8795678722
13960.0965569846
13954.248580061
13956.480847371
13961.2125499607
13960.1150406582
13959.3140474484
13950.0684323948
13962.7661617606
13958.8527578073
13963.9707523894
13959.3365908079
13953.8991182599
13959.9792711834
13958.6812055666
13963.3960898929
13966.5744504495
13954.8595111844
13965.8035972788
13959.0952220668
13958.6192772841
13960.2921607513
13960.4425585364
13958.0220387915
13956.6764485703
13966.898534719
13957.6746395157
13957.7063947969
13956.9607123695
13961.0674571192
13959.8088202487
13954.5567513784
13958.9874989278
13959.0315868923
13965.3585365235
13960.4732764711
13956.6206903969
13961.5597957753
13955.4966942176
13957.4958262606
13957.7800588427
13957.3973657535
13957.5538052887
13959.9270810788
13958.3687157685
13960.9112473728
13965.833123918
13956.4785652456
13954.6776138017
13956.7280112625
13957.1473562948
13956.3207650505
13964.8122767426
13957.630403312
13955.2569823917
13956.5821053804
13960.3724637023
13956.1988365387
13956.2852957241
13958.0963188825
13958.1820837793
13960.4839532251
13955.7523257941
13955.1482886333
13959.2928170455
13967.3610444083
13955.3910113689
13955.8070528115
13960.599882583
13958.948215779
13964.7424141906
13956.5059759647
13954.5990588586
13959.2361090529
13968.2502744529
13958.5085391802
13958.5023524399
13955.8800823823
13962.0222398272
13958.1108036256
13965.3779682172
13955.390990669
13954.5934444462
13955.6038202084
13960.7055055223
13956.810931061
13959.6600568502
13958.2556194943
13956.0929163645
13953.8540047297
13967.1403388925
13959.1101677936
13957.6816377975
13960.5026008984
13967.62475566
13960.9644973093
13959.1182827594
13958.3737581011
13956.9264591947
13956.3294733226
13959.6343755038
13960.8725904603
13960.9569253952
13961.9660466436
13953.8943000902
13955.3879237336
13966.2731003371
13959.3780521685
13959.6280082827
13961.0346503403
13959.9521459633
13960.7932011833
13960.8682546152
13967.9154141898
13955.7848847709
13964.0823947334
13959.1138413811
13960.3916747683
13959.8360247103
13959.810129156
13967.1472029609
13957.8082895145
13958.7753559578
13958.711227021
13958.2602895643
13961.8674588102
13958.1123868048
13961.455764154
13959.3203302947
13955.784895524
13964.3609904608
13955.7164706324
13959.0248708085
13960.3438822785
13968.4222782687
13959.4183082816
13956.2669578312
13958.4316052045
13956.8439988789
13956.9271157689
13959.3652697348
13960.226774674
13956.9296807451
13957.6751222746
13956.5963337028
13958.7374005552
13956.4389041471
13957.7151161988
13960.1537903477
13958.9082366063
13958.7774121444
13956.2091942232
13958.7267015652
13958.7793728992
13959.3081080245
13959.7964091814
13959.8997250294
13961.038768959
13957.9558820148
13958.4585937938
13951.5101559291
13956.9515501627
13959.6919789048
13959.3636787337
13960.089736748
13960.1539498248
13958.8968331469
13954.9568193979
13958.4213043054
13957.2087068737
13958.7447204225
13960.0045461986
13960.3837284611
13959.5999841326
13957.8987793173
13953.833256101
13957.2610214099
13964.1561082856
13962.2418590696
13959.9769180718
13961.4156837305
13959.6986302677
13958.7241183851
13962.5240447671
13960.2896078674
13955.7777094154
13959.8864333155
13959.5936589957
13958.891774963
13959.6626822117
13955.3957727911
13963.8617924718
13966.886584859
13958.0561142629
13960.7461019761
13959.0506180564
13959.9068188006
13957.7410885562
13957.2662165621
13962.279025734
13958.7870288486
13966.7182883104
13955.6112551346
13959.6836132516
13959.7628304887
13958.8958093925
13958.8958104471
13954.6040884276
13954.3656104782
13958.1713142076
13959.0199796672
13955.777513137
13959.8573280408
13958.895810506
13957.2810575729
13958.8692010698
13957.7314795698
13959.7890016418
13959.0217210046
13960.2282768437
13958.629676979
13958.8843381091
13959.0050116888
13958.655399732
13954.7572841078
13959.4900630944
13960.4990474596
13960.3575591475
13957.9623636443
13958.9360357885
13966.8624305815
13958.2564512759
13958.1140462168
13956.793083872
13965.4711271419
13959.9111287397
13962.6865628935
13958.0728532956
13956.9563953748
13958.1474154078
13966.9178240399
13955.872787713
13956.5779427084
13959.9714748524
13963.481890027
13961.2325268009
13954.9596955745
13959.340061583
13958.3966618109
13958.2861584359
13956.2039811495
13958.3006216815
13960.8194082035
13955.2060678153
13964.3583127414
13958.1522890857
13965.229890901
13958.1497384585
13959.3142229928
13958.4842607755
13958.6830067812
13960.8187154335
13956.0286672338
13956.4368427667
13955.8593296885
13956.77599483
13957.3051981719
13958.9417395003
13959.2557996381
13956.8233205154
13955.4653648776
13957.1779160115
13955.498481982
13957.9455703179
13958.8816652228
13964.7977075499
13959.4888373592
13957.3065541824
13957.4852067883
13956.7453834069
13955.1530535678
13958.5046809214
13957.8259698243
13958.3380721919
13959.8705109111
13962.9040056944
13958.5063349537
13956.3705408305
13958.523439277
13960.3554600431
13960.1156785218
13957.1804736265
13959.6390358994
13960.1399943055
13954.2647569833
13951.9691553218
13958.0483929671
13965.1926699934
13967.3025227167
13967.0594576338
13958.7179827167
13956.9579550994
13958.0250992622
13967.6016451501
13958.5482803072
13959.460746287
13959.7342028592
13957.701554245
13963.5820760066
13957.65457159
13957.6545717933
13963.8084116071
13959.1668519166
13958.0484342315
13959.5415387521
13959.6546356656
13960.0630336574
13957.6263464195
13956.8737261571
13957.7181681163
13958.2851093597
13959.9380506318
13960.0458006828
13958.0426173361
13958.298190889
13960.7164406304
13957.2929020407
13954.901066033
13959.2402343929
13959.284100978
13959.7505689542
13966.976080588
13960.5842855859
13959.9734422525
13961.5014164677
13956.661035776
13959.1463544619
13960.027475107
13959.9753926374
13956.520175835
13960.3040451331
13959.0188253821
13959.93323963
13960.161326019
13956.656161294
13958.9351708043
13960.2852354302
13960.2657046332
13959.426698237
13961.2448856839
13959.9573791372
13956.3081532068
13953.0989220496
13966.9524847983
13958.2349953126
13958.9328851823
13959.014602735
13959.6687596289
13958.8505983055
13956.882722106
13953.8542126146
13963.7343541886
13957.4165467375
13958.0296851435
13958.8969080307
13959.6992019731
13959.7391226103
13959.8039331565
13955.1015279287
13961.0458049031
13958.7793977813
13954.3424708239
13957.3071723357
13959.5686690235
13964.4435962703
13957.4980510852
13955.3520450249
13955.8350994488
13957.3541882309
13955.6762195972
13958.4710904005
13964.0648958685
13956.9345932663
13955.6968153227
13952.6447028492
13953.777198564
13954.8124567915
13956.4986548494
13958.0316982929
13955.910431938
13954.5521075622
13963.1339755599
13957.3427939469
13958.4228924944
13959.58975735
13956.4552394527
13957.9266849914
13963.4575844292
13958.6019787155
13956.24841324
13963.7935522481
13955.7257214134
13958.226245887
13957.5758575142
13958.8656633234
13958.2189718285
13958.3163192076
13964.2812000424
13958.7202197825
13959.866078042
13962.0184142113
13966.8179023464
13959.1482535899
13960.3759090046
13958.6587767327
13963.8188210373
13964.5172499238
13960.8049788209
13958.9322187384
13960.2939611188
13958.9867720712
13960.2245500916
13961.1336080053
13965.721052666
13958.9735996119
13960.2089953512
13960.8560887336
13958.4633026726
13963.8559742347
13962.7241474564
13967.1579312213
13957.8884563457
13956.5746692108
13958.3042390072
13959.4152589885
13959.6218047658
13959.8174596925
13956.1368877619
13955.7233770998
13958.1871287804
13959.4140271166
13959.7517663691
13960.6221567584
13959.3362476012
13963.2376154075
13959.9354606998
13954.8311845617
13957.8798103682
13959.5288617381
13957.4336562087
13958.259810452
13959.9143980967
13957.2824253616
13955.7921332696
13960.9347790021
13958.0892583913
13960.6830588966
13959.4258931912
13959.9103631538
13957.9305896392
13957.0569703075
13959.5909537772
13956.2014204561
13956.8792478807
13959.8541673114
13967.7085464496
13955.7715089132
13958.2938534932
13959.3089508535
