# vacant volumes
14159.707723645
14158.8817877913
14158.2045844877
14150.2133994253
14151.1330160526
14152.8302741734
14159.5650405374
14157.4868012338
14158.7336936662
14159.8131225693
14150.6548413852
14157.5330579006
14150.2424173857
14158.7232386523
14153.4258644431
14161.5581408772
14157.9795002152
14159.9450509309
14157.5931923282
14156.2131419221
14154.0186008064
14155.39525783
14154.568256121
14162.5098470868
14159.7626997662
14160.5570540575
14160.0651202696
14154.5511012258
14157.0749608577
14157.4679926934
14161.7388290383
14159.9903144204
14159.4492761842
14157.0685679348
14159.307261387
14155.1424400866
14158.0230635906
14155.3902619398
14159.939387466
14154.3879149815
14159.1887629405
14159.6958279019
14155.5242795531
14156.9562668831
14154.1047090863
14158.2443326408
14153.6303907351
14160.038344977
14159.4298817413
14161.2056653862
14154.7805516004
14159.4128170272
14158.3845204739
14157.6881429473
14160.2639297665
14160.6296549142
14160.5788198381
14157.5168706265
14157.9042365757
14155.8719122928
14160.8991827593
14157.7710052238
14162.2355614637
14161.9852366195
14161.2486979472
14157.5528227302
14158.5969481595
14156.2967939299
14159.8726398304
14157.6097504237
14159.0161780657
14159.39331861
14159.5128277442
14158.7348191853
14156.5059776816
14157.0980632316
14154.8104229992
14161.3984705203
14158.8110556036
14158.1494423137
14160.7746610026
14159.5858000259
14155.4677545531
14159.7923604938
14159.0134850583
14159.7301471686
14156.5327455432
14161.5199249409
14160.3527566789
14160.2868571075
14162.6201101401
14155.8555126959
14161.3565618157
14156.9122261055
14161.947305378
14161.782090536
14159.143722987
14155.6096593976
14159.1771023875
14154.1655675335
14160.4308423502
14152.743341836
14156.9257773117
14160.8007827662
14155.8722156738
14158.4543831397
14156.7257528625
14152.8984997187
14154.0914715093
14156.2389813491
14159.5701267131
14160.7127639512
14161.2188906773
14155.9551722045
14158.6396448059
14161.110256477
14158.2441731016
14159.2252228299
14159.9034577771
14160.3792428913
14160.8249690956
14159.5169688715
14156.3474013654
14150.5896506736
14155.222815215
14150.6885775363
14158.080102664
14157.3216125135
14159.6397385569
14162.5977158011
14158.0764280779
14159.0054512173
14155.6825823968
14155.3574651788
14158.5661321738
14161.8758997598
14160.9397836963
14161.37096808
14159.2363399274
14160.8641949305
14154.1611477369
14160.7587007715
14155.6513742477
14160.8773170065
14160.1770837071
14158.9842800287
14159.6927518434
14159.2922401506
14153.7542172262
14159.730533125
14156.4352734757
14160.2908875947
14161.5406389718
14162.6660628186
14160.1477302346
14160.0742905065
14159.6635473772
14161.301075435
14160.8968812675
14159.9678961911
14160.1770428793
14158.3677392647
14158.1266526504
14157.9800124466
14157.8436912751
14159.0393606387
14160.4001749264
14161.6562997638
14160.3362804965
14158.6336448794
14158.8052674224
14158.5688715837
14160.2434168979
14159.992070114
14160.6894691131
14160.3975081339
14160.6587672949
14159.9221088868
14156.1097084052
14153.1340594671
14155.0722057257
14157.6816557709
14157.9895214821
14159.3693084428
14160.9399708831
14158.6856018116
14153.1647992153
14151.9582019233
14159.1481165178
14158.4635854355
14154.8765071104
14161.0059104848
14153.3353933801
14158.1015564842
14158.0517173936
14152.6930806274
14153.4179547154
14151.8872103804
14160.1159147908
14156.4724002171
14159.6163372266
14158.9853708485
14156.9626770885
14151.0464190743
14152.4564427335
14151.7709836659
14155.9917298943
14155.6402703906
14158.8136153706
14155.2945096292
14155.5417987931
14155.6488306979
14149.4717610523
14152.429383699
14158.4671649375
14155.5839101983
14159.0219031901
14159.1893464241
14152.0085161094
14153.4915219367
14151.8707175036
14154.4823275615
14153.6110694559
14159.6828188276
14155.9367446323
14151.9969528003
14156.5936745524
14152.8086944979
14149.1460618113
14153.3675086772
14158.0424194634
14155.2919065293
14159.2781205053
14157.4033714946
14152.5393858526
14154.4548643735
14154.0680596927
14153.3893748718
14157.2746928159
14155.4132590203
14157.9180211801
14162.4388889064
14150.4115436537
14159.0859975239
14152.0727806588
14157.9675528294
14152.9109054999
14162.0704139314
14160.446207938
14158.7244626765
14152.9778586745
14159.1390743614
14158.3633051687
14159.6853879132
14158.1566672314
14159.4781538336
14159.7298046444
14161.0850968971
14159.9234403889
14159.5936805645
14159.4299776703
14159.6188022196
14158.7993431512
14154.0481525439
14161.0062272415
14158.0605531642
14158.3374292889
14156.5305265124
14157.7680183348
14153.6990236766
14156.6020537837
14160.7483521937
14160.9023204305
14159.8844510219
14161.6274067954
14158.4654583216
14160.6976035423
14158.5797615907
14159.1180669597
14159.7098980315
14161.3234800048
14161.0643422293
14158.0091537148
14158.3925972175
14153.5606196127
14159.2599526334
14157.4566804641
14159.9046045541
14163.0211169366
14154.8010788747
14158.4466039347
14158.4063900752
14158.3992037891
14159.6514523021
14157.4461321522
14161.0080850284
14159.9933571802
14150.376063099
14158.7003682965
14150.0359351485
14159.5497713999
14152.8643910984
14161.0281614972
14155.1435619712
14162.3534837375
14150.5291017298
14153.6377872256
14149.4004171645
14158.5807544993
14150.9222855633
14155.8991044809
14154.7763768107
14159.658744806
14159.4230737575
14149.6846669568
14158.9626835288
14150.5854993416
14159.0419325561
14154.5272681605
14155.0040129853
14159.8924383271
14158.3990810363
14150.8583583012
14152.4776018456
14150.5640118759
14160.4959198521
14154.6016525664
14160.1468508139
14161.1339325089
14153.6522448993
14156.7813772115
14159.625164683
14158.792456216
14155.0111037577
14160.5286095072
14154.1107632621
14162.6642724702
14149.8230747429
14149.9569862197
14151.1916399603
14156.7871053624
14153.790377827
14160.1457199668
14159.2172668596
14161.741980518
14160.8582555879
14147.8345710805
14160.9685889005
14152.0337720873
14155.8644188549
14156.7783966855
14158.3861871531
14159.4846090173
14160.7662166616
14151.3528301405
14154.92247738
14154.1149715368
14153.9551886231
14155.4031460885
14156.0410100372
14161.6482086468
14158.7334194689
14151.4148846103
14154.9959587218
14158.7015668267
14155.490794223
14158.3754222309
14160.7197909095
14159.7827391743
14162.3423970473
14157.6892467086
14159.0556469713
14155.7720585917
14152.753494108
14155.61969871
14156.1034606901
14162.1107051605
14159.9400063797
14159.8484911762
14158.147649513
14155.0936608218
14161.3983232209
14158.0221717576
14160.4834489178
14158.8153415473
14160.9757562368
14158.8321545352
14157.8707077143
14155.4590289521
14160.034097351
14158.3508145707
14160.4251857519
14160.0483651405
14159.9196890816
14158.5507641235
14154.241906061
14157.7457913508
14157.4062900968
14159.5555285362
14161.5153109181
14158.0805852372
14151.2347970396
14156.7330132561
14153.3890635587
14156.8151978958
14154.1412300561
14157.6397539528
14159.6961432024
14159.2226112775
14157.8215098471
14154.9784517666
14156.5536511995
14157.7154664043
14156.33858747
14160.1183164881
14155.9487210971
14158.503785921
14159.5268482133
14154.1442511752
14156.960529735
14153.6724619176
14158.542329756
14154.1791295811
14161.6099710487
14160.6822952506
14160.0361836109
14156.1381263001
14158.9994726549
14158.5401781016
14158.9935925026
14159.6336072327
14155.2775642013
14158.8161651198
14158.5861063197
14157.1721074816
14159.4242622082
14158.1215795423
14159.6203251911
14161.142537055
14155.5465959428
14155.31228237
14156.7761325176
14158.6654605657
14159.2264073393
14157.9689568769
14153.108119328
14159.3537635915
14161.1395214805
14157.731726771
14154.9949524774
14159.8438107504
14157.5815855283
14156.2556787565
14157.9560761791
14158.8094622434
14159.8154644852
14158.436053465
14158.3913411537
14156.3026531827
14159.7731427889
14159.0434208448
14157.7759718293
14160.5127852793
14161.6817432067
14159.1498651107
14152.0018923632
14159.6505772437
14158.6427420413
14158.2820627677
14159.3648705409
14157.8819965718
14154.1816244874
14159.6936257575
14160.4165650105
14151.5208051511
14159.7405219753
14158.8651967782
14157.9894253824
14159.4557110074
14160.5064378339
14156.8889365621
14159.2955474415
14155.3127052553
14159.3556663209
14153.5684375827
14160.4763132666
14155.4760915324
14161.3669779506
14160.1850410324
14160.461948388
14157.9142369122
14159.4818076395
14161.4458798275
14159.1342083947
14160.5941164376
14155.7736212212
14160.18283542
14158.5757266744
14159.0293485393
14155.2196836591
14155.9588133247
14155.1953588552
14160.7249538986
14155.7569951018
14159.0542458151
14159.227364197
14155.8356261805
14159.6771319787
14154.5096148308
14159.8628379132
14158.8960515359
14159.7033652864
14158.3253704193
14164.9086655927
14158.7144966705
14165.8211958666
14158.2321714759
14158.8794478873
14156.6702212879
14158.2774991771
14156.5757377781
14154.2549655579
14159.8256334759
14158.0748350286
14156.8569395855
14158.0083947397
14158.5239831544
14156.9220527687
14157.6417831053
14155.1020926717
14157.8664825589
14156.9081903695
14157.8982624761
14156.1405579193
14157.8074778306
14162.5317019512
14157.3148101306
14154.7220234229
14156.9527836561
14157.6958919206
14157.1011040857
14156.4029846496
14157.7867586565
14158.8576587044
14157.33619421
14155.9385236191
14157.0952157026
14155.0184406702
14155.8129074848
14155.8744104599
14154.6514335227
14155.0094621522
14156.1873807103
14154.6963941924
14154.9582770236
14156.5178843769
14155.822721138
14156.4696594866
14153.5947547864
14156.4216981482
14157.3160838384
14156.0392836109
14157.3287684695
14165.0223989166
14156.352291642
14157.2993371887
14156.2747980599
14156.8219778986
14155.9788721084
14156.6180468222
14155.3837173362
14155.4197040278
14156.4131697803
14157.786774415
14155.5796529729
14154.7544166867
14156.7248566127
14156.1464358448
14156.4252502001
14155.1625723612
14165.2799234463
14157.8447021631
14157.1137161264
14157.5663110882
14156.7706641534
14154.4628786622
14155.6549573112
14155.7705160935
14156.3728017383
14158.0446883086
14156.6819642636
14156.6476616267
14157.0405288594
14165.27719347
14157.2588343296
14157.3161473027
14156.5935634667
14156.8011044475
14157.627403527
14156.7513769852
14155.3462803584
14153.8786647755
14157.1088688047
14157.6965941904
14157.2950510341
14157.6451206467
14156.7013521318
14160.3165224328
14159.8576648299
14154.8128439886
14158.469561925
14158.970681804
14156.6675591239
14158.7298909437
14157.0007979799
14155.7531837345
14155.3023162075
14158.606355857
14155.4807142137
14158.3137774636
14166.1947148747
14159.1188522944
14156.3715997164
14157.3338940391
14159.7674219241
14157.6324267735
14158.2582720176
14155.5852841063
14157.1544045285
14157.2610245916
14157.4833080747
14157.9796875008
14159.1341803589
14151.8679657975
14157.1731488824
14151.1923864854
14156.1495676263
14158.5121492418
14158.0667285599
14157.4635379414
14159.0870331145
14157.2045464536
14155.6848712932
14157.6007879969
14154.4324069684
14150.6945911681
14157.586947407
14158.1569893065
14158.1447720727
14165.658998619
14157.5828715618
14154.2144611937
14155.2329850991
14150.0462288269
14156.8990540688
14158.1455247446
14158.7689318152
14158.4205756604
14155.6371272789
14158.0029840232
14157.1779123735
14148.6906481224
14158.2214122648
14153.888057222
14156.5381064285
14156.8736055803
14156.3337638006
14157.6018586438
14156.9940393671
14154.2385206081
14152.5861727287
14154.0317430798
14158.221927644
14158.7729444677
14156.2023774296
14166.8351532261
14157.2132630433
14157.3401464477
14150.3208597907
14150.7777428477
14158.5503021679
14157.5260150384
14158.866051477
14158.0558539535
14159.1207409725
14167.8554221749
14148.7535829599
14151.4133062211
14153.9317815478
14158.7188291482
14156.0099344799
14157.3552881915
14157.1175586449
14158.1878954131
14154.5315732204
14156.0669719766
14157.0091403547
14158.0799437536
14159.051769739
14157.720064827
14158.3277852539
14158.3976316932
14151.872327873
14158.3158847147
14159.1427150293
14153.3734493159
14155.4613105128
14157.200665303
14157.4901847476
14156.8829609035
14157.8404109291
14156.7773621945
14157.5781006982
14150.8020951392
14158.3221994385
14157.7267051051
14157.9549922712
14158.8428606198
14157.5982360539
14159.1403224891
14154.0496611388
14154.2073261052
14155.4859264564
14151.9199443852
14157.380600925
14156.5583016566
14153.2736956513
14151.5052603526
14157.5337434286
14150.6631711702
14159.8319014468
14156.8944301454
14153.4592919496
14152.3795753491
14152.608128305
14157.9459615554
14158.387589642
14152.0355813051
14162.7434876959
14156.3978565453
14156.5737771931
14157.8107188759
14153.5825153444
14156.2748028348
14155.111343217
14155.3025058433
14152.2218375408
14159.0603997958
14157.1614689135
14157.0156527779
14151.4788346573
14156.4326665179
14158.6478813057
14155.503158524
14150.9529528589
14155.0975999115
14166.1881019504
14159.4457626638
14156.8165533048
14157.1165063334
14154.1066051896
14157.6493999009
14157.6369504107
14158.7298254483
14154.1003282045
14154.038506178
14156.4538592084
14156.1523623537
14156.0277109881
14157.0800038443
14156.3188544325
14156.1624408232
14158.1781604651
14157.2272791397
14151.3335444378
14159.6299594282
14151.2593028499
14156.3044410338
14159.7779320972
14157.376354597
14157.6763656293
14158.1420609972
14154.1331534292
14156.4732846302
14156.4456444215
14156.2818120882
14157.8315629683
14157.361634035
14155.9517264944
14164.3076887468
14157.3182848469
14154.6006411904
14154.6882897031
14156.9090637115
14157.1247460308
14158.3104366045
14155.2448956554
14156.2785477076
14157.2489849397
14163.1998858628
14156.7903717413
14155.8455276942
14157.7508074695
14158.487463694
14153.8244395601
14154.296133856
14156.1325420088
14160.9483516066
14158.5152047264
14165.1356886503
14157.4387528773
14156.7609066059
14157.0421137194
14156.2460616507
14154.3272018244
14153.6834502642
14157.3089845332
14156.976192804
14157.8255416767
14158.4558012679
14157.8918356149
14157.5152672713
14159.7730524121
14152.7278345891
14152.1182933381
14154.1767061264
14157.9341012379
14158.0778718025
14157.0838508909
14155.4678662031
14152.727834008
14152.0328921632
14157.6175650637
14156.6537588566
14158.3125446481
14153.4127519753
14158.8003754981
14157.1590755444
14159.0326182656
14159.1017384377
14161.774985609
14156.0761316802
14157.5597144091
14157.5617803699
14158.1716751281
14155.0081360764
14155.000099088
14154.7869376061
14159.3787443405
14149.9256765293
14157.4554808488
14152.2985432661
14166.6432102441
14156.4580662484
14159.0869107998
14157.9553024185
14154.9005577876
14156.3576614852
14166.4443034663
14157.1902779352
14158.1053576649
14156.9630790007
14154.1860563808
14159.567941251
14150.1757143466
14149.3768210783
14167.1251972204
14158.8449667373
14156.9703183686
14155.3430434597
14158.1178139521
14159.7723521766
14155.3024024268
14154.2211725289
14148.2840262487
14158.3013955318
14158.4670415564
14157.2402400708
14156.262263923
14155.7667775045
14153.7706250554
14158.1875191127
14147.0615565486
14154.498630643
14158.687684876
14156.3092301576
14158.0935495858
14158.5424013445
14159.9681339749
14158.2368907975
14147.3993337881
14157.8116500036
14159.1221033872
14157.5482759552
14154.1203127995
14156.6935712314
14157.9558118593
14157.919301444
14157.6907785087
14157.3850534449
14157.4939640413
14159.387020319
14158.9175019689
14157.355200971
14158.1679425848
14157.1888479479
14158.9194092075
14157.9741701253
14157.0996925146
14157.2522437508
14158.0092046487
14156.165041233
14158.51155891
14157.8542420662
14157.0076400531
14158.2759382376
14157.0009848285
14157.8583690352
14156.8114179102
14153.2359521659
14157.6951564371
14157.191002097
14157.7381188113
14157.3112615403
14158.2738541674
14158.311836299
14159.2506168223
14154.6937011322
14158.7015050604
14156.5808970022
14157.6796694789
14157.5769232673
14158.6849650772
14158.1507229225
14154.2377232934
14158.3479830523
14157.9031008914
14156.6657945681
14157.7012921812
14156.5375353334
14156.7185183778
14157.381344592
14156.7724687727
14155.9618949502
14157.2235914622
14156.1871765552
14157.440783135
14156.9959204559
14156.9072278879
14157.6807519621
14155.8126946452
14156.3855732005
14157.9333463004
14157.8780709145
14157.5846869266
14155.0123531697
14156.8005506536
14158.0096393435
14157.8870731105
14156.3546708261
14155.2956389659
14156.3596425513
14156.9320001887
14156.7075272545
14156.8769051943
14157.312678577
14156.8834178375
14156.3084826558
14157.6217133848
14153.3763177061
14157.8360914996
14165.0354291758
14156.7387546633
14157.6874476655
14156.9944260253
14158.0408310013
14155.8211401609
14156.070400601
14155.8307201502
14156.7999933514
14157.2728930283
14156.9519329131
14154.1490705134
14157.1216821332
14157.4608294618
14155.5127813805
14157.4951796093
14156.7532147156
14157.0685034914
14157.9715233945
14156.7516287169
14156.7504750924
14157.0191799157
14155.2122220951
14156.297871542
14158.3600928493
14158.1806876854
14159.0413260219
14156.6031153108
14157.4713540398
14157.4437387529
14156.9985681561
14156.5229684335
14157.0222213912
14157.3920572059
14158.4265459448
14158.1105870634
14157.9123050292
14159.805167206
14158.8332260584
14157.2716258635
14157.0302688365
14156.6499395044
14158.8264453854
14157.5704096267
14158.4500991946
14158.8748489732
14159.5641654048
14158.9663150677
14157.5190779142
14158.417012503
14158.9875252848
14158.0454899159
14158.4462476602
