# vacant volumes
13415.5987678578
13404.6793273808
13420.2566963903
13411.7188124438
13411.7188134158
13417.442799566
13417.6050439345
13414.4197927565
13420.799424647
13414.7170755907
13418.377550211
13406.6236847581
13416.1049831833
13412.7488555362
13410.6661253779
13409.8214309909
13409.0154361062
13415.8731960888
13415.8539297501
13418.4929882061
13410.2263124389
13411.1677145131
13416.320589072
13412.8187076147
13411.421142809
13412.8670504458
13410.6545970056
13414.472644148
13418.3100075426
13408.2011869224
13411.3537845243
13418.9644430622
13411.0040117877
13419.8208720851
13416.720299477
13418.202582615
13412.194452524
13414.4388174806
13417.4162199681
13420.7397790945
13409.3506101703
13418.1385087272
13410.531814285
13410.8820777541
13411.5375875479
13409.8308420347
13417.9353097024
13418.980284051
13420.1501039326
13415.0402323901
13411.7955646231
13413.3020087965
13412.7959707645
13414.2551991314
13417.8819707414
13418.7728367017
13409.0736819975
13416.1070428338
13414.5691650733
13420.7239278274
13417.3122082398
13415.8102808586
13419.1658221961
13418.076326228
13418.2585664984
13410.3327878816
13420.0325441568
13416.1302637373
13413.0292080886
13417.0435277322
13407.5208717046
13416.1579783239
13419.0656926883
13412.9384988823
13416.5623666281
13414.4728221383
13415.8695059792
13420.091042485
13420.8834308645
13420.8530206168
13417.4111536078
13413.0589281855
13410.2821155649
13405.7045395646
13420.7112670549
13411.5482407823
13407.8753695349
13420.5488070143
13421.8005025114
13416.032288654
13414.9261029085
13410.4937506406
13415.9674826613
13420.9420081922
13416.1937006542
13422.0421482346
13411.533127267
13414.2987103088
13410.145973939
13421.9633215638
13420.2740545078
13413.9713823619
13407.8251496494
13417.0398183678
13411.5671528664
13410.7998868906
13406.3141958348
13413.8023479647
13417.3280491417
13418.5935802732
13417.7729348711
13421.744483554
13415.6498409489
13416.7803386999
13416.673580594
13413.7209924889
13411.6454592183
13414.6395925096
13417.288557338
13415.8773376937
13416.52922342
13410.9454952465
13414.93252308
13410.4695132159
13410.6785680491
13412.7398491075
13417.6505119624
13412.2546976078
13419.18833694
13415.9515374971
13418.1792987522
13414.4620679497
13418.4570575055
13414.5721769225
13417.8181460219
13414.080111333
13419.1634913659
13412.9415557579
13418.6001365907
13418.4227183634
13419.8203361865
13413.7048923795
13420.273545172
13419.0404548494
13414.1849496672
13414.7424813231
13415.7277800284
13413.9620298116
13414.6348707035
13410.0937198186
13413.7061428885
13416.6365379276
13418.2398095535
13410.692365155
13415.9429332832
13416.8549724627
13416.3311374909
13418.1694705107
13419.077794135
13414.3831626109
13414.2124689386
13413.710461407
13416.7139581382
13411.2927169268
13415.7923084673
13421.0395955512
13404.0716615089
13418.6806849383
13418.9682687055
13409.7040441887
13414.9992056465
13417.1921840725
13408.6018223948
13419.2554718438
13412.852109769
13414.7163297621
13414.5161175749
13409.1895437613
13413.1830525966
13411.4648121359
13417.0204525446
13420.0775520262
13411.0347608402
13419.7666088767
13416.8169635736
13408.8926052051
13416.257518266
13419.2718812278
13412.2775096822
13418.073870907
13416.5327313694
13415.1877619633
13419.5913645491
13413.9243017585
13413.3870214797
13420.2881192438
13421.4655815587
13413.0171238313
13417.7876463358
13417.975559245
13415.2963565868
13413.2597827483
13408.4995026973
13412.797394509
13411.7931027723
13418.3317227581
13414.6327776244
13410.7489397128
13418.7170576045
13418.5709375654
13418.9189827679
13419.6612904507
13412.0130275079
13415.6977342422
13417.3408873523
13410.4924274592
13418.1897797347
13416.6055965754
13419.3512900465
13417.3493217605
13419.4732917085
13416.7021245744
13409.393521391
13414.0521742298
13416.3485160432
13415.4346510897
13418.295348419
13414.7530250365
13412.5356074515
13415.1906810962
13419.3355944556
13410.1290061155
13420.8831085026
13418.5363097845
13418.4186062188
13420.01266785
13421.7451278716
13418.2218895139
13415.9998098447
13412.3618329615
13418.3436817652
13415.7470539338
13407.1635623784
13414.3582154258
13417.8657818187
13416.5089367298
13418.0934990724
13417.1094587649
13420.3359552419
13416.3005090079
13418.9736857175
13416.7707202962
13420.9053821307
13417.183412228
13419.1959747278
13414.7504595275
13419.5784885742
13414.2264463924
13417.3300579161
13418.6418519382
13419.7664769377
13411.7321327988
13412.3075845043
13408.7172622717
13419.7512278741
13416.1230772633
13410.6428117368
13418.7166150167
13413.8989042708
13410.9429426584
13412.5124608194
13419.7131241208
13417.0884102209
13416.4443866198
13415.5044687618
13416.7031013672
13416.3692017226
13419.5389470666
13417.7370030325
13415.8768414849
13416.5624443263
13414.5570996644
13418.0627426884
13418.5504304568
13414.738546638
13418.0439246581
13412.9128907381
13418.126644923
13415.1140050137
13411.2444968058
13410.9994695763
13419.0817714838
13417.411234691
13419.4134761358
13415.2545592876
13415.011381643
13418.9480549887
13420.2484902568
13413.6721311966
13419.5469335573
13414.3901293792
13409.5025701011
13414.6673861821
13412.9594938618
13410.4701560742
13412.893995224
13408.3666994693
13416.434248327
13412.2835639888
13407.8744597323
13413.4475998728
13413.7764422828
13421.3258517582
13417.1627773752
13417.5228100907
13416.2905275586
13415.9038892332
13405.8790505129
13411.8415258983
13411.801384254
13414.4252953682
13413.3356512786
13417.5629717073
13412.9969874278
13417.1797492278
13413.0065837936
13404.820725839
13403.8982727039
13410.8187691788
13416.7635880899
13415.2382182001
13411.5238742727
13415.769257329
13418.406219212
13415.9291602841
13408.2384517965
13418.7763260875
13417.8710571371
13420.0144997876
13421.1846040671
13419.7394508959
13409.9394024973
13415.5016034655
13410.1496165371
13418.6331533867
13415.7719785386
13415.7308218677
13405.1789898596
13400.7860165395
13419.3384536086
13416.9240972984
13415.1738295408
13419.5064497625
13418.2382144946
13419.2466013775
13413.1224333065
13406.2418870374
13416.2171957105
13417.2463668716
13418.5642788442
13419.7143274267
13420.3405089906
13417.1565038066
13412.7499024759
13410.1101572959
13417.819376151
13409.4259423804
13415.7982199357
13420.8559894206
13417.4287485038
13413.2900718719
13411.1602161528
13416.225797267
13417.7510269175
13415.1155488594
13422.5560565127
13418.8275295843
13405.8792137676
13420.2171497232
13403.009786006
13414.4010256961
13415.6362167552
13409.0333727931
13419.1197802331
13410.520331602
13415.0198813537
13410.2266893544
13408.2075793695
13412.5939365541
13414.4290302977
13417.1558030884
13420.1809652298
13416.4743459104
13403.4129374009
13413.0302975366
13408.12470023
13414.0611366473
13417.6015932176
13412.8040077782
13418.2016099431
13408.7305662771
13414.6101559468
13412.0981524204
13409.310449689
13407.171841064
13410.1266940784
13417.5138168937
13411.6231253289
13413.8652057057
13416.9009559711
13414.928229913
13416.6800451761
13416.7753821603
13411.3564428995
13414.5453488412
13418.6466422608
13419.2344975054
13417.2253372373
13416.3997122944
13415.0724177467
13418.8236201525
13414.0956088852
13412.6751076973
13421.5643378819
13414.9005828698
13416.9719606214
13415.0652684802
13419.4705990516
13417.9854825647
13417.3209147298
13412.8224451135
13418.4317732255
13419.8003497116
13417.7231564985
13420.0927812212
13407.7102264069
13411.5084067327
13406.0158924668
13405.7436858799
13418.9730016059
13421.7208567719
13412.9854463127
13419.6963598375
13419.6447938196
13409.0732284309
13411.6450341673
13410.2432566026
13405.5866765775
13420.1675579368
13416.5180787687
13418.2915747945
13409.7115064701
13405.9513958646
13411.0924462259
13412.3808856724
13407.9244607104
13418.6365830184
13413.846530937
13408.9959803852
13416.0410904949
13415.713758799
13407.8138401349
13416.4601889171
13414.2535842626
13419.2360411674
13416.8991674991
13415.1718232708
13416.4047247616
13410.9529340299
13412.4041218143
13415.3878378998
13413.3996815862
13417.2632275117
13412.0772150003
13409.3574235927
13410.666973215
13416.7287471063
13408.228883227
13404.8199103892
13412.473163737
13406.8907591896
13403.4521573062
13401.3650586968
13416.6953234155
13406.7198231169
13417.4082894392
13415.0393399419
13415.1510372579
13414.0321275552
13412.0579458757
13416.5584962971
13420.2972435983
13417.1274128998
13406.8174225385
13414.7355483378
13417.2361127471
13406.6463817225
13411.7134361493
13412.1106443524
13410.4975499174
13409.5423160974
13413.1772419811
13414.0253920635
13419.021194801
13414.5804462433
13407.9778042119
13410.148913224
13420.4609982384
13413.6005396156
13420.4976843487
13412.6484613526
13417.6437732146
13414.075653907
13417.1253818279
13416.2877912599
13416.7145755989
13413.1679553145
13416.2391379276
13410.7873103266
13413.2986377886
13418.8983822496
13411.0920249652
13417.8411474995
13416.4461279771
13408.8950029892
13407.2999102126
13411.0903393135
13417.0572001907
13415.4719089336
13419.776224741
13416.0600070212
13413.7996369
13413.0649654725
13412.3374543654
13410.8629596038
13405.4254928029
13410.8316392607
13419.5558176686
13412.4921330197
13406.4478753721
13416.4438359771
13410.0904237063
13417.9047724692
13406.5255413095
13413.8187682321
13421.2322679504
13416.701873661
13409.2011671126
13413.1507427703
13410.8283373346
13414.7251030953
13404.8186352377
13416.7023760434
13421.5553966664
13415.1171766258
13421.6618941222
13405.1115622332
13418.5851685922
13418.6810514108
13406.7362665153
13417.1790077515
13419.4185511985
13402.2546125164
13406.7634490495
13416.5790703548
13413.6315848588
13416.597549687
13417.4777599861
13419.2159602307
13420.911231841
13416.289968977
13419.0032864057
13412.7679417724
13419.6756942196
13419.5638284012
13400.5818687297
13416.7053938413
13419.4052119066
13413.1949055708
13421.6394024176
13418.977561468
13410.7658773327
13409.2648142966
13415.2974505369
13418.4916547916
13419.3888239595
13414.1600099758
13418.6492743625
13413.6317029104
13413.9899014697
13417.6267455516
13416.4963520657
13414.3643025985
13418.5158126324
13415.8908862821
13416.4931355131
13418.8456675948
13412.0417409003
13421.6654585415
13413.378101829
13419.8792720865
13418.6720968144
13418.652186352
13415.9390500009
13417.0157741493
13414.0336616635
13416.2512517075
13418.3492914357
13411.3153837915
13409.6614803272
13415.8800603498
13415.803778043
13419.4597137723
13416.560132877
13417.7289350665
13416.2774063489
13419.1778951525
13414.3988535572
13421.8279184659
13414.4512683431
13421.046948958
13413.9367546052
13411.0699955477
13413.088782701
13414.6392051216
13418.8425068951
13411.6157569178
13411.9191485217
13417.4440409411
13417.6586296286
13418.3180200988
13417.719594384
13413.5382281323
13413.6938094199
13412.3055134643
13416.9773936819
13419.153128831
13411.6389482691
13420.4830516121
13414.0914743212
13418.4637754471
13411.9691188476
13420.0954200244
13402.6648617962
13417.1585645932
13412.9844203259
13418.0161109373
13415.0955553601
13419.58422209
13414.1133890905
13416.3278614249
13412.8734562007
13411.5392436681
13407.3417832435
13417.5250879819
13416.4897923921
13410.9164592921
13414.7687794497
13412.3611148345
13405.0475771579
13410.8808404511
13419.2286476182
13416.1165316118
13412.0438457484
13409.6964691285
13397.6575906211
13400.2410835056
13410.5256931003
13413.5939761001
13413.5355263186
13417.0685466252
13410.6176929816
13417.2205754562
13415.4522460808
13408.2879446468
13421.7823510085
13414.4539732385
13419.4951718368
13413.0970708569
13415.1933239611
13416.3270491535
13399.609298449
13404.9430883109
13417.1848958512
13411.7692677051
13417.3290433977
13408.9471890652
13416.3433987249
13416.1272376766
13418.6526349046
13414.0592172199
13405.4899224241
13415.3823366133
13419.246200778
13415.9312547764
13408.5293499716
13414.8374510559
13412.5144973781
13405.8181701639
13401.6464111233
13411.1795789367
13406.5720681665
13406.9385809749
13417.7257488129
13412.1695286354
13414.1664189435
13413.4320001299
13418.7531772355
13409.6533205956
13413.5265679386
13407.7276965875
13414.1593797643
13405.8239196719
13408.5446988218
13411.0955578458
13412.022685031
13417.5168168205
13405.7923709628
13414.9906622146
13418.1198997382
13417.6326971001
13412.1679524217
13413.8823201193
13417.9558648345
13409.5945000555
13418.4628327979
13417.7521861844
13415.4501426145
13415.5033794328
13411.8101299494
13407.0749942544
13417.6975878957
13410.6096038041
13418.2873610673
13411.7105304984
13417.0902593631
13413.095301121
13408.8730691051
13414.1197232956
13411.1610787283
13417.7123997924
13418.9422494006
13410.5816303632
13411.209670884
13411.6406919725
13413.6070189406
13404.7138469464
13418.68443739
13417.1918616537
13417.8911564515
13413.7248972865
13416.67985079
13420.1943570399
13417.6120890893
13421.7930017848
13412.3551056849
13418.1086376441
13416.3283850078
13418.0173219141
13414.7524572895
13409.7663247021
13410.4088273551
13411.0831922232
13419.6058769178
13412.8585061049
13417.3139277133
13411.5635924584
13415.6084393189
13410.8855309032
13417.8948603217
13414.6651055711
13416.7947681749
13413.4654374731
13409.6811531575
13418.6776827597
13415.2362885774
13413.6798890477
13420.6831122282
13415.3037277791
13419.5632895298
13414.8635080642
13419.8376748411
13416.9759601867
13419.8800955007
13411.6272668508
13413.8943029928
13409.342122314
13407.2884304722
13402.7856975479
13418.9003932762
13416.2031157814
13414.846366648
13410.9623627784
13408.124905212
13416.0460840703
13416.2944548599
13409.6718077883
13416.4974337992
13411.2570994031
13410.6536928604
13410.0328726853
13412.7419004892
13412.3251246699
13400.8134734937
13415.5221421752
13404.6207339039
13404.8510245226
13413.8326803156
13413.6131546188
13415.1867852205
13414.1375177017
13411.4279335267
13407.9252144438
13408.7998949076
13418.925179144
13415.4217436431
13405.0299956468
13397.3945021511
13405.3806742382
13418.018857899
13415.6420024874
13403.2460593691
13418.7434964434
13411.8040239018
13412.4454303434
13409.8378285113
13405.7609045014
13409.9101843509
13417.7345983496
13410.7334380748
13411.9598160535
13412.1669843086
13413.7104025388
13413.9878200377
13417.5285023789
13409.7015228153
13407.4456403833
13418.8507135981
13418.6672219896
13414.5954407645
13415.0803773455
13413.4994237632
13411.9725302097
13408.9019863638
13411.6502408099
13415.1281415873
13421.0883122684
13408.4362461681
13412.1076804337
13413.3827289565
13410.3772513608
13416.6000640089
13416.2505896301
13414.2184571753
13415.6285894009
13410.0158173619
13416.0234754619
13406.7717020224
13412.3972272507
13409.9134700111
13415.124635008
13414.7613128126
13409.3261850671
13416.2026666992
13406.3225002675
13415.8795061111
13412.1709774181
13418.847099948
13414.8920080973
13409.1197939674
13419.5493324837
13412.9423911335
13405.0391559108
13409.8842430667
13407.8643764507
13416.1898812324
13412.5921107013
13417.4654772017
13415.5205599368
13406.8907592138
13411.8236761268
13418.001113248
13410.4088273699
13418.9496828646
13414.9558729333
13419.892292393
13418.7574216834
13418.1148962424
13413.7263118666
13416.9555317954
13418.7696355586
13417.0029706784
13415.6775529285
13416.1873128999
13412.8402645186
13407.105651287
13418.6034715427
13420.4878327032
13411.4208664839
13418.6761599653
13414.1366885706
13406.5059456534
13420.1931491388
13410.1087357987
13416.3762023703
13421.562754978
13414.1201402519
13417.3776497179
13413.892274545
13416.676456987
13416.8475643446
13416.0472810887
13418.743491116
13419.7743271979
13414.9463843281
13417.8569510111
13415.1044395285
13415.8186952863
13412.9229125423
13412.6090621449
13415.2421753411
13418.5238994128
13417.101407588
13415.9395883342
13410.0683641273
13417.2877737968
13414.8520671163
13415.2586703275
13412.5134428616
13415.0410162861
13416.4881328095
13414.0742722624
13410.6969674964
13408.8996218092
13415.4407917465
13419.122516439
13414.8335609254
13419.8177724683
13417.7528452597
13413.1576745033
13416.2600445981
13411.0815723032
13394.5707707746
13417.7232317766
13413.9346645612
13405.1228741418
13407.9657810837
13416.6493654082
13412.6006150973
13416.9957311503
13417.4056290074
13417.9411487756
13413.6992221621
13411.3386339726
13412.5539585676
13418.4969686813
13415.4980958364
13413.3250598015
13418.7406349676
13416.7607611323
13404.0029636944
13408.072543888
13412.9428527444
13404.8389770602
13411.7081396553
13413.1406386277
13415.1619451077
13414.9464326916
13410.756955184
13414.4226547435
13415.0126860993
13418.0383529205
13412.1874164245
13419.1657800285
13419.5368988997
13417.5232878466
13404.8433827127
13414.0852160325
13409.443737959
13416.4310980813
13411.7916432493
13418.1718532593
13410.2935767481
13416.9026432239
13408.764179437
13414.767888612
13411.569139208
13416.8681859006
13411.3540264827
13420.7332023595
13416.455361122
13416.0968275904
13415.978258844
13416.1251073952
13412.9910408899
13404.9879039871
13411.1071110553
13420.1945466706
13413.1184607321
13420.8598871799
13411.7919010384
13414.6777240212
13411.5608018257
13409.2414500421
13409.1598928453
13417.2867192269
13417.8444448339
13415.4543500523
13415.9565007495
13413.8269667742
13412.0038408522
13411.8606230125
13419.1614427422
13418.3972689455
13420.5121724429
13415.2940122837
13414.3108265183
13419.0690127782
13415.8193692053
13412.4773085342
13417.1696001615
13417.5517632835
13418.8917342805
13414.8907677056
