# vacant volumes
13461.0277959673
13458.3160222211
13461.635666722
13461.3316984214
13456.8367045795
13454.9569008929
13458.1317209404
13453.0684687387
13464.9544905131
13460.7015353632
13461.4715950802
13454.9412358041
13460.8334159531
13446.6911958018
13448.0948277983
13463.8396855364
13457.0819713388
13460.5578909822
13462.0962947141
13459.2102676945
13454.1483560325
13457.692562579
13449.9637726772
13448.6436180994
13462.0096367197
13456.9071431249
13453.773640452
13453.4525051928
13460.4512220739
13459.3238321963
13448.2988675621
13460.4321032168
13460.9032271785
13463.1534548779
13457.7596927433
13460.8549208456
13448.4313278062
13456.3722486027
13452.2020981322
13455.7523540236
13455.1556604011
13462.3133002451
13455.6039288012
13454.6221278324
13454.1414599306
13459.2625680166
13455.1314052358
13453.1163919301
13462.9123160669
13459.6385385998
13458.6022757833
13458.3761149632
13462.6273058403
13458.2893310279
13455.0627077511
13456.280915471
13461.0175638393
13461.3318214958
13459.2824302146
13461.3943124434
13464.1987200049
13460.887721055
13461.3593986248
13462.4030496664
13462.1918004112
13457.6589769207
13462.7311889492
13460.7507003642
13457.0687897785
13461.3098327532
13449.1592802382
13462.4935985154
13461.5547832968
13459.5936449565
13461.9491057831
13459.9267207081
13456.0791419957
13455.340461177
13461.4379031529
13463.756261386
13461.267364443
13461.7688723405
13455.744080497
13458.0005093866
13460.2524718009
13462.8272214066
13461.3661487797
13461.7787288722
13460.1569729135
13458.6718813912
13455.0675802818
13454.369677331
13458.223355041
13463.830409745
13462.6158345814
13460.9333205328
13459.6686912038
13460.266367985
13456.5596200574
13456.1622528012
13462.4795545308
13460.3598073992
13455.0765972561
13460.6932729164
13460.3740160728
13461.0226811514
13456.5585429812
13459.1060014398
13459.8979570874
13462.6409406582
13466.1666928198
13460.2878580689
13457.3744532648
13457.6894192041
13459.5823263395
13458.2915945995
13456.819306823
13454.0722175688
13460.0017189249
13458.8601090972
13462.9349447679
13458.1948068043
13459.1080353327
13458.3369642056
13456.0900727848
13457.8806854506
13462.1269506908
13453.3636245651
13462.7747812965
13462.5649882485
13462.9534138055
13460.9821516748
13461.3251337135
13460.0581997477
13465.0621044645
13457.0738672949
13463.3426136505
13461.3099513438
13464.4330989126
13461.4456475813
13462.824245116
13456.9309321489
13462.3642705705
13461.7635467261
13462.680994365
13462.2900987984
13464.0915694526
13459.1959281474
13462.4162067904
13456.8694317133
13451.070922107
13463.0208944168
13461.2373841068
13460.2459896396
13462.4422131989
13460.6610848244
13459.9637706204
13463.2968786024
13462.0452604323
13461.4977088562
13461.4923732997
13456.4518970741
13461.1665061924
13461.3602484924
13460.3728986739
13462.9301292153
13460.3119194843
13463.4497618814
13463.6170590218
13457.8106616009
13461.916346947
13460.2687889202
13457.9650951523
13464.3494295352
13456.7710335603
13463.1587665446
13457.8309037627
13459.3145405084
13456.4336999605
13455.8522865179
13460.6210597792
13463.8711667
13459.7688256692
13466.830275938
13461.1190415453
13458.6959874233
13460.9763847815
13462.0654166491
13460.812409621
13461.9577900628
13462.1367392731
13462.3220401197
13459.9178288215
13457.3438253923
13457.8873636381
13463.0680250183
13460.9536407251
13461.9035004771
13459.9646535389
13463.2113242078
13459.2173158159
13458.300898998
13455.1370731922
13457.0295302994
13460.1843590939
13459.1889111788
13462.1702924434
13460.231548369
13461.3651780255
13456.2490052739
13463.2446281793
13455.6447875863
13456.8172739081
13462.9709352852
13458.1779606713
13455.5014359723
13459.6969934234
13458.9063573377
13458.293915459
13458.1992909361
13462.0416512419
13457.531306675
13457.3019572243
13460.6684496464
13459.5892432984
13458.4810847218
13456.0583141668
13459.7557200421
13458.1816008603
13459.7055704677
13458.3231621891
13459.9413335224
13465.7496915132
13460.895778329
13462.9860282643
13463.7445520457
13461.7939576266
13459.6047236844
13455.4109016268
13461.3944414381
13459.3372671604
13464.4131426155
13456.4879578034
13459.2666139349
13460.3697389437
13462.697129282
13458.752343872
13458.1392704404
13464.5018745044
13469.3399268881
13465.9974387806
13463.10091162
13465.1547492754
13460.2068632336
13460.1451369471
13460.4108733184
13461.8164464342
13456.5397999263
13461.9636313929
13460.1874286569
13460.3947529692
13456.8322676243
13458.6966352912
13454.760482832
13463.2921091265
13460.1658365715
13460.8013465151
13463.6764932192
13462.5129742868
13456.3393320777
13458.2477375285
13464.5986744818
13460.8138743205
13457.9187927257
13460.2238570823
13459.2360030959
13459.1384566587
13461.8647197473
13460.7360047317
13460.9589643822
13453.8264511433
13453.6018220529
13461.3687540888
13461.142150641
13453.8806164587
13462.2220159547
13458.5307797371
13458.5416695625
13455.2760379001
13450.7585545729
13456.9929538272
13459.5442483884
13460.4031494866
13459.7450342426
13459.8685720007
13462.1076740664
13458.2801984462
13455.757062749
13453.0867649311
13462.056914348
13453.8059548187
13455.7267135355
13458.455602244
13460.7622848294
13456.6078776443
13460.0643875891
13458.1436868158
13454.9737179647
13461.540673763
13455.1686974511
13457.5625739696
13460.76191407
13454.4611015153
13459.1945425473
13459.6384938567
13462.0487382642
13456.8710887388
13443.7671537248
13460.5121530776
13456.5006065793
13458.7126122338
13461.8822083136
13461.4073125273
13459.7263731329
13460.4363602746
13458.3416433243
13458.2388741295
13457.3743517356
13458.1614116178
13460.5539816257
13463.1945610006
13457.9496920752
13459.273384285
13460.7053198278
13460.886712856
13454.3728359487
13458.7404592826
13453.6717631469
13454.3496814417
13455.0641428386
13461.5555736593
13454.8555211012
13458.8127948476
13459.2413416128
13459.5169026532
13455.4453278382
13460.4113315807
13446.9384612193
13463.5229934958
13461.1117087287
13457.5350023999
13455.9120385042
13463.4323151266
13454.1527535916
13458.3280458865
13456.7965199014
13452.0870787763
13451.5289295504
13460.7045584649
13461.2868434751
13460.1676143756
13455.5511903384
13450.9663392789
13450.9496203441
13456.7857245479
13456.5545438517
13455.7358927278
13457.7717990182
13461.0349661224
13458.1870150201
13465.9154781409
13460.2991751206
13459.4089594457
13462.4137262138
13459.2348572845
13463.2144129465
13451.6935153071
13453.9683263602
13460.6082889224
13460.8647682775
13454.1219636523
13462.3404207679
13457.3145982249
13463.6024019546
13456.7625689417
13462.7054157485
13456.040369545
13453.5069271857
13460.0145482096
13461.0733708059
13462.4252535291
13462.5214252457
13461.9023419292
13457.032933984
13460.9159101043
13456.7361251725
13460.2717943896
13459.5030511784
13460.9004301345
13460.9646720017
13457.7458024532
13460.5948294044
13456.0207251729
13456.9659507003
13458.696048601
13462.5002067799
13462.7870148697
13461.3259342564
13464.2955924934
13459.8037087176
13456.4243780039
13461.7755222311
13459.4446819834
13444.7233275681
13457.8095820008
13457.7950794747
13459.139830865
13459.6859810999
13453.9160485207
13452.5209706948
13462.6375816376
13457.5455034513
13462.710802093
13461.233787477
13461.5040638411
13459.5875954341
13458.5539354766
13460.5221732344
13454.8685321641
13452.1975674101
13453.0558659886
13455.7398067693
13456.7241950998
13459.2825085863
13464.2526253401
13459.8195908057
13451.1560215558
13457.4962189773
13456.674616192
13461.0342622326
13465.2654769775
13459.7362267418
13463.2781051037
13456.9769109992
13451.4617806811
13451.7466019142
13449.1592727342
13449.4133223778
13464.2481137104
13459.8198599491
13460.2490498299
13461.9999184822
13453.6234651382
13457.7825981221
13460.2861917717
13451.2490800226
13463.4723480561
13460.0927221399
13463.5942419289
13458.8336711232
13460.6063377835
13456.2967252868
13460.3905874739
13462.3804221181
13465.7705934322
13454.8076885539
13458.2929641984
13460.3719842213
13454.1559890908
13456.1074321003
13455.313562437
13462.3593469721
13458.0957746232
13457.3454342109
13457.6497202238
13460.1746699567
13460.8523069923
13460.0033075746
13455.4926599258
13462.7311919469
13457.9365977747
13447.7208264904
13450.7780624466
13457.7179789089
13455.8666952278
13457.106299844
13458.4970574289
13458.9982031448
13456.9741824752
13454.3774065428
13460.9263289055
13458.4733314614
13458.177208799
13453.9064604639
13456.5200841541
13455.3709611621
13450.254595962
13460.2941545255
13457.3774332615
13459.5941348026
13459.6415830675
13460.8144836144
13456.8402756586
13460.4475427292
13459.5285543698
13454.0428630124
13454.4716516711
13461.0205596991
13456.2099626125
13461.6794810649
13456.4408079818
13459.1617195594
13457.7698199916
13460.1096006084
13458.4240504263
13461.0343742939
13457.2663866326
13461.3608798867
13457.5315369165
13456.5125411365
13459.6408596942
13452.4550036899
13464.2624510131
13464.4379396424
13451.8053597021
13455.1581363417
13454.4262675907
13459.8890424992
13454.6921248974
13449.3804290127
13456.2120685303
13464.6828935102
13460.91740141
13456.1039726268
13460.7993817355
13456.3152298276
13454.3132217213
13461.5081209034
13456.830697727
13453.8620105223
13456.8399101393
13452.732116884
13454.2937967571
13454.869383081
13452.8282454982
13448.6483273967
13456.8269025097
13460.2043845898
13456.0436482658
13455.3001822043
13462.8147678367
13455.6890664489
13451.882424307
13465.4602262418
13456.6851563419
13451.778122163
13453.589061738
13464.1217552234
13462.5712576399
13461.2343435173
13452.6613208023
13459.9052765634
13453.6914230211
13457.1678710568
13463.44449965
13456.2186248914
13455.843698366
13459.6430796244
13453.7811626058
13460.4346760899
13455.8188996135
13461.6164337856
13457.5726058918
13461.6743151417
13460.031714923
13455.6724543288
13454.6057244541
13462.2103662354
13461.7162755728
13457.6252650236
13462.718919245
13455.4086938654
13462.1106024302
13455.0796226254
13460.4265450045
13459.8663433458
13459.3531008235
13461.1918403239
13460.6500706228
13459.3944385218
13454.556622457
13456.4747724995
13458.5282873951
13454.7758475005
13459.1465077814
13453.5565934148
13454.2501290325
13460.9250514381
13463.6423891441
13457.4283894275
13457.5520014209
13464.2261546719
13453.9355918833
13451.1258181813
13456.2732077755
13457.3506739606
13460.8463570617
13461.0596306857
13457.3840262741
13454.6549009734
13462.8101637581
13458.6090490288
13462.933781139
13453.7579570306
13459.008058012
13459.4776834822
13460.2155611396
13458.5855732873
13465.4642170728
13455.7960353355
13464.6594203619
13457.6001593321
13453.1252309685
13457.6088596348
13456.7310730148
13464.9503100621
13452.64997659
13453.0776934524
13455.8929968611
13461.1473286842
13457.7140814315
13457.8241403833
13453.2406489957
13454.3612877808
13450.9104048753
13454.4167870563
13460.2161623978
13456.7313164238
13461.9748102833
13452.6324954789
13461.8377429672
13462.669146637
13453.8252434129
13454.0815056976
13452.9934206916
13457.6933544081
13463.3369503086
13457.6975629393
13463.0976118942
13464.1714153152
13462.1863814963
13460.5616931315
13451.8346628261
13458.9922699708
13462.9833534918
13461.0330466862
13458.9638422213
13463.8359292402
13456.6593292592
13457.6904452251
13455.1298473614
13463.6237331335
13461.5338214275
13453.6599812448
13456.6449852048
13454.9847709941
13454.0815055338
13462.296780947
13462.7544171989
13456.8454716996
13464.2354557985
13453.9512870589
13459.607017488
13453.4241467607
13454.6626791055
13462.7264707914
13458.5201318711
13464.1019843565
13455.6152404897
13456.7232436026
13461.6840382303
13455.2099401645
13456.3045475833
13462.7187724111
13457.9696973551
13455.458814184
13455.6581290167
13459.8475762334
13456.9759265066
13461.8280398132
13462.0130986898
13454.8572005893
13458.5247595881
13462.2592359497
13457.2774611373
13458.043761115
13458.6888543212
13460.9618162391
13455.0909516609
13458.2904638774
13458.1323931591
13454.851223444
13454.9630641177
13455.7451618532
13460.6377827455
13462.2240007607
13456.2327616104
13460.7417045347
13456.9977087468
13457.0182860589
13456.9928365573
13455.9898890013
13460.9389114355
13456.3897155906
13460.7881946441
13457.0937209968
13461.4238730949
13456.1571695215
13461.3121911123
13459.909386054
13454.4645417067
13454.4645408298
13453.3615221165
13461.4788756347
13458.4265704324
13462.0467474709
13461.5102423593
13456.4466596525
13460.8787816267
13455.533418238
13456.7962965599
13461.1399802231
13462.1222447359
13462.5564651783
13454.5461090506
13457.5492672913
13454.4645389691
13454.1310542611
13461.8702109212
13457.196612115
13454.4435212681
13462.4433560851
13454.2325400054
13455.4162291227
13460.8136662058
13464.3305545334
13452.314054312
13461.3144057724
13460.4206114144
13459.16879642
13455.8752418916
13458.7717990201
13455.3608838027
13456.604874372
13465.0407456468
13459.2194353662
13463.3801749623
13456.4071161968
13461.3189709958
13459.774590907
13456.8839644867
13455.6483059761
13460.6717518437
13463.5726375364
13462.0162038896
13452.4196668892
13452.6302557862
13459.7337626674
13460.5528744177
13461.4184279766
13460.6082958852
13463.3167569789
13452.274036877
13454.2289101655
13463.3316350343
13453.3103657904
13456.7170869534
13463.9247818808
13463.6885555806
13457.2945907313
13455.9935915133
13452.8373831709
13450.955961991
13463.9520726615
13457.9687304334
13461.6774122533
13455.0173522242
13454.6394425991
13456.8518391875
13462.3029955522
13465.3925285351
13457.0538550952
13453.9582972076
13454.0976872067
13453.5787906213
13459.4951671459
13454.098013162
13454.8877736306
13457.2914316032
13456.8085413748
13454.5333840484
13454.5806200178
13460.5181025097
13455.2922161312
13454.9690183607
13455.780430649
13453.4291445602
13454.7563553138
13459.3602827903
13459.3339767627
13459.6948497978
13461.984792169
13454.9247251884
13458.2587807741
13463.4430104771
13457.9535345706
13456.1550957367
13456.3489407109
13461.0638653663
13456.3290223275
13462.7270517119
13455.005010404
13462.4319991496
13455.559298657
13457.8992925471
13456.5016572237
13454.3763716953
13458.5402033351
13455.9778057481
13459.0263784838
13453.3845814847
13461.057776245
13459.6812239498
13458.7755419515
13462.9361989604
13454.5030925309
13455.6136453818
13456.0213444891
13456.2057768015
13457.8749206482
13457.2545230689
13461.3124608781
13462.6160740798
13457.2577490713
13455.8207080207
13463.0450558251
13460.9845278713
13456.1561967092
13459.2909451981
13462.6770764749
13457.0136287404
13462.8922106157
13461.5604878232
13461.0467829436
13463.2691883368
13454.9864601484
13457.8808916682
13452.455333413
13457.5798571329
13461.2290555808
13457.0490080938
13455.6332752389
13454.3809415486
13458.0816207982
13456.5478525356
13462.6664729021
13460.3845914228
13462.7695946037
13457.899845439
13454.1936280703
13463.3840382784
13452.5883730629
13454.5172350377
13454.3422455808
13452.4553258261
13461.4280647034
13457.4675106771
13459.17670303
13459.0222729435
13451.9444409856
13457.5657303635
13460.5768629827
13458.0930700379
13462.6776948187
13449.9391983397
13460.7408656179
13455.6793112032
13459.717706828
13456.7890548933
13454.5209971818
13462.3787820958
13460.5230197302
13459.7940669123
13456.6550431397
13455.0602636796
13450.8275980882
13460.0566795601
13463.5776210066
13455.6047194681
13460.779006986
13457.177752781
13454.3274100817
13465.0575860638
13456.4491804571
13459.8842205376
13463.7926071841
13458.4434278602
13461.7152830699
13459.6291228528
13463.5423681342
13457.4012128841
13463.5263652589
13460.6919142281
13461.8674413482
13456.5454822942
13460.8183491636
13460.4908858655
13461.8364823657
13456.0876605157
13461.0401325024
13459.2757856423
13462.325324478
13460.7033178331
13461.1964512771
13456.3192359502
13464.0783884669
13465.2135813565
13461.429740126
13461.4883467057
13461.1281096093
13458.5585999082
13463.4182255571
13456.5157768621
13460.7296392386
13463.351002167
13458.7002843624
13462.2692862083
13457.9596543171
13457.5745053035
13452.5292742195
13456.7310930329
13456.0889949997
13461.7129504491
13464.4402075084
13458.8774334542
13455.618416953
13461.4639073479
13463.1962866232
13458.2338259555
13462.7854699679
13463.1807227839
13461.2634383895
13464.4936347278
13453.5008954237
13456.2465230755
13462.8575063209
13462.2949513324
13457.2671169222
13455.1169229797
13462.8211377326
13455.639589211
13455.237575772
13462.4515854127
13456.9932063125
13455.056996104
13457.7257706931
13461.4940249293
13458.6795684824
13456.3207914133
13462.5684845327
13463.4326982403
13460.8916837354
13457.8368517307
13458.8059531599
13462.3640198803
13463.4234919143
13453.8162769999
13463.7093891033
13459.8542567593
13462.3664356363
13456.9180376657
13463.3974573979
13454.8707058529
13463.080355586
13457.5499250347
13460.3992082553
13458.9024582449
13462.1222651914
13455.8084270214
13459.0441583855
13456.9575807144
13458.5355064425
13454.9387943247
13462.180518239
13453.1365358408
13454.4453414723
13456.928663727
13452.1141951156
13456.7044302619
13460.026309038
13458.5969666475
13457.6988542797
13453.6680205327
13453.573674893
13456.2280498186
13461.476718597
13457.7810429239
13458.0888409623
13460.1160554963
13460.8180060987
13457.0865341538
13456.3546239927
13457.7671358085
13453.8266511899
13464.2980703328
13457.9978458438
13459.5097421104
13455.3144344808
13461.6884666671
13454.7864379336
13458.5157391642
13464.2076989304
13453.8698219084
13458.4713159652
