# vacant volumes
13372.0745192858
13370.1054645861
13376.814133325
13370.8548448482
13367.9592888352
13374.0846456184
13373.1212508957
13373.3250758543
13384.7286933087
13372.0465345343
13368.2507591505
13364.2886440262
13373.2105779038
13371.1706200329
13363.6978705814
13368.0169192483
13370.9353279336
13374.333063205
13372.6764050984
13375.8198317429
13365.5130003753
13361.6550407795
13370.1786183631
13376.4401444207
13379.3382945952
13369.8504285911
13369.3432643048
13369.8810369477
13371.0815189312
13365.4208332617
13362.4946208131
13369.3088559991
13370.2636854699
13377.0076877756
13373.5320920231
13377.6357783015
13372.2586859155
13372.7105188555
13375.0679629218
13376.393551086
13369.3821515007
13374.5173556101
13367.9113351556
13370.7426145978
13366.5943456641
13367.810338479
13373.7274709398
13375.1902255488
13374.6298091233
13366.0827017633
13370.5081116757
13369.0118311618
13367.8733017197
13371.0225989096
13374.1166582969
13376.6686111529
13359.2708114628
13379.4000826359
13370.8012102235
13379.1714501283
13374.422970298
13371.181907875
13377.530890541
13375.7822535497
13373.6766156893
13356.5327941256
13379.3372709251
13368.4991183029
13362.6964837016
13376.8014801745
13369.3959925752
13367.3842435898
13376.0124332225
13369.9224200508
13371.1031479977
13373.8313472513
13373.546436623
13375.5100295119
13375.9378052338
13376.6814063581
13372.4710162995
13364.3879409768
13364.8732643525
13360.0495348104
13374.4488009024
13370.7324140201
13373.210988205
13376.8827447092
13371.5720010645
13372.3718327687
13371.9502678562
13368.9053662835
13373.9046880732
13377.3869381985
13369.3036123754
13378.188881192
13370.3672718923
13374.7646760456
13358.7605199187
13375.6070852551
13374.9984654588
13368.4065271875
13365.3818258556
13374.9798166788
13368.666383172
13367.7174638763
13362.5343999628
13375.3127081848
13372.9672536438
13374.8261455801
13373.6795649998
13375.004437142
13374.4191656532
13371.4151323422
13375.8147457573
13368.2600623511
13367.0469409007
13374.3354282586
13377.8519895752
13373.7998489274
13376.7972810129
13363.480204147
13369.8620836118
13365.4428914211
13364.0768024147
13370.1772737324
13374.491595544
13369.8524436632
13373.6928112783
13372.6322572875
13374.8356309864
13371.8621941246
13376.8616879364
13371.3160395997
13376.1015402676
13372.31846993
13377.442957805
13371.2031044526
13377.1908829481
13376.7079025764
13377.8469439139
13375.7504087574
13378.1607803529
13374.8433584154
13375.6246019318
13372.6685494946
13374.8291505588
13370.5916537822
13370.9372272059
13366.9740342876
13372.3666650598
13373.5418099303
13377.2871553275
13368.4569965352
13375.807124952
13376.6662453908
13376.2226636881
13378.1499487447
13373.1881386478
13376.3948100427
13373.5432415694
13369.2198853404
13375.2616801177
13368.4782957679
13365.7281199924
13376.5516105966
13360.0788995395
13375.862436114
13378.1550350833
13367.6730442705
13372.8940621413
13378.4860738521
13369.5197710998
13377.6095212324
13371.8212843725
13376.5600586689
13364.83417135
13370.9672857573
13373.6195912247
13375.0144279034
13374.6322988691
13378.0260559675
13369.2972737507
13377.71236205
13379.6792001147
13369.3269037197
13375.2944131455
13374.3817741906
13361.5881956777
13379.1183928064
13374.7030505068
13375.7354479601
13376.8360686335
13374.9588774907
13371.7263732436
13377.5537938346
13377.7529713829
13372.3262370985
13374.0479889705
13375.5365981537
13379.067685596
13375.1182089392
13370.46729684
13374.6236363406
13373.4124161053
13374.7096123215
13369.9925439746
13372.6987995899
13376.6193621488
13375.2990217834
13380.2930068242
13377.7598086897
13372.1685009849
13373.6577949547
13374.8444162605
13368.1013035556
13377.7504683153
13375.6371706198
13377.6001689912
13373.9262518035
13376.8745483148
13370.2200643562
13367.6257595682
13368.4485058595
13376.1760849003
13373.3000720991
13379.4873526883
13373.2489224969
13373.0384172665
13373.3002110617
13369.0793775613
13377.4882726574
13378.6195088145
13376.0260120546
13378.1913626381
13375.3781754547
13377.0656149525
13372.3715012794
13370.7942397537
13368.9047486784
13373.0524860767
13371.1376573156
13361.2544316397
13372.4038920446
13377.1040472293
13374.9876820909
13376.0153385349
13377.5060207708
13376.6439682314
13373.9989511492
13376.4973949682
13372.8185639684
13376.2097564337
13376.5130553259
13376.8978863387
13373.8022388684
13376.8810586885
13374.8708401116
13379.5344311626
13370.7898131996
13378.0340007441
13370.1678753364
13372.3536671713
13368.6165662248
13372.4213242455
13375.8174849131
13372.6894003709
13376.5004989196
13377.3103817272
13363.9612718067
13367.0582043742
13377.7969005657
13375.8954635716
13375.9687204625
13378.9322592003
13375.085686556
13375.8407539489
13377.5913146408
13377.0007968083
13375.6786530389
13374.9415820373
13368.8416996459
13374.7056439712
13373.1424320757
13368.9036543719
13377.7374349388
13370.867930283
13375.9172539435
13373.5109568004
13371.4756064215
13369.3450452902
13377.3902278768
13377.2839269502
13379.4555662309
13374.712649751
13376.9523496344
13375.8765275194
13375.4012540786
13374.3566229364
13374.5600879967
13375.8156490101
13379.2520105915
13375.2811774078
13375.1922580128
13375.8608890076
13370.7260661072
13370.0547172019
13377.6632807436
13372.4331123448
13369.8157761418
13373.9882370567
13374.7250049188
13376.1947100528
13377.1991282398
13374.8002342645
13374.4211255022
13374.0472990065
13361.3881412279
13364.8685961554
13374.3334257025
13380.3034060662
13373.8151591594
13379.0332602498
13372.7616935648
13377.1743575592
13367.3681470621
13365.816944278
13363.4770290739
13377.5024260351
13377.7796423607
13375.5135874598
13368.0424725852
13376.2598966465
13368.7939685667
13368.861867927
13365.7149909911
13379.4127860619
13378.2064104413
13380.5772843987
13376.4086405893
13377.5229841946
13367.5584530864
13373.5524748061
13373.7477915584
13373.7722413554
13374.9716629785
13375.1372582846
13367.6141365091
13360.9347954895
13381.3600921059
13375.6619694571
13375.3545878745
13378.2188668888
13374.3775362515
13375.2511687564
13367.8148414893
13360.8657912098
13376.6732138001
13374.7765221805
13377.8286703946
13376.2589972175
13371.6253423654
13371.9832752162
13369.9858134757
13367.7707791648
13373.0052715226
13368.2870673207
13377.4641081036
13377.5183708074
13375.2385486166
13371.1333778786
13370.5843288606
13371.5029566733
13371.9915367511
13374.0574473755
13380.537490383
13376.8794575985
13368.8542267036
13378.5842527698
13355.9793219826
13368.5139192795
13375.1552980771
13369.0016965415
13367.3945019308
13363.4276050346
13373.8988751512
13362.8485237223
13363.7213024853
13367.4775820811
13370.3559294027
13363.961271748
13377.2552981411
13371.3265769937
13362.4149360731
13364.5341213857
13370.059543173
13372.6542922087
13375.4017761984
13365.8272606635
13375.9707401801
13367.5921625086
13368.6076509077
13366.8044932944
13368.6383769494
13361.8926210024
13366.4083172191
13375.315376967
13375.9826315849
13373.3947246044
13352.5642617337
13367.3752273317
13372.9754474875
13357.4953138756
13372.2816775723
13372.8354485038
13378.5221885628
13374.9569110626
13372.3724461551
13370.3396480348
13369.3030188911
13380.2160759033
13370.5259352895
13371.3608701456
13377.8324079846
13366.4450690476
13371.6655218901
13372.9787645272
13376.433810349
13376.1187054157
13374.017382423
13373.023214394
13376.2943296542
13378.6693348309
13374.5883919814
13377.0657980171
13364.3989619516
13370.6740446718
13365.233596691
13364.9836602611
13375.7029279153
13378.2455224083
13370.8879180048
13378.653952244
13378.4435392092
13369.6434316257
13362.7928892922
13362.1303458125
13374.3137786202
13378.0213036779
13372.9308616747
13374.9140959738
13374.1361489331
13360.3395468387
13374.4273487599
13374.7008801164
13354.2047112885
13377.6082123681
13372.1690795922
13367.2928674047
13368.9930986127
13360.6403104975
13364.8155719172
13375.4135640342
13372.8974350533
13375.3567312211
13377.0838469059
13374.5570870253
13373.0813531777
13369.6561284444
13369.5982724067
13366.6471786082
13376.8909258436
13375.4241108267
13369.695726049
13366.2702198058
13369.717864599
13371.5235929306
13374.3497123197
13364.960741437
13375.0600708434
13368.1044928228
13356.0289463535
13354.6563016999
13368.9115846329
13365.0184412145
13378.0178893255
13377.8523833896
13380.2171468846
13370.2717697418
13362.5560928423
13375.1260412353
13372.1257241387
13369.29695692
13365.8979129965
13369.1490094388
13376.2970651437
13364.4328278393
13350.341522312
13362.938652117
13375.0793925878
13367.5482096502
13373.539657593
13371.5959218549
13378.0775784362
13374.1008976702
13367.0966314843
13359.9823916483
13377.0892757535
13380.278526097
13377.4380890291
13374.0947630747
13376.9861630023
13373.910518868
13373.8070496677
13374.211997135
13372.159600244
13370.9578205274
13374.6167078166
13366.143041107
13370.142704635
13376.173128762
13371.8802392241
13376.0054261368
13376.7249171978
13366.931250873
13368.4121787486
13364.7108028567
13375.8735515438
13375.2088784437
13377.3822121515
13372.5998283435
13374.9539610397
13369.4862117248
13367.4442275584
13366.950263582
13369.0061878716
13365.8118778686
13371.8753664318
13366.7592776184
13361.7026156994
13371.9738350083
13364.1801666175
13373.5989406337
13373.9819014129
13373.4584325695
13376.3838325962
13372.1831209536
13371.9764265715
13370.2143749338
13372.2636415498
13374.856756538
13362.6095218026
13375.386844515
13378.1744497073
13370.8650939865
13378.3748384781
13371.6518567018
13375.9144682419
13376.9421719857
13367.978647157
13377.3097703327
13376.7019237717
13372.0344607311
13369.8466422494
13372.7550812959
13375.3434093207
13372.412843074
13373.853206874
13375.0063598036
13378.3398728875
13370.7160770262
13379.2399703435
13373.7499704505
13379.1527387984
13378.4277788414
13365.0722216145
13375.2627259764
13377.667784795
13374.9333101078
13378.7510706696
13369.1819844988
13375.4363269528
13369.2106146698
13370.6166751603
13375.1236151874
13376.6135209106
13374.2718646285
13381.8348105477
13373.8008848644
13373.2976580561
13375.277091895
13373.0179952315
13371.517678697
13372.2831774335
13375.6253341078
13377.2509264151
13374.5195337386
13377.977036841
13377.2166149425
13368.1215171623
13374.2102607566
13374.4112827098
13373.5582487892
13368.7205829986
13379.3875761456
13373.8773503599
13376.3564269332
13374.6580939249
13373.6137559095
13372.8597442056
13374.1283474455
13373.8165731384
13375.9829568621
13374.776116106
13373.7872521246
13375.2850966327
13376.4494003597
13370.0438869858
13382.6342569243
13374.5472748505
13378.0769878338
13360.6047471136
13374.5915198826
13373.3880570956
13373.5875665516
13375.8079433772
13369.7896047007
13371.0978389703
13376.3427332532
13377.7910598907
13375.2109132447
13374.5026286731
13369.9793572331
13369.5723678646
13376.6481092205
13374.7968635071
13377.0659890627
13370.4406703537
13380.1199389941
13374.4448767683
13377.1440898777
13370.6812482382
13374.2795670039
13363.5891881048
13374.6691672536
13374.4092044541
13378.6085365832
13373.9750530576
13377.1687712718
13377.9311179209
13375.2907497535
13372.6766583654
13368.3867211767
13368.0833374589
13375.3244812018
13372.8748224233
13372.687929318
13375.6487643417
13369.5717315912
13373.6627300738
13362.2294955836
13383.454203774
13381.0201301178
13367.6951653249
13370.0119326587
13363.2598788438
13367.8207920383
13371.6986682944
13375.4485311677
13367.0909101174
13374.517671153
13369.4746312944
13377.3670672254
13374.6656273851
13369.4455125937
13383.629670523
13372.1667772726
13378.1224026127
13373.2399901099
13371.7767383979
13375.7167948611
13362.6204290637
13366.3512157325
13372.5868129905
13372.3826779117
13376.9202237004
13368.2990701413
13370.800925253
13373.9893600335
13377.4339212863
13373.4912108416
13368.2543736601
13373.3663009029
13375.7531270387
13374.4960701888
13367.5461750612
13369.4138884694
13373.9228037053
13368.6781970129
13367.9215876228
13369.9317751729
13367.064242998
13359.7830327571
13375.7801177771
13373.6871552948
13373.8342146259
13373.1011412162
13376.4499770536
13365.2255032886
13368.4537681602
13365.0722216974
13370.7746884871
13370.8392395891
13368.2793338545
13372.8913695763
13369.7968971558
13376.2199905835
13362.3812197545
13374.2515779261
13375.7879875038
13376.9009054545
13366.441315225
13371.9579118686
13375.1252091139
13368.5348781248
13368.720054835
13374.5408201503
13376.5682857989
13375.5048090681
13376.0833263272
13364.676568238
13376.5274587681
13373.6615933162
13376.5066330371
13368.919064412
13375.0390460028
13371.8390832859
13369.9685749059
13374.6181380828
13371.11051646
13372.8862198016
13378.1868502829
13363.1958158267
13366.1174565942
13371.7342964385
13374.2491035962
13365.5326516391
13377.2298467063
13371.9506101891
13375.9873140961
13371.6825231063
13375.1347520947
13376.299951315
13376.1906257823
13379.2641027819
13369.0541889807
13373.3549396098
13373.5267953219
13374.4091652899
13368.8572714595
13370.4273122754
13370.4573572024
13373.4861134342
13375.2750883711
13368.4967651933
13376.7475456138
13367.239135019
13371.2184463824
13369.9224610093
13377.7307868919
13370.4795127541
13378.6984674328
13370.4946397669
13367.6319710547
13376.3653375947
13373.3343214501
13371.7662985655
13379.9535555174
13376.1958626319
13378.3215994059
13371.1836753444
13371.1792769998
13373.4295429253
13379.2114757761
13372.5639964809
13369.4388852586
13363.0218491913
13363.7500823689
13365.9627311044
13377.3259503371
13377.0426840382
13372.0260802397
13371.9606524864
13368.6139015035
13370.4128882497
13377.8741668583
13370.7784529038
13373.9852746557
13371.0080839886
13368.5266319385
13369.0124662274
13373.8646220408
13369.1082393772
13357.9342661686
13364.5590162044
13369.6546077791
13363.4360679608
13369.7348938682
13369.4988259804
13370.7122319925
13373.3099593791
13368.0269355495
13367.6963317942
13368.8617314368
13375.6297729823
13374.4271542396
13369.3907812469
13361.6073160825
13364.9664791752
13373.4573334706
13373.2452009426
13363.0418306699
13378.0180768091
13374.1373129898
13369.4859406918
13363.3596783379
13363.4274380573
13367.79526158
13371.2258994637
13367.5395722963
13375.6020188549
13375.8364278782
13372.1991232174
13365.8998467503
13378.8264205409
13367.930354197
13363.0418306765
13375.9124113319
13378.4357240497
13371.5536751806
13363.808056321
13372.0836413639
13368.6227852995
13366.780307684
13368.7824961481
13372.5733766683
13370.9149191047
13369.1397684309
13369.5412001851
13367.7070154537
13363.6783640671
13370.2161811002
13373.3982486427
13373.236928447
13375.0243790979
13370.609958322
13375.7836662232
13363.9165346164
13373.4292370308
13369.7395563981
13375.9701797893
13374.8903712305
13368.3135721416
13373.0591071137
13370.2813362897
13378.5952333641
13371.1998566542
13379.6182046677
13366.2925315861
13367.655101294
13376.235871217
13371.7048754338
13360.4161380511
13371.140559235
13369.7602757217
13376.939292952
13371.4840445771
13374.7822274031
13372.1958779583
13369.5587728606
13366.8997195742
13375.910612907
13371.4694059858
13378.0256213477
13374.5381914222
13378.5810023233
13376.4528816836
13375.4433032628
13372.4870015186
13377.7969112325
13374.8027558015
13376.5061099808
13373.1399970877
13369.6534357661
13370.3353865139
13369.0883505752
13375.2680481941
13376.7951392013
13375.1691799919
13375.468307128
13374.3961196268
13360.1199271634
13377.7878277125
13369.6948148169
13372.5341615034
13379.8306843231
13371.5030262311
13379.0265909545
13370.5766925533
13376.955124605
13371.8216121846
13373.904766428
13377.9759487301
13377.8854446901
13375.2466175174
13378.6401895306
13372.6428417447
13374.0733271844
13370.5574015392
13372.9056560698
13376.6471540175
13376.5283096136
13374.8244139837
13372.2069447783
13360.1199282619
13375.811349419
13374.5459180977
13374.370678981
13371.958100751
13375.1556895383
13372.8790541169
13374.4793676858
13369.6765717789
13368.5330273487
13373.3643451497
13376.88449393
13374.7842886235
13375.5664977647
13377.2555726779
13369.4702874881
13372.2581270665
13373.3890032836
13360.9571759196
13373.7381790633
13371.9700551563
13368.4079834423
13371.4323901701
13374.1233162027
13369.4629893289
13371.2844195015
13377.2431983227
13376.0662191967
13372.0500128811
13374.7004742611
13371.8348928554
13373.703600668
13373.0544296682
13378.0818172192
13376.3869803336
13374.3155672022
13358.1516957257
13373.9086108497
13372.0414752198
13366.6641097726
13370.7312065811
13369.1355694555
13373.80620047
13373.8711942301
13369.7361258069
13374.0872147758
13372.1117351125
13375.1992103967
13370.1744124559
13375.56332246
13377.5138629858
13369.1980569925
13369.7962558728
13373.9765695116
13360.9611647595
13373.7444497163
13368.6972988064
13377.101623633
13367.0959743743
13375.9962801443
13370.0972759755
13376.4141580686
13367.8500638151
13377.0995001143
13372.5902307439
13377.2830652936
13369.4380635147
13370.4164643216
13381.2886471367
13377.6509218744
13372.5992592765
13362.5628508938
13370.7104474491
13379.579924256
13371.9397170489
13379.2236014884
13371.7140559442
13372.1422541279
13374.0527270498
13365.7180311417
13370.9709126399
13376.6683970825
13371.9950111237
13372.8589543501
13369.5612829327
13376.6255708445
13365.8289832436
13373.0641498765
13374.4872821706
13374.3410683538
13379.3231749521
13370.9361056076
13374.2669995934
13377.4455481061
13374.005651745
13367.4525812476
13373.9150924851
13374.9313498528
13371.9194983392
13371.0928098534
