# vacant volumes
14160.0385604235
14157.8128059562
14157.9257104821
14150.2133994269
14151.1330162203
14152.8302737102
14159.5650405742
14157.4868012542
14158.7336938267
14159.8131226498
14150.654845839
14157.5330579004
14150.2424179446
14158.72323869
14153.4258644259
14161.5581408788
14157.9795037836
14159.9450508746
14157.5931923253
14156.2131418777
14154.0186004766
14155.395257791
14154.568256161
14162.5098470087
14159.7626998652
14160.557053862
14160.0651202448
14154.5511031482
14157.0749609073
14157.4679956103
14161.7388290214
14160.0904225632
14159.44926064
14157.0685679267
14159.3072613463
14155.1424400371
14158.0230634814
14155.3902619504
14159.9393874616
14154.3879146003
14159.1887629329
14159.6958278875
14155.5242795361
14156.956269093
14154.1047090868
14158.2443326575
14158.0628286401
14160.0383448723
14160.4865053969
14161.2056653553
14154.7805516622
14159.4128171366
14158.384519961
14157.6881419322
14160.2639297416
14160.6296549437
14160.5788198622
14157.5168705724
14158.2219836204
14154.8326845407
14160.8991820631
14157.7710051997
14162.2355615115
14161.9852366579
14160.1502638192
14157.5528227913
14158.5533686807
14155.6466093501
14159.8726398073
14157.3647698917
14159.0161790152
14159.3933186035
14159.5128277092
14158.734819126
14156.5059770329
14157.09806322
14154.8104229964
14161.3984706058
14158.8110555156
14158.1494423301
14160.7746609844
14159.5858000759
14155.4677545554
14159.7923604422
14159.0134850124
14159.7301475216
14156.532745514
14161.5199247983
14160.3527566871
14160.2868572284
14162.6201102103
14155.8555126602
14161.3565618018
14152.4024550375
14161.9473053724
14161.7820905249
14159.1437232022
14155.6094047842
14159.177102019
14154.1655675577
14160.4308422483
14152.7433416872
14157.6114704419
14160.8007827799
14155.8722156433
14158.4172775642
14156.7257528634
14152.898499596
14154.0914681643
14156.2389814106
14159.5701266598
14160.7127639118
14161.2188907123
14155.9551721801
14158.6396448608
14161.1102565714
14158.2441730509
14159.2252227881
14159.9034577479
14160.3792428967
14161.181536937
14159.4696801935
14156.7644137389
14150.589650835
14155.2228151533
14150.6885778687
14158.0801026859
14157.109216355
14159.6397382427
14161.5579968495
14158.0764273568
14159.521401368
14155.2947409532
14155.3574651741
14158.5661322035
14161.1524047385
14160.9397836973
14161.370968053
14159.2363401963
14160.8641949213
14154.1611477606
14160.7587007485
14155.525150864
14160.8773169924
14160.4819049855
14158.9842799675
14159.6927518319
14159.2922401539
14153.7542172321
14159.7305313863
14156.4352723269
14160.2908876213
14161.5406390418
14162.2584833955
14160.1477301452
14160.0742904734
14159.6635473677
14161.3010754325
14160.8968812472
14160.2874611491
14160.1770428342
14158.3677390898
14158.1266526434
14157.9800124334
14157.843691701
14159.039359341
14160.4001749224
14161.6562997881
14160.336280433
14158.6336421419
14158.8052673417
14158.5688715963
14160.2434167069
14159.9920690149
14160.6894690629
14160.3975081541
14160.6587673136
14159.922108845
14156.1097106944
14153.134059504
14155.0722057566
14157.8780991038
14157.9895214863
14159.3693078225
14160.9399708331
14158.685601776
14153.3709902189
14151.9582019118
14159.148116496
14158.463585543
14154.8765070997
14161.0059087483
14153.335393151
14158.1015564745
14158.4118273616
14152.4623808317
14153.417954155
14151.8872104336
14160.1159147427
14156.4724001893
14159.7782931832
14158.9853694125
14156.962677048
14151.0464190921
14152.4564427321
14151.7709840211
14155.9917305655
14155.6402699253
14159.9300757867
14155.2945096385
14155.5417987554
14155.6488306795
14149.4717603926
14152.4293839131
14158.4671648982
14155.583910138
14159.0219032365
14159.1893463928
14152.0085161192
14153.4915219561
14151.8707175273
14154.4823275114
14153.6110693742
14159.6828202582
14155.936744669
14152.018276794
14156.2950801798
14152.808694058
14148.750528071
14153.3675084518
14158.3325590467
14155.2919014123
14159.2781215681
14157.4033715059
14152.5393858427
14154.4548643835
14154.0680596823
14153.1004905231
14157.2746929135
14155.2342805477
14157.9180212723
14162.4388889389
14150.4115436787
14159.0859975109
14152.0727806137
14157.9675528251
14152.9109055391
14162.070413934
14160.4462079717
14158.7244627028
14152.9778587072
14159.1390744049
14158.3633051114
14159.6853878158
14158.1566672315
14159.7365152904
14159.7298046382
14161.0850968309
14159.923440345
14159.5936805347
14159.4299776025
14159.6417422324
14158.799343131
14154.0481526003
14161.0062272553
14158.0605533174
14158.6631615636
14156.5305264668
14157.7680183098
14153.69677289
14156.8241459523
14156.0603542082
14160.9023204992
14159.5731917305
14161.6274090787
14158.4654582902
14161.1085393397
14158.5797682818
14159.5982965444
14160.6257367328
14161.0500915675
14161.0643424297
14158.0091537559
14158.3925969015
14153.7589194984
14159.2599525711
14157.4566804479
14159.4397376973
14163.0211168898
14152.9098448859
14158.4466039856
14158.406389479
14158.4144796722
14159.6514523435
14157.4461340046
14161.0080760504
14159.9651663071
14150.3760635468
14158.7003682706
14150.0359349674
14159.5497714233
14152.8643911075
14161.0281617301
14159.386474101
14162.3534836996
14150.5291009403
14153.6377872102
14149.4004169404
14158.58075449
14150.9222854385
14155.8991044598
14154.7763787483
14159.6587448177
14159.4230737542
14149.6846669195
14157.8829225279
14151.2910945848
14158.9497212871
14154.3361630987
14155.0040135499
14159.8924384199
14158.399080557
14150.8583582871
14152.4776015333
14150.5640119097
14160.4959197861
14154.6016540578
14160.1468499888
14161.1339325153
14153.6522448972
14155.2720329099
14159.6251647106
14158.7924562414
14155.0111037606
14160.5286124871
14154.1107624832
14162.0232541852
14149.8230747038
14149.9569861744
14151.1916399294
14156.7871084664
14153.7903782493
14160.1457199734
14159.2172668451
14161.7419804686
14160.8582557615
14147.8345709942
14160.9685889711
14151.7291842619
14155.8644188333
14156.7783969208
14158.3861871486
14159.4846089341
14160.7662169329
14151.3528301206
14155.1715828448
14154.1149715449
14153.9551886216
14155.403146121
14156.0410100755
14161.6482086704
14158.7374725449
14151.414883522
14154.9959586934
14158.7015668075
14155.4907942466
14158.3754222562
14160.7197909601
14159.7827393568
14162.3423970369
14157.6892467151
14159.0556469593
14155.5023618959
14152.7534940684
14155.6197083497
14156.1034607547
14162.1107046193
14159.9400063812
14159.8484911967
14160.6476053432
14155.0936608277
14161.8403666813
14158.0221720788
14160.4834489467
14158.8153422644
14160.9757564025
14157.1093373638
14157.8707076936
14155.4590289326
14160.0340972511
14158.3508145416
14160.4251857773
14160.0483647392
14159.919689104
14158.5507640976
14154.2419060518
14157.7457912924
14157.4062900669
14158.4623861817
14161.5153109175
14158.0805852315
14151.2916032468
14156.7330119244
14153.3890636317
14156.8151984541
14154.1412300167
14157.6397529552
14159.6961432706
14159.2225906937
14157.821509844
14154.978451793
14156.5536512164
14157.7154641586
14156.3385875039
14160.1183165325
14155.7510475637
14158.503786261
14159.5268482521
14149.5693779571
14156.9605348835
14149.1857461613
14158.5423296479
14154.1791295963
14161.6099719084
14160.6822973778
14160.036183511
14156.1381263068
14158.9994725601
14158.5401780876
14158.993592433
14159.2037759203
14155.2775649488
14158.8161651519
14158.5861064229
14157.172107453
14159.4242622628
14158.1215788741
14159.6203252304
14161.1425362435
14155.5465959384
14155.3122817004
14156.7761325913
14158.6654607301
14159.2264072734
14157.968956871
14153.108119328
14159.353763441
14161.0931993788
14157.7317266723
14154.6669558879
14159.8438107108
14157.5815878065
14156.2556805706
14157.9560736451
14158.8094622341
14159.8154604282
14158.4360536059
14158.3913410535
14156.3026531613
14159.7731423734
14159.0434207907
14157.7759717416
14160.512785318
14161.398221118
14159.3329176157
14152.0018923883
14159.6505771027
14158.6427420708
14158.2820629359
14159.3648704602
14157.8819965425
14154.1816245871
14159.6936267699
14160.4165649725
14151.5208046316
14159.7405219821
14158.8651967652
14157.3074207938
14159.4557115409
14161.2253683357
14156.8889365496
14159.2955475143
14155.3127045929
14159.3556663304
14153.5684376492
14160.4763132336
14155.4760907094
14161.3669779566
14160.1850399752
14160.4619484409
14157.9142369323
14159.4818141599
14161.4458797984
14159.1342083298
14160.5941162646
14155.7736221278
14160.1828250766
14158.5757267237
14159.0293491526
14155.2196837794
14155.9588134387
14155.195358854
14160.2657479254
14155.7569950889
14159.0542458606
14159.2273641739
14155.8356260866
14159.6771297627
14154.5096156363
14159.8628379547
14158.8960514666
14159.7033652658
14158.3253703641
14164.9086656257
14158.7144967275
14166.1003583665
14158.2321715178
14158.879451519
14158.5937924331
14158.2774992287
14156.5757377864
14154.2549662879
14159.8256329656
14158.0748350392
14156.8569396501
14158.0083880351
14158.5239832482
14156.9220528519
14157.6417830774
14155.1020928439
14157.8664827197
14156.9081903833
14157.8982626966
14156.140557955
14157.8074777843
14162.531701924
14157.3148101546
14154.7220234449
14156.9527835464
14157.6958918958
14157.1011041745
14156.402984858
14157.7867584789
14158.8576587833
14157.3361941695
14155.9385235661
14157.0952157813
14155.01844067
14155.8129075225
14155.8744106965
14155.9536053313
14155.3436756801
14156.1719973269
14154.6963941389
14154.9582769709
14156.5178844246
14155.8227198492
14156.4696598319
14153.5947546728
14156.4216981547
14157.3160840736
14156.0392843334
14157.3287705981
14165.0224005095
14156.3522917246
14157.2993371645
14156.274798033
14157.0559282246
14156.6948752962
14156.6180467923
14155.383717369
14155.4197039874
14156.4131697774
14157.7867743689
14155.5796497886
14154.7544166723
14156.724856614
14156.1464358033
14156.4252502364
14155.1625722925
14165.2799310724
14157.8447022071
14157.1137162288
14157.5663110953
14156.7706640678
14154.46287869
14155.6549574327
14155.7705161577
14156.3728014639
14158.0446882913
14156.6819643468
14156.6476616369
14157.0405288563
14164.9411039007
14157.2588343353
14157.316147255
14156.5935633982
14156.8011057011
14157.6274035826
14156.7513770066
14155.346280401
14153.8786641859
14157.108868807
14157.2959673666
14157.2950510543
14157.6451206218
14156.7013519852
14160.3165213397
14159.8576648504
14154.8128439131
14158.469561986
14158.9706817018
14156.6675591217
14158.7298909335
14157.0007977226
14155.7531834437
14155.3023153748
14158.6063558115
14155.4807142325
14158.3137774813
14166.1947154647
14159.1188523437
14156.3715997092
14157.3338940422
14159.7674219197
14157.6324269972
14157.283392852
14155.5852842151
14157.1544048919
14157.261024563
14157.483309333
14157.1507227294
14158.9335356961
14151.8679631988
14157.1731488932
14151.1923865429
14156.1495669253
14158.5121492283
14158.0667285169
14157.4635379397
14159.0870331147
14157.2045464533
14155.6848719168
14157.6007879027
14154.4324494523
14150.694591151
14157.5869473943
14158.1569892759
14158.8773453175
14165.6589986186
14157.5828715802
14154.214461029
14154.6073245653
14150.0462287776
14156.8990541024
14158.14552476
14158.768931832
14158.420575727
14155.4452216864
14158.2944252325
14157.1779238995
14148.6906496777
14158.2214123389
14153.8880576025
14156.5381113362
14156.8736052362
14156.333763784
14157.6018586438
14156.9940393466
14154.2385210163
14152.5861727326
14154.0317444
14158.2219276304
14158.7729456513
14156.202377412
14166.8351532272
14157.2132630457
14157.3401464696
14150.3208607167
14150.777742871
14158.5503022232
14157.5260150921
14158.866052034
14158.0558539879
14159.1207410176
14167.8554223947
14148.4307774941
14151.4133061373
14153.9317814898
14158.7188294545
14156.0099343975
14157.3552881843
14157.1175586969
14158.1878954171
14151.5634198796
14156.0669719587
14157.0091403037
14158.0799437431
14158.65086101
14157.7200649061
14158.3277852959
14158.3976316832
14151.8723278949
14158.3158843565
14159.1427151238
14153.3734455495
14155.4613105132
14157.2006652717
14157.4901847866
14156.8829609562
14157.8404108924
14156.7773622277
14157.5781007262
14150.8020949274
14158.3221995258
14157.7267027403
14157.9549924464
14158.8428605554
14157.5982360603
14159.1403225378
14154.0496610986
14154.2073296938
14155.4859264751
14151.9199482042
14157.3806008686
14156.5583017456
14152.9522475003
14151.698289434
14157.2159320442
14150.6631710097
14159.8319304332
14156.8944305063
14153.459291566
14152.3795726167
14152.6081283053
14157.9459619875
14158.6063566141
14152.035580914
14162.7434875495
14156.0092308473
14156.9035343811
14157.8107189199
14153.5825155582
14156.2775149811
14155.1113431659
14155.3025058719
14152.2218372964
14159.0603997857
14157.1614694557
14157.3591044195
14151.4788346126
14156.432666461
14158.6478812996
14155.5031580521
14150.9529529093
14155.0975998997
14166.1881019645
14159.4457626429
14156.816553319
14157.1165063505
14154.1066057422
14157.6493999335
14157.6369503901
14159.0645361174
14154.1003282225
14154.0385060002
14152.9321014181
14156.1523630021
14156.027711069
14157.0799729185
14156.3188544525
14156.162440788
14158.1781605463
14157.2272789909
14151.333544178
14159.6299594192
14151.2593007954
14156.3044410442
14159.7222019769
14157.3763547872
14157.6763656071
14158.142060987
14154.1331534343
14156.4732842616
14156.4456444065
14156.2818129675
14157.8315630527
14157.3616340179
14155.9517264399
14164.3076887167
14157.3182860402
14154.6006411766
14155.0679653769
14156.9090637306
14157.1247459867
14158.3104366007
14155.2448950515
14156.2785492592
14157.4269715049
14163.1998858786
14156.7903716643
14155.8455277921
14157.7508075154
14158.4874636714
14153.8244399551
14154.2961338269
14156.1325419441
14160.9483515822
14158.5152047658
14165.1356887291
14157.4387528191
14156.7609064539
14157.0421137072
14156.2460616355
14154.3272037261
14154.4372704864
14157.3089845014
14156.9761928866
14157.8255387817
14158.4558013492
14157.891835602
14156.6691741237
14159.7730523433
14152.7278340082
14152.1182934219
14154.1767061942
14157.9341012411
14158.0778717528
14157.0838508819
14155.4678662463
14152.7278340063
14151.8970635165
14157.6175650471
14156.6537589027
14158.3125445952
14153.4127521044
14158.8003755169
14157.1590754654
14159.0326182507
14159.1017384164
14161.7749856416
14156.0761316957
14157.55971457
14157.5617804067
14158.1716751417
14155.0081360067
14155.0000991166
14155.0680828334
14159.3787444353
14149.9256747827
14157.4554808107
14152.2985432444
14166.6432098229
14156.4580649344
14159.086910808
14157.9553024495
14155.4657741652
14156.3576614561
14166.4443035033
14157.1902780973
14158.1053576494
14156.9630790142
14154.2103851435
14159.5679412307
14150.1757135501
14149.3768209259
14167.1251972132
14158.8449667823
14156.9703183749
14155.3430435042
14158.1178138821
14159.7723521974
14155.3024024593
14154.2211739239
14148.2840264575
14158.3013955193
14158.4670414788
14157.2402401081
14156.2622639279
14155.7667770691
14153.5702715184
14158.1875191197
14147.983111495
14151.1618733302
14158.6876848801
14156.3092303113
14158.0935495796
14158.5424010546
14159.968133892
14158.2368922776
14147.6324242691
14157.8116499543
14159.1221033807
14157.548275955
14154.1203128195
14156.693571165
14157.6153744425
14157.919301387
14157.6907784855
14157.3850534647
14157.4939641099
14159.3870201913
14158.9175005809
14157.355201008
14158.1679423901
14157.1888479263
14158.9193950068
14157.9741698268
14157.0996924941
14158.5615742409
14158.009204678
14156.1650411696
14158.5115589528
14157.8542426114
14157.007640064
14158.2759382227
14157.0009855231
14158.5376180067
14156.8114179011
14153.2359507361
14157.695156513
14157.1910020047
14157.7381187892
14157.3112615102
14158.2738541475
14158.3118480715
14159.2506167653
14155.244947342
14158.9910989091
14156.5808971642
14157.6796694958
14157.5769233253
14158.6849650878
14158.1507230324
14154.237722918
14158.3479824395
14157.9031008812
14156.6657945126
14157.6613541331
14156.5375351083
14156.7185183398
14157.3813446261
14156.772468763
14155.9618949394
14157.2235916057
14156.1322621154
14157.4407831449
14156.9959205223
14156.9072273777
14157.6807520957
14155.8127058392
14156.3855733517
14157.9333463709
14157.8780709174
14157.5846868866
14154.6984683528
14156.8005506738
14158.0096393435
14157.887074863
14156.3546707365
14155.5513714055
14156.3596425423
14156.9320001868
14156.7075272435
14156.8769052554
14157.3126785995
14156.8834177725
14156.3084826419
14157.6217131949
14153.3763167242
14157.8360914846
14165.0354284745
14156.7387546872
14157.6874476844
14156.9944260494
14158.0408337685
14155.821140249
14156.0704005651
14155.830726867
14156.7999960299
14157.272894736
14156.9519329196
14154.1490705132
14157.1216821654
14156.3632624484
14155.9829499616
14157.495179635
14156.7532145853
14157.0685165171
14157.971523393
14156.7516287387
14156.7504750453
14157.019180007
14155.2122220428
14156.297871555
14158.3600928434
14158.180687704
14159.0413259806
14156.6031152007
14157.4713540188
14157.4437387413
14156.9985682019
14156.8687204018
14157.0222216399
14157.392057177
14158.4265458929
14158.1105870813
14157.9123049964
14159.8051671621
14158.8332261454
14156.7542348157
14157.0302688015
14156.6499395827
14158.8264439693
14157.5704095965
14158.4499881146
14158.8748489907
14159.5641656536
14158.9663150123
14157.5190778258
14158.4170132618
14158.9875224438
14158.0454899647
14158.4462476468
