# vacant volumes
14159.9139168804
14159.3937370512
14158.2045844387
14156.8220617006
14151.1330160328
14156.4670167216
14158.2583045738
14161.2300296268
14158.7336935938
14159.8131225886
14150.6548414128
14157.5330579124
14150.2424173643
14158.7232386512
14153.4258644366
14161.5581409429
14158.4581527929
14159.945050849
14157.111398723
14156.2131418753
14154.4569780232
14160.8885077913
14153.7308038944
14162.9899664637
14159.7626998157
14160.5570538597
14160.0651200357
14153.8528902847
14157.0749607756
14157.868330193
14161.8511285816
14160.3990226948
14159.9873191894
14157.0685678939
14159.3072614323
14155.1424400759
14158.0230582915
14155.3902619509
14159.9393874586
14154.3879145858
14159.6921143995
14159.4798046783
14155.6256081925
14156.6088907759
14154.1616005446
14158.2443331307
14158.1855423661
14160.0383449941
14159.8262410536
14161.2056654154
14154.7805515993
14159.8121506189
14157.9882437271
14158.1970524656
14159.3385887165
14160.6296549259
14160.674855555
14157.1049483411
14157.2650658129
14155.2793340074
14160.5657886082
14157.1094596805
14162.235561475
14161.9852365546
14160.5998788013
14158.0873492563
14158.59694823
14155.8003908676
14160.3395956781
14157.4485964178
14159.5085781536
14159.8726030433
14159.5128260198
14158.7348191671
14156.1902904219
14156.691211634
14155.2489164395
14161.0877947316
14158.9868727333
14158.1494423495
14160.7746609536
14159.5858000699
14155.0980460802
14159.0699211533
14159.4894391625
14159.730147266
14156.5327460649
14161.5199248959
14160.3527566938
14160.286857209
14162.2850915409
14155.47310986
14160.6425165911
14156.9122261899
14161.9473053664
14161.782091139
14159.1437229499
14155.6096628659
14158.5686591767
14154.768624706
14160.8632101697
14152.7433418341
14156.9257771323
14160.8007827961
14155.8722156871
14158.4172775113
14157.2380465318
14152.8984997527
14154.0914682305
14156.2389813213
14160.0772141595
14160.7127639148
14161.3158709563
14155.194509197
14158.7551606424
14161.1102565539
14158.0472643827
14159.2252227969
14159.9034577126
14160.3792428797
14161.181536965
14159.4696802197
14157.1613406971
14150.5896508354
14155.2228151895
14150.6885773939
14158.0801025761
14157.3216126277
14159.6397385188
14162.0509614665
14158.0764273496
14159.5214013319
14155.2947409365
14154.9959644414
14158.5661321912
14161.7629547396
14160.3401967048
14161.8129235057
14160.0893862273
14160.8641949333
14154.3747012609
14161.210420836
14155.6513742262
14160.8773169991
14160.1770837184
14159.4900436186
14160.2209740511
14159.7630585635
14153.7542172832
14160.1507422271
14156.7927094346
14160.7633177922
14161.5406390152
14162.3199902357
14160.8554569161
14160.2349246911
14160.1167810944
14161.3010754363
14160.8968812327
14159.6231293427
14160.1770428378
14158.8718458186
14158.5994421455
14157.614543294
14157.8436912339
14159.0393645991
14160.098189204
14161.6562997488
14160.3362804776
14158.2206729391
14159.6345264541
14158.1381485032
14159.6992853417
14159.4544824504
14160.6894692678
14160.8389699967
14160.6587673138
14159.9221091235
14156.1097108014
14152.7903049643
14155.0722057415
14157.1441291316
14157.9895215239
14159.3693078371
14160.9399708927
14158.6856017592
14153.1647991865
14151.6724000705
14159.1481164995
14158.4635855072
14161.1853097892
14161.0059105343
14152.8895715928
14157.4842604849
14157.5281779752
14152.1324131011
14153.4179541051
14151.2089715384
14160.1159152426
14156.4068076492
14159.7773328562
14158.9853709581
14157.3886713156
14151.046419067
14152.4508240185
14151.7709832179
14155.4763342056
14155.6402699802
14158.8136161815
14155.294509678
14155.1092257942
14155.648830624
14149.4717610214
14152.4293836579
14157.5857616607
14155.5839104894
14159.0219032614
14159.1893463975
14152.0085161075
14153.0467256699
14151.8707173894
14154.4823275374
14153.6110756974
14159.3846971171
14155.936744729
14152.0136490116
14156.5936745305
14152.8086940206
14148.7505280465
14153.3675084578
14158.7783949245
14155.2919014503
14159.2781205337
14157.4033714904
14152.5393861332
14153.8007473238
14154.0680596599
14153.100490431
14157.2746928209
14155.4132590007
14157.9180212653
14162.4388889315
14150.4115436027
14159.0859975111
14152.0727806432
14157.9675528761
14152.910905527
14162.5254534329
14160.4462083804
14159.1897505943
14152.9778586793
14158.2643678868
14158.3633051166
14160.314709232
14158.1566672232
14159.7365152684
14160.5562283836
14161.1417331172
14159.6440808453
14160.062944862
14159.8865134573
14159.4980045097
14158.799343141
14154.5236046243
14161.4966294824
14158.5795776297
14159.2161211906
14157.0107791663
14157.9340391294
14158.8331746244
14156.6020537741
14160.4069889893
14160.9023204511
14160.0977834371
14161.6274066742
14158.0878437374
14161.1085387438
14159.2590061916
14159.5982965656
14160.3291322886
14161.487605505
14161.5143214929
14158.521379948
14158.3925968883
14157.6468085584
14158.1439757862
14157.9350412612
14159.2775766314
14163.0211169205
14153.951621691
14158.043741304
14158.4063900738
14158.6042711971
14159.6514523497
14157.9453525978
14160.5184744903
14159.993370218
14150.3760625923
14158.7003682638
14149.401672736
14159.5497713877
14152.4239876787
14161.0281614579
14159.3864740915
14162.1207073461
14150.5291018721
14153.637787373
14149.4004169433
14158.5807544991
14150.9222855684
14159.546304035
14154.776378649
14159.6587447644
14159.0337615002
14149.6846669422
14157.8829225236
14150.585498152
14159.0419324702
14154.3361631092
14155.0040104668
14158.8561667766
14158.3990809904
14150.8583596697
14152.4776014778
14150.5640118884
14160.495919815
14153.9269399284
14160.1468508023
14159.0515439853
14153.6522448848
14156.7813772883
14159.585204296
14159.9716479961
14157.283147654
14160.5286095685
14154.1107625803
14162.6642723883
14149.8230739905
14150.0459022791
14151.191639921
14156.7871052399
14153.7903779597
14160.6163948495
14159.8773501527
14161.1070113097
14161.3303330694
14147.834571015
14160.6331747974
14151.6482004306
14155.8644187625
14156.7783969238
14158.0317249545
14159.4846095302
14160.0501733742
14151.352830044
14153.9626136503
14153.4521696133
14153.9551885941
14154.7690285984
14156.0410098274
14162.1481866054
14159.2344875706
14151.4148846348
14155.4524875905
14158.7015668102
14155.9747954197
14158.8395141145
14162.5772358877
14159.7827391091
14163.080478437
14157.1761883703
14159.0556468934
14155.1307365807
14152.7534940587
14155.2482439803
14156.103460776
14162.1107051585
14160.4144175858
14159.8484912359
14159.9708898522
14154.9187176912
14161.502312512
14157.664634047
14160.7689828562
14159.2826474261
14159.5053204829
14159.0083182185
14157.8707077387
14155.4590289399
14159.2850294875
14158.5725912304
14160.9052014698
14160.521114159
14159.9196890552
14158.3169535588
14154.2419060323
14157.7457908315
14157.4062900702
14159.2555749399
14161.4194473057
14158.5609911258
14150.9960104756
14156.7330118846
14153.3890636316
14156.8151974183
14154.1412300444
14157.639753548
14159.7510067939
14159.1161977574
14157.8215099569
14154.9784518549
14156.553651186
14157.7154663833
14153.2927233256
14160.118316489
14155.751047605
14158.5037866006
14159.5623122079
14154.1442511047
14156.5880495994
14153.9598121687
14157.4089898448
14154.179129613
14161.3253150086
14160.6822973431
14160.1875061682
14156.1381263025
14159.4488813941
14157.4107745965
14158.9935924606
14158.8218518515
14155.2775642653
14158.8161650988
14157.5668861066
14157.1721074515
14159.9552141084
14158.3866098793
14159.3226671882
14160.5047317341
14155.5465959251
14159.9436114124
14157.1913049855
14158.8216687234
14159.6919277218
14158.4312333478
14153.1081173323
14159.8524192266
14160.7361138595
14157.7317266672
14154.6669559713
14160.3683985367
14158.0224777348
14156.3035115072
14158.3822527343
14158.9907026375
14161.20304232
14158.8918386674
14158.1756110434
14156.3026532155
14159.6260664272
14159.1151865921
14157.6673743719
14160.5127852527
14160.2675935209
14159.9378165112
14156.5998563004
14160.0994041756
14158.7393091807
14157.568078902
14158.2737215783
14157.8819965871
14154.1816245315
14160.1399676597
14160.9172831952
14151.5208050876
14159.9008043875
14158.9809041945
14158.2438478122
14159.18529855
14161.2253682624
14157.6553635639
14160.3284243927
14155.9713711302
14159.8247612575
14153.5684376556
14160.4763132204
14155.4760907109
14161.2211044251
14160.6682877883
14160.4619484339
14157.7565056697
14159.608529914
14161.7712616959
14158.3349491615
14160.5941162226
14155.7736220829
14160.5958280655
14159.0107669082
14159.1457726076
14155.2196837189
14155.5728427673
14155.1953588295
14160.7249539041
14161.5177686766
14159.5108689163
14159.7265574789
14155.8356260987
14160.1784383451
14154.5096155979
14159.8628379873
14158.8960515312
14160.2063628422
14158.8285347024
14164.9086656989
14158.4203295038
14166.4484885232
14156.9480994922
14159.3705051456
14158.5937924908
14158.2774992475
14157.0695021211
14154.2549656005
14159.4436139018
14158.6023334459
14157.3482095037
14158.0083947428
14158.5239832692
14156.9220528684
14158.1495066534
14155.5982108285
14158.0980487141
14157.0568655456
14157.9851225273
14156.140557888
14157.9243092132
14162.5317019469
14157.8286289712
14155.2635722863
14157.4390355389
14158.1751059125
14157.5041920834
14156.4029849278
14157.7867585242
14158.8576587384
14157.1713125125
14156.0500142179
14156.9419313056
14155.1961713858
14155.8110952777
14155.8507201229
14155.4339518121
14155.7905612585
14156.3214754149
14155.1640136393
14155.4523450212
14157.0091319173
14155.8845463959
14156.1165919491
14153.5947546869
14156.8904136439
14157.49567243
14155.8903218846
14157.4587160208
14165.0223989776
14155.7021623244
14157.5022754316
14156.7408369183
14157.4808798224
14156.3319055889
14156.61804676
14155.5074694553
14155.0320063569
14155.8263386501
14157.9637056952
14155.9650300538
14154.7544166836
14156.724856328
14155.4250404006
14156.8404306385
14155.4226157061
14165.279923527
14158.2365963325
14157.6109601852
14157.4688028052
14156.7706641224
14154.462878738
14155.3204491527
14156.0659235411
14156.5252824648
14157.6570280225
14157.4836960867
14156.6476617096
14157.4934528902
14165.2771934726
14157.6373124992
14157.7983171045
14156.7144441707
14158.1658929637
14157.8017861237
14156.7513769963
14155.3462803541
14153.8786648288
14157.1088686845
14157.7885429717
14156.742845031
14157.6451205885
14157.2217899683
14160.3165223271
14160.2763350758
14154.9061265621
14158.9613288441
14158.970681704
14156.6610346439
14158.7298909345
14157.6434098375
14157.4978306669
14155.3023161983
14158.6063578538
14155.4807142644
14158.3137775419
14165.5212492365
14158.7767326321
14156.3715997517
14157.3338940714
14159.7674218844
14157.6324269928
14158.258272491
14156.0025518483
14156.4665698701
14157.5675562826
14157.4833093262
14157.1507227285
14158.9335356808
14157.4194040007
14157.1731488441
14151.4716032805
14156.1495669313
14158.5121492771
14158.0667285488
14157.4635378292
14159.0870331377
14156.5381119413
14156.2151538119
14158.1430711373
14154.4324099398
14150.6945911735
14157.5869473982
14158.6153568848
14158.144772077
14165.658998582
14157.5828715224
14154.2144621898
14154.6073246135
14154.7874984029
14156.8990540594
14158.1455247534
14158.7689318763
14158.4205755714
14155.6371272623
14158.00298404
14156.8854444037
14152.1530739743
14158.2214123092
14153.8880576157
14156.5381117362
14156.7126682941
14156.1695339254
14157.6018584074
14157.4356060191
14154.2385190607
14152.586172429
14154.0317429346
14158.4016527247
14158.8826608441
14156.0101477364
14166.8351531636
14157.2499774363
14157.0876986551
14150.3208607767
14151.3980468863
14159.0246518474
14157.6370758908
14158.8660514892
14158.0558538941
14159.1207409938
14167.8554221744
14148.4307775513
14151.4133060895
14153.9317817034
14159.1659540586
14155.806063639
14157.2601390067
14157.3661371774
14157.5388039466
14154.5315731309
14155.7526208712
14156.5444821244
14157.7964127384
14158.7463083333
14157.8839926127
14158.5824475905
14158.3976316496
14150.2834599009
14158.3158847219
14159.2561130811
14153.3734492992
14155.0502423464
14157.2006652654
14157.1247040862
14152.5593964942
14157.8404109494
14156.7773621766
14157.5781006889
14150.8020922256
14157.9646990028
14158.2128218927
14157.552170098
14158.4980585647
14157.5982360306
14159.1403225469
14154.0496612795
14154.2073300934
14155.4859264424
14151.9199444378
14157.3806009488
14156.5583016723
14152.9522472079
14151.5052603416
14157.5337434916
14150.6631709961
14153.7525491783
14156.8944301317
14153.4592915886
14152.3795726236
14152.6081248977
14157.9459616134
14158.6063708181
14156.8735117653
14163.765660242
14156.0092314242
14156.2893142191
14157.6125047428
14156.9070365915
14156.2775137346
14155.2283354061
14155.3025057958
14152.2218374673
14159.0603997219
14156.7962839318
14157.3591044519
14151.4788347406
14156.3169676537
14158.6478813049
14156.0315500025
14150.9529528917
14155.0975999539
14166.1881019911
14159.4457626324
14156.8165533018
14157.1165064332
14153.7345373389
14157.3186279669
14157.6369493904
14159.1536124327
14154.1003282026
14154.0385061437
14153.19042002
14157.1349985927
14156.5309587882
14157.4913689467
14156.3188544266
14156.1624392548
14158.581004877
14156.6764264409
14156.7260345364
14159.0219916224
14156.1417612635
14156.4216558925
14159.7270236667
14157.449594818
14158.104020675
14158.618108734
14154.1331534056
14155.4927231857
14156.9462954981
14156.4357194534
14158.2361664469
14157.4902585118
14155.9517264358
14163.5126533787
14157.5447633991
14154.4929050222
14154.7986810139
14157.0590262556
14157.2959248093
14156.8958434556
14155.2448955623
14156.2785477595
14157.4269708885
14162.8576217765
14156.9285403906
14155.3007106885
14157.8748988158
14158.3596405566
14153.4672473149
14154.2961337226
14155.4176802084
14160.9483515268
14158.3838422788
14165.5851152369
14157.4387528353
14156.8662402711
14157.8603918796
14156.4999623101
14154.2044857629
14153.8337213402
14157.1427108613
14155.937495689
14158.0353051044
14158.1468143507
14157.8918355967
14157.1681028889
14159.4070234916
14152.4213994385
14154.3802991352
14154.5797835793
14157.7198755775
14157.9307134066
14157.1597866863
14155.9904308993
14152.4214007345
14153.7821577467
14157.3427759541
14156.2521748865
14158.4096200259
14153.4127519418
14158.8003755305
14157.1590755332
14159.0326177237
14158.774355416
14161.7749856262
14156.0067229447
14157.3837909099
14157.3837444936
14157.8253121243
14155.9781256265
14155.4483257162
14155.0009103908
14158.9067471912
14149.9256673726
14157.1844759481
14157.1526594235
14166.6432102722
14156.4580649445
14159.0869108201
14157.955302448
14155.4657740832
14157.1172647211
14166.4443034214
14157.400375341
14158.1053577228
14157.4822239067
14154.1915305129
14159.5679413084
14154.326464394
14149.3768210657
14167.1251972281
14159.1326254856
14156.4028747817
14156.119147716
14158.1178139609
14159.5450196041
14154.9113072455
14155.3498598507
14148.2027045374
14157.5366987404
14158.4386373784
14157.9124878897
14155.9209622126
14156.6584196869
14153.5702716265
14158.1875184217
14147.0615565695
14157.2351210094
14158.7427617993
14155.7265269861
14158.5642854283
14158.6602235595
14159.4798380937
14158.0089505474
14147.3993338735
14157.3314346601
14159.2349316411
14158.0264104426
14155.1537787307
14157.148402838
14158.0601767696
14158.0630718667
14157.7357316473
14157.5410052978
14157.2851842039
14158.7579585947
14158.9889545292
14157.8131829541
14158.6665084105
14157.6727544498
14158.5062584363
14158.1327045844
14157.5368129516
14158.5615741163
14157.4545076038
14156.165041199
14158.3729009038
14158.0115884077
14157.007640056
14158.4055819653
14157.000984834
14158.5376179839
14156.9285431873
14152.555231613
14158.1793646359
14157.6592008489
14157.3793920321
14157.4405387779
14158.4439233077
14158.3118361872
14159.4103358651
14155.2449452505
14158.2475175086
14156.5808971378
14157.7614633438
14157.7086011066
14159.1024464653
14158.1507230574
14153.6130534314
14157.741127444
14158.3466924222
14156.8482786624
14157.7012921814
14156.5991630607
14156.3540396
14157.3813443844
14157.1169043729
14155.9618949524
14157.365751906
14156.1871730053
14157.5036601595
14156.7711611003
14156.9998675159
14157.680751943
14156.2691428143
14156.8774298966
14157.9333463365
14157.8780708684
14157.5846869288
14154.6846420756
14156.4699214987
14158.0096393742
14157.8870730417
14156.1798920406
14155.7621186088
14156.1164091431
14156.6997291396
14156.8344145694
14157.0068074964
14157.8046941487
14157.6729361059
14156.8236150388
14157.6217132208
14157.4495297175
14157.650753165
14165.4759601156
14156.8760643707
14158.1544639528
14157.5649706638
14158.1800859028
14155.8211401957
14156.0704006222
14155.2546520784
14156.8956669952
14157.4177474501
14156.9253763095
14154.7443487631
14157.7614919706
14157.4349768861
14156.3748528858
14157.2839410257
14156.8418023378
14157.1883693922
14158.0622293919
14157.3802717433
14156.8650213159
14156.9714572959
14155.5282914907
14156.3820909068
14158.4476643026
14158.2751045671
14159.1445136136
14157.1112622568
14156.9477106392
14157.4437387295
14157.4733835749
14156.2615861285
14157.5087780346
14156.7959094967
14158.1934811743
14158.1562358191
14157.9123049802
14159.8715350941
14158.9642552779
14156.4344597498
14157.1649295786
14156.6023876966
14158.3050606353
14158.0207460974
14157.8080053683
14158.4849919394
14159.0669344956
14158.1027682693
14157.519078002
14158.7513473826
14159.4561852175
14157.2907352511
14158.128481593
