# vacant volumes
13077.4867263765
13076.6782328005
13078.1547742584
13074.2302122266
13073.7042873277
13077.6168596186
13075.59896648
13077.5826013414
13076.9440510709
13077.0324535779
13078.0434382969
13077.3055854812
13078.7039462715
13075.5135571881
13078.0972240848
13077.2680511025
13077.8544682725
13074.4331068505
13078.3872877113
13072.0791208271
13073.7132835987
13077.4965329035
13076.0921487271
13077.2092597352
13078.5189451924
13077.0055598322
13078.1202195126
13075.5931928716
13078.1771783407
13071.5493700265
13075.2628755082
13076.8140972809
13077.111834765
13077.4103155199
13071.337628673
13076.7067302724
13071.7934633825
13069.7614866214
13075.5255779322
13076.9829454821
13078.141442315
13077.6505620914
13076.7091831604
13069.9953758806
13069.377245833
13076.2571811044
13077.2401756797
13077.5245377678
13077.7224097315
13072.2190589328
13072.0605645855
13077.5191233964
13076.574874147
13070.6741278836
13073.7849270137
13077.5471704322
13072.0878751594
13077.6027751005
13069.4300060285
13071.0218208572
13076.0466316134
13076.9502096248
13074.9087061802
13077.7900982945
13078.252585692
13072.6726896309
13071.2077059451
13077.0666000537
13072.283414124
13077.6407107664
13074.8719009983
13078.1054755824
13078.432767743
13069.6410725077
13069.641072517
13076.7939179742
13073.8131266505
13076.7871022925
13073.8872329451
13078.0020948176
13078.4941798423
13076.7106687587
13077.0320596928
13078.0358331347
13075.9825061847
13078.7911548508
13076.961836403
13078.2011034893
13078.2956337163
13076.272420397
13076.8442605816
13073.1739373598
13077.5275397281
13077.4522195374
13078.106627719
13078.271930596
13078.4645461287
13076.2133298759
13077.0873806593
13077.1980711387
13077.2651249673
13077.6870408293
13076.6466525444
13077.7732514441
13078.9139436037
13077.4783656248
13076.449230643
13077.4225798989
13074.8753800393
13077.2605810585
13075.1089393422
13073.1789406533
13077.2289088706
13077.4393461571
13076.805486049
13072.7429951703
13075.3217147847
13077.6517066028
13075.6975721357
13070.9974605981
13077.1254280846
13075.9624168722
13076.6154176861
13075.6274213497
13072.5603332183
13074.7800917237
13076.9527441345
13074.7686272456
13077.7338708179
13076.8676387791
13077.6427479381
13075.5127803456
13077.8421381871
13075.3284407705
13077.8199712546
13074.0352562383
13077.8309098354
13076.2999095091
13077.7863630128
13075.7909793262
13077.8567553003
13076.6729139891
13078.4068414687
13078.4889210635
13077.6860214239
13076.1489557229
13077.6709011769
13076.1320726481
13077.5456390074
13078.245001512
13076.5550077285
13078.2815245212
13077.5830156867
13075.304926068
13077.3619331249
13078.2459874232
13077.6036609224
13077.5307191929
13075.6888402773
13077.7238982854
13077.1096256739
13073.6540093848
13076.3542980404
13073.0894577722
13078.1583733865
13077.5181292756
13074.6025359573
13077.8861142044
13078.0962930912
13074.8172294146
13077.7671934097
13077.383185641
13074.7305772969
13077.5757564389
13076.0000982433
13077.681828649
13070.7888222325
13075.5022990044
13076.3173801515
13073.8420076205
13073.8472789584
13076.9847592925
13074.774489234
13077.9857435196
13078.2118598888
13075.9786102581
13077.0941713215
13073.9232341131
13071.9728152349
13077.5365929032
13075.9884998351
13077.993965595
13077.2828253491
13075.1326584311
13077.6627847855
13075.4019355647
13077.078290431
13077.2069483972
13077.3910876066
13078.5985776154
13077.8320398136
13077.1469434172
13078.2572862085
13077.5283123982
13078.1331036128
13077.88993153
13076.6728403643
13078.9189729522
13078.5848992691
13077.1018473244
13077.6387528898
13075.3500328005
13073.625424605
13078.1102635029
13076.0415095018
13078.6805466997
13077.709153036
13076.5995383171
13077.6972695233
13075.9864735054
13077.5037963536
13074.525807417
13076.0699418583
13078.2307789245
13077.6755258997
13076.1144756731
13077.5906213093
13074.6686693431
13073.0677241443
13078.0951131109
13075.1361633828
13073.1961840635
13078.0812194287
13077.0127279589
13077.7663647354
13077.2779181526
13077.6001194399
13077.0987282014
13073.9647575576
13076.767908926
13077.6552672927
13076.6241021653
13077.2788277876
13076.3448589117
13077.3007144175
13077.2065977596
13077.6711312775
13076.7395690302
13077.8100484596
13076.6101612281
13077.7589300676
13076.7537424124
13077.671050626
13073.9513778905
13076.8717011645
13073.7322972475
13078.2258992854
13075.7172951095
13077.9608958141
13072.4363363735
13077.209137392
13078.5212782902
13073.7714861429
13078.0353287005
13077.8394690887
13078.1797938816
13077.6102504908
13076.8897315515
13072.6947756853
13077.5664126148
13075.4842126626
13078.2071386271
13078.7175102038
13074.5051606165
13077.7724606431
13070.6034848534
13073.4551478548
13078.7016924197
13075.9965754294
13078.4233501953
13078.0002101326
13074.3133262718
13071.4933649451
13076.8450977003
13075.6819682237
13078.023958158
13075.9788417881
13079.1139501225
13078.9881954446
13074.711630275
13071.632590326
13077.8838457471
13074.887199458
13077.9721562031
13076.65674978
13077.9172810792
13078.2263944042
13075.2088285149
13071.0766795597
13071.843513685
13073.2590817289
13072.1251930891
13075.3394969583
13078.0718487137
13078.0806762754
13076.6329415509
13077.9676803619
13073.9743377655
13074.5500725964
13077.5633860597
13076.9408692414
13078.6800222245
13077.6602923049
13076.5934927928
13077.9641283788
13075.5931112111
13070.7180010214
13073.4168572144
13073.2148170157
13071.6220793601
13077.6620306676
13076.7102637908
13077.6595029266
13074.9441472312
13077.8296900427
13074.9224171778
13074.0323735127
13072.8434733861
13077.884012607
13077.0866637253
13077.6113347853
13075.3971643687
13077.9834506699
13073.4902606785
13078.0636624712
13073.1349194384
13077.5154609113
13077.0101246286
13077.6563561522
13075.5743580023
13077.4605152015
13072.3697146432
13077.7605684903
13072.0738571934
13078.6112743276
13074.4922813316
13078.0391721952
13073.1201869007
13069.9736439571
13076.7727225712
13077.8981208414
13077.8620515154
13077.978573305
13076.6262817343
13077.904203434
13077.646817492
13077.2792823914
13077.4805917316
13077.3419954009
13078.2740809478
13077.6412758509
13074.6213104041
13078.1370247433
13073.9870710343
13077.3880801532
13071.1483561881
13072.5703881015
13078.8628935573
13078.0904215279
13076.0274910375
13078.094726729
13075.3836480153
13077.4949578661
13071.9167747793
13074.0400806444
13078.9275161973
13077.9705920651
13074.3451366586
13078.2187398045
13077.9659565936
13076.4530598932
13077.4830006449
13073.6476242127
13078.6632933269
13077.7589975612
13076.5206470169
13074.1991325449
13078.1640868002
13075.6733519839
13077.9463907781
13076.3652258975
13077.878190139
13077.1698882338
13075.1821919298
13077.5104033891
13073.9102696453
13076.4605299237
13078.6308220928
13077.4576221713
13077.5602232724
13077.7997992759
13074.6685835754
13072.932661333
13071.8593853942
13079.0715894582
13076.9225342052
13078.1398057142
13078.6753119698
13077.2496595225
13076.1928519559
13077.3890750086
13077.2467383276
13073.7042451023
13077.7270651746
13074.9443709649
13077.8546317743
13077.8859643747
13077.8627786704
13077.7752494351
13075.1217313719
13072.7803943179
13074.1209127145
13075.026610242
13078.2785475447
13077.7520403851
13074.7476271157
13078.1509106381
13072.1462010854
13077.2337052431
13077.6549500258
13076.1815538986
13078.2287568923
13078.4454218249
13076.0574595403
13077.5594322998
13077.7437658209
13077.5562968645
13073.0937544109
13078.3051350539
13076.6900638811
13077.8452502064
13074.9644245901
13078.5347237528
13077.8627105277
13076.6954103802
13072.9358534871
13074.108410493
13077.8885176994
13077.521303818
13075.8824611775
13077.6341069099
13075.0234521953
13077.6853688621
13077.2940677462
13071.8529244895
13077.7104801142
13077.7924194936
13075.4377670801
13077.5905163912
13071.861450214
13077.0245242477
13077.3152703216
13074.8664957237
13078.781098399
13077.6775678645
13076.0815738327
13077.7096198669
13077.2370189451
13077.1912177247
13077.668125235
13074.9114307493
13078.0012794546
13077.8618380925
13076.8673092667
13077.62840512
13078.1239621126
13073.7432578034
13077.8817467989
13076.1677354483
13077.8746143158
13077.0926069528
13071.3603416599
13070.9453223512
13077.835667319
13073.9416526168
13077.9524057
13074.3802446321
13078.0758960021
13077.8168516555
13075.4645052795
13078.4391271531
13077.968023317
13077.5087093377
13078.4005300248
13076.8646911136
13077.8921802734
13071.213746793
13076.8764978677
13077.6645012624
13077.4558820853
13075.6362016586
13078.0868000569
13075.1022904987
13078.3961811614
13078.1379348567
13075.8804860653
13073.0341897573
13077.9436773078
13075.6325987689
13078.1970348818
13076.4721341376
13078.4588756282
13075.0017663381
13076.915980731
13075.9410164785
13077.448875287
13072.0147986481
13073.1021867205
13071.7065149009
13073.2883711207
13073.1537269979
13078.0242411593
13071.2216312271
13074.6353504904
13076.7890708312
13076.2594712379
13077.1760665275
13076.4315578853
13078.1215552747
13077.0312631145
13077.9064945022
13075.6203316807
13074.5504581936
13076.2045219536
13069.6388022565
13073.8390178014
13075.1714969679
13077.9159821773
13075.8403692294
13077.9032601051
13077.2735339265
13074.072643704
13077.6950004922
13076.6814940404
13075.6922177956
13077.7095289112
13075.4948217147
13077.9923537005
13077.4397657245
13074.6569299754
13078.0144881507
13073.8524716023
13077.7960951302
13078.5352294254
13075.3330471746
13077.4237241551
13074.1328185302
13076.4578026568
13076.1713415236
13078.4109863851
13076.350852913
13079.3152524299
13073.1746309759
13071.3165560692
13077.9862715435
13074.9508896882
13078.8344929615
13075.9111161045
13076.7249537338
13078.2664091743
13074.4357567145
13077.4766959664
13077.2726529792
13077.7186515196
13078.1745608668
13072.1958388382
13077.0998404656
13077.9496994406
13074.545955022
13077.3908680833
13073.0942852537
13074.9053807478
13078.4067156613
13075.1408022463
13075.9568456115
13077.8195045601
13073.2480372249
13071.3703405521
13075.916049084
13077.7022284702
13077.9775529698
13075.6446564941
13076.8779694043
13077.7662617364
13075.0113500726
13073.1913085918
13074.1560156454
13073.4673350316
13071.945999189
13076.5194130562
13076.3022603625
13071.8545533432
13077.2537905534
13074.1793431328
13077.03832573
13075.5856337787
13077.8701465655
13075.975785784
13076.5487024933
13077.6638305931
13074.8854903184
13074.3909359084
13078.16915883
13073.5982888637
13078.4221669094
13075.9409046707
13072.7625281272
13075.3140193296
13077.7938423406
13076.4136768109
13078.0245753607
13077.0145397035
13078.3979712695
13076.5224192206
13075.2978610532
13077.4277015214
13073.1138779354
13072.3738321742
13077.2019203703
13078.317632864
13071.2210588648
13078.4771665931
13077.6993360127
13073.7398279206
13078.3824898541
13074.7974151143
13077.5645597497
13077.1206644568
13077.6180619585
13076.9478945136
13077.6620317056
13073.5506743958
13078.0373472809
13072.516084446
13078.2993439375
13075.5204703375
13077.8129444529
13076.6722650333
13077.8842539766
13078.0986730604
13078.0029995009
13077.1593958468
13070.9713181014
13072.8849638388
13077.6131544701
13076.1590435815
13075.0611379548
13078.4959157243
13073.6595954134
13077.9678509615
13078.0022660586
13074.8393578435
13078.0158991863
13076.2741951916
13075.2356776081
13078.1676394863
13074.5000020509
13078.1659984152
13078.167334303
13073.08572487
13077.766513406
13076.7576661395
13076.5495178289
13077.7866885179
13076.5526507198
13077.9179025893
13074.9500270347
13078.3645237524
13077.1487221235
13073.4695946391
13077.2552247101
13077.6249474528
13076.8489516238
13077.9808183245
13075.21563902
13077.7021226002
13077.8578268317
13076.4201617503
13076.7203474767
13077.767952236
13076.2427670231
13077.3950552557
13077.1645789261
13078.2399852679
13074.3101958783
13077.741295104
13076.1788611079
13077.391454599
13075.2164176315
13074.0605635334
13074.6366315505
13074.57086051
13072.3638042576
13075.2230611216
13077.3324281381
13077.7510138987
13076.3778172032
13078.4818616549
13074.2840079138
13073.6299289666
13071.9279389185
13075.7578590717
13077.8894760655
13077.8572458464
13078.1397457648
13073.833059972
13077.88140335
13075.3625020873
13077.8794776237
13076.4879419245
13075.2901021855
13072.1360248695
13071.9519299424
13077.265630913
13072.4363518663
13072.8643539044
13078.6651472716
13077.0880438774
13075.4242735316
13077.8003934881
13074.5807760745
13077.2479130903
13078.5061931985
13073.2736305638
13077.9585265066
13076.0860352657
13078.1174020031
13074.8710458963
13077.4011041238
13073.839377762
13077.5377243747
13074.5211539502
13077.7951263738
13076.235377283
13073.6191854256
13077.9024376268
13072.6827367292
13077.8295967434
13072.2120933374
13077.444776696
13077.7106195318
13075.2720305834
13077.9852284044
13076.3979586748
13078.2943964089
13074.9234539869
13078.7135913732
13075.2557999929
13077.9416547101
13076.3566900781
13077.9936304522
13073.3556217366
13078.0211949499
13077.6229538397
13073.7541558711
13077.4647646253
13077.300095597
13075.3850693052
13075.3272249541
13078.2669646085
13076.0126577725
13078.2731637784
13075.0333186562
13077.6774002698
13077.0056477521
13077.1429081793
13077.279176283
13078.1117367516
13077.0870276611
13077.7815493731
13074.7764438562
13072.0162976361
13077.4549552131
13078.3811859913
13076.2504304481
13077.6653116578
13076.0126440737
13078.5474041215
13074.9528308283
13078.4682008438
13076.9482204331
13077.189515895
13076.7769077781
13078.2986899367
13076.9373599229
13078.9119280176
13075.2756068038
13078.047496226
13076.6699196539
13077.4113000742
13076.3493755783
13077.2459993838
13076.1675238552
13073.8259270917
13072.7559225046
13074.0059732909
13077.311794028
13076.6106638311
13076.1856211176
13077.9490067697
13075.5748915286
13077.9027063123
13073.6275315803
13071.8623397809
13077.8228066042
13076.1157002533
13075.6002930096
13072.9136205571
13077.6366433144
13076.7686020232
13077.8480787252
13076.3997219181
13077.7620668534
13076.9928328934
13073.6307604582
13074.1215509906
13077.8379290683
13073.6248271154
13078.0178727849
13075.9610096613
13077.9625049609
13076.2450266322
13073.3694581143
13072.689365318
13078.1156735703
13073.3513897362
13078.1098175558
13075.1070159691
13078.1365223705
13075.8165700462
13076.2816510534
13077.873762833
13077.532804894
13072.8527703651
13077.6121871844
13077.6131701855
13077.7836242406
13075.0002325918
13073.8060413219
13077.6856381157
13078.4289288151
13077.9869623906
13072.1526100012
13077.7814136031
13077.3463083156
13077.1418483421
13077.1256979732
13077.9531271814
13073.8036850556
13078.2364434062
13073.76670093
13077.2949210952
13077.5968641977
13074.2207608147
13075.3563971106
13078.5614535252
13077.883640998
13078.6441838291
13075.4097426431
13077.3002602754
13077.1587640295
13074.5632896978
13076.2968079903
13077.9709975747
13076.3728188574
13077.8788419283
13077.0546366769
13077.04881338
13077.1632552807
13076.8236792619
13074.6083677684
13078.5540757754
13076.1730198714
13079.2596069383
13076.0015170063
13078.2923880401
13072.1865645599
13074.2265178044
13077.6260172083
13078.0204446589
13076.9124272756
13078.2868772662
13076.5130476173
13077.8908713664
13074.5298881875
13074.61886862
13076.7439012501
13078.1316403262
13075.832321547
13077.8330539568
13070.3575766356
13070.3575766904
13077.6322098093
13075.0690323116
13077.0063050846
13077.4629336838
13075.5936655523
13076.692221126
13076.6017410219
13077.4717687463
13078.0279311963
13071.9115975565
13077.3847781345
13076.9370013877
13076.4766000847
13077.3057694951
13074.3157981181
13078.090877358
13076.933112386
13073.6184209422
13075.5808406501
13076.5866191529
13077.3622146904
13077.3483969957
13073.3891412807
13071.4086907659
13069.3599886212
13077.7706409477
13075.861706991
13077.2436926593
13077.1402687582
13077.4123711455
13075.4651681019
13077.2635639229
13077.7752362043
13076.0438188528
13076.8324488233
13077.6543599879
13078.3303093432
13071.7643694535
13073.9766943023
13072.8403469644
13071.0082883429
13074.8615737859
13074.5829464015
13071.1760577727
13074.0333540936
13072.2343077114
13070.8070808938
13072.7587977555
13077.2923103766
13076.0782697105
13074.8775588418
13078.1377376144
13078.5620042674
13077.5913100932
13071.6919679879
13073.9720772906
13078.131730561
13077.1221253965
13076.8466822474
13077.9671999482
13077.2230654829
13077.6390305456
13076.9408566699
13071.7358574484
13077.0912770129
13074.3494364362
13074.8002079918
13078.4899829973
13074.7243840809
13077.5423401258
13071.5871424626
13077.8802301118
13078.2120687751
13075.6927629855
13075.6420719098
13077.9232386358
13075.1393378692
13077.8974838642
13073.8004458166
13077.7294516601
13071.9426908658
13077.7540373485
13076.2860458482
13077.7281425244
13076.8405327241
13077.5603239723
13075.3159066153
13077.4368143427
13072.918236182
13074.9141110757
13076.7467876358
13078.2490862104
13077.2747228606
13078.3351464402
13075.4657689918
13077.5602596814
13074.3774362341
13074.6664729949
13076.8860561936
13078.2771391975
13076.283793576
13077.9572989897
13074.9492946201
13074.2888844399
13077.606469026
13074.3101846554
13077.0925198486
13078.1348421478
13076.7812778391
13077.5625554509
13076.0169993524
13075.5655554237
13077.8994674689
13074.750273615
13077.0444851547
13078.2483010859
13074.3442542879
13070.8604717667
13076.5435407478
13077.1902539555
13077.8558011254
13074.1843291096
