# vacant volumes
14160.1837461153
14159.6865335125
14158.4729496948
14156.5387840584
14151.1330161218
14156.4670166333
14158.6087729929
14160.80785558
14158.733693757
14160.1153121934
14150.6548413956
14157.5330579238
14150.2424173517
14159.3010710522
14153.4258647621
14161.835705265
14158.561006857
14160.2552459382
14157.4091429163
14155.3808474253
14154.7489382674
14160.4469895489
14153.7308038912
14162.8872024214
14159.9538468594
14160.8578519004
14160.3690570062
14154.5495574293
14156.9734109972
14158.1383056773
14161.9086838103
14160.7148691163
14160.2761248683
14157.3687227231
14159.02308525
14155.1424400079
14157.5661266342
14155.0291677531
14159.5821839655
14154.3879185574
14160.2915306245
14159.79789457
14156.0530565383
14155.650151565
14154.4639855589
14157.43236746
14158.4910970795
14159.9940075713
14159.7486705032
14160.4334925
14155.0732713765
14159.7861401876
14158.3025181185
14157.6893040751
14159.4742862449
14160.3453710404
14160.1527433823
14157.1049483846
14157.5742213639
14155.7312982748
14160.5902623999
14156.6195147077
14161.827247866
14161.8538164578
14160.271820097
14157.8353046415
14158.5261074053
14155.8662600684
14160.3289252293
14157.7221847475
14159.2574754602
14159.8726031555
14159.1924833302
14158.3832060667
14156.4957319691
14157.9615355145
14155.7407618178
14159.6484328406
14158.9323816515
14157.7709179468
14161.0475980947
14159.8529813571
14155.3992814334
14159.3629538625
14159.5040948436
14159.7301471721
14158.6440396229
14161.5199248166
14160.662060558
14160.286857179
14161.7507998329
14155.473109462
14160.9310737294
14157.1539755626
14162.2525562557
14161.7820905398
14159.2264073063
14155.3253167246
14158.5686591072
14153.0401733006
14160.5958814743
14152.8946096186
14157.2042405435
14160.8007827308
14156.1787576284
14158.4543831076
14157.2380465029
14152.8984997376
14154.0914681337
14156.2377689805
14160.0772126581
14160.9964694481
14161.623310443
14156.4219262934
14158.4822493975
14161.3969404734
14158.3989340956
14159.1830664952
14159.9034577548
14160.3792428912
14161.4797362801
14159.7571802915
14156.764413794
14150.589650818
14155.5020184888
14150.4194485098
14158.3784060004
14157.109216283
14159.7060313917
14162.0509614652
14158.3763308426
14159.1311080325
14155.6397205485
14154.9959644038
14158.8856015038
14161.9323901865
14160.3367839609
14161.2471326638
14160.3740606751
14160.9968155883
14154.1611488191
14160.9294439821
14155.6513781845
14161.177732804
14160.4695876446
14159.7787244246
14160.2209740069
14159.8256898673
14152.1519541945
14159.6398950259
14155.6608009608
14161.3542041857
14161.5406390037
14162.1683370366
14161.1380632184
14160.6971289285
14160.1913930156
14161.3535984555
14161.2037105372
14159.9156497642
14160.5161380601
14158.8718459046
14158.6630348254
14158.2135151301
14157.8300805463
14158.668421657
14160.3956939128
14161.2730500879
14160.5255745749
14158.2206729916
14160.3243875294
14158.138147928
14160.100649326
14159.2907757981
14160.4919892321
14160.181082834
14158.8453862577
14159.0695881648
14156.1097092813
14152.7903050034
14154.4358549664
14157.1390245504
14157.8084688661
14157.9706934516
14160.5270520006
14158.9463982778
14153.3709902094
14151.9582019538
14159.1481672753
14158.7782887951
14159.8625911828
14160.6907018156
14152.8895669192
14157.7685213805
14158.0926151016
14152.4425030454
14153.4212408595
14150.661027848
14158.364356083
14156.4068077761
14159.9363322199
14158.3334423591
14157.8656567713
14151.358462764
14152.4508234411
14151.8974487021
14154.7590201131
14155.2652304971
14158.8136158996
14155.2945089033
14155.1092257173
14155.97260207
14149.4717610442
14152.3752236363
14156.407378748
14155.2766147834
14159.3757526593
14158.8230175328
14152.0085161268
14153.0467261
14151.8707175162
14154.8223433557
14153.5721980068
14158.4691180729
14155.936744702
14152.0182767601
14156.2950801988
14152.8086940899
14148.7505280773
14153.1335382383
14158.7783949126
14155.2919014418
14158.8147008566
14157.7124593873
14152.4403278303
14153.8007473866
14153.6887006795
14152.5580414873
14157.274705142
14155.0749416525
14157.9180212565
14161.2226369752
14150.4115435934
14157.1744591171
14151.8197548648
14158.2609016531
14153.2339646219
14162.0704138928
14160.7277436783
14159.7087574007
14152.9778586625
14158.2643678755
14158.3633052494
14160.6289980264
14158.1566672262
14160.0677354784
14160.7198037303
14161.1417331809
14159.905910751
14159.9862425861
14159.8560904191
14159.8048281708
14159.1065911887
14154.2775954901
14159.7821226975
14158.3262061917
14158.8540954546
14157.0451446989
14158.4816535054
14159.1288388552
14157.4527433293
14160.7145553912
14160.4803307654
14160.0697198138
14161.0410029961
14159.0214193868
14160.8796494077
14159.3809308693
14159.8937439595
14160.6329307544
14161.4990513158
14161.5508583004
14158.0655551854
14158.5451429079
14158.3592878734
14158.433497609
14157.5416938069
14159.1901318455
14161.7070857815
14154.2743374112
14157.6803715796
14158.7069881
14158.885339433
14159.5697703399
14157.9181457518
14161.0263504886
14159.9933689493
14149.8043726699
14158.9919537168
14149.0936623627
14159.3360423761
14152.4239869414
14160.3112868451
14159.6846875468
14160.6080797512
14150.5291010806
14153.9497836115
14149.4004169157
14158.8823762127
14150.9222855166
14159.5463049215
14152.6395211876
14157.7671206
14159.0337613967
14149.708439949
14158.1780901509
14149.859401248
14158.3105742239
14154.336163106
14155.0040128087
14158.7869048558
14158.7264880678
14151.1720385074
14152.4776014847
14150.874952677
14159.8564958186
14154.6016539641
14160.1468508138
14157.8078455803
14152.2036161633
14157.1222094913
14160.0682659804
14157.7301679762
14157.5883478371
14160.1394073154
14154.1107625877
14162.0232542121
14149.8230748477
14150.3586700149
14150.5277533998
14155.1798725009
14154.4639215642
14159.9858250335
14159.7319289271
14161.729322039
14161.3303331369
14147.7759573767
14160.9359501822
14151.112859889
14160.7543950106
14156.7783953276
14158.035186116
14159.6667142711
14160.332905859
14151.3528300929
14154.8126168261
14153.4521695996
14153.9551886081
14154.7690289318
14158.145840761
14161.5904375737
14158.7721193297
14151.4148848019
14154.500772126
14158.6308606219
14155.9747954323
14158.4451502644
14162.683319884
14158.7638384549
14161.9520112844
14157.1761894611
14158.2071524652
14155.1307365967
14152.7534941366
14155.2482439858
14156.1034608354
14161.9847603386
14159.9535019688
14159.8542942688
14158.4370031348
14154.1064308478
14161.7772412777
14157.6646340406
14160.5788518431
14159.7826795461
14159.2556514946
14157.4419385679
14158.153288936
14155.7573369648
14159.559726129
14159.8319218617
14160.9207950232
14160.7743846906
14160.2093261768
14158.5041359003
14152.826116674
14157.7457912554
14157.7032228632
14159.5165977726
14161.1378287257
14157.9199113793
14150.3711464026
14157.0087904513
14153.6891365796
14156.8151979819
14154.4425744705
14157.9128346889
14160.0488221112
14159.1112005436
14158.3046223095
14154.9784517861
14156.5951294578
14157.7154664153
14156.6220136042
14159.7277058077
14155.7510476008
14158.2907648547
14159.4337663522
14154.144251288
14156.8890199215
14153.9598121116
14157.4792361291
14156.2222556013
14161.6268848275
14160.9706828116
14160.5510277853
14156.4219158191
14158.9398525911
14157.9503027247
14158.9667015539
14159.1083220051
14154.9028006098
14158.8442554574
14157.8706067322
14157.1721074603
14160.0232940239
14157.8019472248
14159.6046886604
14161.1209893371
14160.6875897539
14159.5752746471
14157.5025438141
14159.1291145394
14159.2935547549
14158.3380887685
14153.1081193216
14160.0821770073
14161.0493812808
14157.7317266524
14155.2836911924
14160.3418133236
14158.0725499263
14156.5929344612
14158.6804205648
14158.9761213338
14160.0948915873
14158.6141163314
14158.1756109435
14156.3026531581
14159.9299892706
14159.4221362687
14157.9663484858
14159.5161919015
14160.5416853903
14158.0801117414
14156.9087062824
14160.1331798313
14159.3014943855
14157.8680475351
14158.2984670998
14159.5963957008
14154.5397918349
14160.0478855792
14160.9983883182
14151.5208031779
14160.2002548582
14159.3386349845
14157.6323569231
14158.8432339781
14159.2798824399
14157.3322642875
14160.3284243708
14156.3516608168
14159.8465816186
14153.5718039399
14160.4414997114
14155.1824154568
14161.5118550825
14160.0157243459
14160.3516480762
14158.2765508249
14159.9117006214
14161.9391810093
14158.636870428
14160.8852305176
14156.0594735796
14160.335431989
14159.0107668648
14159.1205873505
14155.5117354601
14156.0058683075
14155.4961091972
14160.5286316826
14161.2206500592
14160.2320463113
14160.1251766567
14155.5488126496
14160.2466530325
14154.7877714802
14159.358049597
14158.0256223809
14159.7363456683
14158.7572557604
14165.2137732549
14158.4640488905
14165.8442379741
14157.2512509965
14159.828868166
14158.8919314123
14158.5626950557
14157.3838425933
14154.2549656404
14159.7819647399
14159.0453235909
14156.4116503028
14158.3223317956
14158.5045462831
14157.2307149911
14158.1163579891
14155.7089306843
14158.4022004157
14157.6502346737
14158.3530071758
14156.4356797341
14158.102434084
14162.8344992339
14157.8286290544
14154.9841085125
14157.076439227
14158.053460226
14157.8021335919
14156.7115391846
14158.0070848992
14159.16870788
14157.4614713906
14156.498024188
14157.2481881618
14155.1961714002
14156.1074554932
14156.1435334014
14155.3217725294
14156.0752118737
14156.5811044707
14155.2332257631
14155.2686459498
14157.0295197376
14156.2083364665
14156.7155739848
14153.900659064
14156.8904136001
14157.7795800836
14156.1748514425
14157.7604349134
14164.714958908
14155.7021622773
14157.4391694021
14156.3274264114
14157.1209910598
14156.0943106985
14156.1239729631
14155.7101499028
14155.6597648671
14156.1794454052
14157.6279027321
14156.2584004329
14155.0447604411
14157.0248821074
14155.4250404932
14156.4936405705
14155.4226165517
14165.0380922882
14157.9714783561
14157.3159040226
14157.7720814777
14156.1138865795
14154.4628786821
14155.3560269653
14156.0659235836
14156.5252824037
14157.5720046595
14156.8300841134
14157.3171130016
14157.7939494638
14164.330481482
14157.2883932908
14157.7754029613
14156.4684937562
14158.1248458518
14157.8017861461
14157.0451936301
14155.3462802859
14153.8786647949
14157.1088688404
14157.4433034013
14157.1880100363
14157.6451206284
14157.5105824087
14160.4715688506
14160.2763350431
14155.2056803028
14158.6637595694
14159.382438064
14156.6336033734
14159.0467086091
14157.9835356545
14157.5990069504
14155.3023162565
14158.6063556536
14155.4807141925
14158.3137774685
14165.8025437202
14159.1026593533
14156.8837131352
14157.6447063325
14159.7173379273
14158.0257006272
14158.5611033868
14156.2975648384
14156.4362550225
14157.5573180495
14157.7878890218
14157.4603639816
14157.7868892788
14155.9945908182
14157.1731488794
14151.4716033521
14156.115249756
14158.82581294
14158.3737894532
14157.7713398311
14159.3873504185
14156.8194038749
14156.557847926
14158.469089828
14154.4324103865
14156.7247750746
14157.8945448032
14158.0327301913
14158.4421201234
14165.9571590252
14157.8536210691
14154.5692973881
14155.7826487927
14155.0522455865
14157.2076674564
14158.4538280661
14159.0745524488
14158.7181345463
14155.9464501376
14158.3049822697
14156.2765193973
14152.1530739171
14158.2214123175
14153.8880576072
14156.8194070392
14157.0122791384
14156.4574388179
14157.6018586579
14157.4356060559
14153.8364134751
14152.5861722593
14154.0317429003
14158.7101807961
14158.5748508781
14156.2808754636
14166.958000099
14157.5469101533
14157.0876986246
14150.3208607787
14150.777742864
14158.6861554472
14157.0353612285
14158.8660514942
14158.055853826
14159.1207410303
14167.5755059655
14148.4307774736
14151.4133043162
14153.9317820458
14159.1661656963
14156.023628476
14157.2601390117
14157.2907911294
14157.8226220876
14154.5315731871
14156.0334268844
14156.3170565711
14157.7964128307
14158.4006242997
14157.883992616
14158.2492791799
14157.4212814271
14150.2834600542
14158.3158847302
14159.0455772216
14152.7024468489
14154.7376399623
14157.2006652671
14157.2369613402
14156.4614427512
14157.1479227212
14156.3818698489
14156.5751271129
14150.8020932138
14158.5515799626
14157.7124203853
14157.7592784158
14158.2378048459
14156.9628623681
14158.427114834
14153.6789772967
14153.5359418682
14155.4859264325
14151.9199444219
14157.0132299085
14155.5073835692
14152.9522474497
14151.6982897045
14156.4536225816
14150.6631708735
14153.439667312
14155.3537144709
14153.1421383179
14152.3795734984
14152.608128309
14157.4646749546
14158.6063629701
14157.1646596808
14163.7656602966
14156.0092307934
14156.2195627356
14157.6125047949
14157.317195177
14156.2775090292
14155.228335428
14154.5777302833
14152.2218375192
14158.3997887227
14156.4592937914
14157.0156518612
14151.4788346676
14157.2009946056
14158.9655909052
14156.3461391092
14150.9529528959
14154.7936796645
14166.4919373391
14159.7546847175
14157.1293212031
14157.4285101549
14154.1066057814
14156.8890962743
14157.5619728242
14159.4536817057
14154.1003282489
14154.3565771696
14153.1904199514
14157.4361761429
14156.8333448854
14157.7809877387
14156.6092450821
14156.4573978192
14158.5439563035
14157.7089408457
14156.2188479151
14158.4996560632
14156.4438009995
14156.7244323188
14159.9919418728
14157.7583657697
14158.4112142325
14158.6270500451
14153.8079514954
14155.4927232035
14156.2281084601
14156.4671208022
14158.5415311802
14157.490258511
14155.9517264636
14163.5126534389
14157.8450552513
14155.4486755373
14155.046899941
14157.3585766406
14157.5943622286
14157.1914381102
14154.9154381222
14156.2785493216
14156.5846858147
14162.8576217618
14157.022129447
14155.9347173304
14158.2775734483
14158.6353496803
14153.8244397708
14154.6140953016
14155.1509962654
14160.9483515694
14158.6837788496
14165.5845072943
14157.7410662224
14157.171630778
14158.1356712391
14156.54329001
14155.1682951933
14153.8337213192
14157.4237695733
14155.9374955714
14158.035305112
14158.1468142874
14157.8918356467
14156.7987083583
14160.089062369
14152.0916382248
14149.8409232253
14154.8798778653
14157.7198755261
14158.2320410202
14156.835251262
14156.2720420983
14152.4214007532
14155.3705604987
14157.6571182265
14156.6537588113
14158.4096200378
14157.4577320098
14157.7443646977
14156.5114291653
14158.0415739715
14158.774355451
14161.3968153778
14156.006722905
14157.6703039748
14157.3837445742
14157.4587083267
14155.9690076468
14155.3628219552
14155.0009096602
14159.2520993863
14148.8868221079
14157.1844760115
14156.8768119888
14166.3897472738
14155.9640463022
14158.5519436696
14157.6475159115
14154.573544432
14157.1172647198
14166.1531272465
14156.6602527814
14157.4737528174
14157.1595585895
14154.6605920694
14159.8483684485
14154.4060520244
14148.689646058
14166.8530877202
14158.5175326792
14156.2934980052
14156.1444611088
14157.9643994781
14159.8421984859
14155.3745514251
14155.6546127891
14147.2864513838
14157.7223303329
14158.6292499513
14157.3764666449
14155.8541432081
14155.9380126843
14156.9374131895
14158.1875190688
14147.0615565819
14157.5429074436
14158.8477565092
14156.4992877411
14158.5642854281
14158.9476337192
14159.7694626869
14158.3110129311
14147.3993337506
14158.2313278017
14158.9538501528
14157.1483440049
14154.4681529794
14156.2990521616
14158.3662403763
14158.3657759619
14158.0382416664
14157.84460116
14157.5874093341
14158.5837512856
14158.5303436015
14157.4708566997
14158.5387479759
14157.5508127916
14158.7975733299
14158.4148590534
14157.8388116926
14158.8452732122
14157.9486357832
14156.7820885045
14158.6727363042
14158.3145837951
14157.3111733245
14158.7084179273
14157.309803292
14158.1724322506
14157.2932076549
14152.555231927
14158.1641961857
14157.6731665139
14157.6846843347
14157.7419967394
14158.7349939292
14158.2158987572
14159.7079060948
14155.3030050759
14158.553230638
14156.8974813604
14158.0636198832
14158.0066281407
14159.1195739267
14158.7353310572
14153.613053321
14158.0130320852
14157.9859453762
14157.168148589
14158.0006618678
14156.9028350326
14156.6538376866
14157.0761161686
14157.4966851048
14155.9204038871
14157.7942088318
14156.4835639381
14157.8079355331
14157.0759398719
14157.2974656834
14157.4910160704
14156.568472782
14156.8299087742
14158.2354051453
14158.1762478962
14157.895379758
14154.6846421155
14156.7569171705
14157.6513278392
14157.7762071576
14156.4726299852
14156.0691844917
14156.1105529539
14157.0145540195
14156.5254270285
14156.6806540017
14157.4539083201
14156.7517253122
14155.856239623
14157.9048914474
14157.7510240821
14157.6507531896
14165.1666635173
14156.5488735225
14157.8664994968
14157.4986856007
14158.375813808
14156.0966737929
14156.0341165698
14155.5964348992
14156.827973028
14157.4509447919
14156.8376538923
14154.524967294
14157.5173064571
14156.3537595337
14155.8453501964
14157.2839409703
14156.9849111177
14156.9120158723
14158.1980387162
14156.9963398552
14157.4957256906
14158.0212612337
14155.8539933016
14156.4043757168
14158.6082849167
14157.6394799538
14158.5423447878
14156.7308509578
14157.3409281934
14157.7523754518
14157.4733831029
14156.2615855401
14156.5396322723
14157.370375447
14158.4152067374
14158.4960337924
14158.212163903
14160.1582852367
14159.2589411543
14157.0595062353
14157.4667087587
14157.1286922165
14159.3817182455
14157.0970763678
14157.47739781
14158.7627622727
14159.3456413725
14158.1527688473
14157.8058817707
14159.0357093033
14159.6057810053
14157.5984198211
14158.4302148422
