# vacant volumes
13876.0926156871
13869.355431394
13874.5663732645
13873.571297413
13871.3077601754
13874.8204852056
13876.6170363135
13876.8481497289
13879.9102284821
13875.4958630104
13874.9158767863
13873.3122550062
13875.4477083594
13876.5586359958
13875.1769391921
13875.0302408364
13874.0025422133
13877.6604811156
13873.4619242752
13875.9717551549
13874.9696291333
13874.514672847
13877.3761512798
13877.3340369607
13878.5937514111
13873.5768855965
13867.9390428459
13870.8653931098
13874.2907001171
13875.4316425624
13878.2785825666
13875.9451053635
13874.6863171467
13875.1250903571
13875.6915942314
13871.4240428781
13876.8360275718
13871.6766790067
13877.9337579585
13877.888193921
13874.8278578211
13869.692070803
13865.4219765539
13865.9314364611
13873.1959123128
13875.6170555466
13876.3100776926
13875.9772770439
13876.4621802456
13873.8975741058
13870.1530307451
13877.7189537046
13874.083185338
13871.4587466696
13876.688313301
13875.4653447542
13876.0374059109
13877.7674522842
13870.1879420048
13866.4468021837
13874.0516639564
13874.4860786829
13877.0732945708
13876.7112944508
13873.992470786
13874.122128682
13872.5639770723
13873.9326013914
13870.8065338703
13875.2434918397
13872.4998226067
13878.4649960211
13877.9788660745
13876.4248182305
13873.2030419884
13875.2979094976
13864.9317060613
13871.2798367124
13875.2690043138
13877.1220678578
13874.701982861
13876.8957995094
13875.7118694216
13875.0466943385
13873.7927973171
13873.2166666902
13875.1715113763
13876.0572947779
13876.3888470853
13870.285051399
13874.1466485558
13875.5180401941
13872.5068063489
13877.8567916849
13875.3375490727
13877.2502857269
13874.9794667583
13872.3788116537
13874.3349302921
13876.0924156472
13875.3059280416
13874.1318208104
13873.1261231381
13877.5964239049
13874.4265681517
13871.6012056413
13867.4388295023
13868.8027703304
13874.8840906727
13877.3811407119
13876.8625643553
13876.8130418833
13872.0796014953
13870.1559103031
13872.4396540762
13872.8006426303
13871.647262016
13872.1220618397
13874.8604881177
13876.6277432057
13873.3945735317
13875.1116909646
13868.9225984922
13874.5484309803
13875.2665908575
13875.723735792
13876.3854124274
13871.2641952411
13875.2212486717
13878.2001913244
13875.6094949974
13873.3045414013
13871.3605459973
13875.9979412796
13874.5798842752
13870.1477259818
13878.1679612486
13877.2410659509
13872.2475996232
13876.0698002258
13877.4733223252
13876.1185875966
13876.9156594449
13876.2793032196
13875.0881922192
13873.5424890158
13874.0437082069
13873.5806699925
13876.7768834472
13876.9117521761
13876.5261211059
13876.5431656989
13876.9868195336
13875.2113943218
13875.3576891489
13874.9312891285
13876.2541526787
13876.2402912346
13878.431797198
13877.88830076
13872.7897140091
13872.1454073709
13871.0226194841
13874.6724226939
13876.9138995719
13876.3729338975
13876.8893099879
13877.3888738443
13876.0636464716
13875.9017255339
13873.6956086291
13876.7228436296
13875.9149482025
13876.8297323866
13874.6379022992
13879.1533656686
13875.0977356115
13874.0860233307
13866.0291515297
13870.7909735025
13872.4272952914
13873.4261864281
13873.8225194409
13875.4493987803
13877.5493212193
13876.3041867177
13876.4177571123
13874.2408806246
13874.8475825246
13875.1938911268
13874.6717670104
13877.121909654
13876.1632485646
13873.2953200661
13876.0205065236
13872.4296750802
13872.7805339781
13871.3709763578
13874.4061165283
13877.8886897239
13875.1743692878
13877.9436799974
13873.1276925469
13871.0916514858
13874.8358334236
13868.6594722754
13874.0349263054
13875.5968367831
13875.2015163647
13868.5705504627
13874.8483004159
13875.4862786497
13868.7330656011
13874.341717769
13874.8690241595
13876.9075134773
13875.6628326081
13877.3582079677
13870.1786028213
13872.0874618093
13872.1578913081
13872.3629048937
13873.5972898396
13876.7790863089
13878.3018050053
13878.6507221309
13867.7694380151
13872.6915421005
13863.9660069583
13877.1962168004
13877.4804289995
13874.8656637342
13876.3003973902
13875.1300946535
13874.1575344464
13872.4848055284
13871.0981595739
13869.9508133295
13874.1688142378
13874.1800407267
13877.0422386722
13874.7708601759
13875.2840923628
13873.2916354172
13870.8733272581
13877.4050876291
13876.8329662651
13877.1522880039
13877.1696847285
13875.1004900808
13872.1212951934
13874.8389032427
13873.6239245361
13875.1489682178
13875.8758391348
13876.1152110994
13877.2613587569
13876.8795188224
13875.0919400932
13876.7991101797
13876.2175332275
13873.6123040774
13876.6036104937
13868.6692292107
13875.5596260358
13876.3987980893
13876.0917777447
13875.0928791282
13875.0365035165
13874.0159455335
13876.340986759
13875.8217494829
13877.632957846
13875.7587533043
13876.6207602573
13876.3191039127
13874.4107903057
13875.4148189561
13876.557659527
13876.9961779143
13877.6892674909
13877.0139309352
13876.6736652333
13875.2220974542
13872.2636533013
13874.5192323591
13875.5502856886
13877.5622198738
13876.2950092455
13874.5289933862
13875.6728513804
13875.0220190735
13876.9037403537
13871.9509764206
13874.9179071129
13878.3323573495
13875.9384803171
13875.3920877585
13873.035002996
13873.4308570503
13874.2180095529
13873.4332017731
13872.6218592912
13874.3727924708
13875.9969544687
13874.1705107134
13875.8143649658
13875.3879066264
13875.7418737166
13874.6221054567
13870.841326937
13874.148600928
13869.7251380263
13874.8148187987
13874.7079418089
13873.89410551
13876.0877090436
13877.1653270204
13873.7290472527
13866.7550749945
13875.2118100525
13875.650601983
13873.3632843739
13875.4849327695
13873.6060866834
13874.0321588044
13870.8196414079
13879.2494335333
13876.0383747854
13873.0165342994
13874.7541316684
13876.38771745
13873.9299571829
13874.713268661
13877.4434430013
13863.8940279644
13876.1384413133
13872.001185132
13871.7614855357
13872.9982767482
13877.4948523248
13871.5003923303
13875.7609602836
13874.992891243
13875.0528882402
13876.9975821901
13874.098685344
13875.9803607768
13872.8019644129
13878.9491917571
13876.358095063
13871.9734200893
13876.6743580023
13877.2037729638
13872.4582663567
13875.0009970199
13872.103774826
13870.59282246
13872.0395076913
13875.5963930846
13876.1684439313
13876.7807523457
13877.0365800852
13874.5351566088
13875.1357738563
13871.8450139017
13876.1197858152
13877.2514043956
13876.5638515675
13875.8506399139
13875.7948487659
13875.614060165
13873.8830706522
13871.7005605982
13871.9160759682
13874.6472805107
13876.0112719568
13876.1977973867
13876.3212648853
13875.9494799163
13872.8062957485
13875.0903126803
13876.7682269544
13873.7446920968
13876.9432145766
13876.4741635585
13875.3452091811
13871.0267714334
13875.6115589144
13877.1921564447
13875.5090308117
13876.4495086066
13879.2736324511
13875.9914012446
13876.1566092919
13873.8244137617
13875.1723400808
13877.6715732674
13877.0756380495
13876.4622240305
13878.0444452942
13877.8132048185
13875.4648374998
13869.2752920169
13873.9700319816
13874.6669039833
13874.986165662
13876.8496446591
13878.4932755815
13871.958467817
13875.3699003612
13872.4060575742
13873.8145348153
13877.6122745371
13877.1869545501
13877.5456597138
13879.0643387484
13877.6072678146
13875.2804250219
13871.5191431634
13874.4444689161
13875.1126766126
13874.1454639645
13876.8336072582
13876.7051960582
13872.3155230993
13870.3681485064
13877.2067834943
13871.6678819821
13874.193668761
13876.949489431
13877.0073000469
13875.5752544739
13875.8355285851
13876.2403475787
13872.1618244324
13868.7960302879
13877.1265314675
13866.3853039333
13878.7328459912
13877.6787275052
13872.6705819342
13874.625469269
13876.2763025273
13873.6933846943
13871.5523131326
13873.581845356
13874.8271808014
13876.9865208231
13871.3143727582
13870.8108888563
13872.0209678167
13873.1893215386
13870.7998903173
13878.4528442952
13877.2660907035
13875.2758443362
13873.0851215828
13870.9554446531
13870.8777947437
13873.509259715
13877.3378605138
13874.7084058444
13877.7779773289
13878.3574074883
13874.2399865932
13876.2287491366
13868.3755060389
13873.9271970831
13870.9156975048
13875.6360966979
13873.0144573381
13870.2643489207
13874.5346373935
13875.1093899298
13871.371712296
13874.3265550972
13875.4156507637
13874.1968784116
13877.1271198647
13876.3193952137
13874.5295537252
13873.6575892493
13875.348132534
13869.1197453289
13879.7901688785
13870.8724791842
13879.2566571068
13871.5713495004
13874.1168525674
13875.9331520906
13870.2661141684
13874.439194249
13875.3068281311
13874.5525530469
13866.9790009684
13879.1214660711
13877.5098101765
13875.4774754615
13875.5847174342
13876.2942417067
13874.2767560381
13874.2509413761
13877.5640384883
13876.379830672
13873.2256442701
13872.7998027264
13872.2896104459
13874.5887913632
13874.6289893133
13874.2347757195
13876.341795087
13875.3818892411
13882.5754463737
13873.9734426383
13880.4119228228
13870.9732725771
13868.7999506942
13872.0151406956
13874.0430303459
13872.8194278787
13871.8853478634
13875.5517576145
13873.7635804957
13871.039249488
13871.0830373346
13871.3741076252
13876.9878662969
13874.7868151416
13875.4499735005
13873.8399139138
13880.4480595022
13869.455013606
13869.0628768908
13869.9948509258
13876.8967222147
13873.6691404424
13874.3612956043
13874.2106440403
13869.9616768402
13871.0954817449
13870.0679398149
13874.6055178836
13873.4814988826
13874.4207228167
13875.0636112961
13871.4834629579
13867.802108331
13867.0517145679
13874.2456667623
13870.0635218589
13872.4873941871
13874.3067153119
13874.9593373511
13870.6179275859
13868.9253019238
13869.5790314363
13867.8171793781
13874.2086079351
13873.3570838503
13876.3097975094
13873.6498342446
13864.8802088597
13875.2944946588
13870.9368456982
13875.7066019511
13873.6950034577
13872.3408850981
13874.3645101592
13872.4603166316
13879.9714652261
13873.4417879151
13869.5803511346
13880.2972778901
13871.6643319152
13876.0691150524
13872.3221447061
13871.5193294966
13873.9457899957
13879.1733273826
13879.9543911324
13872.5663059611
13871.2778870845
13871.2800389121
13875.3064651827
13871.5501760999
13870.651984256
13871.1127509205
13872.2061923064
13872.3732698712
13873.2890288237
13876.7032734849
13874.3843167052
13870.1426886053
13870.0820138906
13870.5350194194
13874.4563463148
13874.022302055
13880.3139735612
13871.9364134933
13874.6294725784
13878.4399146361
13871.2017370165
13870.673523662
13872.0831040262
13872.5906931715
13872.9098405926
13880.3595262565
13868.7136076643
13870.9712895584
13879.7020510977
13872.9506477356
13871.3515517601
13872.1127445825
13871.8593950925
13871.1757295252
13873.1618556596
13866.9599136863
13869.7377198853
13872.9754090764
13881.2902256298
13872.2319640766
13871.8575466136
13876.3000584722
13872.8419615284
13881.4443839565
13871.8832161247
13870.7199211102
13871.9380658581
13881.4468714191
13871.0532891565
13873.4254061048
13872.885505687
13877.4479831671
13875.0382207188
13880.2836090176
13870.9667530093
13870.2933500235
13870.9840784105
13871.3741075683
13875.5011317423
13871.3138261075
13873.7687408471
13871.431491927
13873.3477237002
13879.7262251132
13875.1580923568
13870.5118446191
13870.4068863666
13881.8019048241
13872.9850108266
13867.8180926396
13870.4175971184
13871.6500805759
13870.7977914779
13874.5299225176
13871.2979716356
13873.0383229466
13874.4122150687
13867.8946918115
13871.4970625974
13876.639059629
13871.624532322
13872.8145537205
13873.0452242009
13870.9786694849
13871.0283396405
13880.6153074292
13875.3748764753
13865.9747332772
13878.8717491638
13874.2605395269
13874.1347664604
13872.3853428487
13873.295539972
13879.1634527519
13871.3954563754
13868.9265316891
13871.0153629205
13872.7430031495
13871.1263062946
13871.1263062186
13870.3380359538
13869.1909500844
13863.2051802117
13880.4533558383
13860.3718749932
13873.0638283426
13874.7499503038
13882.2951047525
13870.7032212668
13872.1897548812
13878.0691973964
13870.3736562529
13869.1230345317
13874.7841563974
13871.5176678769
13869.9880741828
13873.63933552
13868.4696348019
13868.4182391053
13869.6219704226
13871.1620887091
13872.8016761962
13871.5503962445
13872.1952830893
13870.3303170168
13871.6679664378
13877.106783176
13873.5785646382
13874.9024395748
13873.2062802378
13869.96899735
13870.3196101681
13866.9207072742
13868.3854554208
13882.0035923334
13875.5104436297
13871.9283103662
13877.005946664
13875.1871465043
13872.1919998402
13870.650289978
13871.0374242504
13870.9509841678
13874.4389017456
13875.0302702541
13874.3777763919
13871.1100446902
13871.4571954677
13867.3640207435
13874.8739032697
13877.1120661626
13880.8993285927
13873.4220622101
13874.6957098064
13873.2134301886
13873.5740631977
13877.9317663764
13874.0958538538
13871.2689753378
13873.4080573867
13873.8326618823
13871.6135876504
13873.9389450736
13868.4428392168
13878.2593908776
13878.4128018011
13866.8272755129
13872.7913272605
13872.5415184897
13874.9635868007
13870.2544705277
13869.1802366564
13878.5281418033
13871.3766514104
13881.0063681195
13873.2196468023
13871.5667564909
13873.7933194556
13873.6062035844
13872.639158848
13872.2758307509
13880.9538614123
13872.301011491
13869.1907675542
13871.7137969878
13873.717193236
13873.3331961064
13871.3509536345
13871.730347701
13871.5250575562
13869.7044732246
13870.399215109
13874.0396823127
13878.069225865
13869.8669899987
13871.2290502066
13869.6617751858
13867.4794005839
13872.0403400485
13871.2415590195
13875.0275795891
13873.9268798412
13872.8044674455
13878.4924232389
13871.0277903933
13869.7911500628
13860.2108306585
13880.1775749656
13872.4468470535
13877.2818045434
13869.9023105969
13869.8353573591
13877.6269397739
13877.0882173754
13869.1715457031
13869.5233889573
13872.6747452131
13877.7831578144
13874.5151300912
13869.5982942671
13872.3522098981
13870.7693249541
13872.1247899332
13869.6681904036
13872.5668907619
13871.4115348857
13869.6024524443
13877.9852031536
13871.4267997063
13878.1130565808
13871.2808930618
13874.7164799358
13862.8130029498
13871.1835779466
13872.4648412749
13870.5721011242
13871.3437622009
13871.1315865779
13872.1686428612
13873.5715682492
13871.8273416649
13871.6362029362
13871.5077054246
13868.679361343
13869.4187611342
13870.229989263
13873.7441651694
13876.3539927079
13881.771330592
13872.6223777208
13870.4243147048
13866.1065616934
13868.3854533371
13870.0705768384
13868.2618579471
13874.008933175
13874.5786966274
13874.678626962
13873.2406983537
13876.6679346847
13867.4572760519
13867.9416971729
13875.0471112468
13875.4355320852
13869.6927148992
13872.2651854569
13874.7557947344
13867.6288210473
13867.9908196031
13867.1395027233
13878.6404288707
13880.1509591529
13880.4796271228
13871.7725265198
13863.7447477967
13869.3118875581
13879.481736967
13873.8399388114
13874.3183260847
13875.8351081663
13871.5422219788
13876.7855717258
13867.2882093028
13867.3637078522
13876.1723763155
13873.3982468093
13869.7058004087
13875.4131357097
13874.0811025887
13874.5876954604
13873.5774454168
13865.5658410083
13870.0095234378
13877.2880934702
13874.4137954183
13882.2736941679
13876.2115361747
13872.4877314812
13873.1391356325
13871.4309465211
13861.9480620817
13868.4289605148
13870.7192181123
13881.5977778261
13880.0184553787
13874.1666024406
13873.8157665923
13872.530470139
13875.9546775879
13871.4732826523
13870.7737449694
13872.6571001602
13869.4935597793
13873.7535197404
13874.838058484
13874.1846216865
13871.7166837511
13872.1498475937
13872.5177755053
13872.8780015497
13875.1116737315
13877.1110603365
13874.6630819457
13875.1972590251
13869.6473345719
13877.1230690381
13878.1417762273
13870.603295709
13874.0426160619
13876.9634080413
13874.0945456679
13871.5979122649
13869.61266851
13870.5015381213
13879.6009673096
13873.7100303643
13873.4907600576
13879.6985377095
13874.447844244
13873.5163520878
13868.6766381901
13869.4550138855
13877.8163986433
13870.5033285697
13872.9716371302
13869.510352894
13873.466215671
13876.0576051563
13870.5015380657
13878.4072983582
13870.3945351498
13873.0671376963
13868.0145818519
13872.5152828291
13875.6597776338
13873.2265821687
13870.3090515917
13868.2640974694
13871.9647172663
13873.0858439729
13871.1051163297
13870.9795311215
13867.4039881136
13871.5979795682
13879.0834887115
13871.5769957139
13872.1556526821
13875.8503017128
13871.7302809856
13873.5675683083
13874.8412790205
13875.0642095667
13868.2640978963
13877.6759963798
13870.8723389401
13873.223612081
13871.7090184306
13873.9351239579
13869.7836297006
13872.5710039944
13875.8540414224
13870.3397380889
13873.2813745791
13874.7450884676
13881.4297604445
13870.1090687
13874.2978157628
13867.9008705603
13877.8497453968
13875.505893796
13871.3171808516
13873.4723531528
13872.0000143489
13877.2347867106
13870.794503087
13867.6785776313
13875.8341642172
13873.3282214966
13875.1491349507
13881.8911427456
13872.1921417893
13876.9065607859
13867.6642409603
13877.5929072567
13869.1879373987
13869.3463542199
13874.4519831105
13872.8219558098
13870.1560244299
13870.1096902819
13873.4972760195
13878.9904226054
13869.4805538006
13868.5434728675
13875.6096337484
13871.3691586798
13873.0158549948
13877.9311643578
13867.6785723845
13868.6706833339
13869.4269057934
13870.9129903171
13871.5937343072
13873.6378453457
13872.227567929
13871.0056661784
13873.3282802989
13871.7166319039
13868.2515634694
13871.5950835812
13870.1545718138
13873.4129514148
13871.2313605013
13873.4952367069
13872.772849091
13872.2975186408
13872.2321801803
13869.3028700708
13880.1761308321
13871.4978184235
13870.6989767183
13873.8492123911
