# vacant volumes
13743.3125396678
13743.7989695641
13744.8573146509
13745.6482943369
13728.5709832611
13745.6398505462
13749.4989256153
13746.4828524751
13747.5856848547
13748.289220262
13746.4449077248
13745.2259467646
13746.1359549451
13745.198681093
13745.4403607467
13745.6170157458
13747.7055841735
13746.9617342721
13747.6371422688
13745.5602255771
13744.9168008899
13750.4278989903
13745.9232334688
13745.9090814053
13742.0748375015
13745.6576404252
13741.4266629863
13740.4530928327
13745.1964076199
13744.8303710542
13733.4793562651
13745.9381940507
13740.5792374095
13745.0679127359
13744.9263112775
13742.9073757991
13744.0154025904
13743.6605464087
13745.4871002976
13737.9917808478
13744.6265835661
13747.2573419618
13739.002265542
13739.3798259901
13744.4306781048
13745.5059082961
13746.4394822661
13739.7015872897
13747.1920520757
13740.9905587358
13742.6375117956
13742.5618810814
13744.3302452084
13742.1687651973
13743.0789180231
13744.0757090502
13745.2880948606
13746.5399002223
13739.7065953848
13743.2983223555
13742.4235281834
13745.260664609
13742.6560488485
13745.8392211912
13740.7576479516
13746.5903026609
13741.7968150038
13746.0009279648
13740.9818149501
13745.2195438007
13742.4286248791
13745.749516828
13741.0664846807
13738.1603522195
13743.1954863342
13738.3309712551
13739.7256959037
13726.2211420005
13744.9979056919
13746.1133190615
13732.4284130089
13745.7118363981
13743.8461457098
13738.8256963652
13744.4145611932
13743.0727328615
13747.676562797
13746.8919448558
13743.5188521384
13745.248671933
13742.1639644655
13746.4138866842
13741.2591168637
13746.0142316032
13745.0452606716
13745.1173101856
13745.1924985311
13745.022194494
13740.8879466116
13743.8383871789
13742.6632473058
13745.6857166477
13746.5120659299
13746.7797850141
13742.6708455467
13745.018662664
13741.341067508
13743.3299162967
13744.2464895453
13742.3854916081
13746.6077828311
13743.2863114658
13744.840844092
13741.909406967
13743.4098089453
13736.7908505943
13742.4830319111
13736.4270737429
13744.7520137948
13747.3267115232
13745.6314026347
13747.2043372066
13744.1503193116
13744.3530962345
13744.6408922689
13742.6424646942
13745.3768404796
13735.7795631685
13746.4486189622
13745.1797719564
13747.0401651512
13740.9411148886
13740.1933181392
13741.5357067979
13744.2657252457
13739.6653856641
13747.1526727249
13742.4286651905
13733.9987479442
13743.4954567857
13745.0798279289
13740.4158222323
13743.1939843772
13745.4257078061
13746.2161661212
13744.0462275915
13743.8338630781
13741.2087340519
13744.3641747979
13743.2251400686
13745.3262001365
13743.7545892356
13745.2782098253
13742.492064228
13742.3517757262
13741.9613343397
13742.9697342638
13743.6333235569
13744.7377366994
13739.8839850135
13746.0726813084
13738.5452847011
13745.0430178619
13742.751174836
13745.0673792439
13738.9510954625
13742.807276462
13745.2538638955
13733.6522921211
13745.429334404
13731.8116321416
13741.5464984846
13740.8797546142
13743.8649342626
13744.4141846706
13745.7681923674
13744.6174117865
13746.5805551879
13741.5110499397
13742.6840156168
13735.4894242289
13744.7820282661
13745.8539575031
13744.8090597718
13744.6698408837
13743.5199227084
13746.3649569313
13732.3915230942
13745.7604907143
13742.0169402099
13730.4925713603
13745.2686352836
13743.4845776527
13744.4012026334
13738.4207297712
13744.8261725448
13741.9425553402
13733.7162159322
13748.0376133814
13731.5416150165
13735.2927972472
13743.2727446146
13740.9665570891
13743.854973398
13741.5166793065
13735.3471867893
13742.7498011244
13744.0460291248
13746.1842411049
13740.7251994439
13743.8449164428
13740.2184266636
13737.2734474092
13743.9336475399
13735.7143379568
13738.4109505694
13741.8592363152
13745.1090614822
13740.725196751
13744.668196619
13739.3974967126
13741.740356581
13740.2406300095
13742.9484202594
13747.600034595
13743.982336817
13745.1935120296
13738.777705631
13736.3704888597
13744.7640312824
13743.3376960397
13746.3206279518
13744.6069012239
13746.1220946292
13744.2634799144
13745.4550910528
13742.4490010568
13738.8247650878
13739.3998705712
13743.0467019261
13741.1507934827
13736.2072600384
13744.0635888944
13743.2403237238
13742.1073669602
13743.9408441396
13746.1487350387
13745.642520195
13746.3347360353
13744.3422699466
13737.637455508
13734.4410890351
13741.0126104278
13741.699773967
13743.944440739
13743.6894634071
13746.5985039322
13744.9292345847
13741.8151678055
13742.3525764699
13742.2323284943
13739.2473533456
13744.7387662914
13734.523966884
13744.4974606063
13738.3776376601
13738.8420350008
13745.1796765719
13743.212587065
13741.3671014884
13745.7130059597
13746.7807314037
13745.4398745865
13746.6449114003
13744.7025761683
13746.0565070184
13729.609672217
13742.8218333096
13745.464346657
13747.840324987
13737.6987448063
13745.8763107807
13745.8356874882
13744.2873144048
13733.4754101753
13744.1999647944
13733.4897614602
13738.8989989938
13743.0192043637
13736.408814973
13744.6617149513
13748.8470014233
13746.6438811883
13745.1909789604
13743.5671444891
13744.9359661083
13746.6978195832
13743.9024227535
13742.4680212732
13743.5845718772
13747.0948078212
13740.5071186812
13738.6690923248
13741.4807936051
13735.6481698014
13745.722446749
13726.2520312393
13746.9122314637
13735.2501058887
13740.5868048167
13736.5386757728
13738.7069813029
13737.8808420969
13744.5384048169
13737.3194659139
13742.5389316311
13745.1510563415
13743.355011468
13744.3783312877
13732.7058493438
13744.2112000785
13741.5929793467
13727.5540062316
13740.2892973242
13747.3804812316
13735.7808087902
13744.7313397761
13737.878459395
13743.1706919063
13741.5551718037
13741.739162204
13744.8656311605
13740.2893618442
13743.5562506396
13738.6415468463
13735.3977257183
13742.2460650828
13740.0163253485
13725.3239378251
13744.3494694717
13744.6483466275
13742.1313510458
13746.3290779701
13742.8576357119
13743.7397598451
13745.7166935104
13743.8619725464
13744.553983324
13748.3204772854
13748.2077089383
13749.2056878386
13737.1452652278
13745.6893171706
13744.5455754087
13743.4658931992
13743.1918691719
13739.9855416119
13740.4323232561
13741.6633976826
13739.4096177831
13745.5499118576
13745.7840985765
13747.2330928515
13743.079731826
13742.8565826872
13746.2952111319
13739.5408621516
13747.4927685196
13745.2691752431
13743.8984271821
13744.4576447007
13740.1505346739
13740.5074915235
13743.2222070054
13737.7878739965
13745.5282756167
13745.1899692491
13743.7285357245
13744.2449589524
13743.2606976742
13739.4678896044
13744.5396070939
13741.9817094039
13747.9005013987
13745.4956525229
13745.7029056374
13743.6596036725
13741.2812521773
13743.1622659702
13741.2746144675
13745.4958587067
13745.6475672527
13745.9268165722
13744.6197643827
13744.3761455969
13747.0302900834
13744.3253686111
13747.836781924
13745.7819228199
13749.9643110641
13743.6262703434
13744.1688406367
13750.7656690574
13740.5463605759
13745.1712089243
13739.6797852813
13743.3596302995
13745.6116735618
13743.6344173654
13755.9042235583
13748.0509988786
13740.3622377567
13744.8325334799
13744.7827579612
13744.8725675469
13745.7055183408
13744.9258360774
13741.7811799805
13728.6447293346
13747.3550913576
13743.4932254958
13744.9949144201
13749.2504693708
13746.2441926968
13747.5400880299
13743.9011465668
13740.6525020674
13746.1027650867
13745.2827494737
13743.916725799
13746.056999379
13745.8954333356
13745.2212024077
13744.5341780928
13744.9304412392
13741.2181889617
13738.4865301263
13746.1224233859
13741.1186862863
13747.0714975557
13743.4811715814
13743.5050639968
13747.4661142403
13747.3920675266
13749.0248248922
13740.1468529869
13741.9892859386
13744.9474878639
13744.99554196
13742.5301568326
13744.2977253329
13749.304229315
13746.2633099419
13732.3815367192
13747.4594690776
13737.8148117351
13744.3088830992
13737.5512959707
13746.9388552918
13743.6246133694
13746.781521232
13744.8009873819
13737.6000036987
13745.5894695963
13739.4599530182
13744.3280345096
13743.256031023
13741.9591182349
13740.4054784511
13744.5851501594
13741.3109268064
13741.6601758136
13732.9287556284
13745.3452470362
13743.9686491721
13742.2253022951
13745.8507914295
13745.7862649031
13746.8186577422
13747.9645919152
13740.5070873838
13743.2109302386
13734.1387822809
13744.791441205
13730.4940268075
13743.3211665402
13743.6554319698
13747.9625650285
13743.0300160702
13744.5825729458
13744.7949399621
13741.8591805218
13744.4350540213
13744.2485932881
13744.8173415432
13736.7026601367
13745.4189478837
13744.2668396901
13744.7314337405
13744.083200478
13744.6750424204
13745.1058970885
13744.612858046
13745.5997385055
13744.2868019766
13744.3025385555
13742.0662939911
13745.5572524485
13744.1983501137
13744.7787770312
13733.8821204936
13737.261159748
13744.8846053304
13749.6696304126
13732.5353464504
13740.4003039904
13736.0754243395
13725.9309293846
13744.3449261229
13743.2983363776
13738.9859123389
13728.5137165773
13729.8212491697
13731.6947261434
13735.2375437763
13736.5764056574
13732.4600859709
13741.7803027579
13743.6483979653
13740.1161704746
13739.6142305262
13748.1913869615
13729.8494943269
13736.627201379
13737.4592756559
13747.0110741229
13742.745829167
13740.1777110637
13740.7495224706
13736.5720851586
13740.3818077851
13738.2062711383
13736.2842491651
13741.1226576048
13741.205228305
13741.2344386558
13742.3152652197
13736.2538421051
13733.0348815161
13739.9336691739
13742.6953765076
13744.7451206791
13741.7356829234
13750.6831217583
13742.3296696966
13738.8659053295
13738.891241745
13745.9535789347
13739.8920453848
13740.0740513801
13747.5978911647
13742.460626978
13739.6442351541
13742.1804555456
13738.218433786
13740.512038078
13733.2073626601
13738.2990315077
13741.8060674501
13740.7454445953
13742.0738317222
13742.9376465762
13741.9684283341
13744.2644305517
13738.9526297306
13738.952626297
13741.3889113771
13750.333119445
13744.3819613064
13744.4069022366
13749.9145467172
13731.6695422581
13728.1239596354
13737.184635847
13744.5378599739
13740.8947545194
13740.9825955618
13741.0454534919
13740.9607778475
13739.848096989
13739.5626360792
13741.5170159753
13743.446216621
13740.383876119
13737.3003893525
13740.5460008588
13730.9492777448
13731.6781055619
13751.5310466135
13740.8884650362
13745.7099054287
13751.3341003375
13741.0788865339
13737.3065771008
13740.9712404151
13740.9452965165
13735.8058208777
13747.0430987307
13734.7966628869
13728.1752205187
13748.0818709452
13741.4693365684
13748.1644558433
13733.9684343962
13745.0797460961
13743.2151579707
13733.3512668648
13732.1214981315
13739.1480148148
13743.1328693
13739.3086315065
13740.5232846545
13740.4755837741
13742.3182097392
13741.7180474279
13747.3758040384
13738.9772769
13731.4872066475
13738.5568345147
13749.9336291466
13743.1286295019
13740.6952144575
13738.3417299637
13732.8476761218
13746.8528888656
13739.6736354487
13739.4932256057
13735.1994596573
13734.4442916798
13732.4600871758
13746.3213494681
13739.4469636509
13739.7628784797
13739.4654110336
13738.6856525358
13747.4057856499
13737.2163452721
13744.1247794543
13742.3554543777
13747.5644481869
13740.8652312446
13736.849194746
13739.679990177
13742.2443176987
13739.8579378372
13740.9826850968
13741.0582478249
13747.9280332945
13740.1733771567
13732.9510587951
13737.1800590795
13739.1234974638
13745.650717572
13738.4532650701
13738.4796377079
13735.8986257534
13737.6671493279
13748.3099292203
13746.2634523347
13740.1830869383
13746.1784134489
13738.547162901
13740.6470296283
13735.3065957029
13737.0198525866
13749.1279610884
13742.737783163
13746.5017271596
13739.0736525643
13738.2062709764
13748.2830921963
13738.9980250552
13735.7291256078
13741.4489212235
13739.0167472195
13739.547392958
13742.8037770899
13743.3834678081
13740.9131045658
13743.706753107
13736.274973812
13731.3709191205
13745.4752370371
13741.5508949207
13741.7645911475
13737.1973482997
13736.1240131333
13734.8251628094
13742.5233200159
13739.6041167645
13740.1750114716
13740.7039982733
13739.5088162211
13733.7791233017
13742.7752967209
13747.5702450082
13740.8769772659
13730.3866679156
13743.6254966974
13739.1928987892
13740.3456448018
13741.6027923773
13743.8188962386
13744.0765219997
13736.0572282195
13735.0676582442
13746.4411237657
13740.7822416436
13741.7319985445
13745.2974055542
13741.5499995385
13739.6715069588
13732.8460747024
13737.9985592388
13733.3416224489
13745.3380749109
13740.2596968439
13741.7197301824
13746.6164980615
13742.9375837437
13740.3161197918
13743.9522531128
13745.1384548159
13744.5487499729
13740.8580823767
13742.3657506659
13739.4379796384
13739.4379660906
13746.0185108797
13748.093880447
13736.7327408208
13740.054092339
13741.4137387898
13740.8649171581
13738.7879027218
13741.4987139616
13738.3110399246
13744.7743185091
13741.3437026376
13735.9964390294
13741.9451520747
13743.2213842644
13737.1725421086
13737.6461502545
13744.4551156202
13739.5579392743
13748.9839207341
13739.1726940131
13741.7029477206
13741.6909131472
13743.0375029224
13739.3526490055
13739.0320231935
13748.9540520832
13738.8139018524
13735.226755029
13739.4968955727
13740.3062630517
13741.94587961
13730.2464028041
13741.5204680285
13740.4903033246
13741.7436557591
13740.4238252475
13742.1602002393
13747.67123586
13738.1728912647
13739.617291923
13737.6750604721
13741.4171116587
13732.0920869827
13740.9496376147
13742.8033643368
13740.1953241763
13739.5105409935
13740.9927402455
13737.6263400086
13738.5650765253
13739.1397924346
13747.7700192482
13741.0153772406
13744.6495756877
13741.4797616136
13735.6895984958
13747.5899919421
13748.4278947213
13745.551256487
13740.5616704787
13741.7230618364
13745.5887990128
13736.8804735248
13736.9708232138
13735.7927402697
13738.0655455335
13738.3702490808
13741.1433201589
13738.047929832
13739.6268341472
13744.5368468004
13742.7014281667
13735.8275853889
13744.7786630945
13742.8705570289
13745.1428861603
13745.6553232188
13737.2969244303
13735.4283277626
13740.7643729448
13749.10776918
13736.5133835964
13749.1960895003
13741.4858032351
13746.0901482949
13744.4022559697
13742.8610842604
13736.437983507
13731.2853917785
13732.6210805558
13740.3114140842
13742.6939976619
13748.9464054167
13740.8597307862
13740.1967093832
13736.2700679066
13740.7121487988
13734.2624888391
13737.9985756263
13741.6692473453
13742.5185980188
13744.3134591654
13736.8689188964
13746.1119777395
13743.3408173647
13744.9852412818
13740.6701361447
13740.924610328
13740.0454666756
13737.2355483609
13741.6426049078
13732.3877180941
13724.219698055
13736.4340588409
13745.7665646787
13747.3492317355
13742.5328286196
13740.1382789842
13735.3975886705
13733.6473039153
13744.1776486382
13736.7212459873
13740.8369945956
13739.5808365177
13738.2866576445
13745.2414248786
13741.6912921549
13737.3726099714
13742.7404119092
13742.4552239599
13736.7850885578
13743.2868142752
13744.8085655247
13741.7650105166
13728.2913988093
13727.6065571043
13736.6998499107
13742.2138794152
13739.4080721619
13749.6237847023
13749.2189886181
13743.3867906831
13741.1466453168
13740.8155450528
13741.3600026199
13737.6809591416
13736.5050711664
13748.8380090837
13750.5368869635
13742.1833645786
13727.6417721439
13731.2250918504
13744.0763606316
13726.0825784222
13740.3891304494
13741.2544509309
13743.0545160138
13741.4602226931
13743.6006474544
13749.8687341017
13735.8277817959
13743.8084097424
13735.7226744759
13740.4299343517
13743.9693480131
13741.6022589908
13743.6762739093
13745.5981749196
13737.21680469
13747.3645321869
13747.1491613995
13739.0879487381
13744.0791472275
13742.8618441423
13740.9788335858
13742.1872431204
13736.3489107912
13735.7040497369
13747.013472495
13746.1518362422
13740.6306127619
13746.568329257
13743.1591671621
13742.8773673909
13743.0167166887
13729.498238403
13742.4933101033
13748.2189836773
13743.1484089672
13737.9647519222
13737.818302138
13742.7705780648
13737.6670534998
13739.671665768
13737.9169668524
13736.1050195639
13740.0384456645
13738.3241522727
13744.5016741901
13740.1491807592
13736.505053338
13738.4011616998
13739.9960608796
13733.0898146369
13733.1123431605
13739.116041682
13738.8910592083
13737.1520807774
13737.6209587882
13733.2606333698
13736.948907865
13737.2045942236
13737.625108292
13738.3241479408
13742.8981208299
13740.9686524
13738.2753880652
13738.5467434336
13733.3858590443
13729.8827880512
13736.206246289
13733.3172691067
13741.891134585
13738.4241080134
13742.0734489121
13737.1299304797
13737.6108043776
13734.8435920828
13744.2155480377
13732.3766530411
13737.9998495005
13739.9014745152
13743.5191070499
13740.7128917256
13732.6669877771
13727.4372888394
13730.0752496368
13735.3591908264
13732.9851107641
13735.0007282131
13738.3569927938
13731.914307162
13742.1223357452
13748.809376642
13735.7262683847
13748.7416825778
13735.0007195839
13747.5820247102
13739.9683105294
13738.397491593
13732.8673120775
13729.9192014782
13732.6125475132
13738.7860674048
13733.534283849
13745.6187689374
13731.2159649262
13727.2260782223
13738.7516106031
13746.1915598389
13743.0251671813
13746.7615177775
13733.17084981
13738.6830088059
13735.4619826502
13740.5733829418
13738.657202875
13741.2904143698
13743.2408487598
13735.3401033962
13741.9882781588
13739.6930867295
13725.1002913319
13739.2921670498
13742.4755823985
13735.1209815112
13743.3874604157
13742.6117614879
13740.2253901662
13739.8603698844
13735.1174825826
13739.8708596145
13746.8858206674
13738.9922834803
13742.5840000648
13742.8929498717
